location,sex,age_group,year,lex_with_shock_upper
1,1,14,1950,23.92795
1,1,14,1951,24.12225
1,1,14,1952,24.40585
1,1,14,1953,24.59361
1,1,14,1954,24.78257
1,1,14,1955,24.93276
1,1,14,1956,25.04658
1,1,14,1957,25.11563
1,1,14,1958,24.97653
1,1,14,1959,24.54094
1,1,14,1960,23.83785
1,1,14,1961,24.39381
1,1,14,1962,25.37399
1,1,14,1963,25.67896
1,1,14,1964,25.87766
1,1,14,1965,25.87955
1,1,14,1966,26.02229
1,1,14,1967,26.05957
1,1,14,1968,26.06253
1,1,14,1969,26.09794
1,1,14,1970,26.19343
1,1,14,1971,26.35703
1,1,14,1972,26.52266
1,1,14,1973,26.59699
1,1,14,1974,26.75036
1,1,14,1975,26.73715
1,1,14,1976,26.77688
1,1,14,1977,26.96361
1,1,14,1978,27.1218
1,1,14,1979,27.2318
1,1,14,1980,27.28498
1,1,14,1981,27.37675
1,1,14,1982,27.6001
1,1,14,1983,27.64938
1,1,14,1984,27.69378
1,1,14,1985,27.80567
1,1,14,1986,28.07728
1,1,14,1987,28.16291
1,1,14,1988,28.20723
1,1,14,1989,28.27452
1,1,14,1990,28.37797
1,1,14,1991,28.42264
1,1,14,1992,28.45856
1,1,14,1993,28.39054
1,1,14,1994,28.40061
1,1,14,1995,28.49239
1,1,14,1996,28.6584
1,1,14,1997,28.78998
1,1,14,1998,28.90192
1,1,14,1999,29.02191
1,1,14,2000,29.10204
1,1,14,2001,29.21883
1,1,14,2002,29.30716
1,1,14,2003,29.44137
1,1,14,2004,29.63101
1,1,14,2005,29.76803
1,1,14,2006,30.05117
1,1,14,2007,30.26066
1,1,14,2008,30.33828
1,1,14,2009,30.61932
1,1,14,2010,30.72465
1,1,14,2011,30.9227
1,1,14,2012,31.14754
1,1,14,2013,31.3489
1,1,14,2014,31.54016
1,1,14,2015,31.6818
1,1,14,2016,31.88818
1,1,14,2017,32.16877
1,1,14,2018,32.33801
1,1,14,2019,32.48633
1,2,14,1950,28.04475
1,2,14,1951,28.17266
1,2,14,1952,28.45238
1,2,14,1953,28.60669
1,2,14,1954,28.83302
1,2,14,1955,28.98454
1,2,14,1956,29.04516
1,2,14,1957,29.15382
1,2,14,1958,29.02755
1,2,14,1959,28.67529
1,2,14,1960,28.00119
1,2,14,1961,28.2706
1,2,14,1962,29.50966
1,2,14,1963,29.84977
1,2,14,1964,30.04458
1,2,14,1965,30.07131
1,2,14,1966,30.15391
1,2,14,1967,30.2204
1,2,14,1968,30.21323
1,2,14,1969,30.2487
1,2,14,1970,30.35357
1,2,14,1971,30.44013
1,2,14,1972,30.56243
1,2,14,1973,30.74526
1,2,14,1974,30.85471
1,2,14,1975,30.88415
1,2,14,1976,30.99453
1,2,14,1977,31.13878
1,2,14,1978,31.24427
1,2,14,1979,31.40018
1,2,14,1980,31.47838
1,2,14,1981,31.59275
1,2,14,1982,31.7353
1,2,14,1983,31.79395
1,2,14,1984,31.85718
1,2,14,1985,31.91904
1,2,14,1986,32.13314
1,2,14,1987,32.2591
1,2,14,1988,32.34594
1,2,14,1989,32.46422
1,2,14,1990,32.60331
1,2,14,1991,32.68802
1,2,14,1992,32.71174
1,2,14,1993,32.70766
1,2,14,1994,32.74698
1,2,14,1995,32.91467
1,2,14,1996,33.06945
1,2,14,1997,33.13515
1,2,14,1998,33.2799
1,2,14,1999,33.33572
1,2,14,2000,33.44631
1,2,14,2001,33.56937
1,2,14,2002,33.62512
1,2,14,2003,33.76079
1,2,14,2004,33.97777
1,2,14,2005,34.13638
1,2,14,2006,34.36873
1,2,14,2007,34.60031
1,2,14,2008,34.73174
1,2,14,2009,35.00111
1,2,14,2010,35.15956
1,2,14,2011,35.3442
1,2,14,2012,35.52411
1,2,14,2013,35.68041
1,2,14,2014,35.81158
1,2,14,2015,35.90351
1,2,14,2016,36.05533
1,2,14,2017,36.25694
1,2,14,2018,36.35988
1,2,14,2019,36.52237
1,3,14,1950,25.80268
1,3,14,1951,25.94843
1,3,14,1952,26.23813
1,3,14,1953,26.44143
1,3,14,1954,26.6292
1,3,14,1955,26.79007
1,3,14,1956,26.9017
1,3,14,1957,26.96575
1,3,14,1958,26.83702
1,3,14,1959,26.46948
1,3,14,1960,25.84534
1,3,14,1961,26.21441
1,3,14,1962,27.3158
1,3,14,1963,27.65345
1,3,14,1964,27.84068
1,3,14,1965,27.83697
1,3,14,1966,27.96263
1,3,14,1967,28.03257
1,3,14,1968,28.02916
1,3,14,1969,28.05994
1,3,14,1970,28.16451
1,3,14,1971,28.29437
1,3,14,1972,28.43462
1,3,14,1973,28.58251
1,3,14,1974,28.70216
1,3,14,1975,28.72645
1,3,14,1976,28.77034
1,3,14,1977,28.94745
1,3,14,1978,29.0832
1,3,14,1979,29.22924
1,3,14,1980,29.29382
1,3,14,1981,29.39918
1,3,14,1982,29.5843
1,3,14,1983,29.6282
1,3,14,1984,29.66594
1,3,14,1985,29.75138
1,3,14,1986,30.00739
1,3,14,1987,30.08862
1,3,14,1988,30.16338
1,3,14,1989,30.24878
1,3,14,1990,30.37806
1,3,14,1991,30.43151
1,3,14,1992,30.47095
1,3,14,1993,30.42087
1,3,14,1994,30.4686
1,3,14,1995,30.60545
1,3,14,1996,30.76993
1,3,14,1997,30.87015
1,3,14,1998,31.0086
1,3,14,1999,31.09201
1,3,14,2000,31.18211
1,3,14,2001,31.31147
1,3,14,2002,31.38229
1,3,14,2003,31.50661
1,3,14,2004,31.71768
1,3,14,2005,31.85901
1,3,14,2006,32.13783
1,3,14,2007,32.33735
1,3,14,2008,32.45587
1,3,14,2009,32.72588
1,3,14,2010,32.86093
1,3,14,2011,33.04386
1,3,14,2012,33.26481
1,3,14,2013,33.43876
1,3,14,2014,33.61969
1,3,14,2015,33.69836
1,3,14,2016,33.87091
1,3,14,2017,34.10077
1,3,14,2018,34.24721
1,3,14,2019,34.38147
4,1,14,1950,23.36098
4,1,14,1951,23.63079
4,1,14,1952,23.93698
4,1,14,1953,24.17138
4,1,14,1954,24.47844
4,1,14,1955,24.64263
4,1,14,1956,24.85784
4,1,14,1957,25.0483
4,1,14,1958,24.04666
4,1,14,1959,22.72428
4,1,14,1960,20.41405
4,1,14,1961,21.6224
4,1,14,1962,24.9264
4,1,14,1963,25.84769
4,1,14,1964,26.14658
4,1,14,1965,26.34109
4,1,14,1966,26.64332
4,1,14,1967,26.86014
4,1,14,1968,26.90509
4,1,14,1969,26.99286
4,1,14,1970,27.15997
4,1,14,1971,27.43141
4,1,14,1972,27.55459
4,1,14,1973,27.79531
4,1,14,1974,27.79195
4,1,14,1975,27.66434
4,1,14,1976,27.55768
4,1,14,1977,27.78997
4,1,14,1978,27.84883
4,1,14,1979,27.85177
4,1,14,1980,28.09051
4,1,14,1981,28.12134
4,1,14,1982,28.3278
4,1,14,1983,28.44069
4,1,14,1984,28.61303
4,1,14,1985,28.73701
4,1,14,1986,28.9619
4,1,14,1987,28.86944
4,1,14,1988,28.90719
4,1,14,1989,28.87024
4,1,14,1990,29.06784
4,1,14,1991,29.12878
4,1,14,1992,29.18413
4,1,14,1993,29.24409
4,1,14,1994,29.31031
4,1,14,1995,29.20249
4,1,14,1996,29.37216
4,1,14,1997,29.55256
4,1,14,1998,29.64446
4,1,14,1999,29.69842
4,1,14,2000,29.69235
4,1,14,2001,29.83484
4,1,14,2002,29.89306
4,1,14,2003,29.98446
4,1,14,2004,29.87876
4,1,14,2005,30.02319
4,1,14,2006,30.40051
4,1,14,2007,30.65972
4,1,14,2008,30.67199
4,1,14,2009,30.79857
4,1,14,2010,30.90651
4,1,14,2011,31.02395
4,1,14,2012,31.22062
4,1,14,2013,31.47579
4,1,14,2014,31.77265
4,1,14,2015,31.97943
4,1,14,2016,32.2645
4,1,14,2017,32.5294
4,1,14,2018,32.81946
4,1,14,2019,32.9948
4,2,14,1950,27.75931
4,2,14,1951,27.90559
4,2,14,1952,28.25311
4,2,14,1953,28.41543
4,2,14,1954,28.57363
4,2,14,1955,28.7118
4,2,14,1956,28.87184
4,2,14,1957,29.0531
4,2,14,1958,27.83127
4,2,14,1959,26.56383
4,2,14,1960,24.31269
4,2,14,1961,24.67708
4,2,14,1962,28.59514
4,2,14,1963,29.60501
4,2,14,1964,29.76621
4,2,14,1965,29.95275
4,2,14,1966,30.02968
4,2,14,1967,30.16262
4,2,14,1968,30.18909
4,2,14,1969,30.3688
4,2,14,1970,30.45016
4,2,14,1971,30.52639
4,2,14,1972,30.55868
4,2,14,1973,30.71197
4,2,14,1974,30.53555
4,2,14,1975,30.49905
4,2,14,1976,30.39143
4,2,14,1977,30.48955
4,2,14,1978,30.61817
4,2,14,1979,30.57229
4,2,14,1980,30.69787
4,2,14,1981,30.77506
4,2,14,1982,31.0653
4,2,14,1983,31.28565
4,2,14,1984,31.46884
4,2,14,1985,31.63971
4,2,14,1986,31.72634
4,2,14,1987,31.80047
4,2,14,1988,31.94714
4,2,14,1989,31.91541
4,2,14,1990,32.20192
4,2,14,1991,32.33111
4,2,14,1992,32.44601
4,2,14,1993,32.52465
4,2,14,1994,32.75676
4,2,14,1995,32.92459
4,2,14,1996,33.08983
4,2,14,1997,33.28633
4,2,14,1998,33.55677
4,2,14,1999,33.53949
4,2,14,2000,33.54689
4,2,14,2001,33.69891
4,2,14,2002,33.69698
4,2,14,2003,33.77117
4,2,14,2004,33.76707
4,2,14,2005,34.06054
4,2,14,2006,34.40795
4,2,14,2007,34.73641
4,2,14,2008,34.88326
4,2,14,2009,35.14617
4,2,14,2010,35.34029
4,2,14,2011,35.57938
4,2,14,2012,35.91109
4,2,14,2013,36.19787
4,2,14,2014,36.46712
4,2,14,2015,36.77179
4,2,14,2016,36.9779
4,2,14,2017,37.18575
4,2,14,2018,37.37883
4,2,14,2019,37.58899
4,3,14,1950,24.95858
4,3,14,1951,25.25831
4,3,14,1952,25.49733
4,3,14,1953,25.88964
4,3,14,1954,25.98208
4,3,14,1955,26.19376
4,3,14,1956,26.34207
4,3,14,1957,26.52701
4,3,14,1958,25.49031
4,3,14,1959,24.17408
4,3,14,1960,22.06488
4,3,14,1961,22.88304
4,3,14,1962,26.36051
4,3,14,1963,27.36995
4,3,14,1964,27.48421
4,3,14,1965,27.7366
4,3,14,1966,27.90288
4,3,14,1967,28.07664
4,3,14,1968,28.14601
4,3,14,1969,28.27358
4,3,14,1970,28.47287
4,3,14,1971,28.61323
4,3,14,1972,28.67849
4,3,14,1973,28.84364
4,3,14,1974,28.76596
4,3,14,1975,28.70461
4,3,14,1976,28.60936
4,3,14,1977,28.75825
4,3,14,1978,28.82173
4,3,14,1979,28.83271
4,3,14,1980,28.96782
4,3,14,1981,29.07971
4,3,14,1982,29.29958
4,3,14,1983,29.40335
4,3,14,1984,29.59109
4,3,14,1985,29.74954
4,3,14,1986,29.93696
4,3,14,1987,29.97278
4,3,14,1988,30.04467
4,3,14,1989,30.08004
4,3,14,1990,30.29519
4,3,14,1991,30.35034
4,3,14,1992,30.50151
4,3,14,1993,30.59851
4,3,14,1994,30.76781
4,3,14,1995,30.77679
4,3,14,1996,30.98481
4,3,14,1997,31.15631
4,3,14,1998,31.35295
4,3,14,1999,31.38662
4,3,14,2000,31.37414
4,3,14,2001,31.52219
4,3,14,2002,31.53928
4,3,14,2003,31.63167
4,3,14,2004,31.58473
4,3,14,2005,31.82377
4,3,14,2006,32.18322
4,3,14,2007,32.46442
4,3,14,2008,32.5522
4,3,14,2009,32.72101
4,3,14,2010,32.89404
4,3,14,2011,33.0493
4,3,14,2012,33.2908
4,3,14,2013,33.56829
4,3,14,2014,33.85347
4,3,14,2015,34.09902
4,3,14,2016,34.28352
4,3,14,2017,34.47321
4,3,14,2018,34.79322
4,3,14,2019,34.9178
5,1,14,1950,24.07628
5,1,14,1951,24.38764
5,1,14,1952,24.75129
5,1,14,1953,24.95764
5,1,14,1954,25.21902
5,1,14,1955,25.37992
5,1,14,1956,25.54605
5,1,14,1957,25.79139
5,1,14,1958,24.31046
5,1,14,1959,22.53279
5,1,14,1960,19.75397
5,1,14,1961,21.13279
5,1,14,1962,25.4076
5,1,14,1963,26.69247
5,1,14,1964,26.97124
5,1,14,1965,27.21473
5,1,14,1966,27.47657
5,1,14,1967,27.71077
5,1,14,1968,27.78375
5,1,14,1969,27.90573
5,1,14,1970,28.17733
5,1,14,1971,28.3886
5,1,14,1972,28.5808
5,1,14,1973,28.77659
5,1,14,1974,28.61428
5,1,14,1975,28.3947
5,1,14,1976,28.14133
5,1,14,1977,28.34476
5,1,14,1978,28.46543
5,1,14,1979,28.44404
5,1,14,1980,28.48327
5,1,14,1981,28.61012
5,1,14,1982,28.77431
5,1,14,1983,28.88467
5,1,14,1984,29.08976
5,1,14,1985,29.21435
5,1,14,1986,29.44095
5,1,14,1987,29.29849
5,1,14,1988,29.33768
5,1,14,1989,29.28212
5,1,14,1990,29.52235
5,1,14,1991,29.54109
5,1,14,1992,29.59691
5,1,14,1993,29.71887
5,1,14,1994,29.75094
5,1,14,1995,29.60635
5,1,14,1996,29.74882
5,1,14,1997,29.9378
5,1,14,1998,30.08118
5,1,14,1999,30.11734
5,1,14,2000,30.07174
5,1,14,2001,30.18669
5,1,14,2002,30.29112
5,1,14,2003,30.41269
5,1,14,2004,30.35879
5,1,14,2005,30.50318
5,1,14,2006,30.94737
5,1,14,2007,31.23973
5,1,14,2008,31.29925
5,1,14,2009,31.39881
5,1,14,2010,31.53948
5,1,14,2011,31.70015
5,1,14,2012,31.85783
5,1,14,2013,32.13335
5,1,14,2014,32.51509
5,1,14,2015,32.80441
5,1,14,2016,33.08449
5,1,14,2017,33.38774
5,1,14,2018,33.6736
5,1,14,2019,33.96002
5,2,14,1950,28.27532
5,2,14,1951,28.52498
5,2,14,1952,28.7476
5,2,14,1953,28.88101
5,2,14,1954,29.04937
5,2,14,1955,29.22378
5,2,14,1956,29.30836
5,2,14,1957,29.47135
5,2,14,1958,27.89873
5,2,14,1959,26.25049
5,2,14,1960,23.59321
5,2,14,1961,23.92235
5,2,14,1962,28.71624
5,2,14,1963,30.10842
5,2,14,1964,30.28263
5,2,14,1965,30.42672
5,2,14,1966,30.486
5,2,14,1967,30.56181
5,2,14,1968,30.68141
5,2,14,1969,30.74648
5,2,14,1970,30.8572
5,2,14,1971,30.95829
5,2,14,1972,31.06187
5,2,14,1973,31.13196
5,2,14,1974,30.93364
5,2,14,1975,30.79299
5,2,14,1976,30.61329
5,2,14,1977,30.75028
5,2,14,1978,30.81068
5,2,14,1979,30.78315
5,2,14,1980,30.8249
5,2,14,1981,30.92091
5,2,14,1982,31.3055
5,2,14,1983,31.55753
5,2,14,1984,31.7348
5,2,14,1985,31.89438
5,2,14,1986,31.99144
5,2,14,1987,32.10129
5,2,14,1988,32.25715
5,2,14,1989,32.21441
5,2,14,1990,32.54845
5,2,14,1991,32.68707
5,2,14,1992,32.81098
5,2,14,1993,32.86364
5,2,14,1994,33.1599
5,2,14,1995,33.35875
5,2,14,1996,33.56702
5,2,14,1997,33.81778
5,2,14,1998,34.05633
5,2,14,1999,34.09971
5,2,14,2000,34.05593
5,2,14,2001,34.20022
5,2,14,2002,34.19548
5,2,14,2003,34.27474
5,2,14,2004,34.32881
5,2,14,2005,34.57641
5,2,14,2006,35.07475
5,2,14,2007,35.42614
5,2,14,2008,35.63433
5,2,14,2009,35.88914
5,2,14,2010,36.16909
5,2,14,2011,36.37686
5,2,14,2012,36.83175
5,2,14,2013,37.1361
5,2,14,2014,37.40017
5,2,14,2015,37.79047
5,2,14,2016,38.07015
5,2,14,2017,38.28497
5,2,14,2018,38.48592
5,2,14,2019,38.73403
5,3,14,1950,25.51906
5,3,14,1951,25.77701
5,3,14,1952,26.06441
5,3,14,1953,26.39892
5,3,14,1954,26.45449
5,3,14,1955,26.64164
5,3,14,1956,26.80241
5,3,14,1957,27.03238
5,3,14,1958,25.54818
5,3,14,1959,23.87399
5,3,14,1960,21.30504
5,3,14,1961,22.29021
5,3,14,1962,26.51108
5,3,14,1963,27.91737
5,3,14,1964,27.97502
5,3,14,1965,28.22748
5,3,14,1966,28.44751
5,3,14,1967,28.56566
5,3,14,1968,28.7319
5,3,14,1969,28.82157
5,3,14,1970,29.08159
5,3,14,1971,29.1624
5,3,14,1972,29.30794
5,3,14,1973,29.49146
5,3,14,1974,29.29592
5,3,14,1975,29.21174
5,3,14,1976,28.97366
5,3,14,1977,29.09199
5,3,14,1978,29.15829
5,3,14,1979,29.06972
5,3,14,1980,29.18131
5,3,14,1981,29.25229
5,3,14,1982,29.48629
5,3,14,1983,29.66166
5,3,14,1984,29.82052
5,3,14,1985,30.00531
5,3,14,1986,30.16428
5,3,14,1987,30.22718
5,3,14,1988,30.32315
5,3,14,1989,30.35996
5,3,14,1990,30.59345
5,3,14,1991,30.61871
5,3,14,1992,30.76064
5,3,14,1993,30.89042
5,3,14,1994,31.08542
5,3,14,1995,31.12207
5,3,14,1996,31.34793
5,3,14,1997,31.5227
5,3,14,1998,31.75792
5,3,14,1999,31.79813
5,3,14,2000,31.74546
5,3,14,2001,31.89393
5,3,14,2002,31.91879
5,3,14,2003,32.02802
5,3,14,2004,32.00412
5,3,14,2005,32.24205
5,3,14,2006,32.66679
5,3,14,2007,32.99685
5,3,14,2008,33.13994
5,3,14,2009,33.31239
5,3,14,2010,33.52226
5,3,14,2011,33.68453
5,3,14,2012,33.94403
5,3,14,2013,34.29952
5,3,14,2014,34.58602
5,3,14,2015,34.92377
5,3,14,2016,35.12423
5,3,14,2017,35.37305
5,3,14,2018,35.6599
5,3,14,2019,35.85257
6,1,14,1950,24.30355
6,1,14,1951,24.56562
6,1,14,1952,24.86442
6,1,14,1953,25.09539
6,1,14,1954,25.31465
6,1,14,1955,25.46009
6,1,14,1956,25.64196
6,1,14,1957,25.91004
6,1,14,1958,24.36965
6,1,14,1959,22.57639
6,1,14,1960,19.71544
6,1,14,1961,21.08798
6,1,14,1962,25.44468
6,1,14,1963,26.77553
6,1,14,1964,27.03446
6,1,14,1965,27.29335
6,1,14,1966,27.53926
6,1,14,1967,27.78574
6,1,14,1968,27.87464
6,1,14,1969,27.96034
6,1,14,1970,28.23757
6,1,14,1971,28.45586
6,1,14,1972,28.64566
6,1,14,1973,28.83858
6,1,14,1974,28.67986
6,1,14,1975,28.42061
6,1,14,1976,28.15703
6,1,14,1977,28.36033
6,1,14,1978,28.48991
6,1,14,1979,28.46633
6,1,14,1980,28.49365
6,1,14,1981,28.63219
6,1,14,1982,28.77301
6,1,14,1983,28.89934
6,1,14,1984,29.12173
6,1,14,1985,29.22735
6,1,14,1986,29.44565
6,1,14,1987,29.31461
6,1,14,1988,29.35552
6,1,14,1989,29.29755
6,1,14,1990,29.53783
6,1,14,1991,29.57513
6,1,14,1992,29.59687
6,1,14,1993,29.7281
6,1,14,1994,29.74586
6,1,14,1995,29.70854
6,1,14,1996,29.81412
6,1,14,1997,29.9726
6,1,14,1998,30.13306
6,1,14,1999,30.14659
6,1,14,2000,30.14163
6,1,14,2001,30.25533
6,1,14,2002,30.35292
6,1,14,2003,30.4177
6,1,14,2004,30.36637
6,1,14,2005,30.49963
6,1,14,2006,30.97362
6,1,14,2007,31.25254
6,1,14,2008,31.31411
6,1,14,2009,31.41866
6,1,14,2010,31.55697
6,1,14,2011,31.71226
6,1,14,2012,31.86993
6,1,14,2013,32.15076
6,1,14,2014,32.54406
6,1,14,2015,32.84038
6,1,14,2016,33.10803
6,1,14,2017,33.41504
6,1,14,2018,33.68615
6,1,14,2019,33.98316
6,2,14,1950,28.42777
6,2,14,1951,28.67992
6,2,14,1952,28.84498
6,2,14,1953,28.95396
6,2,14,1954,29.10122
6,2,14,1955,29.28232
6,2,14,1956,29.37308
6,2,14,1957,29.54373
6,2,14,1958,27.91863
6,2,14,1959,26.23284
6,2,14,1960,23.51502
6,2,14,1961,23.83695
6,2,14,1962,28.73548
6,2,14,1963,30.16874
6,2,14,1964,30.34036
6,2,14,1965,30.45603
6,2,14,1966,30.54104
6,2,14,1967,30.60723
6,2,14,1968,30.73788
6,2,14,1969,30.8011
6,2,14,1970,30.87803
6,2,14,1971,30.97451
6,2,14,1972,31.07412
6,2,14,1973,31.15717
6,2,14,1974,30.90764
6,2,14,1975,30.79379
6,2,14,1976,30.59709
6,2,14,1977,30.72873
6,2,14,1978,30.78581
6,2,14,1979,30.75244
6,2,14,1980,30.78941
6,2,14,1981,30.88
6,2,14,1982,31.27989
6,2,14,1983,31.5439
6,2,14,1984,31.71828
6,2,14,1985,31.86768
6,2,14,1986,31.95281
6,2,14,1987,32.08025
6,2,14,1988,32.23319
6,2,14,1989,32.18224
6,2,14,1990,32.52951
6,2,14,1991,32.67072
6,2,14,1992,32.79778
6,2,14,1993,32.85395
6,2,14,1994,33.15211
6,2,14,1995,33.50072
6,2,14,1996,33.603
6,2,14,1997,33.87331
6,2,14,1998,34.12551
6,2,14,1999,34.1762
6,2,14,2000,34.17863
6,2,14,2001,34.2915
6,2,14,2002,34.28098
6,2,14,2003,34.27617
6,2,14,2004,34.33105
6,2,14,2005,34.61782
6,2,14,2006,35.0788
6,2,14,2007,35.46552
6,2,14,2008,35.66737
6,2,14,2009,35.92212
6,2,14,2010,36.21042
6,2,14,2011,36.42872
6,2,14,2012,36.88991
6,2,14,2013,37.18283
6,2,14,2014,37.48385
6,2,14,2015,37.83601
6,2,14,2016,38.13619
6,2,14,2017,38.36829
6,2,14,2018,38.56126
6,2,14,2019,38.80786
6,3,14,1950,25.70782
6,3,14,1951,25.89993
6,3,14,1952,26.15382
6,3,14,1953,26.4776
6,3,14,1954,26.5224
6,3,14,1955,26.69221
6,3,14,1956,26.86457
6,3,14,1957,27.09313
6,3,14,1958,25.56509
6,3,14,1959,23.86365
6,3,14,1960,21.24185
6,3,14,1961,22.22386
6,3,14,1962,26.5226
6,3,14,1963,27.96154
6,3,14,1964,28.00386
6,3,14,1965,28.25501
6,3,14,1966,28.47729
6,3,14,1967,28.63399
6,3,14,1968,28.76168
6,3,14,1969,28.85687
6,3,14,1970,29.10312
6,3,14,1971,29.18734
6,3,14,1972,29.32938
6,3,14,1973,29.50766
6,3,14,1974,29.30859
6,3,14,1975,29.20798
6,3,14,1976,28.9631
6,3,14,1977,29.06439
6,3,14,1978,29.13872
6,3,14,1979,29.02991
6,3,14,1980,29.15736
6,3,14,1981,29.21544
6,3,14,1982,29.4621
6,3,14,1983,29.61286
6,3,14,1984,29.80412
6,3,14,1985,29.98186
6,3,14,1986,30.14595
6,3,14,1987,30.22398
6,3,14,1988,30.29942
6,3,14,1989,30.35121
6,3,14,1990,30.57716
6,3,14,1991,30.60648
6,3,14,1992,30.74317
6,3,14,1993,30.90055
6,3,14,1994,31.07936
6,3,14,1995,31.21307
6,3,14,1996,31.38528
6,3,14,1997,31.55836
6,3,14,1998,31.81996
6,3,14,1999,31.82521
6,3,14,2000,31.81131
6,3,14,2001,31.94705
6,3,14,2002,31.98242
6,3,14,2003,32.02496
6,3,14,2004,32.00884
6,3,14,2005,32.23859
6,3,14,2006,32.68162
6,3,14,2007,33.01302
6,3,14,2008,33.15577
6,3,14,2009,33.32985
6,3,14,2010,33.52606
6,3,14,2011,33.69941
6,3,14,2012,33.96264
6,3,14,2013,34.31871
6,3,14,2014,34.61284
6,3,14,2015,34.95894
6,3,14,2016,35.16066
6,3,14,2017,35.40425
6,3,14,2018,35.70862
6,3,14,2019,35.90186
7,1,14,1950,14.72551
7,1,14,1951,16.02385
7,1,14,1952,19.32019
7,1,14,1953,20.5762
7,1,14,1954,21.14975
7,1,14,1955,21.42551
7,1,14,1956,21.681
7,1,14,1957,21.91928
7,1,14,1958,22.27113
7,1,14,1959,22.69086
7,1,14,1960,23.01955
7,1,14,1961,23.30706
7,1,14,1962,23.59992
7,1,14,1963,23.89498
7,1,14,1964,24.1434
7,1,14,1965,24.37439
7,1,14,1966,24.70873
7,1,14,1967,25.07524
7,1,14,1968,25.39032
7,1,14,1969,25.76714
7,1,14,1970,26.12992
7,1,14,1971,26.49585
7,1,14,1972,26.7911
7,1,14,1973,26.99513
7,1,14,1974,27.26691
7,1,14,1975,27.41448
7,1,14,1976,27.66043
7,1,14,1977,27.9189
7,1,14,1978,28.16088
7,1,14,1979,28.25706
7,1,14,1980,28.40388
7,1,14,1981,28.58294
7,1,14,1982,28.69669
7,1,14,1983,28.84836
7,1,14,1984,28.97279
7,1,14,1985,29.09865
7,1,14,1986,29.3273
7,1,14,1987,29.33519
7,1,14,1988,29.42164
7,1,14,1989,29.49346
7,1,14,1990,29.47829
7,1,14,1991,29.50634
7,1,14,1992,29.38461
7,1,14,1993,29.25775
7,1,14,1994,29.19544
7,1,14,1995,26.87095
7,1,14,1996,27.91722
7,1,14,1997,27.87008
7,1,14,1998,27.83605
7,1,14,1999,27.85003
7,1,14,2000,26.94555
7,1,14,2001,26.90394
7,1,14,2002,26.87256
7,1,14,2003,29.14942
7,1,14,2004,29.13562
7,1,14,2005,29.19474
7,1,14,2006,29.06017
7,1,14,2007,28.95298
7,1,14,2008,28.99963
7,1,14,2009,29.0687
7,1,14,2010,29.0789
7,1,14,2011,29.31909
7,1,14,2012,29.36972
7,1,14,2013,29.27366
7,1,14,2014,29.38003
7,1,14,2015,29.44535
7,1,14,2016,29.36388
7,1,14,2017,29.47015
7,1,14,2018,29.57048
7,1,14,2019,29.72355
7,2,14,1950,21.30405
7,2,14,1951,22.56543
7,2,14,1952,25.62543
7,2,14,1953,26.72039
7,2,14,1954,27.14389
7,2,14,1955,27.3853
7,2,14,1956,27.57165
7,2,14,1957,27.73841
7,2,14,1958,27.99601
7,2,14,1959,28.34199
7,2,14,1960,28.61894
7,2,14,1961,28.85162
7,2,14,1962,29.05923
7,2,14,1963,29.24998
7,2,14,1964,29.43795
7,2,14,1965,29.61889
7,2,14,1966,29.84927
7,2,14,1967,30.11085
7,2,14,1968,30.35734
7,2,14,1969,30.6376
7,2,14,1970,30.86306
7,2,14,1971,31.16392
7,2,14,1972,31.39193
7,2,14,1973,31.5412
7,2,14,1974,31.74283
7,2,14,1975,31.85551
7,2,14,1976,32.07188
7,2,14,1977,32.24214
7,2,14,1978,32.41818
7,2,14,1979,32.51853
7,2,14,1980,32.63987
7,2,14,1981,32.77825
7,2,14,1982,32.87773
7,2,14,1983,32.94787
7,2,14,1984,33.02466
7,2,14,1985,33.11521
7,2,14,1986,33.26878
7,2,14,1987,33.2802
7,2,14,1988,33.3354
7,2,14,1989,33.35164
7,2,14,1990,33.34827
7,2,14,1991,33.38745
7,2,14,1992,33.22962
7,2,14,1993,33.13687
7,2,14,1994,33.08075
7,2,14,1995,30.99597
7,2,14,1996,31.83525
7,2,14,1997,31.78775
7,2,14,1998,31.77429
7,2,14,1999,31.74914
7,2,14,2000,31.20677
7,2,14,2001,31.1653
7,2,14,2002,31.20211
7,2,14,2003,33.10862
7,2,14,2004,33.17604
7,2,14,2005,33.23924
7,2,14,2006,33.32318
7,2,14,2007,33.3109
7,2,14,2008,33.37551
7,2,14,2009,33.47484
7,2,14,2010,33.55636
7,2,14,2011,33.83079
7,2,14,2012,33.94299
7,2,14,2013,34.17598
7,2,14,2014,34.32203
7,2,14,2015,34.53311
7,2,14,2016,34.60758
7,2,14,2017,34.76897
7,2,14,2018,34.89574
7,2,14,2019,35.06589
7,3,14,1950,17.872
7,3,14,1951,19.22992
7,3,14,1952,22.53596
7,3,14,1953,23.77581
7,3,14,1954,24.32703
7,3,14,1955,24.61051
7,3,14,1956,24.87056
7,3,14,1957,25.09015
7,3,14,1958,25.41745
7,3,14,1959,25.82547
7,3,14,1960,26.15098
7,3,14,1961,26.42287
7,3,14,1962,26.69775
7,3,14,1963,26.9627
7,3,14,1964,27.1933
7,3,14,1965,27.38128
7,3,14,1966,27.68953
7,3,14,1967,28.01169
7,3,14,1968,28.3021
7,3,14,1969,28.63329
7,3,14,1970,28.93514
7,3,14,1971,29.27334
7,3,14,1972,29.53835
7,3,14,1973,29.7157
7,3,14,1974,29.93928
7,3,14,1975,30.07534
7,3,14,1976,30.31701
7,3,14,1977,30.52487
7,3,14,1978,30.73344
7,3,14,1979,30.83095
7,3,14,1980,30.96268
7,3,14,1981,31.11647
7,3,14,1982,31.21511
7,3,14,1983,31.32121
7,3,14,1984,31.42427
7,3,14,1985,31.51567
7,3,14,1986,31.69705
7,3,14,1987,31.70823
7,3,14,1988,31.77135
7,3,14,1989,31.80112
7,3,14,1990,31.7863
7,3,14,1991,31.81604
7,3,14,1992,31.69891
7,3,14,1993,31.54598
7,3,14,1994,31.48113
7,3,14,1995,29.2139
7,3,14,1996,30.15999
7,3,14,1997,30.12172
7,3,14,1998,30.0918
7,3,14,1999,30.05133
7,3,14,2000,29.37357
7,3,14,2001,29.30766
7,3,14,2002,29.32494
7,3,14,2003,31.41869
7,3,14,2004,31.49229
7,3,14,2005,31.51736
7,3,14,2006,31.50901
7,3,14,2007,31.43517
7,3,14,2008,31.49266
7,3,14,2009,31.56516
7,3,14,2010,31.61069
7,3,14,2011,31.85485
7,3,14,2012,31.95588
7,3,14,2013,32.06731
7,3,14,2014,32.1479
7,3,14,2015,32.28733
7,3,14,2016,32.29365
7,3,14,2017,32.3774
7,3,14,2018,32.54883
7,3,14,2019,32.68469
8,1,14,1950,26.41203
8,1,14,1951,26.52932
8,1,14,1952,26.61827
8,1,14,1953,26.08089
8,1,14,1954,25.59591
8,1,14,1955,24.62736
8,1,14,1956,24.83962
8,1,14,1957,24.913
8,1,14,1958,25.38446
8,1,14,1959,25.65327
8,1,14,1960,25.77221
8,1,14,1961,25.97275
8,1,14,1962,26.34568
8,1,14,1963,27.08334
8,1,14,1964,26.68961
8,1,14,1965,27.18287
8,1,14,1966,27.1728
8,1,14,1967,27.15672
8,1,14,1968,27.03068
8,1,14,1969,27.68194
8,1,14,1970,27.80332
8,1,14,1971,27.84709
8,1,14,1972,27.92082
8,1,14,1973,28.00693
8,1,14,1974,28.39084
8,1,14,1975,28.55905
8,1,14,1976,28.91197
8,1,14,1977,28.84591
8,1,14,1978,29.14519
8,1,14,1979,29.26421
8,1,14,1980,29.55797
8,1,14,1981,29.59658
8,1,14,1982,29.78595
8,1,14,1983,29.88873
8,1,14,1984,30.15401
8,1,14,1985,30.53675
8,1,14,1986,30.53734
8,1,14,1987,30.73374
8,1,14,1988,30.59499
8,1,14,1989,30.80822
8,1,14,1990,31.04204
8,1,14,1991,31.33557
8,1,14,1992,31.44097
8,1,14,1993,31.67787
8,1,14,1994,31.59985
8,1,14,1995,31.60456
8,1,14,1996,31.59135
8,1,14,1997,31.98152
8,1,14,1998,32.13571
8,1,14,1999,32.39967
8,1,14,2000,32.54432
8,1,14,2001,32.7259
8,1,14,2002,33.10327
8,1,14,2003,33.24088
8,1,14,2004,33.17193
8,1,14,2005,33.14379
8,1,14,2006,33.50312
8,1,14,2007,33.77044
8,1,14,2008,33.84167
8,1,14,2009,34.1966
8,1,14,2010,34.37348
8,1,14,2011,33.98456
8,1,14,2012,34.27273
8,1,14,2013,34.46474
8,1,14,2014,34.35583
8,1,14,2015,34.55667
8,1,14,2016,34.32565
8,1,14,2017,35.53863
8,1,14,2018,36.4022
8,1,14,2019,36.83444
8,2,14,1950,29.88588
8,2,14,1951,30.15055
8,2,14,1952,30.26724
8,2,14,1953,29.82964
8,2,14,1954,29.46059
8,2,14,1955,28.6899
8,2,14,1956,28.82272
8,2,14,1957,28.46758
8,2,14,1958,28.99204
8,2,14,1959,28.97336
8,2,14,1960,29.37506
8,2,14,1961,29.60894
8,2,14,1962,29.8666
8,2,14,1963,29.5767
8,2,14,1964,30.37804
8,2,14,1965,30.86535
8,2,14,1966,30.63286
8,2,14,1967,30.49025
8,2,14,1968,30.4838
8,2,14,1969,30.89964
8,2,14,1970,31.31277
8,2,14,1971,31.37689
8,2,14,1972,31.61821
8,2,14,1973,31.69359
8,2,14,1974,31.88064
8,2,14,1975,32.10211
8,2,14,1976,32.32974
8,2,14,1977,32.38185
8,2,14,1978,32.72001
8,2,14,1979,32.91012
8,2,14,1980,32.89573
8,2,14,1981,33.10874
8,2,14,1982,33.20064
8,2,14,1983,33.29851
8,2,14,1984,33.64865
8,2,14,1985,33.78222
8,2,14,1986,33.98837
8,2,14,1987,34.13084
8,2,14,1988,34.03975
8,2,14,1989,34.42568
8,2,14,1990,34.66708
8,2,14,1991,34.91413
8,2,14,1992,35.09541
8,2,14,1993,35.28181
8,2,14,1994,35.58362
8,2,14,1995,35.61691
8,2,14,1996,35.70034
8,2,14,1997,36.19556
8,2,14,1998,36.3633
8,2,14,1999,36.58951
8,2,14,2000,36.87753
8,2,14,2001,37.09102
8,2,14,2002,37.47259
8,2,14,2003,37.56824
8,2,14,2004,37.81954
8,2,14,2005,37.94468
8,2,14,2006,38.4697
8,2,14,2007,38.58065
8,2,14,2008,38.84825
8,2,14,2009,39.10017
8,2,14,2010,39.33251
8,2,14,2011,39.38218
8,2,14,2012,39.46508
8,2,14,2013,39.76368
8,2,14,2014,39.65089
8,2,14,2015,39.99442
8,2,14,2016,39.8588
8,2,14,2017,40.78147
8,2,14,2018,41.34127
8,2,14,2019,41.64502
8,3,14,1950,28.20058
8,3,14,1951,28.38821
8,3,14,1952,28.4871
8,3,14,1953,27.98142
8,3,14,1954,27.46166
8,3,14,1955,26.58694
8,3,14,1956,26.76206
8,3,14,1957,26.61513
8,3,14,1958,27.11213
8,3,14,1959,27.24888
8,3,14,1960,27.49553
8,3,14,1961,27.70803
8,3,14,1962,28.01515
8,3,14,1963,28.2775
8,3,14,1964,28.46365
8,3,14,1965,28.90814
8,3,14,1966,28.80914
8,3,14,1967,28.70332
8,3,14,1968,28.61996
8,3,14,1969,29.16443
8,3,14,1970,29.40689
8,3,14,1971,29.4546
8,3,14,1972,29.58334
8,3,14,1973,29.65495
8,3,14,1974,29.95693
8,3,14,1975,30.12504
8,3,14,1976,30.41718
8,3,14,1977,30.39316
8,3,14,1978,30.70606
8,3,14,1979,30.84659
8,3,14,1980,31.00327
8,3,14,1981,31.11395
8,3,14,1982,31.26731
8,3,14,1983,31.3615
8,3,14,1984,31.65763
8,3,14,1985,31.9499
8,3,14,1986,32.03784
8,3,14,1987,32.21091
8,3,14,1988,32.10424
8,3,14,1989,32.38198
8,3,14,1990,32.6262
8,3,14,1991,32.93959
8,3,14,1992,33.04271
8,3,14,1993,33.26081
8,3,14,1994,33.35365
8,3,14,1995,33.38454
8,3,14,1996,33.41696
8,3,14,1997,33.85976
8,3,14,1998,34.02463
8,3,14,1999,34.28509
8,3,14,2000,34.50047
8,3,14,2001,34.70351
8,3,14,2002,35.10158
8,3,14,2003,35.22214
8,3,14,2004,35.29997
8,3,14,2005,35.35019
8,3,14,2006,35.80458
8,3,14,2007,36.01399
8,3,14,2008,36.18315
8,3,14,2009,36.50929
8,3,14,2010,36.71999
8,3,14,2011,36.53508
8,3,14,2012,36.73815
8,3,14,2013,36.99219
8,3,14,2014,36.88933
8,3,14,2015,37.16559
8,3,14,2016,36.98679
8,3,14,2017,38.00369
8,3,14,2018,38.87154
8,3,14,2019,39.25037
9,1,14,1950,21.96033
9,1,14,1951,22.12715
9,1,14,1952,22.44552
9,1,14,1953,22.78313
9,1,14,1954,22.95582
9,1,14,1955,23.25029
9,1,14,1956,23.43881
9,1,14,1957,23.62316
9,1,14,1958,23.90511
9,1,14,1959,24.10222
9,1,14,1960,24.37343
9,1,14,1961,24.54483
9,1,14,1962,24.64036
9,1,14,1963,24.64572
9,1,14,1964,24.77745
9,1,14,1965,25.049
9,1,14,1966,25.13201
9,1,14,1967,25.22922
9,1,14,1968,25.09629
9,1,14,1969,25.34115
9,1,14,1970,25.51902
9,1,14,1971,25.65425
9,1,14,1972,25.58206
9,1,14,1973,25.90797
9,1,14,1974,25.91464
9,1,14,1975,26.14272
9,1,14,1976,26.47873
9,1,14,1977,26.59922
9,1,14,1978,26.83307
9,1,14,1979,26.88209
9,1,14,1980,27.31077
9,1,14,1981,27.40091
9,1,14,1982,27.4372
9,1,14,1983,27.56075
9,1,14,1984,27.6776
9,1,14,1985,27.79125
9,1,14,1986,27.92765
9,1,14,1987,27.91667
9,1,14,1988,27.99671
9,1,14,1989,28.03247
9,1,14,1990,28.17451
9,1,14,1991,28.22978
9,1,14,1992,28.29093
9,1,14,1993,28.34543
9,1,14,1994,28.38302
9,1,14,1995,28.4215
9,1,14,1996,28.56121
9,1,14,1997,28.75871
9,1,14,1998,28.74639
9,1,14,1999,28.70465
9,1,14,2000,28.79821
9,1,14,2001,28.99095
9,1,14,2002,29.03077
9,1,14,2003,29.07422
9,1,14,2004,28.82358
9,1,14,2005,29.21138
9,1,14,2006,29.23747
9,1,14,2007,29.3329
9,1,14,2008,29.21488
9,1,14,2009,29.45341
9,1,14,2010,29.5328
9,1,14,2011,29.64143
9,1,14,2012,29.7182
9,1,14,2013,29.85461
9,1,14,2014,29.99955
9,1,14,2015,30.1799
9,1,14,2016,30.31348
9,1,14,2017,30.5051
9,1,14,2018,30.70958
9,1,14,2019,30.93247
9,2,14,1950,26.73578
9,2,14,1951,26.83819
9,2,14,1952,27.13799
9,2,14,1953,27.36532
9,2,14,1954,27.53108
9,2,14,1955,27.77629
9,2,14,1956,28.00536
9,2,14,1957,28.26346
9,2,14,1958,28.42415
9,2,14,1959,28.61075
9,2,14,1960,28.72388
9,2,14,1961,28.91584
9,2,14,1962,28.99336
9,2,14,1963,28.89624
9,2,14,1964,29.06296
9,2,14,1965,29.30699
9,2,14,1966,29.44717
9,2,14,1967,29.40701
9,2,14,1968,29.32696
9,2,14,1969,29.48306
9,2,14,1970,29.68282
9,2,14,1971,29.76494
9,2,14,1972,29.64529
9,2,14,1973,29.77644
9,2,14,1974,29.77533
9,2,14,1975,29.91565
9,2,14,1976,30.1066
9,2,14,1977,30.20716
9,2,14,1978,30.50097
9,2,14,1979,30.56855
9,2,14,1980,30.86133
9,2,14,1981,30.92688
9,2,14,1982,31.05128
9,2,14,1983,31.04072
9,2,14,1984,31.2476
9,2,14,1985,31.29569
9,2,14,1986,31.42413
9,2,14,1987,31.43337
9,2,14,1988,31.51811
9,2,14,1989,31.56133
9,2,14,1990,31.63297
9,2,14,1991,31.81928
9,2,14,1992,31.88986
9,2,14,1993,31.93377
9,2,14,1994,31.98236
9,2,14,1995,32.03023
9,2,14,1996,32.08276
9,2,14,1997,32.18359
9,2,14,1998,32.31054
9,2,14,1999,32.33248
9,2,14,2000,32.40012
9,2,14,2001,32.57596
9,2,14,2002,32.59304
9,2,14,2003,32.74283
9,2,14,2004,32.5696
9,2,14,2005,32.92694
9,2,14,2006,32.98912
9,2,14,2007,33.1771
9,2,14,2008,33.13494
9,2,14,2009,33.43234
9,2,14,2010,33.60186
9,2,14,2011,33.74228
9,2,14,2012,33.94265
9,2,14,2013,34.09623
9,2,14,2014,34.23601
9,2,14,2015,34.39764
9,2,14,2016,34.5664
9,2,14,2017,34.76314
9,2,14,2018,34.91778
9,2,14,2019,35.10391
9,3,14,1950,23.98641
9,3,14,1951,24.12404
9,3,14,1952,24.4065
9,3,14,1953,24.75629
9,3,14,1954,24.95724
9,3,14,1955,25.20382
9,3,14,1956,25.37356
9,3,14,1957,25.61124
9,3,14,1958,25.88896
9,3,14,1959,26.04026
9,3,14,1960,26.24292
9,3,14,1961,26.45864
9,3,14,1962,26.52887
9,3,14,1963,26.52362
9,3,14,1964,26.66044
9,3,14,1965,26.92813
9,3,14,1966,27.0202
9,3,14,1967,27.11383
9,3,14,1968,26.95597
9,3,14,1969,27.18494
9,3,14,1970,27.35299
9,3,14,1971,27.4501
9,3,14,1972,27.40837
9,3,14,1973,27.66471
9,3,14,1974,27.62837
9,3,14,1975,27.86412
9,3,14,1976,28.12034
9,3,14,1977,28.21997
9,3,14,1978,28.50475
9,3,14,1979,28.57849
9,3,14,1980,28.93065
9,3,14,1981,29.05267
9,3,14,1982,29.14031
9,3,14,1983,29.1934
9,3,14,1984,29.37202
9,3,14,1985,29.4751
9,3,14,1986,29.56064
9,3,14,1987,29.6292
9,3,14,1988,29.701
9,3,14,1989,29.75401
9,3,14,1990,29.82235
9,3,14,1991,29.93771
9,3,14,1992,29.99326
9,3,14,1993,30.07647
9,3,14,1994,30.10796
9,3,14,1995,30.12322
9,3,14,1996,30.25051
9,3,14,1997,30.39796
9,3,14,1998,30.45509
9,3,14,1999,30.41529
9,3,14,2000,30.5143
9,3,14,2001,30.69214
9,3,14,2002,30.70895
9,3,14,2003,30.78925
9,3,14,2004,30.57974
9,3,14,2005,30.98103
9,3,14,2006,30.99602
9,3,14,2007,31.13435
9,3,14,2008,30.98213
9,3,14,2009,31.24952
9,3,14,2010,31.36907
9,3,14,2011,31.49434
9,3,14,2012,31.6158
9,3,14,2013,31.79684
9,3,14,2014,31.96432
9,3,14,2015,32.08555
9,3,14,2016,32.2195
9,3,14,2017,32.44831
9,3,14,2018,32.65814
9,3,14,2019,32.83139
10,1,14,1950,22.64116
10,1,14,1951,22.61832
10,1,14,1952,22.87916
10,1,14,1953,22.97347
10,1,14,1954,23.2292
10,1,14,1955,23.34504
10,1,14,1956,23.37731
10,1,14,1957,23.53995
10,1,14,1958,23.71792
10,1,14,1959,23.91587
10,1,14,1960,24.10577
10,1,14,1961,24.25796
10,1,14,1962,24.4017
10,1,14,1963,24.5732
10,1,14,1964,24.71858
10,1,14,1965,24.86575
10,1,14,1966,25.00758
10,1,14,1967,24.98412
10,1,14,1968,25.11448
10,1,14,1969,25.12227
10,1,14,1970,23.39758
10,1,14,1971,23.34197
10,1,14,1972,23.36691
10,1,14,1973,23.23233
10,1,14,1974,23.05536
10,1,14,1975,19.38628
10,1,14,1976,19.22795
10,1,14,1977,19.0844
10,1,14,1978,19.05088
10,1,14,1979,18.91923
10,1,14,1980,24.20788
10,1,14,1981,24.27058
10,1,14,1982,24.36229
10,1,14,1983,24.35735
10,1,14,1984,24.34064
10,1,14,1985,24.40955
10,1,14,1986,24.51724
10,1,14,1987,24.82809
10,1,14,1988,25.00166
10,1,14,1989,24.9941
10,1,14,1990,25.08656
10,1,14,1991,25.17522
10,1,14,1992,25.28239
10,1,14,1993,25.34301
10,1,14,1994,25.26815
10,1,14,1995,25.28037
10,1,14,1996,25.32699
10,1,14,1997,25.37675
10,1,14,1998,25.44906
10,1,14,1999,25.50667
10,1,14,2000,25.57234
10,1,14,2001,25.78215
10,1,14,2002,26.03208
10,1,14,2003,26.30939
10,1,14,2004,26.49485
10,1,14,2005,26.80825
10,1,14,2006,27.13331
10,1,14,2007,27.34789
10,1,14,2008,27.54734
10,1,14,2009,27.71836
10,1,14,2010,27.78186
10,1,14,2011,27.94308
10,1,14,2012,28.18435
10,1,14,2013,28.42983
10,1,14,2014,28.68114
10,1,14,2015,28.90218
10,1,14,2016,29.07744
10,1,14,2017,29.15283
10,1,14,2018,29.32529
10,1,14,2019,29.46105
10,2,14,1950,25.79201
10,2,14,1951,25.74614
10,2,14,1952,25.95713
10,2,14,1953,26.0062
10,2,14,1954,26.20228
10,2,14,1955,26.26328
10,2,14,1956,26.28062
10,2,14,1957,26.36829
10,2,14,1958,26.4738
10,2,14,1959,26.62298
10,2,14,1960,26.93254
10,2,14,1961,27.17178
10,2,14,1962,27.37133
10,2,14,1963,27.6068
10,2,14,1964,27.83562
10,2,14,1965,28.04343
10,2,14,1966,28.28818
10,2,14,1967,28.3761
10,2,14,1968,28.53099
10,2,14,1969,28.65019
10,2,14,1970,27.43792
10,2,14,1971,27.46479
10,2,14,1972,27.55893
10,2,14,1973,27.49042
10,2,14,1974,27.35879
10,2,14,1975,24.37263
10,2,14,1976,24.27458
10,2,14,1977,24.18301
10,2,14,1978,24.13629
10,2,14,1979,24.06058
10,2,14,1980,28.33245
10,2,14,1981,28.34422
10,2,14,1982,28.4564
10,2,14,1983,28.41526
10,2,14,1984,28.38104
10,2,14,1985,28.42108
10,2,14,1986,28.50762
10,2,14,1987,28.67059
10,2,14,1988,28.70426
10,2,14,1989,28.63492
10,2,14,1990,28.68784
10,2,14,1991,28.71727
10,2,14,1992,28.7593
10,2,14,1993,28.77521
10,2,14,1994,28.6798
10,2,14,1995,28.73675
10,2,14,1996,28.78336
10,2,14,1997,28.93133
10,2,14,1998,29.03973
10,2,14,1999,29.1495
10,2,14,2000,29.27749
10,2,14,2001,29.51125
10,2,14,2002,29.7575
10,2,14,2003,30.08125
10,2,14,2004,30.37296
10,2,14,2005,30.68247
10,2,14,2006,31.05002
10,2,14,2007,31.37576
10,2,14,2008,31.61628
10,2,14,2009,31.81271
10,2,14,2010,31.9149
10,2,14,2011,32.05338
10,2,14,2012,32.25507
10,2,14,2013,32.42523
10,2,14,2014,32.6196
10,2,14,2015,32.78953
10,2,14,2016,32.91034
10,2,14,2017,33.01728
10,2,14,2018,33.15995
10,2,14,2019,33.31022
10,3,14,1950,24.09
10,3,14,1951,24.05864
10,3,14,1952,24.3021
10,3,14,1953,24.37963
10,3,14,1954,24.61372
10,3,14,1955,24.71741
10,3,14,1956,24.73653
10,3,14,1957,24.86171
10,3,14,1958,25.00492
10,3,14,1959,25.19121
10,3,14,1960,25.44776
10,3,14,1961,25.63507
10,3,14,1962,25.82063
10,3,14,1963,26.00664
10,3,14,1964,26.20021
10,3,14,1965,26.37914
10,3,14,1966,26.5757
10,3,14,1967,26.60616
10,3,14,1968,26.7451
10,3,14,1969,26.81287
10,3,14,1970,25.31232
10,3,14,1971,25.30127
10,3,14,1972,25.36349
10,3,14,1973,25.2723
10,3,14,1974,25.1083
10,3,14,1975,21.72135
10,3,14,1976,21.62366
10,3,14,1977,21.48156
10,3,14,1978,21.51453
10,3,14,1979,21.42212
10,3,14,1980,26.28887
10,3,14,1981,26.33769
10,3,14,1982,26.44423
10,3,14,1983,26.42915
10,3,14,1984,26.41527
10,3,14,1985,26.48842
10,3,14,1986,26.58764
10,3,14,1987,26.83204
10,3,14,1988,26.94527
10,3,14,1989,26.91182
10,3,14,1990,26.99244
10,3,14,1991,27.0543
10,3,14,1992,27.13744
10,3,14,1993,27.18015
10,3,14,1994,27.09997
10,3,14,1995,27.14688
10,3,14,1996,27.18004
10,3,14,1997,27.3011
10,3,14,1998,27.39569
10,3,14,1999,27.47656
10,3,14,2000,27.58077
10,3,14,2001,27.80594
10,3,14,2002,28.05264
10,3,14,2003,28.36662
10,3,14,2004,28.61964
10,3,14,2005,28.92511
10,3,14,2006,29.26114
10,3,14,2007,29.54447
10,3,14,2008,29.77224
10,3,14,2009,29.95859
10,3,14,2010,30.02623
10,3,14,2011,30.1943
10,3,14,2012,30.46231
10,3,14,2013,30.61643
10,3,14,2014,30.8465
10,3,14,2015,31.04391
10,3,14,2016,31.18971
10,3,14,2017,31.31085
10,3,14,2018,31.42009
10,3,14,2019,31.57732
11,1,14,1950,22.3479
11,1,14,1951,22.51518
11,1,14,1952,22.73471
11,1,14,1953,23.00969
11,1,14,1954,23.11651
11,1,14,1955,23.33775
11,1,14,1956,23.55092
11,1,14,1957,23.77503
11,1,14,1958,24.04019
11,1,14,1959,24.24227
11,1,14,1960,24.57043
11,1,14,1961,24.83456
11,1,14,1962,25.11924
11,1,14,1963,25.32235
11,1,14,1964,25.589
11,1,14,1965,25.6828
11,1,14,1966,25.81729
11,1,14,1967,25.97216
11,1,14,1968,26.16118
11,1,14,1969,26.32707
11,1,14,1970,26.65122
11,1,14,1971,26.80352
11,1,14,1972,26.98035
11,1,14,1973,27.21976
11,1,14,1974,27.50847
11,1,14,1975,27.64593
11,1,14,1976,27.81272
11,1,14,1977,27.92495
11,1,14,1978,28.04686
11,1,14,1979,28.21674
11,1,14,1980,28.31658
11,1,14,1981,28.49991
11,1,14,1982,28.64498
11,1,14,1983,28.7219
11,1,14,1984,28.79207
11,1,14,1985,28.87912
11,1,14,1986,28.86574
11,1,14,1987,28.74922
11,1,14,1988,28.79272
11,1,14,1989,28.8731
11,1,14,1990,28.89441
11,1,14,1991,28.9654
11,1,14,1992,29.01674
11,1,14,1993,29.0757
11,1,14,1994,29.21109
11,1,14,1995,29.34614
11,1,14,1996,29.52166
11,1,14,1997,29.56169
11,1,14,1998,29.61294
11,1,14,1999,29.58915
11,1,14,2000,29.64728
11,1,14,2001,29.72442
11,1,14,2002,29.66843
11,1,14,2003,29.66443
11,1,14,2004,29.08377
11,1,14,2005,29.73128
11,1,14,2006,29.69072
11,1,14,2007,29.70296
11,1,14,2008,29.76774
11,1,14,2009,29.74872
11,1,14,2010,29.82061
11,1,14,2011,29.88928
11,1,14,2012,29.96622
11,1,14,2013,30.15723
11,1,14,2014,30.2315
11,1,14,2015,30.40294
11,1,14,2016,30.62048
11,1,14,2017,30.72875
11,1,14,2018,30.87132
11,1,14,2019,30.90744
11,2,14,1950,26.31899
11,2,14,1951,26.40579
11,2,14,1952,26.59415
11,2,14,1953,26.85478
11,2,14,1954,26.95887
11,2,14,1955,27.04908
11,2,14,1956,27.22731
11,2,14,1957,27.43998
11,2,14,1958,27.61499
11,2,14,1959,27.78328
11,2,14,1960,28.03511
11,2,14,1961,28.19732
11,2,14,1962,28.44382
11,2,14,1963,28.56843
11,2,14,1964,28.73148
11,2,14,1965,28.79132
11,2,14,1966,28.8914
11,2,14,1967,28.96162
11,2,14,1968,29.06734
11,2,14,1969,29.17694
11,2,14,1970,29.38626
11,2,14,1971,29.45683
11,2,14,1972,29.55954
11,2,14,1973,29.70839
11,2,14,1974,29.8618
11,2,14,1975,29.90049
11,2,14,1976,29.92414
11,2,14,1977,29.99655
11,2,14,1978,30.06115
11,2,14,1979,30.10274
11,2,14,1980,30.20862
11,2,14,1981,30.27264
11,2,14,1982,30.3842
11,2,14,1983,30.38288
11,2,14,1984,30.42549
11,2,14,1985,30.48522
11,2,14,1986,30.54828
11,2,14,1987,30.4966
11,2,14,1988,30.56415
11,2,14,1989,30.68026
11,2,14,1990,30.7411
11,2,14,1991,30.88458
11,2,14,1992,31.01509
11,2,14,1993,31.00669
11,2,14,1994,31.09802
11,2,14,1995,31.13688
11,2,14,1996,31.17355
11,2,14,1997,31.11592
11,2,14,1998,31.15414
11,2,14,1999,31.21485
11,2,14,2000,31.17119
11,2,14,2001,31.22987
11,2,14,2002,31.26067
11,2,14,2003,31.33665
11,2,14,2004,30.91004
11,2,14,2005,31.41939
11,2,14,2006,31.56078
11,2,14,2007,31.66393
11,2,14,2008,31.81486
11,2,14,2009,31.88278
11,2,14,2010,32.03812
11,2,14,2011,32.30145
11,2,14,2012,32.46191
11,2,14,2013,32.77968
11,2,14,2014,33.03601
11,2,14,2015,33.20199
11,2,14,2016,33.40787
11,2,14,2017,33.51755
11,2,14,2018,33.59963
11,2,14,2019,33.84952
11,3,14,1950,23.42793
11,3,14,1951,23.56153
11,3,14,1952,23.74578
11,3,14,1953,23.94316
11,3,14,1954,24.21912
11,3,14,1955,24.32973
11,3,14,1956,24.62619
11,3,14,1957,24.7986
11,3,14,1958,24.97005
11,3,14,1959,25.22055
11,3,14,1960,25.47913
11,3,14,1961,25.76792
11,3,14,1962,25.83503
11,3,14,1963,26.14303
11,3,14,1964,26.18802
11,3,14,1965,26.3968
11,3,14,1966,26.57123
11,3,14,1967,26.58508
11,3,14,1968,26.82675
11,3,14,1969,26.9966
11,3,14,1970,27.27446
11,3,14,1971,27.28081
11,3,14,1972,27.72569
11,3,14,1973,27.81789
11,3,14,1974,28.0232
11,3,14,1975,28.18236
11,3,14,1976,28.26714
11,3,14,1977,28.36967
11,3,14,1978,28.54591
11,3,14,1979,28.62325
11,3,14,1980,28.82957
11,3,14,1981,28.94084
11,3,14,1982,29.04075
11,3,14,1983,29.15618
11,3,14,1984,29.29113
11,3,14,1985,29.32988
11,3,14,1986,29.4123
11,3,14,1987,29.32706
11,3,14,1988,29.47248
11,3,14,1989,29.51183
11,3,14,1990,29.57495
11,3,14,1991,29.66846
11,3,14,1992,29.68774
11,3,14,1993,29.82035
11,3,14,1994,29.90269
11,3,14,1995,29.96533
11,3,14,1996,30.08125
11,3,14,1997,30.07796
11,3,14,1998,30.10903
11,3,14,1999,30.10088
11,3,14,2000,30.12363
11,3,14,2001,30.18626
11,3,14,2002,30.15287
11,3,14,2003,30.21897
11,3,14,2004,29.67367
11,3,14,2005,30.22322
11,3,14,2006,30.22263
11,3,14,2007,30.25589
11,3,14,2008,30.36349
11,3,14,2009,30.36307
11,3,14,2010,30.38867
11,3,14,2011,30.57771
11,3,14,2012,30.66907
11,3,14,2013,30.89382
11,3,14,2014,31.16497
11,3,14,2015,31.342
11,3,14,2016,31.43337
11,3,14,2017,31.64435
11,3,14,2018,31.67713
11,3,14,2019,31.85021
12,1,14,1950,19.4387
12,1,14,1951,19.52303
12,1,14,1952,19.59082
12,1,14,1953,19.60591
12,1,14,1954,19.73314
12,1,14,1955,19.80003
12,1,14,1956,19.90432
12,1,14,1957,19.97555
12,1,14,1958,20.11307
12,1,14,1959,20.01446
12,1,14,1960,20.12712
12,1,14,1961,20.21848
12,1,14,1962,20.51222
12,1,14,1963,20.33141
12,1,14,1964,20.39768
12,1,14,1965,20.51813
12,1,14,1966,20.59919
12,1,14,1967,20.76883
12,1,14,1968,20.89898
12,1,14,1969,20.99746
12,1,14,1970,21.24703
12,1,14,1971,21.32772
12,1,14,1972,21.56463
12,1,14,1973,21.84063
12,1,14,1974,22.1554
12,1,14,1975,22.33411
12,1,14,1976,22.5096
12,1,14,1977,22.61556
12,1,14,1978,22.7393
12,1,14,1979,22.84164
12,1,14,1980,23.04174
12,1,14,1981,23.22854
12,1,14,1982,23.34492
12,1,14,1983,23.55164
12,1,14,1984,23.72268
12,1,14,1985,23.90592
12,1,14,1986,24.07867
12,1,14,1987,24.22054
12,1,14,1988,24.32793
12,1,14,1989,24.49005
12,1,14,1990,24.5849
12,1,14,1991,24.70727
12,1,14,1992,24.82014
12,1,14,1993,25.03477
12,1,14,1994,25.09123
12,1,14,1995,25.17301
12,1,14,1996,25.25883
12,1,14,1997,25.38509
12,1,14,1998,25.49674
12,1,14,1999,25.70099
12,1,14,2000,25.74206
12,1,14,2001,25.9471
12,1,14,2002,26.23055
12,1,14,2003,26.3781
12,1,14,2004,26.58468
12,1,14,2005,26.81542
12,1,14,2006,27.01595
12,1,14,2007,27.33189
12,1,14,2008,27.64427
12,1,14,2009,27.85263
12,1,14,2010,28.14591
12,1,14,2011,28.40258
12,1,14,2012,28.6629
12,1,14,2013,28.82113
12,1,14,2014,28.95932
12,1,14,2015,29.11093
12,1,14,2016,29.37103
12,1,14,2017,29.55091
12,1,14,2018,29.686
12,1,14,2019,29.91489
12,2,14,1950,24.54438
12,2,14,1951,24.63281
12,2,14,1952,24.68233
12,2,14,1953,24.68524
12,2,14,1954,24.78874
12,2,14,1955,24.86759
12,2,14,1956,24.95936
12,2,14,1957,25.00504
12,2,14,1958,25.13659
12,2,14,1959,25.05754
12,2,14,1960,25.14885
12,2,14,1961,25.21034
12,2,14,1962,25.47393
12,2,14,1963,25.29215
12,2,14,1964,25.34054
12,2,14,1965,25.4319
12,2,14,1966,25.48096
12,2,14,1967,25.60543
12,2,14,1968,25.70027
12,2,14,1969,25.76505
12,2,14,1970,25.93884
12,2,14,1971,25.98687
12,2,14,1972,26.13209
12,2,14,1973,26.34577
12,2,14,1974,26.59345
12,2,14,1975,26.70385
12,2,14,1976,26.79844
12,2,14,1977,26.85332
12,2,14,1978,26.93259
12,2,14,1979,26.97273
12,2,14,1980,27.09581
12,2,14,1981,27.21587
12,2,14,1982,27.27185
12,2,14,1983,27.41033
12,2,14,1984,27.5001
12,2,14,1985,27.61053
12,2,14,1986,27.72702
12,2,14,1987,27.81393
12,2,14,1988,27.8579
12,2,14,1989,27.97065
12,2,14,1990,28.00869
12,2,14,1991,28.08148
12,2,14,1992,28.14228
12,2,14,1993,28.273
12,2,14,1994,28.30128
12,2,14,1995,28.3736
12,2,14,1996,28.4197
12,2,14,1997,28.54048
12,2,14,1998,28.68635
12,2,14,1999,28.80603
12,2,14,2000,28.9299
12,2,14,2001,29.13742
12,2,14,2002,29.40911
12,2,14,2003,29.64559
12,2,14,2004,29.90572
12,2,14,2005,30.17635
12,2,14,2006,30.43797
12,2,14,2007,30.80532
12,2,14,2008,31.08627
12,2,14,2009,31.32808
12,2,14,2010,31.543
12,2,14,2011,31.73702
12,2,14,2012,31.92331
12,2,14,2013,32.03827
12,2,14,2014,32.15554
12,2,14,2015,32.28537
12,2,14,2016,32.48623
12,2,14,2017,32.68495
12,2,14,2018,32.81159
12,2,14,2019,32.95696
12,3,14,1950,21.54784
12,3,14,1951,21.6765
12,3,14,1952,21.7824
12,3,14,1953,21.8278
12,3,14,1954,21.9759
12,3,14,1955,22.07304
12,3,14,1956,22.19988
12,3,14,1957,22.27833
12,3,14,1958,22.43374
12,3,14,1959,22.35383
12,3,14,1960,22.4685
12,3,14,1961,22.55899
12,3,14,1962,22.84986
12,3,14,1963,22.66914
12,3,14,1964,22.73329
12,3,14,1965,22.84169
12,3,14,1966,22.91369
12,3,14,1967,23.072
12,3,14,1968,23.18486
12,3,14,1969,23.26969
12,3,14,1970,23.49248
12,3,14,1971,23.55012
12,3,14,1972,23.75153
12,3,14,1973,24.00261
12,3,14,1974,24.28739
12,3,14,1975,24.42961
12,3,14,1976,24.57291
12,3,14,1977,24.65704
12,3,14,1978,24.75636
12,3,14,1979,24.82743
12,3,14,1980,24.99733
12,3,14,1981,25.15416
12,3,14,1982,25.24338
12,3,14,1983,25.41977
12,3,14,1984,25.54925
12,3,14,1985,25.70713
12,3,14,1986,25.85468
12,3,14,1987,25.97356
12,3,14,1988,26.05196
12,3,14,1989,26.19097
12,3,14,1990,26.25994
12,3,14,1991,26.35646
12,3,14,1992,26.44234
12,3,14,1993,26.62544
12,3,14,1994,26.6602
12,3,14,1995,26.74087
12,3,14,1996,26.80637
12,3,14,1997,26.92719
12,3,14,1998,27.05476
12,3,14,1999,27.2297
12,3,14,2000,27.30215
12,3,14,2001,27.50376
12,3,14,2002,27.78159
12,3,14,2003,27.96731
12,3,14,2004,28.1996
12,3,14,2005,28.44997
12,3,14,2006,28.67814
12,3,14,2007,29.01488
12,3,14,2008,29.32066
12,3,14,2009,29.54556
12,3,14,2010,29.79959
12,3,14,2011,30.03452
12,3,14,2012,30.26314
12,3,14,2013,30.39488
12,3,14,2014,30.51495
12,3,14,2015,30.66071
12,3,14,2016,30.89521
12,3,14,2017,31.08001
12,3,14,2018,31.22246
12,3,14,2019,31.4083
13,1,14,1950,22.822
13,1,14,1951,22.42655
13,1,14,1952,22.20289
13,1,14,1953,23.48731
13,1,14,1954,24.3141
13,1,14,1955,25.37509
13,1,14,1956,25.8697
13,1,14,1957,25.45735
13,1,14,1958,27.54757
13,1,14,1959,28.86095
13,1,14,1960,28.27073
13,1,14,1961,27.88109
13,1,14,1962,27.07381
13,1,14,1963,27.44178
13,1,14,1964,27.81202
13,1,14,1965,27.5515
13,1,14,1966,27.94428
13,1,14,1967,27.45489
13,1,14,1968,27.03416
13,1,14,1969,27.16897
13,1,14,1970,27.4056
13,1,14,1971,27.33995
13,1,14,1972,27.49839
13,1,14,1973,28.02652
13,1,14,1974,28.25932
13,1,14,1975,28.1863
13,1,14,1976,27.61126
13,1,14,1977,27.42883
13,1,14,1978,28.37152
13,1,14,1979,29.15039
13,1,14,1980,29.65778
13,1,14,1981,29.54259
13,1,14,1982,29.14749
13,1,14,1983,28.56021
13,1,14,1984,27.90195
13,1,14,1985,27.94028
13,1,14,1986,28.58133
13,1,14,1987,29.42048
13,1,14,1988,29.39714
13,1,14,1989,29.40318
13,1,14,1990,29.00109
13,1,14,1991,29.18504
13,1,14,1992,29.28253
13,1,14,1993,29.26562
13,1,14,1994,28.98504
13,1,14,1995,28.5641
13,1,14,1996,28.71755
13,1,14,1997,28.98166
13,1,14,1998,29.52813
13,1,14,1999,28.72935
13,1,14,2000,29.35651
13,1,14,2001,29.56362
13,1,14,2002,29.78372
13,1,14,2003,29.70963
13,1,14,2004,30.02961
13,1,14,2005,30.3867
13,1,14,2006,30.59292
13,1,14,2007,30.70918
13,1,14,2008,30.4705
13,1,14,2009,30.38354
13,1,14,2010,31.08158
13,1,14,2011,31.18846
13,1,14,2012,30.94531
13,1,14,2013,31.86416
13,1,14,2014,31.29983
13,1,14,2015,32.01233
13,1,14,2016,32.40392
13,1,14,2017,32.76751
13,1,14,2018,33.11247
13,1,14,2019,33.03844
13,2,14,1950,27.3961
13,2,14,1951,27.02649
13,2,14,1952,26.72333
13,2,14,1953,27.57362
13,2,14,1954,28.1888
13,2,14,1955,28.83902
13,2,14,1956,28.77277
13,2,14,1957,28.7419
13,2,14,1958,30.55235
13,2,14,1959,32.22455
13,2,14,1960,31.91809
13,2,14,1961,32.50441
13,2,14,1962,32.41152
13,2,14,1963,32.88147
13,2,14,1964,33.90924
13,2,14,1965,33.61767
13,2,14,1966,34.65114
13,2,14,1967,32.89769
13,2,14,1968,32.63511
13,2,14,1969,32.75308
13,2,14,1970,33.37443
13,2,14,1971,33.06876
13,2,14,1972,33.08691
13,2,14,1973,33.24173
13,2,14,1974,32.25441
13,2,14,1975,30.53807
13,2,14,1976,29.9487
13,2,14,1977,30.48948
13,2,14,1978,32.76012
13,2,14,1979,33.82868
13,2,14,1980,33.50823
13,2,14,1981,33.19405
13,2,14,1982,32.56634
13,2,14,1983,31.85856
13,2,14,1984,31.33027
13,2,14,1985,31.04625
13,2,14,1986,31.27359
13,2,14,1987,31.84371
13,2,14,1988,32.32065
13,2,14,1989,32.55026
13,2,14,1990,32.27318
13,2,14,1991,32.52078
13,2,14,1992,32.56013
13,2,14,1993,32.29941
13,2,14,1994,32.00392
13,2,14,1995,31.7619
13,2,14,1996,32.32345
13,2,14,1997,32.66657
13,2,14,1998,32.69398
13,2,14,1999,31.95749
13,2,14,2000,32.55214
13,2,14,2001,32.71376
13,2,14,2002,32.5812
13,2,14,2003,32.73054
13,2,14,2004,33.07209
13,2,14,2005,33.19445
13,2,14,2006,33.31322
13,2,14,2007,33.49034
13,2,14,2008,33.44804
13,2,14,2009,33.35974
13,2,14,2010,33.74794
13,2,14,2011,33.95155
13,2,14,2012,33.75469
13,2,14,2013,34.39571
13,2,14,2014,34.06169
13,2,14,2015,34.58406
13,2,14,2016,34.96793
13,2,14,2017,35.30643
13,2,14,2018,35.62212
13,2,14,2019,35.72296
13,3,14,1950,24.66087
13,3,14,1951,24.28542
13,3,14,1952,24.04376
13,3,14,1953,25.19636
13,3,14,1954,25.91245
13,3,14,1955,26.84804
13,3,14,1956,27.14313
13,3,14,1957,26.86925
13,3,14,1958,28.84683
13,3,14,1959,30.37747
13,3,14,1960,29.86016
13,3,14,1961,29.85019
13,3,14,1962,29.29924
13,3,14,1963,29.71228
13,3,14,1964,30.34116
13,3,14,1965,30.08689
13,3,14,1966,30.7106
13,3,14,1967,29.76333
13,3,14,1968,29.41757
13,3,14,1969,29.5426
13,3,14,1970,29.94358
13,3,14,1971,29.79308
13,3,14,1972,29.91415
13,3,14,1973,30.36557
13,3,14,1974,30.08818
13,3,14,1975,29.11548
13,3,14,1976,28.56249
13,3,14,1977,28.77123
13,3,14,1978,30.35325
13,3,14,1979,31.29853
13,3,14,1980,31.43801
13,3,14,1981,31.27385
13,3,14,1982,30.77134
13,3,14,1983,30.14381
13,3,14,1984,29.51125
13,3,14,1985,29.44007
13,3,14,1986,29.86045
13,3,14,1987,30.57009
13,3,14,1988,30.829
13,3,14,1989,30.93541
13,3,14,1990,30.55721
13,3,14,1991,30.7731
13,3,14,1992,30.84384
13,3,14,1993,30.70836
13,3,14,1994,30.41983
13,3,14,1995,30.10589
13,3,14,1996,30.40691
13,3,14,1997,30.71428
13,3,14,1998,31.06004
13,3,14,1999,30.2478
13,3,14,2000,30.89388
13,3,14,2001,31.04545
13,3,14,2002,31.10431
13,3,14,2003,31.1572
13,3,14,2004,31.45733
13,3,14,2005,31.70481
13,3,14,2006,31.8623
13,3,14,2007,31.99864
13,3,14,2008,31.87536
13,3,14,2009,31.78051
13,3,14,2010,32.25553
13,3,14,2011,32.49749
13,3,14,2012,32.26722
13,3,14,2013,32.93833
13,3,14,2014,32.57815
13,3,14,2015,33.21187
13,3,14,2016,33.62919
13,3,14,2017,33.98983
13,3,14,2018,34.32572
13,3,14,2019,34.33828
14,1,14,1950,18.44312
14,1,14,1951,18.68802
14,1,14,1952,19.00995
14,1,14,1953,19.24837
14,1,14,1954,19.45095
14,1,14,1955,19.76264
14,1,14,1956,20.11137
14,1,14,1957,20.41466
14,1,14,1958,20.69251
14,1,14,1959,20.8912
14,1,14,1960,21.29027
14,1,14,1961,21.61833
14,1,14,1962,22.00419
14,1,14,1963,22.17254
14,1,14,1964,22.51034
14,1,14,1965,22.77594
14,1,14,1966,23.14187
14,1,14,1967,23.46116
14,1,14,1968,23.70871
14,1,14,1969,24.00731
14,1,14,1970,24.23832
14,1,14,1971,24.44865
14,1,14,1972,24.68163
14,1,14,1973,25.81091
14,1,14,1974,25.94611
14,1,14,1975,26.10465
14,1,14,1976,26.39213
14,1,14,1977,26.8901
14,1,14,1978,26.78843
14,1,14,1979,26.96331
14,1,14,1980,27.36056
14,1,14,1981,28.06512
14,1,14,1982,28.11936
14,1,14,1983,27.87912
14,1,14,1984,27.78835
14,1,14,1985,28.18925
14,1,14,1986,28.34706
14,1,14,1987,28.35501
14,1,14,1988,28.50748
14,1,14,1989,28.7169
14,1,14,1990,28.75982
14,1,14,1991,28.7392
14,1,14,1992,28.76164
14,1,14,1993,28.79003
14,1,14,1994,29.00563
14,1,14,1995,29.40886
14,1,14,1996,29.70561
14,1,14,1997,30.14685
14,1,14,1998,30.79198
14,1,14,1999,31.62617
14,1,14,2000,31.97885
14,1,14,2001,32.20368
14,1,14,2002,32.56811
14,1,14,2003,33.01944
14,1,14,2004,33.08734
14,1,14,2005,34.06431
14,1,14,2006,34.50469
14,1,14,2007,34.87332
14,1,14,2008,35.14228
14,1,14,2009,35.37756
14,1,14,2010,35.56095
14,1,14,2011,35.81969
14,1,14,2012,36.05163
14,1,14,2013,36.23086
14,1,14,2014,36.42557
14,1,14,2015,36.74248
14,1,14,2016,36.92842
14,1,14,2017,37.10828
14,1,14,2018,37.1846
14,1,14,2019,37.23091
14,2,14,1950,21.50835
14,2,14,1951,21.6885
14,2,14,1952,21.97888
14,2,14,1953,22.17072
14,2,14,1954,22.45965
14,2,14,1955,22.75146
14,2,14,1956,22.98585
14,2,14,1957,23.31005
14,2,14,1958,23.53368
14,2,14,1959,23.86134
14,2,14,1960,24.24316
14,2,14,1961,24.55596
14,2,14,1962,24.81402
14,2,14,1963,24.99945
14,2,14,1964,25.30586
14,2,14,1965,25.56388
14,2,14,1966,25.77514
14,2,14,1967,26.10025
14,2,14,1968,26.39871
14,2,14,1969,26.52558
14,2,14,1970,26.64213
14,2,14,1971,26.75134
14,2,14,1972,26.83245
14,2,14,1973,26.80698
14,2,14,1974,26.73446
14,2,14,1975,26.35668
14,2,14,1976,25.92647
14,2,14,1977,25.4676
14,2,14,1978,25.09232
14,2,14,1979,25.22423
14,2,14,1980,25.45447
14,2,14,1981,25.60519
14,2,14,1982,25.69957
14,2,14,1983,26.188
14,2,14,1984,26.8315
14,2,14,1985,27.43832
14,2,14,1986,27.90524
14,2,14,1987,28.2952
14,2,14,1988,28.61405
14,2,14,1989,28.96248
14,2,14,1990,28.39571
14,2,14,1991,28.3002
14,2,14,1992,28.33907
14,2,14,1993,28.95202
14,2,14,1994,30.06736
14,2,14,1995,30.19499
14,2,14,1996,29.90553
14,2,14,1997,30.03744
14,2,14,1998,31.13591
14,2,14,1999,31.78445
14,2,14,2000,31.92856
14,2,14,2001,32.20659
14,2,14,2002,33.54297
14,2,14,2003,34.13421
14,2,14,2004,34.44579
14,2,14,2005,35.20259
14,2,14,2006,35.63769
14,2,14,2007,36.083
14,2,14,2008,36.46313
14,2,14,2009,36.75708
14,2,14,2010,37.06583
14,2,14,2011,37.34594
14,2,14,2012,37.55249
14,2,14,2013,37.82319
14,2,14,2014,38.10181
14,2,14,2015,38.49999
14,2,14,2016,38.67227
14,2,14,2017,38.75607
14,2,14,2018,38.84217
14,2,14,2019,38.86836
14,3,14,1950,19.37643
14,3,14,1951,19.6065
14,3,14,1952,19.85533
14,3,14,1953,20.08979
14,3,14,1954,20.34538
14,3,14,1955,20.59396
14,3,14,1956,20.89397
14,3,14,1957,21.21949
14,3,14,1958,21.53797
14,3,14,1959,21.81658
14,3,14,1960,22.19089
14,3,14,1961,22.54177
14,3,14,1962,22.89631
14,3,14,1963,23.07807
14,3,14,1964,23.39206
14,3,14,1965,23.65109
14,3,14,1966,23.94627
14,3,14,1967,24.21067
14,3,14,1968,24.40576
14,3,14,1969,24.64204
14,3,14,1970,24.87952
14,3,14,1971,25.03064
14,3,14,1972,25.23046
14,3,14,1973,25.96131
14,3,14,1974,26.06348
14,3,14,1975,26.01439
14,3,14,1976,26.08889
14,3,14,1977,26.22674
14,3,14,1978,26.00409
14,3,14,1979,26.21582
14,3,14,1980,26.60227
14,3,14,1981,27.0279
14,3,14,1982,27.04602
14,3,14,1983,27.03992
14,3,14,1984,27.25963
14,3,14,1985,27.74328
14,3,14,1986,28.01936
14,3,14,1987,28.21642
14,3,14,1988,28.45862
14,3,14,1989,28.71677
14,3,14,1990,28.51889
14,3,14,1991,28.46305
14,3,14,1992,28.50731
14,3,14,1993,28.81963
14,3,14,1994,29.33928
14,3,14,1995,29.62234
14,3,14,1996,29.69013
14,3,14,1997,30.00822
14,3,14,1998,30.85786
14,3,14,1999,31.59998
14,3,14,2000,31.82822
14,3,14,2001,32.08076
14,3,14,2002,32.88933
14,3,14,2003,33.42549
14,3,14,2004,33.6122
14,3,14,2005,34.54534
14,3,14,2006,35.01956
14,3,14,2007,35.37245
14,3,14,2008,35.67006
14,3,14,2009,35.89349
14,3,14,2010,36.13372
14,3,14,2011,36.39755
14,3,14,2012,36.61059
14,3,14,2013,36.83339
14,3,14,2014,37.09056
14,3,14,2015,37.45052
14,3,14,2016,37.67044
14,3,14,2017,37.82058
14,3,14,2018,37.91647
14,3,14,2019,37.95785
15,1,14,1950,17.19271
15,1,14,1951,17.46629
15,1,14,1952,17.66628
15,1,14,1953,17.86015
15,1,14,1954,18.01187
15,1,14,1955,18.14295
15,1,14,1956,18.30251
15,1,14,1957,18.4504
15,1,14,1958,18.59747
15,1,14,1959,18.88693
15,1,14,1960,19.03498
15,1,14,1961,19.23108
15,1,14,1962,19.413
15,1,14,1963,19.69662
15,1,14,1964,19.86204
15,1,14,1965,20.13453
15,1,14,1966,20.23802
15,1,14,1967,20.35395
15,1,14,1968,20.46614
15,1,14,1969,20.68511
15,1,14,1970,21.08178
15,1,14,1971,21.44551
15,1,14,1972,21.8213
15,1,14,1973,22.02996
15,1,14,1974,22.33616
15,1,14,1975,22.5136
15,1,14,1976,22.82639
15,1,14,1977,23.04096
15,1,14,1978,23.21045
15,1,14,1979,23.46601
15,1,14,1980,23.57669
15,1,14,1981,23.7595
15,1,14,1982,24.00905
15,1,14,1983,24.16131
15,1,14,1984,24.28878
15,1,14,1985,24.44556
15,1,14,1986,24.5867
15,1,14,1987,24.67067
15,1,14,1988,24.69939
15,1,14,1989,24.80363
15,1,14,1990,24.83655
15,1,14,1991,24.88386
15,1,14,1992,25.00319
15,1,14,1993,24.97919
15,1,14,1994,25.03448
15,1,14,1995,25.06482
15,1,14,1996,25.15285
15,1,14,1997,25.23723
15,1,14,1998,25.25118
15,1,14,1999,25.31954
15,1,14,2000,25.38652
15,1,14,2001,25.39989
15,1,14,2002,25.56399
15,1,14,2003,25.78365
15,1,14,2004,25.81469
15,1,14,2005,26.01708
15,1,14,2006,26.21384
15,1,14,2007,26.53379
15,1,14,2008,24.88394
15,1,14,2009,26.80818
15,1,14,2010,26.96185
15,1,14,2011,27.13491
15,1,14,2012,27.35084
15,1,14,2013,27.62954
15,1,14,2014,27.99892
15,1,14,2015,28.15629
15,1,14,2016,28.22799
15,1,14,2017,28.29144
15,1,14,2018,28.71588
15,1,14,2019,28.89639
15,2,14,1950,23.21637
15,2,14,1951,23.47036
15,2,14,1952,23.66796
15,2,14,1953,23.85075
15,2,14,1954,24.01016
15,2,14,1955,24.13296
15,2,14,1956,24.29249
15,2,14,1957,24.43977
15,2,14,1958,24.54683
15,2,14,1959,24.84476
15,2,14,1960,24.9575
15,2,14,1961,25.14485
15,2,14,1962,25.28496
15,2,14,1963,25.54863
15,2,14,1964,25.68173
15,2,14,1965,25.91524
15,2,14,1966,25.97733
15,2,14,1967,26.04438
15,2,14,1968,26.15354
15,2,14,1969,26.33181
15,2,14,1970,26.62469
15,2,14,1971,26.92024
15,2,14,1972,27.2006
15,2,14,1973,27.33652
15,2,14,1974,27.5741
15,2,14,1975,27.66953
15,2,14,1976,27.90036
15,2,14,1977,28.084
15,2,14,1978,28.2098
15,2,14,1979,28.38691
15,2,14,1980,28.46918
15,2,14,1981,28.53544
15,2,14,1982,28.72247
15,2,14,1983,28.85047
15,2,14,1984,28.93103
15,2,14,1985,29.02928
15,2,14,1986,29.1012
15,2,14,1987,29.12793
15,2,14,1988,29.15374
15,2,14,1989,29.20923
15,2,14,1990,29.24269
15,2,14,1991,29.24013
15,2,14,1992,29.30838
15,2,14,1993,29.31546
15,2,14,1994,29.31505
15,2,14,1995,29.3627
15,2,14,1996,29.39542
15,2,14,1997,29.45668
15,2,14,1998,29.44057
15,2,14,1999,29.52122
15,2,14,2000,29.58391
15,2,14,2001,29.60429
15,2,14,2002,29.78389
15,2,14,2003,29.93119
15,2,14,2004,30.12547
15,2,14,2005,30.38603
15,2,14,2006,30.66209
15,2,14,2007,31.01027
15,2,14,2008,29.58872
15,2,14,2009,31.43629
15,2,14,2010,31.63291
15,2,14,2011,31.94445
15,2,14,2012,32.23396
15,2,14,2013,32.44749
15,2,14,2014,32.69025
15,2,14,2015,32.8335
15,2,14,2016,32.91016
15,2,14,2017,33.02075
15,2,14,2018,33.28256
15,2,14,2019,33.44345
15,3,14,1950,19.86299
15,3,14,1951,20.1332
15,3,14,1952,20.32752
15,3,14,1953,20.51095
15,3,14,1954,20.65649
15,3,14,1955,20.77809
15,3,14,1956,20.924
15,3,14,1957,21.06915
15,3,14,1958,21.19239
15,3,14,1959,21.48583
15,3,14,1960,21.61384
15,3,14,1961,21.80473
15,3,14,1962,21.96693
15,3,14,1963,22.24789
15,3,14,1964,22.40014
15,3,14,1965,22.66192
15,3,14,1966,22.75328
15,3,14,1967,22.84817
15,3,14,1968,22.954
15,3,14,1969,23.17232
15,3,14,1970,23.54402
15,3,14,1971,23.8894
15,3,14,1972,24.23907
15,3,14,1973,24.42585
15,3,14,1974,24.71318
15,3,14,1975,24.86511
15,3,14,1976,25.15256
15,3,14,1977,25.36649
15,3,14,1978,25.52647
15,3,14,1979,25.76194
15,3,14,1980,25.86313
15,3,14,1981,25.99654
15,3,14,1982,26.24894
15,3,14,1983,26.37848
15,3,14,1984,26.49817
15,3,14,1985,26.62617
15,3,14,1986,26.74279
15,3,14,1987,26.81763
15,3,14,1988,26.84469
15,3,14,1989,26.93795
15,3,14,1990,26.96197
15,3,14,1991,27.01915
15,3,14,1992,27.10247
15,3,14,1993,27.09976
15,3,14,1994,27.13871
15,3,14,1995,27.1744
15,3,14,1996,27.24802
15,3,14,1997,27.3205
15,3,14,1998,27.33102
15,3,14,1999,27.39651
15,3,14,2000,27.45895
15,3,14,2001,27.49321
15,3,14,2002,27.67026
15,3,14,2003,27.86221
15,3,14,2004,27.98357
15,3,14,2005,28.203
15,3,14,2006,28.43303
15,3,14,2007,28.79753
15,3,14,2008,27.2647
15,3,14,2009,29.14104
15,3,14,2010,29.32344
15,3,14,2011,29.58067
15,3,14,2012,29.83827
15,3,14,2013,30.1012
15,3,14,2014,30.43108
15,3,14,2015,30.57528
15,3,14,2016,30.6477
15,3,14,2017,30.74213
15,3,14,2018,31.09906
15,3,14,2019,31.28006
16,1,14,1950,31.76428
16,1,14,1951,30.66835
16,1,14,1952,31.79814
16,1,14,1953,32.50594
16,1,14,1954,32.75142
16,1,14,1955,31.93242
16,1,14,1956,31.29145
16,1,14,1957,31.87192
16,1,14,1958,32.76153
16,1,14,1959,33.30041
16,1,14,1960,32.21152
16,1,14,1961,31.8067
16,1,14,1962,31.73094
16,1,14,1963,32.06237
16,1,14,1964,31.83047
16,1,14,1965,31.35473
16,1,14,1966,31.284
16,1,14,1967,30.95871
16,1,14,1968,30.75798
16,1,14,1969,30.83318
16,1,14,1970,30.54826
16,1,14,1971,30.42617
16,1,14,1972,29.94142
16,1,14,1973,30.04809
16,1,14,1974,29.89073
16,1,14,1975,30.27521
16,1,14,1976,29.8212
16,1,14,1977,30.18684
16,1,14,1978,30.54927
16,1,14,1979,30.54446
16,1,14,1980,30.26119
16,1,14,1981,30.51048
16,1,14,1982,30.2239
16,1,14,1983,30.21278
16,1,14,1984,30.18616
16,1,14,1985,29.95344
16,1,14,1986,30.00459
16,1,14,1987,29.995
16,1,14,1988,30.12744
16,1,14,1989,30.25761
16,1,14,1990,30.48959
16,1,14,1991,30.65993
16,1,14,1992,30.64873
16,1,14,1993,30.36973
16,1,14,1994,30.14912
16,1,14,1995,30.20284
16,1,14,1996,30.0838
16,1,14,1997,29.96689
16,1,14,1998,29.86476
16,1,14,1999,29.98683
16,1,14,2000,29.8606
16,1,14,2001,29.68386
16,1,14,2002,29.59544
16,1,14,2003,29.77708
16,1,14,2004,29.65627
16,1,14,2005,29.37873
16,1,14,2006,29.24088
16,1,14,2007,29.31446
16,1,14,2008,29.27192
16,1,14,2009,29.15995
16,1,14,2010,29.27026
16,1,14,2011,29.16574
16,1,14,2012,29.1961
16,1,14,2013,29.22655
16,1,14,2014,29.64295
16,1,14,2015,29.6779
16,1,14,2016,30.24585
16,1,14,2017,30.82535
16,1,14,2018,31.29451
16,1,14,2019,31.63523
16,2,14,1950,30.71613
16,2,14,1951,29.82995
16,2,14,1952,30.77766
16,2,14,1953,31.53106
16,2,14,1954,31.95586
16,2,14,1955,32.10629
16,2,14,1956,31.61021
16,2,14,1957,32.57706
16,2,14,1958,33.68275
16,2,14,1959,34.00444
16,2,14,1960,32.63508
16,2,14,1961,32.51074
16,2,14,1962,32.52041
16,2,14,1963,32.81424
16,2,14,1964,32.75129
16,2,14,1965,32.5473
16,2,14,1966,32.62551
16,2,14,1967,32.45251
16,2,14,1968,32.61691
16,2,14,1969,32.55415
16,2,14,1970,32.13154
16,2,14,1971,32.08227
16,2,14,1972,31.48434
16,2,14,1973,31.54997
16,2,14,1974,31.53501
16,2,14,1975,32.04083
16,2,14,1976,31.79849
16,2,14,1977,31.89589
16,2,14,1978,32.56015
16,2,14,1979,32.93506
16,2,14,1980,33.26775
16,2,14,1981,33.41517
16,2,14,1982,33.42559
16,2,14,1983,33.42075
16,2,14,1984,33.71336
16,2,14,1985,33.93198
16,2,14,1986,34.33254
16,2,14,1987,34.32326
16,2,14,1988,33.8577
16,2,14,1989,33.77357
16,2,14,1990,34.00603
16,2,14,1991,34.30504
16,2,14,1992,34.38557
16,2,14,1993,34.36783
16,2,14,1994,34.31765
16,2,14,1995,34.30851
16,2,14,1996,34.33933
16,2,14,1997,34.45436
16,2,14,1998,34.50127
16,2,14,1999,34.51361
16,2,14,2000,34.35799
16,2,14,2001,34.18019
16,2,14,2002,34.01668
16,2,14,2003,34.09762
16,2,14,2004,34.20055
16,2,14,2005,33.94124
16,2,14,2006,33.83985
16,2,14,2007,34.03131
16,2,14,2008,33.97387
16,2,14,2009,33.88933
16,2,14,2010,33.98546
16,2,14,2011,34.00739
16,2,14,2012,34.04029
16,2,14,2013,33.98655
16,2,14,2014,34.391
16,2,14,2015,34.35809
16,2,14,2016,34.79718
16,2,14,2017,35.17425
16,2,14,2018,35.5194
16,2,14,2019,35.68558
16,3,14,1950,30.77699
16,3,14,1951,29.82519
16,3,14,1952,30.82778
16,3,14,1953,31.60683
16,3,14,1954,31.80602
16,3,14,1955,31.59347
16,3,14,1956,31.12141
16,3,14,1957,31.94206
16,3,14,1958,32.89864
16,3,14,1959,33.37613
16,3,14,1960,32.077
16,3,14,1961,31.89978
16,3,14,1962,31.81107
16,3,14,1963,32.13192
16,3,14,1964,32.04314
16,3,14,1965,31.67912
16,3,14,1966,31.65863
16,3,14,1967,31.4335
16,3,14,1968,31.407
16,3,14,1969,31.39338
16,3,14,1970,31.02641
16,3,14,1971,30.96311
16,3,14,1972,30.421
16,3,14,1973,30.53754
16,3,14,1974,30.42407
16,3,14,1975,30.84306
16,3,14,1976,30.52432
16,3,14,1977,30.76174
16,3,14,1978,31.26165
16,3,14,1979,31.46957
16,3,14,1980,31.50521
16,3,14,1981,31.67048
16,3,14,1982,31.58406
16,3,14,1983,31.51713
16,3,14,1984,31.65361
16,3,14,1985,31.59986
16,3,14,1986,31.75582
16,3,14,1987,31.80381
16,3,14,1988,31.69915
16,3,14,1989,31.75507
16,3,14,1990,31.99191
16,3,14,1991,32.23621
16,3,14,1992,32.18879
16,3,14,1993,32.07955
16,3,14,1994,31.91525
16,3,14,1995,31.96326
16,3,14,1996,31.90709
16,3,14,1997,31.92156
16,3,14,1998,31.85975
16,3,14,1999,31.96576
16,3,14,2000,31.81342
16,3,14,2001,31.64203
16,3,14,2002,31.48359
16,3,14,2003,31.61917
16,3,14,2004,31.60015
16,3,14,2005,31.3724
16,3,14,2006,31.23184
16,3,14,2007,31.34479
16,3,14,2008,31.31628
16,3,14,2009,31.22187
16,3,14,2010,31.37202
16,3,14,2011,31.35219
16,3,14,2012,31.32674
16,3,14,2013,31.32101
16,3,14,2014,31.68105
16,3,14,2015,31.59999
16,3,14,2016,32.05295
16,3,14,2017,32.46291
16,3,14,2018,32.75672
16,3,14,2019,33.01364
17,1,14,1950,27.24986
17,1,14,1951,27.41175
17,1,14,1952,28.44059
17,1,14,1953,29.36357
17,1,14,1954,29.77595
17,1,14,1955,28.97966
17,1,14,1956,29.43397
17,1,14,1957,29.00289
17,1,14,1958,29.02399
17,1,14,1959,29.13599
17,1,14,1960,29.7613
17,1,14,1961,29.775
17,1,14,1962,29.00546
17,1,14,1963,28.82149
17,1,14,1964,28.71336
17,1,14,1965,28.72511
17,1,14,1966,28.92217
17,1,14,1967,29.18738
17,1,14,1968,28.70317
17,1,14,1969,28.63487
17,1,14,1970,28.96163
17,1,14,1971,28.46812
17,1,14,1972,28.06678
17,1,14,1973,28.38398
17,1,14,1974,26.24215
17,1,14,1975,26.73308
17,1,14,1976,28.04189
17,1,14,1977,28.50336
17,1,14,1978,29.11132
17,1,14,1979,29.47507
17,1,14,1980,29.69297
17,1,14,1981,29.98911
17,1,14,1982,29.60834
17,1,14,1983,28.95932
17,1,14,1984,28.5144
17,1,14,1985,28.43152
17,1,14,1986,28.36032
17,1,14,1987,28.63219
17,1,14,1988,28.65331
17,1,14,1989,27.57089
17,1,14,1990,28.99519
17,1,14,1991,29.03277
17,1,14,1992,29.1863
17,1,14,1993,29.64673
17,1,14,1994,29.49817
17,1,14,1995,28.88797
17,1,14,1996,29.62414
17,1,14,1997,28.30764
17,1,14,1998,28.58509
17,1,14,1999,28.5427
17,1,14,2000,28.46779
17,1,14,2001,28.98723
17,1,14,2002,29.31364
17,1,14,2003,29.17198
17,1,14,2004,28.09806
17,1,14,2005,30.46801
17,1,14,2006,30.52762
17,1,14,2007,29.77489
17,1,14,2008,29.57861
17,1,14,2009,30.09082
17,1,14,2010,30.18009
17,1,14,2011,31.21857
17,1,14,2012,31.23187
17,1,14,2013,30.89628
17,1,14,2014,32.11659
17,1,14,2015,33.33668
17,1,14,2016,33.88885
17,1,14,2017,34.43025
17,1,14,2018,35.15296
17,1,14,2019,35.1896
17,2,14,1950,28.63391
17,2,14,1951,28.0863
17,2,14,1952,28.94249
17,2,14,1953,29.70713
17,2,14,1954,30.16529
17,2,14,1955,29.6871
17,2,14,1956,30.07142
17,2,14,1957,29.63257
17,2,14,1958,29.77951
17,2,14,1959,29.56942
17,2,14,1960,30.04167
17,2,14,1961,30.21346
17,2,14,1962,29.72225
17,2,14,1963,29.43615
17,2,14,1964,29.49053
17,2,14,1965,29.90283
17,2,14,1966,30.04338
17,2,14,1967,30.75553
17,2,14,1968,30.49634
17,2,14,1969,30.42877
17,2,14,1970,31.07053
17,2,14,1971,30.62062
17,2,14,1972,30.30465
17,2,14,1973,30.93699
17,2,14,1974,29.7702
17,2,14,1975,30.05883
17,2,14,1976,30.59166
17,2,14,1977,31.37543
17,2,14,1978,31.92482
17,2,14,1979,32.40606
17,2,14,1980,32.77591
17,2,14,1981,32.57436
17,2,14,1982,33.20275
17,2,14,1983,32.67888
17,2,14,1984,32.49892
17,2,14,1985,32.71809
17,2,14,1986,32.99646
17,2,14,1987,33.14887
17,2,14,1988,33.6087
17,2,14,1989,33.61756
17,2,14,1990,34.27683
17,2,14,1991,34.18748
17,2,14,1992,34.385
17,2,14,1993,34.57438
17,2,14,1994,34.55043
17,2,14,1995,34.47625
17,2,14,1996,34.94826
17,2,14,1997,34.12276
17,2,14,1998,34.44913
17,2,14,1999,34.48861
17,2,14,2000,34.59415
17,2,14,2001,35.13615
17,2,14,2002,35.27067
17,2,14,2003,35.1906
17,2,14,2004,33.92288
17,2,14,2005,35.91184
17,2,14,2006,35.82919
17,2,14,2007,35.37697
17,2,14,2008,35.41843
17,2,14,2009,35.20018
17,2,14,2010,35.5801
17,2,14,2011,36.51698
17,2,14,2012,36.7643
17,2,14,2013,36.08395
17,2,14,2014,37.05373
17,2,14,2015,37.88679
17,2,14,2016,38.22622
17,2,14,2017,38.61939
17,2,14,2018,39.01407
17,2,14,2019,39.05608
17,3,14,1950,27.82346
17,3,14,1951,27.64706
17,3,14,1952,28.60444
17,3,14,1953,29.46107
17,3,14,1954,29.88275
17,3,14,1955,29.24737
17,3,14,1956,29.66858
17,3,14,1957,29.24068
17,3,14,1958,29.30601
17,3,14,1959,29.2771
17,3,14,1960,29.85225
17,3,14,1961,29.90371
17,3,14,1962,29.26835
17,3,14,1963,29.04673
17,3,14,1964,29.00694
17,3,14,1965,29.19045
17,3,14,1966,29.36655
17,3,14,1967,29.8246
17,3,14,1968,29.44584
17,3,14,1969,29.37735
17,3,14,1970,29.83722
17,3,14,1971,29.36526
17,3,14,1972,29.01296
17,3,14,1973,29.46129
17,3,14,1974,27.71218
17,3,14,1975,28.1294
17,3,14,1976,29.12831
17,3,14,1977,29.73909
17,3,14,1978,30.33705
17,3,14,1979,30.75551
17,3,14,1980,31.04318
17,3,14,1981,31.12408
17,3,14,1982,31.18504
17,3,14,1983,30.60279
17,3,14,1984,30.28386
17,3,14,1985,30.34397
17,3,14,1986,30.44426
17,3,14,1987,30.64245
17,3,14,1988,30.85954
17,3,14,1989,30.20931
17,3,14,1990,31.18277
17,3,14,1991,31.36907
17,3,14,1992,31.55411
17,3,14,1993,31.92014
17,3,14,1994,31.84417
17,3,14,1995,31.47179
17,3,14,1996,31.93988
17,3,14,1997,31.00406
17,3,14,1998,31.32172
17,3,14,1999,31.3254
17,3,14,2000,31.35107
17,3,14,2001,31.89837
17,3,14,2002,32.16097
17,3,14,2003,32.06117
17,3,14,2004,30.92613
17,3,14,2005,33.1649
17,3,14,2006,33.16567
17,3,14,2007,32.51714
17,3,14,2008,32.42337
17,3,14,2009,32.62278
17,3,14,2010,32.85517
17,3,14,2011,33.79243
17,3,14,2012,33.95028
17,3,14,2013,33.50621
17,3,14,2014,34.65934
17,3,14,2015,35.60287
17,3,14,2016,36.16795
17,3,14,2017,36.63405
17,3,14,2018,37.2082
17,3,14,2019,37.24763
18,1,14,1950,26.14674
18,1,14,1951,26.33768
18,1,14,1952,27.06969
18,1,14,1953,28.02379
18,1,14,1954,28.47953
18,1,14,1955,28.52669
18,1,14,1956,28.55285
18,1,14,1957,28.57091
18,1,14,1958,28.81052
18,1,14,1959,29.00466
18,1,14,1960,29.08234
18,1,14,1961,29.4304
18,1,14,1962,29.30469
18,1,14,1963,29.06279
18,1,14,1964,29.30181
18,1,14,1965,29.51814
18,1,14,1966,29.31928
18,1,14,1967,29.00738
18,1,14,1968,28.71945
18,1,14,1969,28.33453
18,1,14,1970,28.66943
18,1,14,1971,28.70217
18,1,14,1972,28.32415
18,1,14,1973,28.18794
18,1,14,1974,28.50429
18,1,14,1975,28.83949
18,1,14,1976,29.64845
18,1,14,1977,29.34158
18,1,14,1978,29.40395
18,1,14,1979,28.78152
18,1,14,1980,28.68853
18,1,14,1981,28.89896
18,1,14,1982,29.03478
18,1,14,1983,29.37251
18,1,14,1984,30.19514
18,1,14,1985,30.71088
18,1,14,1986,31.1077
18,1,14,1987,30.88797
18,1,14,1988,31.07468
18,1,14,1989,31.0716
18,1,14,1990,31.09293
18,1,14,1991,31.07789
18,1,14,1992,31.20247
18,1,14,1993,31.32337
18,1,14,1994,31.334
18,1,14,1995,31.55602
18,1,14,1996,31.90809
18,1,14,1997,33.45311
18,1,14,1998,32.88523
18,1,14,1999,32.1122
18,1,14,2000,32.50178
18,1,14,2001,33.80497
18,1,14,2002,33.91169
18,1,14,2003,33.90926
18,1,14,2004,34.03872
18,1,14,2005,34.3067
18,1,14,2006,34.69511
18,1,14,2007,35.03582
18,1,14,2008,35.06474
18,1,14,2009,35.38419
18,1,14,2010,35.41284
18,1,14,2011,35.48667
18,1,14,2012,35.82376
18,1,14,2013,35.93024
18,1,14,2014,35.99382
18,1,14,2015,35.98929
18,1,14,2016,36.04876
18,1,14,2017,36.82565
18,1,14,2018,37.22305
18,1,14,2019,37.72435
18,2,14,1950,29.17698
18,2,14,1951,29.33941
18,2,14,1952,30.01743
18,2,14,1953,30.92916
18,2,14,1954,31.41158
18,2,14,1955,31.80578
18,2,14,1956,31.84047
18,2,14,1957,32.49472
18,2,14,1958,32.82726
18,2,14,1959,33.28931
18,2,14,1960,33.74521
18,2,14,1961,34.00799
18,2,14,1962,33.72031
18,2,14,1963,33.20705
18,2,14,1964,33.11095
18,2,14,1965,33.10946
18,2,14,1966,32.7563
18,2,14,1967,32.49803
18,2,14,1968,32.55846
18,2,14,1969,32.68995
18,2,14,1970,33.18222
18,2,14,1971,33.06637
18,2,14,1972,32.58295
18,2,14,1973,32.58198
18,2,14,1974,32.66186
18,2,14,1975,33.08156
18,2,14,1976,33.89888
18,2,14,1977,33.7879
18,2,14,1978,33.84361
18,2,14,1979,33.47519
18,2,14,1980,33.33051
18,2,14,1981,33.436
18,2,14,1982,33.46528
18,2,14,1983,33.69002
18,2,14,1984,34.67287
18,2,14,1985,34.81234
18,2,14,1986,35.07395
18,2,14,1987,34.95159
18,2,14,1988,35.17955
18,2,14,1989,35.02492
18,2,14,1990,35.2164
18,2,14,1991,35.09643
18,2,14,1992,35.13453
18,2,14,1993,35.23298
18,2,14,1994,35.30042
18,2,14,1995,35.42936
18,2,14,1996,35.52168
18,2,14,1997,36.30271
18,2,14,1998,36.76399
18,2,14,1999,36.13188
18,2,14,2000,36.39939
18,2,14,2001,37.24033
18,2,14,2002,37.20572
18,2,14,2003,37.42474
18,2,14,2004,37.32328
18,2,14,2005,37.56621
18,2,14,2006,37.77466
18,2,14,2007,38.06858
18,2,14,2008,38.27157
18,2,14,2009,38.51422
18,2,14,2010,38.58257
18,2,14,2011,38.89338
18,2,14,2012,39.27805
18,2,14,2013,39.53603
18,2,14,2014,39.77451
18,2,14,2015,39.94398
18,2,14,2016,40.06157
18,2,14,2017,40.69428
18,2,14,2018,41.08062
18,2,14,2019,41.39109
18,3,14,1950,27.68308
18,3,14,1951,27.85982
18,3,14,1952,28.46678
18,3,14,1953,29.52493
18,3,14,1954,29.89867
18,3,14,1955,29.97365
18,3,14,1956,30.04412
18,3,14,1957,30.57229
18,3,14,1958,30.7131
18,3,14,1959,30.83907
18,3,14,1960,31.11171
18,3,14,1961,31.3701
18,3,14,1962,31.08583
18,3,14,1963,30.76532
18,3,14,1964,30.93385
18,3,14,1965,31.03833
18,3,14,1966,30.77074
18,3,14,1967,30.54411
18,3,14,1968,30.44731
18,3,14,1969,30.32928
18,3,14,1970,30.6329
18,3,14,1971,30.57553
18,3,14,1972,30.15981
18,3,14,1973,30.04314
18,3,14,1974,30.28166
18,3,14,1975,30.63752
18,3,14,1976,31.39943
18,3,14,1977,31.24028
18,3,14,1978,31.25699
18,3,14,1979,30.8045
18,3,14,1980,30.6713
18,3,14,1981,30.83027
18,3,14,1982,30.95798
18,3,14,1983,31.27709
18,3,14,1984,32.15267
18,3,14,1985,32.50735
18,3,14,1986,32.94736
18,3,14,1987,32.78805
18,3,14,1988,32.9629
18,3,14,1989,32.8271
18,3,14,1990,32.99744
18,3,14,1991,32.85026
18,3,14,1992,32.86671
18,3,14,1993,32.95618
18,3,14,1994,32.99085
18,3,14,1995,33.13667
18,3,14,1996,33.459
18,3,14,1997,34.82869
18,3,14,1998,34.77329
18,3,14,1999,33.9268
18,3,14,2000,34.27934
18,3,14,2001,35.58435
18,3,14,2002,35.40646
18,3,14,2003,35.43693
18,3,14,2004,35.36557
18,3,14,2005,35.84144
18,3,14,2006,36.17372
18,3,14,2007,36.22474
18,3,14,2008,36.4192
18,3,14,2009,36.6983
18,3,14,2010,36.96085
18,3,14,2011,37.11477
18,3,14,2012,37.56204
18,3,14,2013,37.69467
18,3,14,2014,37.81905
18,3,14,2015,37.73205
18,3,14,2016,37.98887
18,3,14,2017,38.84171
18,3,14,2018,39.23043
18,3,14,2019,39.6434
19,1,14,1950,22.70538
19,1,14,1951,22.89274
19,1,14,1952,22.96496
19,1,14,1953,23.08871
19,1,14,1954,23.27276
19,1,14,1955,23.40618
19,1,14,1956,23.67639
19,1,14,1957,23.78903
19,1,14,1958,23.96671
19,1,14,1959,24.11397
19,1,14,1960,24.42633
19,1,14,1961,24.6053
19,1,14,1962,24.84212
19,1,14,1963,25.06596
19,1,14,1964,25.29397
19,1,14,1965,25.68126
19,1,14,1966,25.92163
19,1,14,1967,26.28926
19,1,14,1968,26.49613
19,1,14,1969,26.74037
19,1,14,1970,26.94305
19,1,14,1971,27.19004
19,1,14,1972,27.27129
19,1,14,1973,27.40111
19,1,14,1974,27.65407
19,1,14,1975,26.29512
19,1,14,1976,26.88555
19,1,14,1977,27.09312
19,1,14,1978,27.02652
19,1,14,1979,26.92897
19,1,14,1980,27.79058
19,1,14,1981,28.36592
19,1,14,1982,28.68784
19,1,14,1983,28.92196
19,1,14,1984,29.33237
19,1,14,1985,29.62098
19,1,14,1986,29.76052
19,1,14,1987,30.03624
19,1,14,1988,29.95396
19,1,14,1989,29.87708
19,1,14,1990,30.00259
19,1,14,1991,30.04976
19,1,14,1992,30.19209
19,1,14,1993,30.18192
19,1,14,1994,30.41829
19,1,14,1995,30.3805
19,1,14,1996,30.75521
19,1,14,1997,30.597
19,1,14,1998,30.56663
19,1,14,1999,29.14044
19,1,14,2000,30.67636
19,1,14,2001,30.73848
19,1,14,2002,30.66329
19,1,14,2003,30.66429
19,1,14,2004,30.74064
19,1,14,2005,30.8851
19,1,14,2006,31.08568
19,1,14,2007,31.12563
19,1,14,2008,31.18931
19,1,14,2009,31.16696
19,1,14,2010,31.05201
19,1,14,2011,31.1529
19,1,14,2012,31.19617
19,1,14,2013,31.11545
19,1,14,2014,31.04596
19,1,14,2015,30.95653
19,1,14,2016,30.96024
19,1,14,2017,30.95208
19,1,14,2018,31.02064
19,1,14,2019,31.01108
19,2,14,1950,25.71293
19,2,14,1951,25.85177
19,2,14,1952,25.98143
19,2,14,1953,26.10239
19,2,14,1954,26.19449
19,2,14,1955,26.28692
19,2,14,1956,26.38615
19,2,14,1957,26.52974
19,2,14,1958,26.66823
19,2,14,1959,26.83376
19,2,14,1960,26.94906
19,2,14,1961,27.06897
19,2,14,1962,27.15596
19,2,14,1963,27.2459
19,2,14,1964,27.40019
19,2,14,1965,27.63079
19,2,14,1966,27.79572
19,2,14,1967,27.97239
19,2,14,1968,28.10905
19,2,14,1969,28.21151
19,2,14,1970,28.29836
19,2,14,1971,28.44787
19,2,14,1972,28.52798
19,2,14,1973,28.65394
19,2,14,1974,28.73623
19,2,14,1975,27.87395
19,2,14,1976,28.21957
19,2,14,1977,28.28104
19,2,14,1978,28.1992
19,2,14,1979,28.12057
19,2,14,1980,28.5517
19,2,14,1981,28.83317
19,2,14,1982,29.00374
19,2,14,1983,29.08035
19,2,14,1984,29.35428
19,2,14,1985,29.51919
19,2,14,1986,29.6977
19,2,14,1987,29.852
19,2,14,1988,29.90251
19,2,14,1989,29.92889
19,2,14,1990,30.01962
19,2,14,1991,30.05344
19,2,14,1992,30.14121
19,2,14,1993,30.09732
19,2,14,1994,30.1816
19,2,14,1995,30.18806
19,2,14,1996,30.42355
19,2,14,1997,30.34221
19,2,14,1998,30.45347
19,2,14,1999,29.80569
19,2,14,2000,30.788
19,2,14,2001,30.89987
19,2,14,2002,31.00817
19,2,14,2003,31.12804
19,2,14,2004,31.29019
19,2,14,2005,31.48497
19,2,14,2006,31.69783
19,2,14,2007,31.91627
19,2,14,2008,32.09081
19,2,14,2009,32.24903
19,2,14,2010,32.31188
19,2,14,2011,32.47628
19,2,14,2012,32.59142
19,2,14,2013,32.64304
19,2,14,2014,32.66311
19,2,14,2015,32.72282
19,2,14,2016,32.7567
19,2,14,2017,32.83177
19,2,14,2018,32.91479
19,2,14,2019,33.00866
19,3,14,1950,24.25236
19,3,14,1951,24.389
19,3,14,1952,24.54998
19,3,14,1953,24.61084
19,3,14,1954,24.68051
19,3,14,1955,24.82454
19,3,14,1956,24.95247
19,3,14,1957,25.1708
19,3,14,1958,25.38409
19,3,14,1959,25.5127
19,3,14,1960,25.71162
19,3,14,1961,25.84106
19,3,14,1962,26.03659
19,3,14,1963,26.1785
19,3,14,1964,26.36339
19,3,14,1965,26.57576
19,3,14,1966,26.79328
19,3,14,1967,27.09666
19,3,14,1968,27.25876
19,3,14,1969,27.39012
19,3,14,1970,27.51999
19,3,14,1971,27.67885
19,3,14,1972,27.8559
19,3,14,1973,28.00906
19,3,14,1974,28.21184
19,3,14,1975,27.05741
19,3,14,1976,27.52835
19,3,14,1977,27.59265
19,3,14,1978,27.54868
19,3,14,1979,27.44352
19,3,14,1980,28.16989
19,3,14,1981,28.58977
19,3,14,1982,28.83476
19,3,14,1983,28.98295
19,3,14,1984,29.28903
19,3,14,1985,29.50094
19,3,14,1986,29.64786
19,3,14,1987,29.79319
19,3,14,1988,29.85403
19,3,14,1989,29.83077
19,3,14,1990,29.92365
19,3,14,1991,29.87449
19,3,14,1992,29.94755
19,3,14,1993,29.99842
19,3,14,1994,30.11883
19,3,14,1995,30.16083
19,3,14,1996,30.49249
19,3,14,1997,30.40545
19,3,14,1998,30.45291
19,3,14,1999,29.46473
19,3,14,2000,30.70982
19,3,14,2001,30.74813
19,3,14,2002,30.7229
19,3,14,2003,30.762
19,3,14,2004,30.85176
19,3,14,2005,31.02066
19,3,14,2006,31.22001
19,3,14,2007,31.36297
19,3,14,2008,31.54051
19,3,14,2009,31.6719
19,3,14,2010,31.65444
19,3,14,2011,31.77508
19,3,14,2012,31.81638
19,3,14,2013,31.81539
19,3,14,2014,31.79019
19,3,14,2015,31.82302
19,3,14,2016,31.83305
19,3,14,2017,31.85556
19,3,14,2018,31.92471
19,3,14,2019,31.99207
20,1,14,1950,23.93101
20,1,14,1951,24.09589
20,1,14,1952,24.20604
20,1,14,1953,24.3064
20,1,14,1954,24.47771
20,1,14,1955,25.07872
20,1,14,1956,25.21716
20,1,14,1957,25.37758
20,1,14,1958,25.48865
20,1,14,1959,25.52436
20,1,14,1960,25.67239
20,1,14,1961,25.7209
20,1,14,1962,25.71899
20,1,14,1963,25.02143
20,1,14,1964,25.15793
20,1,14,1965,25.77615
20,1,14,1966,25.95258
20,1,14,1967,26.07399
20,1,14,1968,25.2147
20,1,14,1969,25.67267
20,1,14,1970,25.71073
20,1,14,1971,25.89236
20,1,14,1972,25.07294
20,1,14,1973,25.82916
20,1,14,1974,25.77308
20,1,14,1975,27.04267
20,1,14,1976,27.60909
20,1,14,1977,27.71607
20,1,14,1978,27.94286
20,1,14,1979,27.99741
20,1,14,1980,28.09837
20,1,14,1981,28.14287
20,1,14,1982,28.21281
20,1,14,1983,28.21901
20,1,14,1984,28.29094
20,1,14,1985,28.38496
20,1,14,1986,28.40767
20,1,14,1987,28.50289
20,1,14,1988,28.63614
20,1,14,1989,28.70881
20,1,14,1990,28.72184
20,1,14,1991,28.79527
20,1,14,1992,28.80425
20,1,14,1993,28.86348
20,1,14,1994,28.88985
20,1,14,1995,28.95969
20,1,14,1996,28.98214
20,1,14,1997,28.95438
20,1,14,1998,29.05126
20,1,14,1999,29.07653
20,1,14,2000,29.10265
20,1,14,2001,29.08165
20,1,14,2002,28.96389
20,1,14,2003,28.84797
20,1,14,2004,28.76054
20,1,14,2005,28.74605
20,1,14,2006,28.84704
20,1,14,2007,28.80776
20,1,14,2008,28.7895
20,1,14,2009,28.79394
20,1,14,2010,28.81383
20,1,14,2011,28.84046
20,1,14,2012,28.94262
20,1,14,2013,29.13123
20,1,14,2014,29.26074
20,1,14,2015,29.49217
20,1,14,2016,29.68096
20,1,14,2017,29.89891
20,1,14,2018,30.11261
20,1,14,2019,30.33666
20,2,14,1950,30.19032
20,2,14,1951,30.28901
20,2,14,1952,30.41282
20,2,14,1953,30.48121
20,2,14,1954,30.58189
20,2,14,1955,31.10428
20,2,14,1956,31.15673
20,2,14,1957,31.19445
20,2,14,1958,31.24
20,2,14,1959,31.31047
20,2,14,1960,31.36223
20,2,14,1961,31.427
20,2,14,1962,31.40133
20,2,14,1963,30.65544
20,2,14,1964,30.75729
20,2,14,1965,31.49033
20,2,14,1966,31.58584
20,2,14,1967,31.62018
20,2,14,1968,30.9686
20,2,14,1969,31.32766
20,2,14,1970,31.34652
20,2,14,1971,31.48446
20,2,14,1972,30.91439
20,2,14,1973,31.46966
20,2,14,1974,31.36764
20,2,14,1975,32.39476
20,2,14,1976,32.79154
20,2,14,1977,32.95832
20,2,14,1978,33.02126
20,2,14,1979,33.09433
20,2,14,1980,33.1989
20,2,14,1981,33.34231
20,2,14,1982,33.35614
20,2,14,1983,33.35571
20,2,14,1984,33.43196
20,2,14,1985,33.54654
20,2,14,1986,33.57498
20,2,14,1987,33.6484
20,2,14,1988,33.74704
20,2,14,1989,33.84208
20,2,14,1990,34.03349
20,2,14,1991,34.19429
20,2,14,1992,34.41485
20,2,14,1993,34.60145
20,2,14,1994,34.76757
20,2,14,1995,34.87064
20,2,14,1996,34.86438
20,2,14,1997,34.93245
20,2,14,1998,35.07081
20,2,14,1999,35.14395
20,2,14,2000,35.26218
20,2,14,2001,35.24361
20,2,14,2002,35.32033
20,2,14,2003,35.45058
20,2,14,2004,35.49459
20,2,14,2005,35.55783
20,2,14,2006,35.65725
20,2,14,2007,35.77181
20,2,14,2008,35.85968
20,2,14,2009,35.95653
20,2,14,2010,36.04699
20,2,14,2011,36.11053
20,2,14,2012,36.24427
20,2,14,2013,36.40608
20,2,14,2014,36.51777
20,2,14,2015,36.61778
20,2,14,2016,36.8017
20,2,14,2017,36.9218
20,2,14,2018,37.0704
20,2,14,2019,37.28668
20,3,14,1950,27.15908
20,3,14,1951,27.29702
20,3,14,1952,27.39492
20,3,14,1953,27.45678
20,3,14,1954,27.54024
20,3,14,1955,28.08814
20,3,14,1956,28.25404
20,3,14,1957,28.35783
20,3,14,1958,28.44508
20,3,14,1959,28.55964
20,3,14,1960,28.69197
20,3,14,1961,28.72782
20,3,14,1962,28.71028
20,3,14,1963,28.00123
20,3,14,1964,28.09132
20,3,14,1965,28.78009
20,3,14,1966,28.95659
20,3,14,1967,29.03564
20,3,14,1968,28.24064
20,3,14,1969,28.67846
20,3,14,1970,28.68206
20,3,14,1971,28.85325
20,3,14,1972,28.11037
20,3,14,1973,28.81511
20,3,14,1974,28.74735
20,3,14,1975,29.89736
20,3,14,1976,30.41116
20,3,14,1977,30.48801
20,3,14,1978,30.64555
20,3,14,1979,30.78171
20,3,14,1980,30.86342
20,3,14,1981,30.90295
20,3,14,1982,30.92111
20,3,14,1983,30.96381
20,3,14,1984,31.02974
20,3,14,1985,31.14197
20,3,14,1986,31.15409
20,3,14,1987,31.25742
20,3,14,1988,31.33582
20,3,14,1989,31.44416
20,3,14,1990,31.54723
20,3,14,1991,31.62732
20,3,14,1992,31.77809
20,3,14,1993,31.84354
20,3,14,1994,31.92498
20,3,14,1995,32.02442
20,3,14,1996,32.01524
20,3,14,1997,32.02559
20,3,14,1998,32.09607
20,3,14,1999,32.10744
20,3,14,2000,32.21508
20,3,14,2001,32.25268
20,3,14,2002,32.24673
20,3,14,2003,32.19204
20,3,14,2004,32.17582
20,3,14,2005,32.1983
20,3,14,2006,32.25252
20,3,14,2007,32.25437
20,3,14,2008,32.29792
20,3,14,2009,32.31083
20,3,14,2010,32.38684
20,3,14,2011,32.49394
20,3,14,2012,32.65393
20,3,14,2013,32.85986
20,3,14,2014,32.95019
20,3,14,2015,33.10064
20,3,14,2016,33.32409
20,3,14,2017,33.5062
20,3,14,2018,33.7023
20,3,14,2019,33.93941
21,1,14,1950,22.45729
21,1,14,1951,21.91883
21,1,14,1952,22.5764
21,1,14,1953,22.80248
21,1,14,1954,23.0224
21,1,14,1955,23.23091
21,1,14,1956,23.38864
21,1,14,1957,23.60837
21,1,14,1958,23.78893
21,1,14,1959,23.91258
21,1,14,1960,24.06394
21,1,14,1961,24.20647
21,1,14,1962,24.26494
21,1,14,1963,24.48671
21,1,14,1964,24.5956
21,1,14,1965,24.72468
21,1,14,1966,24.87971
21,1,14,1967,25.03146
21,1,14,1968,25.032
21,1,14,1969,25.09799
21,1,14,1970,25.22743
21,1,14,1971,25.25236
21,1,14,1972,25.40108
21,1,14,1973,25.468
21,1,14,1974,25.61097
21,1,14,1975,25.66444
21,1,14,1976,25.91245
21,1,14,1977,26.06546
21,1,14,1978,26.11638
21,1,14,1979,26.23733
21,1,14,1980,26.1279
21,1,14,1981,26.11886
21,1,14,1982,26.18616
21,1,14,1983,26.21551
21,1,14,1984,26.26054
21,1,14,1985,26.21209
21,1,14,1986,26.22495
21,1,14,1987,26.30045
21,1,14,1988,26.39222
21,1,14,1989,26.47448
21,1,14,1990,26.48879
21,1,14,1991,26.40549
21,1,14,1992,26.43453
21,1,14,1993,26.55186
21,1,14,1994,26.60788
21,1,14,1995,26.59922
21,1,14,1996,26.60181
21,1,14,1997,26.52815
21,1,14,1998,26.44123
21,1,14,1999,26.58861
21,1,14,2000,26.54982
21,1,14,2001,26.62043
21,1,14,2002,26.63977
21,1,14,2003,26.57264
21,1,14,2004,26.56031
21,1,14,2005,26.57707
21,1,14,2006,26.55025
21,1,14,2007,26.63884
21,1,14,2008,26.75606
21,1,14,2009,26.87822
21,1,14,2010,26.95253
21,1,14,2011,26.97879
21,1,14,2012,27.05247
21,1,14,2013,27.17238
21,1,14,2014,27.31099
21,1,14,2015,27.48401
21,1,14,2016,27.55979
21,1,14,2017,27.64432
21,1,14,2018,27.66238
21,1,14,2019,27.72483
21,2,14,1950,26.66196
21,2,14,1951,26.18753
21,2,14,1952,26.85924
21,2,14,1953,27.09526
21,2,14,1954,27.25824
21,2,14,1955,27.4097
21,2,14,1956,27.5588
21,2,14,1957,27.71574
21,2,14,1958,27.85962
21,2,14,1959,28.0202
21,2,14,1960,28.16212
21,2,14,1961,28.2885
21,2,14,1962,28.45128
21,2,14,1963,28.6338
21,2,14,1964,28.75049
21,2,14,1965,28.85388
21,2,14,1966,28.94366
21,2,14,1967,29.043
21,2,14,1968,29.16358
21,2,14,1969,29.27729
21,2,14,1970,29.39364
21,2,14,1971,29.42754
21,2,14,1972,29.61535
21,2,14,1973,29.77465
21,2,14,1974,29.86357
21,2,14,1975,29.78038
21,2,14,1976,29.98398
21,2,14,1977,30.09846
21,2,14,1978,30.01397
21,2,14,1979,30.03039
21,2,14,1980,29.88065
21,2,14,1981,29.78839
21,2,14,1982,29.82512
21,2,14,1983,29.87754
21,2,14,1984,29.95577
21,2,14,1985,29.88451
21,2,14,1986,29.79615
21,2,14,1987,29.86759
21,2,14,1988,29.86175
21,2,14,1989,29.87952
21,2,14,1990,29.869
21,2,14,1991,29.85274
21,2,14,1992,29.90053
21,2,14,1993,29.90757
21,2,14,1994,29.95279
21,2,14,1995,29.95942
21,2,14,1996,29.91139
21,2,14,1997,29.87019
21,2,14,1998,29.82123
21,2,14,1999,29.89878
21,2,14,2000,29.86638
21,2,14,2001,29.95113
21,2,14,2002,29.90393
21,2,14,2003,29.80562
21,2,14,2004,29.76027
21,2,14,2005,29.7003
21,2,14,2006,29.7129
21,2,14,2007,29.71183
21,2,14,2008,29.75968
21,2,14,2009,29.71532
21,2,14,2010,29.81114
21,2,14,2011,29.84655
21,2,14,2012,29.98599
21,2,14,2013,30.13692
21,2,14,2014,30.30883
21,2,14,2015,30.44403
21,2,14,2016,30.52929
21,2,14,2017,30.60873
21,2,14,2018,30.65379
21,2,14,2019,30.77003
21,3,14,1950,24.17787
21,3,14,1951,23.67572
21,3,14,1952,24.34971
21,3,14,1953,24.55013
21,3,14,1954,24.73902
21,3,14,1955,24.95662
21,3,14,1956,25.07442
21,3,14,1957,25.26812
21,3,14,1958,25.43778
21,3,14,1959,25.58965
21,3,14,1960,25.74785
21,3,14,1961,25.90358
21,3,14,1962,26.06382
21,3,14,1963,26.2606
21,3,14,1964,26.36652
21,3,14,1965,26.51398
21,3,14,1966,26.631
21,3,14,1967,26.74894
21,3,14,1968,26.7833
21,3,14,1969,26.87147
21,3,14,1970,26.97845
21,3,14,1971,26.97422
21,3,14,1972,27.13386
21,3,14,1973,27.24508
21,3,14,1974,27.34183
21,3,14,1975,27.32454
21,3,14,1976,27.54952
21,3,14,1977,27.71898
21,3,14,1978,27.70528
21,3,14,1979,27.7717
21,3,14,1980,27.65224
21,3,14,1981,27.5836
21,3,14,1982,27.62302
21,3,14,1983,27.6409
21,3,14,1984,27.7056
21,3,14,1985,27.67229
21,3,14,1986,27.64352
21,3,14,1987,27.72456
21,3,14,1988,27.84161
21,3,14,1989,27.87022
21,3,14,1990,27.88338
21,3,14,1991,27.83767
21,3,14,1992,27.90273
21,3,14,1993,27.9544
21,3,14,1994,28.06086
21,3,14,1995,28.09874
21,3,14,1996,28.09431
21,3,14,1997,28.04886
21,3,14,1998,27.96661
21,3,14,1999,28.07159
21,3,14,2000,28.01363
21,3,14,2001,28.05462
21,3,14,2002,28.06502
21,3,14,2003,27.94101
21,3,14,2004,27.93296
21,3,14,2005,27.90087
21,3,14,2006,27.89678
21,3,14,2007,27.92468
21,3,14,2008,28.01629
21,3,14,2009,28.056
21,3,14,2010,28.13043
21,3,14,2011,28.19714
21,3,14,2012,28.31251
21,3,14,2013,28.45717
21,3,14,2014,28.63866
21,3,14,2015,28.75775
21,3,14,2016,28.88276
21,3,14,2017,29.00091
21,3,14,2018,29.01337
21,3,14,2019,29.16753
22,1,14,1950,25.31517
22,1,14,1951,25.39768
22,1,14,1952,24.96519
22,1,14,1953,25.68817
22,1,14,1954,25.91399
22,1,14,1955,26.75246
22,1,14,1956,27.40959
22,1,14,1957,27.60702
22,1,14,1958,27.80044
22,1,14,1959,27.16739
22,1,14,1960,26.69717
22,1,14,1961,26.53511
22,1,14,1962,26.05707
22,1,14,1963,26.06572
22,1,14,1964,26.04147
22,1,14,1965,26.20762
22,1,14,1966,26.12047
22,1,14,1967,25.97484
22,1,14,1968,25.58715
22,1,14,1969,25.56748
22,1,14,1970,25.44644
22,1,14,1971,24.88646
22,1,14,1972,25.23453
22,1,14,1973,25.05535
22,1,14,1974,25.15299
22,1,14,1975,25.0208
22,1,14,1976,25.88607
22,1,14,1977,26.86693
22,1,14,1978,26.72526
22,1,14,1979,27.06607
22,1,14,1980,26.11151
22,1,14,1981,25.5371
22,1,14,1982,25.74348
22,1,14,1983,25.7918
22,1,14,1984,25.96232
22,1,14,1985,25.14861
22,1,14,1986,24.93954
22,1,14,1987,25.22514
22,1,14,1988,25.70358
22,1,14,1989,25.99651
22,1,14,1990,26.01597
22,1,14,1991,26.1147
22,1,14,1992,26.01369
22,1,14,1993,25.81664
22,1,14,1994,25.58685
22,1,14,1995,25.25872
22,1,14,1996,24.86148
22,1,14,1997,24.60843
22,1,14,1998,24.7723
22,1,14,1999,24.21466
22,1,14,2000,24.11422
22,1,14,2001,24.31916
22,1,14,2002,24.84744
22,1,14,2003,24.82254
22,1,14,2004,25.28949
22,1,14,2005,25.11378
22,1,14,2006,25.07894
22,1,14,2007,25.12434
22,1,14,2008,25.31595
22,1,14,2009,25.92993
22,1,14,2010,26.05477
22,1,14,2011,25.8416
22,1,14,2012,25.87027
22,1,14,2013,26.41313
22,1,14,2014,26.86215
22,1,14,2015,27.33408
22,1,14,2016,27.60424
22,1,14,2017,27.73357
22,1,14,2018,27.91433
22,1,14,2019,27.98676
22,2,14,1950,24.99325
22,2,14,1951,25.49011
22,2,14,1952,25.95923
22,2,14,1953,26.93286
22,2,14,1954,27.27379
22,2,14,1955,28.18626
22,2,14,1956,28.88198
22,2,14,1957,28.88405
22,2,14,1958,29.08148
22,2,14,1959,29.08078
22,2,14,1960,29.40834
22,2,14,1961,29.59417
22,2,14,1962,29.83361
22,2,14,1963,30.16323
22,2,14,1964,30.52602
22,2,14,1965,30.44956
22,2,14,1966,30.33845
22,2,14,1967,30.54985
22,2,14,1968,30.40938
22,2,14,1969,30.45812
22,2,14,1970,30.23832
22,2,14,1971,30.0058
22,2,14,1972,30.46778
22,2,14,1973,30.86442
22,2,14,1974,30.87534
22,2,14,1975,30.14181
22,2,14,1976,31.16933
22,2,14,1977,31.83654
22,2,14,1978,31.21466
22,2,14,1979,31.4871
22,2,14,1980,30.06678
22,2,14,1981,29.11994
22,2,14,1982,29.38675
22,2,14,1983,29.58625
22,2,14,1984,30.25196
22,2,14,1985,29.6399
22,2,14,1986,29.14135
22,2,14,1987,29.4184
22,2,14,1988,29.77385
22,2,14,1989,29.96185
22,2,14,1990,30.0981
22,2,14,1991,30.05986
22,2,14,1992,30.02764
22,2,14,1993,29.85635
22,2,14,1994,29.62868
22,2,14,1995,29.19892
22,2,14,1996,28.7487
22,2,14,1997,28.48764
22,2,14,1998,28.52221
22,2,14,1999,28.26466
22,2,14,2000,28.07521
22,2,14,2001,28.71918
22,2,14,2002,28.74879
22,2,14,2003,28.57601
22,2,14,2004,28.99363
22,2,14,2005,29.13349
22,2,14,2006,29.06653
22,2,14,2007,28.87065
22,2,14,2008,28.55855
22,2,14,2009,28.64488
22,2,14,2010,29.01877
22,2,14,2011,28.98977
22,2,14,2012,29.19504
22,2,14,2013,29.73417
22,2,14,2014,30.25037
22,2,14,2015,30.69959
22,2,14,2016,30.97527
22,2,14,2017,31.21033
22,2,14,2018,31.30773
22,2,14,2019,31.4871
22,3,14,1950,25.18009
22,3,14,1951,25.34929
22,3,14,1952,25.21297
22,3,14,1953,26.11538
22,3,14,1954,26.44677
22,3,14,1955,27.23622
22,3,14,1956,28.00815
22,3,14,1957,27.95604
22,3,14,1958,28.08319
22,3,14,1959,27.71404
22,3,14,1960,27.5215
22,3,14,1961,27.52222
22,3,14,1962,27.30893
22,3,14,1963,27.49443
22,3,14,1964,27.76036
22,3,14,1965,27.77555
22,3,14,1966,27.64808
22,3,14,1967,27.63772
22,3,14,1968,27.38897
22,3,14,1969,27.49189
22,3,14,1970,27.24762
22,3,14,1971,26.81171
22,3,14,1972,27.19384
22,3,14,1973,27.2474
22,3,14,1974,27.37505
22,3,14,1975,27.03259
22,3,14,1976,28.02154
22,3,14,1977,28.97929
22,3,14,1978,28.69663
22,3,14,1979,28.92418
22,3,14,1980,27.7098
22,3,14,1981,26.99697
22,3,14,1982,27.23745
22,3,14,1983,27.41305
22,3,14,1984,27.81618
22,3,14,1985,27.17976
22,3,14,1986,26.77566
22,3,14,1987,27.10081
22,3,14,1988,27.57403
22,3,14,1989,27.81054
22,3,14,1990,27.88041
22,3,14,1991,27.93669
22,3,14,1992,27.76745
22,3,14,1993,27.6167
22,3,14,1994,27.45531
22,3,14,1995,27.09729
22,3,14,1996,26.67452
22,3,14,1997,26.42706
22,3,14,1998,26.54009
22,3,14,1999,25.98629
22,3,14,2000,25.94069
22,3,14,2001,26.27026
22,3,14,2002,26.58509
22,3,14,2003,26.50223
22,3,14,2004,26.96629
22,3,14,2005,26.93711
22,3,14,2006,26.89297
22,3,14,2007,26.83978
22,3,14,2008,26.82035
22,3,14,2009,27.16937
22,3,14,2010,27.34423
22,3,14,2011,27.3597
22,3,14,2012,27.40203
22,3,14,2013,28.0376
22,3,14,2014,28.538
22,3,14,2015,28.9946
22,3,14,2016,29.27767
22,3,14,2017,29.41603
22,3,14,2018,29.59863
22,3,14,2019,29.72477
23,1,14,1950,17.31503
23,1,14,1951,17.4178
23,1,14,1952,17.4821
23,1,14,1953,17.5718
23,1,14,1954,17.66857
23,1,14,1955,17.75488
23,1,14,1956,17.83148
23,1,14,1957,17.87972
23,1,14,1958,17.9971
23,1,14,1959,18.16909
23,1,14,1960,18.27136
23,1,14,1961,18.38223
23,1,14,1962,18.51211
23,1,14,1963,18.61966
23,1,14,1964,18.71038
23,1,14,1965,18.89901
23,1,14,1966,18.99817
23,1,14,1967,19.11502
23,1,14,1968,19.21183
23,1,14,1969,19.32936
23,1,14,1970,19.46369
23,1,14,1971,19.57779
23,1,14,1972,19.69288
23,1,14,1973,19.84129
23,1,14,1974,20.14544
23,1,14,1975,20.40464
23,1,14,1976,20.53899
23,1,14,1977,20.68714
23,1,14,1978,20.78867
23,1,14,1979,20.88683
23,1,14,1980,20.84673
23,1,14,1981,20.82814
23,1,14,1982,20.73095
23,1,14,1983,20.63334
23,1,14,1984,20.54851
23,1,14,1985,20.45437
23,1,14,1986,20.38602
23,1,14,1987,20.42006
23,1,14,1988,20.40161
23,1,14,1989,20.38649
23,1,14,1990,20.30559
23,1,14,1991,20.32865
23,1,14,1992,20.29447
23,1,14,1993,20.37762
23,1,14,1994,20.45925
23,1,14,1995,20.52132
23,1,14,1996,20.58888
23,1,14,1997,20.6409
23,1,14,1998,20.7919
23,1,14,1999,20.85754
23,1,14,2000,20.96799
23,1,14,2001,21.14395
23,1,14,2002,21.35426
23,1,14,2003,21.49131
23,1,14,2004,21.56039
23,1,14,2005,21.77975
23,1,14,2006,22.05158
23,1,14,2007,22.25199
23,1,14,2008,22.37812
23,1,14,2009,22.44099
23,1,14,2010,22.54096
23,1,14,2011,22.7122
23,1,14,2012,22.73791
23,1,14,2013,22.79901
23,1,14,2014,22.86802
23,1,14,2015,22.93678
23,1,14,2016,23.01843
23,1,14,2017,23.14367
23,1,14,2018,22.62822
23,1,14,2019,23.36308
23,2,14,1950,23.62762
23,2,14,1951,23.74851
23,2,14,1952,23.8572
23,2,14,1953,23.87139
23,2,14,1954,23.99597
23,2,14,1955,24.02285
23,2,14,1956,24.08114
23,2,14,1957,24.11327
23,2,14,1958,24.19628
23,2,14,1959,24.27023
23,2,14,1960,24.41303
23,2,14,1961,24.37801
23,2,14,1962,24.39436
23,2,14,1963,24.43231
23,2,14,1964,24.45976
23,2,14,1965,24.40218
23,2,14,1966,24.52903
23,2,14,1967,24.68231
23,2,14,1968,24.79547
23,2,14,1969,24.93915
23,2,14,1970,25.08623
23,2,14,1971,25.11455
23,2,14,1972,25.17847
23,2,14,1973,25.11333
23,2,14,1974,25.44829
23,2,14,1975,25.68971
23,2,14,1976,25.6789
23,2,14,1977,25.75648
23,2,14,1978,25.78997
23,2,14,1979,25.7703
23,2,14,1980,25.62875
23,2,14,1981,25.44507
23,2,14,1982,25.36128
23,2,14,1983,25.22239
23,2,14,1984,25.1235
23,2,14,1985,25.01921
23,2,14,1986,24.94835
23,2,14,1987,24.81071
23,2,14,1988,24.79204
23,2,14,1989,24.70269
23,2,14,1990,24.71886
23,2,14,1991,24.52418
23,2,14,1992,24.51555
23,2,14,1993,24.45927
23,2,14,1994,24.59735
23,2,14,1995,24.60439
23,2,14,1996,24.70617
23,2,14,1997,24.78236
23,2,14,1998,24.82307
23,2,14,1999,24.92269
23,2,14,2000,24.99288
23,2,14,2001,25.16022
23,2,14,2002,25.24451
23,2,14,2003,25.34453
23,2,14,2004,25.4975
23,2,14,2005,25.59044
23,2,14,2006,25.76514
23,2,14,2007,25.84207
23,2,14,2008,25.80812
23,2,14,2009,25.88504
23,2,14,2010,25.99437
23,2,14,2011,26.11152
23,2,14,2012,26.21193
23,2,14,2013,26.28894
23,2,14,2014,26.3938
23,2,14,2015,26.51239
23,2,14,2016,26.64627
23,2,14,2017,26.73189
23,2,14,2018,26.75294
23,2,14,2019,26.99875
23,3,14,1950,19.9757
23,3,14,1951,20.10359
23,3,14,1952,20.20236
23,3,14,1953,20.32645
23,3,14,1954,20.43376
23,3,14,1955,20.54327
23,3,14,1956,20.65896
23,3,14,1957,20.74988
23,3,14,1958,20.84943
23,3,14,1959,20.98785
23,3,14,1960,21.13059
23,3,14,1961,21.23766
23,3,14,1962,21.29523
23,3,14,1963,21.35849
23,3,14,1964,21.41045
23,3,14,1965,21.52684
23,3,14,1966,21.60448
23,3,14,1967,21.68852
23,3,14,1968,21.75295
23,3,14,1969,21.92615
23,3,14,1970,22.04939
23,3,14,1971,22.15629
23,3,14,1972,22.21047
23,3,14,1973,22.3389
23,3,14,1974,22.67665
23,3,14,1975,22.96216
23,3,14,1976,23.03071
23,3,14,1977,23.09663
23,3,14,1978,23.24994
23,3,14,1979,23.23446
23,3,14,1980,23.12454
23,3,14,1981,23.00825
23,3,14,1982,22.87678
23,3,14,1983,22.77513
23,3,14,1984,22.70793
23,3,14,1985,22.57843
23,3,14,1986,22.39245
23,3,14,1987,22.33882
23,3,14,1988,22.28924
23,3,14,1989,22.26614
23,3,14,1990,22.26319
23,3,14,1991,22.21268
23,3,14,1992,22.19653
23,3,14,1993,22.23788
23,3,14,1994,22.42138
23,3,14,1995,22.5169
23,3,14,1996,22.51462
23,3,14,1997,22.60232
23,3,14,1998,22.68145
23,3,14,1999,22.69801
23,3,14,2000,22.84514
23,3,14,2001,22.97954
23,3,14,2002,23.1
23,3,14,2003,23.20684
23,3,14,2004,23.37619
23,3,14,2005,23.40963
23,3,14,2006,23.55688
23,3,14,2007,23.68813
23,3,14,2008,23.80659
23,3,14,2009,23.94091
23,3,14,2010,24.09525
23,3,14,2011,24.19064
23,3,14,2012,24.32485
23,3,14,2013,24.47409
23,3,14,2014,24.55954
23,3,14,2015,24.69279
23,3,14,2016,24.86494
23,3,14,2017,25.00306
23,3,14,2018,24.73158
23,3,14,2019,25.27448
24,1,14,1950,21.28954
24,1,14,1951,21.44781
24,1,14,1952,21.6566
24,1,14,1953,21.81829
24,1,14,1954,21.89595
24,1,14,1955,21.98979
24,1,14,1956,22.13895
24,1,14,1957,22.28184
24,1,14,1958,22.39774
24,1,14,1959,22.5768
24,1,14,1960,22.80165
24,1,14,1961,22.89623
24,1,14,1962,22.95872
24,1,14,1963,23.05752
24,1,14,1964,23.10074
24,1,14,1965,23.16086
24,1,14,1966,23.27512
24,1,14,1967,23.34825
24,1,14,1968,23.3076
24,1,14,1969,23.34696
24,1,14,1970,23.38841
24,1,14,1971,23.48223
24,1,14,1972,23.43538
24,1,14,1973,23.51623
24,1,14,1974,23.64746
24,1,14,1975,23.75187
24,1,14,1976,23.82116
24,1,14,1977,23.86194
24,1,14,1978,23.98285
24,1,14,1979,24.07575
24,1,14,1980,24.18581
24,1,14,1981,24.24058
24,1,14,1982,24.26796
24,1,14,1983,23.83301
24,1,14,1984,23.72136
24,1,14,1985,23.68126
24,1,14,1986,23.62095
24,1,14,1987,23.69064
24,1,14,1988,23.6527
24,1,14,1989,23.45373
24,1,14,1990,23.28765
24,1,14,1991,23.25109
24,1,14,1992,23.15602
24,1,14,1993,23.48049
24,1,14,1994,25.02242
24,1,14,1995,25.11637
24,1,14,1996,25.29382
24,1,14,1997,25.30145
24,1,14,1998,25.33898
24,1,14,1999,25.4
24,1,14,2000,25.38373
24,1,14,2001,25.47369
24,1,14,2002,25.48782
24,1,14,2003,25.5006
24,1,14,2004,25.54248
24,1,14,2005,25.62812
24,1,14,2006,25.6235
24,1,14,2007,25.81437
24,1,14,2008,25.94685
24,1,14,2009,26.15534
24,1,14,2010,26.33899
24,1,14,2011,26.54799
24,1,14,2012,26.71032
24,1,14,2013,26.97262
24,1,14,2014,27.10513
24,1,14,2015,27.1796
24,1,14,2016,27.27785
24,1,14,2017,27.40142
24,1,14,2018,27.43433
24,1,14,2019,27.54839
24,2,14,1950,27.78694
24,2,14,1951,27.81387
24,2,14,1952,27.90997
24,2,14,1953,28.01414
24,2,14,1954,28.07758
24,2,14,1955,28.18204
24,2,14,1956,28.35108
24,2,14,1957,28.45094
24,2,14,1958,28.56006
24,2,14,1959,28.56147
24,2,14,1960,28.67134
24,2,14,1961,28.79688
24,2,14,1962,28.88908
24,2,14,1963,28.9858
24,2,14,1964,29.10146
24,2,14,1965,29.24287
24,2,14,1966,29.34026
24,2,14,1967,29.41811
24,2,14,1968,29.42256
24,2,14,1969,29.37012
24,2,14,1970,29.49355
24,2,14,1971,29.57897
24,2,14,1972,29.627
24,2,14,1973,29.70211
24,2,14,1974,29.71477
24,2,14,1975,29.80834
24,2,14,1976,29.88619
24,2,14,1977,30.00101
24,2,14,1978,30.02826
24,2,14,1979,30.10123
24,2,14,1980,30.01405
24,2,14,1981,29.9449
24,2,14,1982,29.87647
24,2,14,1983,29.81525
24,2,14,1984,29.74297
24,2,14,1985,29.62142
24,2,14,1986,29.51739
24,2,14,1987,29.1955
24,2,14,1988,28.74923
24,2,14,1989,28.259
24,2,14,1990,27.89216
24,2,14,1991,27.63892
24,2,14,1992,27.40852
24,2,14,1993,27.1732
24,2,14,1994,27.08389
24,2,14,1995,26.88292
24,2,14,1996,26.7289
24,2,14,1997,26.69316
24,2,14,1998,26.7428
24,2,14,1999,26.70864
24,2,14,2000,26.67138
24,2,14,2001,26.71699
24,2,14,2002,26.67976
24,2,14,2003,26.67709
24,2,14,2004,26.72962
24,2,14,2005,26.69794
24,2,14,2006,26.65364
24,2,14,2007,26.82572
24,2,14,2008,27.05815
24,2,14,2009,27.3131
24,2,14,2010,27.49306
24,2,14,2011,27.74067
24,2,14,2012,27.99034
24,2,14,2013,28.16655
24,2,14,2014,28.3201
24,2,14,2015,28.51629
24,2,14,2016,28.65944
24,2,14,2017,28.75911
24,2,14,2018,28.86192
24,2,14,2019,28.9964
24,3,14,1950,23.79288
24,3,14,1951,23.95607
24,3,14,1952,24.09323
24,3,14,1953,24.23279
24,3,14,1954,24.3864
24,3,14,1955,24.46716
24,3,14,1956,24.61666
24,3,14,1957,24.75685
24,3,14,1958,24.88747
24,3,14,1959,25.09839
24,3,14,1960,25.20754
24,3,14,1961,25.33426
24,3,14,1962,25.43987
24,3,14,1963,25.57624
24,3,14,1964,25.67239
24,3,14,1965,25.76566
24,3,14,1966,25.82712
24,3,14,1967,25.9439
24,3,14,1968,25.94383
24,3,14,1969,25.95588
24,3,14,1970,26.08184
24,3,14,1971,26.19169
24,3,14,1972,26.16856
24,3,14,1973,26.23938
24,3,14,1974,26.25006
24,3,14,1975,26.31578
24,3,14,1976,26.37346
24,3,14,1977,26.4852
24,3,14,1978,26.53941
24,3,14,1979,26.5677
24,3,14,1980,26.56744
24,3,14,1981,26.57365
24,3,14,1982,26.56639
24,3,14,1983,26.21819
24,3,14,1984,26.10949
24,3,14,1985,26.03731
24,3,14,1986,25.98565
24,3,14,1987,25.99921
24,3,14,1988,25.8296
24,3,14,1989,25.56848
24,3,14,1990,25.29316
24,3,14,1991,25.15611
24,3,14,1992,24.99148
24,3,14,1993,25.06255
24,3,14,1994,25.8031
24,3,14,1995,25.76633
24,3,14,1996,25.79593
24,3,14,1997,25.81444
24,3,14,1998,25.85858
24,3,14,1999,25.89964
24,3,14,2000,25.93673
24,3,14,2001,26.04777
24,3,14,2002,26.04905
24,3,14,2003,26.03797
24,3,14,2004,26.06178
24,3,14,2005,26.14595
24,3,14,2006,26.09823
24,3,14,2007,26.27387
24,3,14,2008,26.45182
24,3,14,2009,26.70146
24,3,14,2010,26.88348
24,3,14,2011,27.11118
24,3,14,2012,27.25434
24,3,14,2013,27.52011
24,3,14,2014,27.68939
24,3,14,2015,27.82537
24,3,14,2016,27.94496
24,3,14,2017,28.05944
24,3,14,2018,28.12654
24,3,14,2019,28.24961
25,1,14,1950,19.7239
25,1,14,1951,19.85387
25,1,14,1952,19.9584
25,1,14,1953,19.97742
25,1,14,1954,20.09306
25,1,14,1955,20.2674
25,1,14,1956,20.44064
25,1,14,1957,20.59857
25,1,14,1958,20.75433
25,1,14,1959,20.85641
25,1,14,1960,21.02732
25,1,14,1961,21.0875
25,1,14,1962,21.21071
25,1,14,1963,21.28047
25,1,14,1964,21.35926
25,1,14,1965,21.58964
25,1,14,1966,21.74551
25,1,14,1967,21.81455
25,1,14,1968,21.92774
25,1,14,1969,21.95556
25,1,14,1970,22.17117
25,1,14,1971,22.21866
25,1,14,1972,22.39151
25,1,14,1973,22.5035
25,1,14,1974,22.68222
25,1,14,1975,22.78258
25,1,14,1976,22.87824
25,1,14,1977,23.04087
25,1,14,1978,23.20663
25,1,14,1979,23.4008
25,1,14,1980,23.4667
25,1,14,1981,23.52818
25,1,14,1982,23.5876
25,1,14,1983,23.77624
25,1,14,1984,23.91193
25,1,14,1985,24.05815
25,1,14,1986,24.08621
25,1,14,1987,24.09901
25,1,14,1988,24.18894
25,1,14,1989,24.27362
25,1,14,1990,24.29761
25,1,14,1991,24.35555
25,1,14,1992,24.37689
25,1,14,1993,24.40483
25,1,14,1994,24.43981
25,1,14,1995,24.45883
25,1,14,1996,24.47258
25,1,14,1997,24.43756
25,1,14,1998,24.46853
25,1,14,1999,24.4141
25,1,14,2000,24.37433
25,1,14,2001,24.34765
25,1,14,2002,24.06174
25,1,14,2003,24.43084
25,1,14,2004,24.52508
25,1,14,2005,24.69938
25,1,14,2006,24.86138
25,1,14,2007,24.97123
25,1,14,2008,25.06716
25,1,14,2009,25.20685
25,1,14,2010,25.36677
25,1,14,2011,25.43934
25,1,14,2012,25.55797
25,1,14,2013,25.66538
25,1,14,2014,25.67766
25,1,14,2015,25.6413
25,1,14,2016,25.61694
25,1,14,2017,25.54465
25,1,14,2018,25.43418
25,1,14,2019,25.38612
25,2,14,1950,25.63578
25,2,14,1951,25.7744
25,2,14,1952,25.77864
25,2,14,1953,25.82961
25,2,14,1954,25.85142
25,2,14,1955,25.88242
25,2,14,1956,25.96003
25,2,14,1957,26.09189
25,2,14,1958,26.30493
25,2,14,1959,26.44252
25,2,14,1960,26.57212
25,2,14,1961,26.79499
25,2,14,1962,26.87736
25,2,14,1963,26.84247
25,2,14,1964,26.86546
25,2,14,1965,26.99948
25,2,14,1966,27.15739
25,2,14,1967,27.15053
25,2,14,1968,27.1821
25,2,14,1969,27.20725
25,2,14,1970,27.11867
25,2,14,1971,27.22426
25,2,14,1972,27.31186
25,2,14,1973,27.50507
25,2,14,1974,27.66143
25,2,14,1975,27.71258
25,2,14,1976,27.68754
25,2,14,1977,27.71117
25,2,14,1978,27.78401
25,2,14,1979,27.79188
25,2,14,1980,27.75564
25,2,14,1981,27.77715
25,2,14,1982,27.74542
25,2,14,1983,27.75791
25,2,14,1984,27.86532
25,2,14,1985,27.8871
25,2,14,1986,27.84165
25,2,14,1987,27.75957
25,2,14,1988,27.79528
25,2,14,1989,27.74037
25,2,14,1990,27.76187
25,2,14,1991,27.75989
25,2,14,1992,27.73719
25,2,14,1993,27.7961
25,2,14,1994,27.75601
25,2,14,1995,27.769
25,2,14,1996,27.71764
25,2,14,1997,27.68343
25,2,14,1998,27.63703
25,2,14,1999,27.65776
25,2,14,2000,27.59405
25,2,14,2001,27.6517
25,2,14,2002,27.42673
25,2,14,2003,27.66081
25,2,14,2004,27.72174
25,2,14,2005,27.82139
25,2,14,2006,27.90328
25,2,14,2007,27.93568
25,2,14,2008,27.96629
25,2,14,2009,28.06408
25,2,14,2010,28.20526
25,2,14,2011,28.27605
25,2,14,2012,28.39565
25,2,14,2013,28.46599
25,2,14,2014,28.51539
25,2,14,2015,28.51823
25,2,14,2016,28.51511
25,2,14,2017,28.47392
25,2,14,2018,28.39822
25,2,14,2019,28.37124
25,3,14,1950,22.02766
25,3,14,1951,22.19088
25,3,14,1952,22.28567
25,3,14,1953,22.29446
25,3,14,1954,22.32438
25,3,14,1955,22.46827
25,3,14,1956,22.6037
25,3,14,1957,22.85874
25,3,14,1958,22.94776
25,3,14,1959,23.09799
25,3,14,1960,23.30957
25,3,14,1961,23.4431
25,3,14,1962,23.50204
25,3,14,1963,23.59105
25,3,14,1964,23.6542
25,3,14,1965,23.81958
25,3,14,1966,24.0164
25,3,14,1967,24.09021
25,3,14,1968,24.11879
25,3,14,1969,24.13112
25,3,14,1970,24.24502
25,3,14,1971,24.31945
25,3,14,1972,24.42099
25,3,14,1973,24.63191
25,3,14,1974,24.80246
25,3,14,1975,24.85053
25,3,14,1976,24.90349
25,3,14,1977,25.00139
25,3,14,1978,25.06809
25,3,14,1979,25.22129
25,3,14,1980,25.22014
25,3,14,1981,25.27232
25,3,14,1982,25.30663
25,3,14,1983,25.44447
25,3,14,1984,25.54459
25,3,14,1985,25.67736
25,3,14,1986,25.67252
25,3,14,1987,25.68707
25,3,14,1988,25.83799
25,3,14,1989,25.89335
25,3,14,1990,25.90365
25,3,14,1991,25.95605
25,3,14,1992,25.97384
25,3,14,1993,25.98463
25,3,14,1994,25.98513
25,3,14,1995,25.95996
25,3,14,1996,25.95223
25,3,14,1997,25.89058
25,3,14,1998,25.84132
25,3,14,1999,25.78744
25,3,14,2000,25.76477
25,3,14,2001,25.82756
25,3,14,2002,25.61504
25,3,14,2003,25.98779
25,3,14,2004,26.08307
25,3,14,2005,26.20101
25,3,14,2006,26.36117
25,3,14,2007,26.42135
25,3,14,2008,26.50467
25,3,14,2009,26.61123
25,3,14,2010,26.76453
25,3,14,2011,26.85725
25,3,14,2012,26.97335
25,3,14,2013,27.04367
25,3,14,2014,27.07624
25,3,14,2015,27.05013
25,3,14,2016,27.03618
25,3,14,2017,26.98498
25,3,14,2018,26.87712
25,3,14,2019,26.84001
26,1,14,1950,23.1844
26,1,14,1951,22.233
26,1,14,1952,23.26439
26,1,14,1953,23.4816
26,1,14,1954,23.65603
26,1,14,1955,23.87528
26,1,14,1956,23.93311
26,1,14,1957,24.13011
26,1,14,1958,24.22493
26,1,14,1959,24.4487
26,1,14,1960,24.67455
26,1,14,1961,24.89796
26,1,14,1962,25.04977
26,1,14,1963,25.31347
26,1,14,1964,25.51318
26,1,14,1965,25.64444
26,1,14,1966,25.8722
26,1,14,1967,26.00007
26,1,14,1968,26.14787
26,1,14,1969,26.22427
26,1,14,1970,26.46556
26,1,14,1971,26.58935
26,1,14,1972,26.78103
26,1,14,1973,26.92032
26,1,14,1974,27.00123
26,1,14,1975,27.08766
26,1,14,1976,27.1029
26,1,14,1977,27.1547
26,1,14,1978,27.19166
26,1,14,1979,27.19122
26,1,14,1980,27.21964
26,1,14,1981,27.29857
26,1,14,1982,27.34305
26,1,14,1983,27.41599
26,1,14,1984,27.50073
26,1,14,1985,27.47614
26,1,14,1986,27.50927
26,1,14,1987,27.5617
26,1,14,1988,27.59722
26,1,14,1989,27.62221
26,1,14,1990,27.60382
26,1,14,1991,27.61386
26,1,14,1992,27.70751
26,1,14,1993,27.76761
26,1,14,1994,27.86986
26,1,14,1995,27.88322
26,1,14,1996,27.95429
26,1,14,1997,27.92971
26,1,14,1998,27.58725
26,1,14,1999,27.98452
26,1,14,2000,27.99423
26,1,14,2001,28.0063
26,1,14,2002,27.83166
26,1,14,2003,27.74573
26,1,14,2004,27.48611
26,1,14,2005,27.45708
26,1,14,2006,27.42664
26,1,14,2007,27.5054
26,1,14,2008,27.69339
26,1,14,2009,27.66396
26,1,14,2010,27.77533
26,1,14,2011,27.71773
26,1,14,2012,27.8209
26,1,14,2013,27.86115
26,1,14,2014,27.98365
26,1,14,2015,28.02295
26,1,14,2016,28.13643
26,1,14,2017,28.21253
26,1,14,2018,28.2077
26,1,14,2019,28.25146
26,2,14,1950,27.82393
26,2,14,1951,26.89196
26,2,14,1952,27.87599
26,2,14,1953,28.07511
26,2,14,1954,28.18234
26,2,14,1955,28.35376
26,2,14,1956,28.53002
26,2,14,1957,28.67393
26,2,14,1958,28.83488
26,2,14,1959,28.92499
26,2,14,1960,29.0863
26,2,14,1961,29.17192
26,2,14,1962,29.27533
26,2,14,1963,29.51081
26,2,14,1964,29.61598
26,2,14,1965,29.72595
26,2,14,1966,29.91527
26,2,14,1967,30.08762
26,2,14,1968,30.17608
26,2,14,1969,30.28495
26,2,14,1970,30.49296
26,2,14,1971,30.57311
26,2,14,1972,30.67473
26,2,14,1973,30.7715
26,2,14,1974,30.85152
26,2,14,1975,30.83833
26,2,14,1976,30.8195
26,2,14,1977,30.81648
26,2,14,1978,30.79768
26,2,14,1979,30.78365
26,2,14,1980,30.74951
26,2,14,1981,30.81818
26,2,14,1982,30.80392
26,2,14,1983,30.87413
26,2,14,1984,30.9449
26,2,14,1985,30.93161
26,2,14,1986,31.00483
26,2,14,1987,31.01967
26,2,14,1988,31.04357
26,2,14,1989,31.04334
26,2,14,1990,31.06371
26,2,14,1991,31.05505
26,2,14,1992,31.10818
26,2,14,1993,31.1747
26,2,14,1994,31.21973
26,2,14,1995,31.24343
26,2,14,1996,31.24682
26,2,14,1997,31.25669
26,2,14,1998,30.98252
26,2,14,1999,31.24458
26,2,14,2000,31.18029
26,2,14,2001,31.12488
26,2,14,2002,30.98648
26,2,14,2003,30.83458
26,2,14,2004,30.55019
26,2,14,2005,30.36706
26,2,14,2006,30.36106
26,2,14,2007,30.42451
26,2,14,2008,30.53345
26,2,14,2009,30.49088
26,2,14,2010,30.56075
26,2,14,2011,30.51572
26,2,14,2012,30.65448
26,2,14,2013,30.73911
26,2,14,2014,30.88151
26,2,14,2015,30.90643
26,2,14,2016,31.05541
26,2,14,2017,31.09269
26,2,14,2018,31.10726
26,2,14,2019,31.18337
26,3,14,1950,25.11524
26,3,14,1951,24.17348
26,3,14,1952,25.20362
26,3,14,1953,25.37632
26,3,14,1954,25.5349
26,3,14,1955,25.73791
26,3,14,1956,25.84127
26,3,14,1957,25.97206
26,3,14,1958,26.13346
26,3,14,1959,26.3029
26,3,14,1960,26.42662
26,3,14,1961,26.69299
26,3,14,1962,26.88606
26,3,14,1963,27.11881
26,3,14,1964,27.31177
26,3,14,1965,27.39384
26,3,14,1966,27.65299
26,3,14,1967,27.77256
26,3,14,1968,27.90488
26,3,14,1969,27.98631
26,3,14,1970,28.12438
26,3,14,1971,28.12336
26,3,14,1972,28.23278
26,3,14,1973,28.32193
26,3,14,1974,28.38553
26,3,14,1975,28.41961
26,3,14,1976,28.46092
26,3,14,1977,28.54977
26,3,14,1978,28.51203
26,3,14,1979,28.51235
26,3,14,1980,28.50359
26,3,14,1981,28.58025
26,3,14,1982,28.5806
26,3,14,1983,28.61006
26,3,14,1984,28.66688
26,3,14,1985,28.70425
26,3,14,1986,28.71803
26,3,14,1987,28.78339
26,3,14,1988,28.84607
26,3,14,1989,28.95206
26,3,14,1990,28.96466
26,3,14,1991,28.97195
26,3,14,1992,29.02505
26,3,14,1993,29.1184
26,3,14,1994,29.24428
26,3,14,1995,29.31152
26,3,14,1996,29.39034
26,3,14,1997,29.41908
26,3,14,1998,29.12045
26,3,14,1999,29.42646
26,3,14,2000,29.41564
26,3,14,2001,29.34001
26,3,14,2002,29.16033
26,3,14,2003,28.93602
26,3,14,2004,28.73054
26,3,14,2005,28.61421
26,3,14,2006,28.5376
26,3,14,2007,28.60973
26,3,14,2008,28.72607
26,3,14,2009,28.68375
26,3,14,2010,28.81107
26,3,14,2011,28.79824
26,3,14,2012,28.89359
26,3,14,2013,29.02344
26,3,14,2014,29.13699
26,3,14,2015,29.24871
26,3,14,2016,29.32623
26,3,14,2017,29.41029
26,3,14,2018,29.4725
26,3,14,2019,29.52765
27,1,14,1950,26.35162
27,1,14,1951,26.51897
27,1,14,1952,26.68905
27,1,14,1953,26.82357
27,1,14,1954,27.08216
27,1,14,1955,27.25476
27,1,14,1956,28.41189
27,1,14,1957,28.82018
27,1,14,1958,28.87572
27,1,14,1959,28.96083
27,1,14,1960,29.15002
27,1,14,1961,29.2076
27,1,14,1962,29.03326
27,1,14,1963,28.7786
27,1,14,1964,26.98747
27,1,14,1965,28.08947
27,1,14,1966,27.94336
27,1,14,1967,27.93823
27,1,14,1968,27.87168
27,1,14,1969,27.77116
27,1,14,1970,27.72822
27,1,14,1971,27.65159
27,1,14,1972,27.35821
27,1,14,1973,27.21845
27,1,14,1974,27.04052
27,1,14,1975,27.06884
27,1,14,1976,27.18291
27,1,14,1977,27.17612
27,1,14,1978,27.14431
27,1,14,1979,27.116
27,1,14,1980,27.10677
27,1,14,1981,27.00951
27,1,14,1982,27.00294
27,1,14,1983,26.84163
27,1,14,1984,26.87078
27,1,14,1985,26.85516
27,1,14,1986,26.89893
27,1,14,1987,26.98244
27,1,14,1988,27.07665
27,1,14,1989,27.10554
27,1,14,1990,27.04026
27,1,14,1991,27.08395
27,1,14,1992,27.21349
27,1,14,1993,27.32739
27,1,14,1994,27.42085
27,1,14,1995,27.51883
27,1,14,1996,27.6077
27,1,14,1997,27.71639
27,1,14,1998,27.80295
27,1,14,1999,27.79931
27,1,14,2000,27.94316
27,1,14,2001,28.01653
27,1,14,2002,28.16224
27,1,14,2003,28.24833
27,1,14,2004,28.32676
27,1,14,2005,28.37497
27,1,14,2006,28.53162
27,1,14,2007,28.69204
27,1,14,2008,28.86041
27,1,14,2009,28.34117
27,1,14,2010,29.1697
27,1,14,2011,29.30032
27,1,14,2012,29.2835
27,1,14,2013,29.37844
27,1,14,2014,29.41897
27,1,14,2015,29.46176
27,1,14,2016,29.52221
27,1,14,2017,29.63953
27,1,14,2018,29.83513
27,1,14,2019,29.87145
27,2,14,1950,29.05226
27,2,14,1951,29.18836
27,2,14,1952,29.26502
27,2,14,1953,29.40171
27,2,14,1954,29.58349
27,2,14,1955,29.6936
27,2,14,1956,29.84836
27,2,14,1957,30.05578
27,2,14,1958,30.2113
27,2,14,1959,30.41549
27,2,14,1960,30.5506
27,2,14,1961,30.65558
27,2,14,1962,30.67216
27,2,14,1963,30.75746
27,2,14,1964,29.61995
27,2,14,1965,30.95905
27,2,14,1966,30.99676
27,2,14,1967,31.11198
27,2,14,1968,31.1678
27,2,14,1969,31.28148
27,2,14,1970,31.34955
27,2,14,1971,31.39809
27,2,14,1972,31.45626
27,2,14,1973,31.94198
27,2,14,1974,32.09631
27,2,14,1975,32.21937
27,2,14,1976,32.33636
27,2,14,1977,32.51227
27,2,14,1978,32.69972
27,2,14,1979,32.7696
27,2,14,1980,32.78422
27,2,14,1981,32.83737
27,2,14,1982,32.88775
27,2,14,1983,32.73496
27,2,14,1984,31.55417
27,2,14,1985,31.5676
27,2,14,1986,31.53241
27,2,14,1987,31.52229
27,2,14,1988,31.51369
27,2,14,1989,31.50504
27,2,14,1990,31.48759
27,2,14,1991,31.45943
27,2,14,1992,31.49598
27,2,14,1993,31.50294
27,2,14,1994,31.47365
27,2,14,1995,31.50269
27,2,14,1996,31.48202
27,2,14,1997,31.49034
27,2,14,1998,31.5235
27,2,14,1999,31.45571
27,2,14,2000,31.48979
27,2,14,2001,31.55972
27,2,14,2002,31.64122
27,2,14,2003,31.64965
27,2,14,2004,31.67845
27,2,14,2005,31.76298
27,2,14,2006,31.83618
27,2,14,2007,31.80993
27,2,14,2008,31.80703
27,2,14,2009,31.19592
27,2,14,2010,31.71047
27,2,14,2011,31.66524
27,2,14,2012,31.7318
27,2,14,2013,31.79858
27,2,14,2014,31.85619
27,2,14,2015,31.87996
27,2,14,2016,32.01382
27,2,14,2017,32.09718
27,2,14,2018,32.26939
27,2,14,2019,32.31178
27,3,14,1950,27.56576
27,3,14,1951,27.71618
27,3,14,1952,27.84096
27,3,14,1953,27.98256
27,3,14,1954,28.11885
27,3,14,1955,28.23882
27,3,14,1956,28.91152
27,3,14,1957,29.18746
27,3,14,1958,29.33315
27,3,14,1959,29.49061
27,3,14,1960,29.65932
27,3,14,1961,29.74479
27,3,14,1962,29.69438
27,3,14,1963,29.61893
27,3,14,1964,28.1847
27,3,14,1965,29.40269
27,3,14,1966,29.36172
27,3,14,1967,29.41512
27,3,14,1968,29.35099
27,3,14,1969,29.30545
27,3,14,1970,29.32518
27,3,14,1971,29.28532
27,3,14,1972,29.19076
27,3,14,1973,29.31627
27,3,14,1974,29.26216
27,3,14,1975,29.39618
27,3,14,1976,29.49941
27,3,14,1977,29.63791
27,3,14,1978,29.66161
27,3,14,1979,29.69335
27,3,14,1980,29.64793
27,3,14,1981,29.60306
27,3,14,1982,29.57944
27,3,14,1983,29.46201
27,3,14,1984,28.9804
27,3,14,1985,28.99874
27,3,14,1986,28.99836
27,3,14,1987,29.05665
27,3,14,1988,29.09147
27,3,14,1989,29.14733
27,3,14,1990,29.09024
27,3,14,1991,29.09581
27,3,14,1992,29.20378
27,3,14,1993,29.2863
27,3,14,1994,29.34189
27,3,14,1995,29.37863
27,3,14,1996,29.44865
27,3,14,1997,29.48807
27,3,14,1998,29.53732
27,3,14,1999,29.55013
27,3,14,2000,29.64886
27,3,14,2001,29.68939
27,3,14,2002,29.77541
27,3,14,2003,29.82988
27,3,14,2004,29.9407
27,3,14,2005,30.01707
27,3,14,2006,30.13728
27,3,14,2007,30.19757
27,3,14,2008,30.22131
27,3,14,2009,29.70986
27,3,14,2010,30.37823
27,3,14,2011,30.49692
27,3,14,2012,30.50041
27,3,14,2013,30.57313
27,3,14,2014,30.62053
27,3,14,2015,30.64952
27,3,14,2016,30.75194
27,3,14,2017,30.84479
27,3,14,2018,31.03448
27,3,14,2019,31.06437
28,1,14,1950,16.51915
28,1,14,1951,16.60849
28,1,14,1952,16.70182
28,1,14,1953,16.77939
28,1,14,1954,16.88288
28,1,14,1955,16.94079
28,1,14,1956,16.53969
28,1,14,1957,17.21133
28,1,14,1958,17.38432
28,1,14,1959,17.65248
28,1,14,1960,17.86193
28,1,14,1961,18.0086
28,1,14,1962,18.17642
28,1,14,1963,18.31515
28,1,14,1964,18.46518
28,1,14,1965,18.58493
28,1,14,1966,18.6751
28,1,14,1967,18.86668
28,1,14,1968,19.03668
28,1,14,1969,19.20024
28,1,14,1970,19.38358
28,1,14,1971,19.54374
28,1,14,1972,19.62929
28,1,14,1973,19.73019
28,1,14,1974,19.91924
28,1,14,1975,19.5478
28,1,14,1976,20.17099
28,1,14,1977,20.30653
28,1,14,1978,20.60342
28,1,14,1979,20.78449
28,1,14,1980,20.95882
28,1,14,1981,21.0867
28,1,14,1982,21.14095
28,1,14,1983,21.14505
28,1,14,1984,21.12774
28,1,14,1985,21.23542
28,1,14,1986,21.11756
28,1,14,1987,21.30757
28,1,14,1988,21.27463
28,1,14,1989,21.29333
28,1,14,1990,21.34602
28,1,14,1991,21.19417
28,1,14,1992,21.28606
28,1,14,1993,21.34902
28,1,14,1994,21.38818
28,1,14,1995,21.54413
28,1,14,1996,21.64526
28,1,14,1997,21.76226
28,1,14,1998,21.75219
28,1,14,1999,21.64985
28,1,14,2000,21.54966
28,1,14,2001,21.46081
28,1,14,2002,21.297
28,1,14,2003,21.25311
28,1,14,2004,21.19132
28,1,14,2005,21.12746
28,1,14,2006,21.09556
28,1,14,2007,21.02283
28,1,14,2008,21.14033
28,1,14,2009,21.14693
28,1,14,2010,21.20102
28,1,14,2011,21.39836
28,1,14,2012,21.49854
28,1,14,2013,21.6549
28,1,14,2014,21.79863
28,1,14,2015,22.0232
28,1,14,2016,22.14425
28,1,14,2017,22.28912
28,1,14,2018,22.41933
28,1,14,2019,22.48408
28,2,14,1950,20.62131
28,2,14,1951,20.65747
28,2,14,1952,20.73204
28,2,14,1953,20.79043
28,2,14,1954,20.91504
28,2,14,1955,20.93256
28,2,14,1956,20.49742
28,2,14,1957,21.0817
28,2,14,1958,21.28574
28,2,14,1959,21.48196
28,2,14,1960,21.62882
28,2,14,1961,21.74597
28,2,14,1962,21.87687
28,2,14,1963,22.04302
28,2,14,1964,22.09801
28,2,14,1965,22.19634
28,2,14,1966,22.25016
28,2,14,1967,22.42261
28,2,14,1968,22.53659
28,2,14,1969,22.61254
28,2,14,1970,22.74811
28,2,14,1971,22.8183
28,2,14,1972,22.868
28,2,14,1973,22.92382
28,2,14,1974,23.0037
28,2,14,1975,22.62588
28,2,14,1976,23.10019
28,2,14,1977,23.10171
28,2,14,1978,23.32028
28,2,14,1979,23.45328
28,2,14,1980,23.53067
28,2,14,1981,23.55502
28,2,14,1982,23.59772
28,2,14,1983,23.55229
28,2,14,1984,23.50499
28,2,14,1985,23.59439
28,2,14,1986,23.51176
28,2,14,1987,23.59265
28,2,14,1988,23.55334
28,2,14,1989,23.57891
28,2,14,1990,23.57058
28,2,14,1991,23.50778
28,2,14,1992,23.48133
28,2,14,1993,23.52957
28,2,14,1994,23.51628
28,2,14,1995,23.62722
28,2,14,1996,23.68763
28,2,14,1997,23.76359
28,2,14,1998,23.73992
28,2,14,1999,23.61004
28,2,14,2000,23.51481
28,2,14,2001,23.43631
28,2,14,2002,23.27648
28,2,14,2003,23.23266
28,2,14,2004,23.17517
28,2,14,2005,23.11152
28,2,14,2006,23.06373
28,2,14,2007,22.99048
28,2,14,2008,23.07465
28,2,14,2009,23.082
28,2,14,2010,23.12064
28,2,14,2011,23.2868
28,2,14,2012,23.38636
28,2,14,2013,23.52499
28,2,14,2014,23.66689
28,2,14,2015,23.87533
28,2,14,2016,23.98615
28,2,14,2017,24.116
28,2,14,2018,24.25572
28,2,14,2019,24.33007
28,3,14,1950,17.75237
28,3,14,1951,17.87189
28,3,14,1952,17.9624
28,3,14,1953,18.07356
28,3,14,1954,18.16985
28,3,14,1955,18.26348
28,3,14,1956,17.89374
28,3,14,1957,18.55811
28,3,14,1958,18.74166
28,3,14,1959,19.02408
28,3,14,1960,19.22552
28,3,14,1961,19.39821
28,3,14,1962,19.54505
28,3,14,1963,19.71843
28,3,14,1964,19.85162
28,3,14,1965,19.95558
28,3,14,1966,20.05407
28,3,14,1967,20.21145
28,3,14,1968,20.39325
28,3,14,1969,20.54657
28,3,14,1970,20.70046
28,3,14,1971,20.84436
28,3,14,1972,20.93743
28,3,14,1973,20.99846
28,3,14,1974,21.14071
28,3,14,1975,20.77912
28,3,14,1976,21.33443
28,3,14,1977,21.43942
28,3,14,1978,21.71155
28,3,14,1979,21.877
28,3,14,1980,22.03383
28,3,14,1981,22.10911
28,3,14,1982,22.16106
28,3,14,1983,22.1489
28,3,14,1984,22.11421
28,3,14,1985,22.21607
28,3,14,1986,22.12677
28,3,14,1987,22.28077
28,3,14,1988,22.2472
28,3,14,1989,22.26123
28,3,14,1990,22.30938
28,3,14,1991,22.19467
28,3,14,1992,22.24202
28,3,14,1993,22.29688
28,3,14,1994,22.33327
28,3,14,1995,22.46788
28,3,14,1996,22.55872
28,3,14,1997,22.66161
28,3,14,1998,22.6502
28,3,14,1999,22.53479
28,3,14,2000,22.4353
28,3,14,2001,22.35887
28,3,14,2002,22.20345
28,3,14,2003,22.1646
28,3,14,2004,22.10035
28,3,14,2005,22.04131
28,3,14,2006,21.99831
28,3,14,2007,21.92664
28,3,14,2008,22.03868
28,3,14,2009,22.04477
28,3,14,2010,22.09288
28,3,14,2011,22.2783
28,3,14,2012,22.38665
28,3,14,2013,22.53011
28,3,14,2014,22.67716
28,3,14,2015,22.89756
28,3,14,2016,23.0147
28,3,14,2017,23.15174
28,3,14,2018,23.28856
28,3,14,2019,23.35827
29,1,14,1950,25.34943
29,1,14,1951,25.42531
29,1,14,1952,25.45513
29,1,14,1953,25.50963
29,1,14,1954,25.59817
29,1,14,1955,25.61874
29,1,14,1956,25.66731
29,1,14,1957,25.77009
29,1,14,1958,25.93225
29,1,14,1959,26.13382
29,1,14,1960,26.32889
29,1,14,1961,26.60538
29,1,14,1962,26.86792
29,1,14,1963,27.02936
29,1,14,1964,27.10393
29,1,14,1965,27.21317
29,1,14,1966,27.32565
29,1,14,1967,27.46478
29,1,14,1968,27.53927
29,1,14,1969,27.5951
29,1,14,1970,27.63261
29,1,14,1971,27.70449
29,1,14,1972,27.75102
29,1,14,1973,27.77773
29,1,14,1974,27.85187
29,1,14,1975,27.87044
29,1,14,1976,27.86351
29,1,14,1977,27.84085
29,1,14,1978,27.82186
29,1,14,1979,27.82277
29,1,14,1980,27.83671
29,1,14,1981,27.8168
29,1,14,1982,27.82458
29,1,14,1983,28.03547
29,1,14,1984,28.29087
29,1,14,1985,28.55261
29,1,14,1986,28.79457
29,1,14,1987,29.03943
29,1,14,1988,29.26576
29,1,14,1989,29.47153
29,1,14,1990,29.60688
29,1,14,1991,29.73215
29,1,14,1992,29.85923
29,1,14,1993,29.76581
29,1,14,1994,29.68191
29,1,14,1995,29.80833
29,1,14,1996,29.70413
29,1,14,1997,29.53707
29,1,14,1998,28.93713
29,1,14,1999,28.1999
29,1,14,2000,28.12648
29,1,14,2001,28.284
29,1,14,2002,28.0673
29,1,14,2003,27.84531
29,1,14,2004,28.15623
29,1,14,2005,28.98883
29,1,14,2006,29.12984
29,1,14,2007,29.18979
29,1,14,2008,29.31807
29,1,14,2009,28.41387
29,1,14,2010,29.54266
29,1,14,2011,29.65416
29,1,14,2012,29.75684
29,1,14,2013,29.79222
29,1,14,2014,29.90161
29,1,14,2015,29.99341
29,1,14,2016,30.03541
29,1,14,2017,30.15031
29,1,14,2018,30.36839
29,1,14,2019,30.43738
29,2,14,1950,28.85615
29,2,14,1951,28.90408
29,2,14,1952,28.85029
29,2,14,1953,28.92871
29,2,14,1954,28.89548
29,2,14,1955,28.91373
29,2,14,1956,28.9333
29,2,14,1957,28.90942
29,2,14,1958,29.0723
29,2,14,1959,29.07081
29,2,14,1960,29.13744
29,2,14,1961,28.99851
29,2,14,1962,29.00922
29,2,14,1963,29.06128
29,2,14,1964,29.20097
29,2,14,1965,29.33591
29,2,14,1966,29.47549
29,2,14,1967,29.68662
29,2,14,1968,29.86747
29,2,14,1969,29.97006
29,2,14,1970,30.13259
29,2,14,1971,30.25915
29,2,14,1972,30.43879
29,2,14,1973,30.60044
29,2,14,1974,30.73155
29,2,14,1975,30.87196
29,2,14,1976,31.02896
29,2,14,1977,31.12507
29,2,14,1978,31.25828
29,2,14,1979,31.38845
29,2,14,1980,31.58797
29,2,14,1981,31.73949
29,2,14,1982,31.93691
29,2,14,1983,32.25621
29,2,14,1984,32.52104
29,2,14,1985,32.7527
29,2,14,1986,33.02868
29,2,14,1987,33.32056
29,2,14,1988,33.52799
29,2,14,1989,33.75926
29,2,14,1990,33.94184
29,2,14,1991,34.09191
29,2,14,1992,34.5447
29,2,14,1993,34.49946
29,2,14,1994,34.42955
29,2,14,1995,34.55884
29,2,14,1996,34.52114
29,2,14,1997,34.25507
29,2,14,1998,33.89952
29,2,14,1999,34.00294
29,2,14,2000,34.19076
29,2,14,2001,34.30414
29,2,14,2002,34.57902
29,2,14,2003,34.80069
29,2,14,2004,35.05274
29,2,14,2005,35.25862
29,2,14,2006,35.41493
29,2,14,2007,35.50942
29,2,14,2008,35.53454
29,2,14,2009,35.19411
29,2,14,2010,35.58776
29,2,14,2011,35.60888
29,2,14,2012,35.67919
29,2,14,2013,35.71293
29,2,14,2014,35.72895
29,2,14,2015,35.75486
29,2,14,2016,35.74307
29,2,14,2017,35.80905
29,2,14,2018,35.7938
29,2,14,2019,35.87196
29,3,14,1950,27.02726
29,3,14,1951,27.08753
29,3,14,1952,27.04687
29,3,14,1953,27.07584
29,3,14,1954,27.10419
29,3,14,1955,27.10725
29,3,14,1956,27.18128
29,3,14,1957,27.24904
29,3,14,1958,27.40408
29,3,14,1959,27.5595
29,3,14,1960,27.67586
29,3,14,1961,27.74629
29,3,14,1962,27.89836
29,3,14,1963,28.00179
29,3,14,1964,28.11218
29,3,14,1965,28.22113
29,3,14,1966,28.34973
29,3,14,1967,28.51405
29,3,14,1968,28.63253
29,3,14,1969,28.68775
29,3,14,1970,28.80011
29,3,14,1971,28.91259
29,3,14,1972,29.0286
29,3,14,1973,29.05786
29,3,14,1974,29.17628
29,3,14,1975,29.28355
29,3,14,1976,29.32799
29,3,14,1977,29.34188
29,3,14,1978,29.40848
29,3,14,1979,29.46416
29,3,14,1980,29.57221
29,3,14,1981,29.63025
29,3,14,1982,29.7037
29,3,14,1983,29.98958
29,3,14,1984,30.24029
29,3,14,1985,30.48854
29,3,14,1986,30.77408
29,3,14,1987,31.03882
29,3,14,1988,31.26249
29,3,14,1989,31.48367
29,3,14,1990,31.65714
29,3,14,1991,31.78024
29,3,14,1992,32.03427
29,3,14,1993,31.93897
29,3,14,1994,31.82963
29,3,14,1995,31.92428
29,3,14,1996,31.81057
29,3,14,1997,31.62571
29,3,14,1998,31.18544
29,3,14,1999,30.77034
29,3,14,2000,30.83784
29,3,14,2001,30.97433
29,3,14,2002,30.88921
29,3,14,2003,30.87146
29,3,14,2004,31.14943
29,3,14,2005,31.77009
29,3,14,2006,31.99499
29,3,14,2007,32.11415
29,3,14,2008,32.24381
29,3,14,2009,31.54859
29,3,14,2010,32.40191
29,3,14,2011,32.46619
29,3,14,2012,32.50564
29,3,14,2013,32.53214
29,3,14,2014,32.56831
29,3,14,2015,32.6671
29,3,14,2016,32.68945
29,3,14,2017,32.84946
29,3,14,2018,32.99812
29,3,14,2019,33.06483
30,1,14,1950,21.18976
30,1,14,1951,20.38703
30,1,14,1952,21.3211
30,1,14,1953,21.41963
30,1,14,1954,21.59442
30,1,14,1955,21.80144
30,1,14,1956,21.97225
30,1,14,1957,22.15794
30,1,14,1958,22.31528
30,1,14,1959,22.44011
30,1,14,1960,22.62653
30,1,14,1961,22.79544
30,1,14,1962,22.91469
30,1,14,1963,23.01625
30,1,14,1964,23.10668
30,1,14,1965,23.1658
30,1,14,1966,23.39567
30,1,14,1967,23.42465
30,1,14,1968,23.48467
30,1,14,1969,23.69232
30,1,14,1970,23.82467
30,1,14,1971,23.89928
30,1,14,1972,23.97831
30,1,14,1973,24.0969
30,1,14,1974,24.27359
30,1,14,1975,24.45832
30,1,14,1976,24.6016
30,1,14,1977,24.68168
30,1,14,1978,24.73804
30,1,14,1979,24.80792
30,1,14,1980,24.81961
30,1,14,1981,24.75924
30,1,14,1982,24.87234
30,1,14,1983,24.9624
30,1,14,1984,24.9859
30,1,14,1985,24.9813
30,1,14,1986,25.07354
30,1,14,1987,24.95206
30,1,14,1988,25.23492
30,1,14,1989,25.23022
30,1,14,1990,25.2883
30,1,14,1991,25.37273
30,1,14,1992,25.40704
30,1,14,1993,25.46055
30,1,14,1994,25.56639
30,1,14,1995,25.52779
30,1,14,1996,25.55828
30,1,14,1997,25.19289
30,1,14,1998,25.57906
30,1,14,1999,25.43582
30,1,14,2000,25.59499
30,1,14,2001,25.58429
30,1,14,2002,25.51096
30,1,14,2003,25.51601
30,1,14,2004,25.53519
30,1,14,2005,25.47354
30,1,14,2006,25.55331
30,1,14,2007,25.59529
30,1,14,2008,25.66574
30,1,14,2009,25.76725
30,1,14,2010,25.85356
30,1,14,2011,25.90908
30,1,14,2012,25.99239
30,1,14,2013,26.08074
30,1,14,2014,26.11908
30,1,14,2015,26.21883
30,1,14,2016,26.28854
30,1,14,2017,26.36644
30,1,14,2018,26.44985
30,1,14,2019,26.47398
30,2,14,1950,25.27136
30,2,14,1951,24.50094
30,2,14,1952,25.3772
30,2,14,1953,25.49581
30,2,14,1954,25.65865
30,2,14,1955,25.86955
30,2,14,1956,26.0245
30,2,14,1957,26.18738
30,2,14,1958,26.38443
30,2,14,1959,26.54585
30,2,14,1960,26.82247
30,2,14,1961,27.00514
30,2,14,1962,27.16646
30,2,14,1963,27.29571
30,2,14,1964,27.45474
30,2,14,1965,27.57534
30,2,14,1966,27.75296
30,2,14,1967,27.94131
30,2,14,1968,28.10139
30,2,14,1969,28.41193
30,2,14,1970,28.57873
30,2,14,1971,28.69964
30,2,14,1972,28.88105
30,2,14,1973,29.10684
30,2,14,1974,29.25471
30,2,14,1975,29.43975
30,2,14,1976,29.64399
30,2,14,1977,29.58983
30,2,14,1978,29.66814
30,2,14,1979,29.67028
30,2,14,1980,29.65591
30,2,14,1981,29.62127
30,2,14,1982,29.65915
30,2,14,1983,29.77796
30,2,14,1984,29.75587
30,2,14,1985,29.74039
30,2,14,1986,29.74972
30,2,14,1987,29.46081
30,2,14,1988,29.71122
30,2,14,1989,29.61411
30,2,14,1990,29.55036
30,2,14,1991,29.49156
30,2,14,1992,29.35641
30,2,14,1993,29.29242
30,2,14,1994,29.33135
30,2,14,1995,29.23781
30,2,14,1996,29.33251
30,2,14,1997,29.08584
30,2,14,1998,29.43363
30,2,14,1999,29.38137
30,2,14,2000,29.61179
30,2,14,2001,29.61461
30,2,14,2002,29.65262
30,2,14,2003,29.78717
30,2,14,2004,29.92835
30,2,14,2005,29.95431
30,2,14,2006,29.9262
30,2,14,2007,29.95694
30,2,14,2008,29.97746
30,2,14,2009,30.03003
30,2,14,2010,30.05109
30,2,14,2011,30.07121
30,2,14,2012,30.12234
30,2,14,2013,30.18435
30,2,14,2014,30.26437
30,2,14,2015,30.31562
30,2,14,2016,30.33682
30,2,14,2017,30.30737
30,2,14,2018,30.33118
30,2,14,2019,30.35673
30,3,14,1950,22.41447
30,3,14,1951,21.62301
30,3,14,1952,22.5573
30,3,14,1953,22.67176
30,3,14,1954,22.85652
30,3,14,1955,23.07731
30,3,14,1956,23.25563
30,3,14,1957,23.44962
30,3,14,1958,23.65161
30,3,14,1959,23.78862
30,3,14,1960,24.00911
30,3,14,1961,24.20843
30,3,14,1962,24.3545
30,3,14,1963,24.47475
30,3,14,1964,24.59135
30,3,14,1965,24.69044
30,3,14,1966,24.9228
30,3,14,1967,25.01073
30,3,14,1968,25.11465
30,3,14,1969,25.36667
30,3,14,1970,25.52719
30,3,14,1971,25.62612
30,3,14,1972,25.74731
30,3,14,1973,25.91046
30,3,14,1974,26.08732
30,3,14,1975,26.28851
30,3,14,1976,26.44806
30,3,14,1977,26.49721
30,3,14,1978,26.56098
30,3,14,1979,26.61715
30,3,14,1980,26.6381
30,3,14,1981,26.59009
30,3,14,1982,26.69566
30,3,14,1983,26.77811
30,3,14,1984,26.77956
30,3,14,1985,26.78305
30,3,14,1986,26.84726
30,3,14,1987,26.67612
30,3,14,1988,26.95046
30,3,14,1989,26.97293
30,3,14,1990,26.95926
30,3,14,1991,27.01407
30,3,14,1992,26.99932
30,3,14,1993,27.03753
30,3,14,1994,27.09761
30,3,14,1995,27.15478
30,3,14,1996,27.14309
30,3,14,1997,26.82485
30,3,14,1998,27.213
30,3,14,1999,27.08261
30,3,14,2000,27.23166
30,3,14,2001,27.25714
30,3,14,2002,27.2735
30,3,14,2003,27.2974
30,3,14,2004,27.33879
30,3,14,2005,27.33846
30,3,14,2006,27.39977
30,3,14,2007,27.42939
30,3,14,2008,27.51601
30,3,14,2009,27.56338
30,3,14,2010,27.64383
30,3,14,2011,27.65854
30,3,14,2012,27.76163
30,3,14,2013,27.81855
30,3,14,2014,27.87129
30,3,14,2015,27.90901
30,3,14,2016,27.97247
30,3,14,2017,28.02695
30,3,14,2018,28.1074
30,3,14,2019,28.16173
31,1,14,1950,26.99872
31,1,14,1951,26.76528
31,1,14,1952,26.98133
31,1,14,1953,27.18807
31,1,14,1954,27.36861
31,1,14,1955,27.51283
31,1,14,1956,27.50494
31,1,14,1957,27.4132
31,1,14,1958,27.57826
31,1,14,1959,27.00812
31,1,14,1960,27.58412
31,1,14,1961,27.58226
31,1,14,1962,27.31945
31,1,14,1963,27.56268
31,1,14,1964,27.82574
31,1,14,1965,27.59164
31,1,14,1966,27.6217
31,1,14,1967,27.36528
31,1,14,1968,27.16259
31,1,14,1969,26.69858
31,1,14,1970,26.74938
31,1,14,1971,26.72116
31,1,14,1972,26.85025
31,1,14,1973,26.85451
31,1,14,1974,26.89893
31,1,14,1975,26.61233
31,1,14,1976,26.52074
31,1,14,1977,26.21892
31,1,14,1978,26.05239
31,1,14,1979,25.90196
31,1,14,1980,25.76405
31,1,14,1981,25.9065
31,1,14,1982,26.01727
31,1,14,1983,25.77265
31,1,14,1984,25.47851
31,1,14,1985,25.78442
31,1,14,1986,26.60285
31,1,14,1987,26.5026
31,1,14,1988,26.49407
31,1,14,1989,26.2877
31,1,14,1990,26.07316
31,1,14,1991,25.93206
31,1,14,1992,25.39789
31,1,14,1993,24.35996
31,1,14,1994,23.67184
31,1,14,1995,23.74403
31,1,14,1996,24.26556
31,1,14,1997,24.76024
31,1,14,1998,25.08627
31,1,14,1999,24.72478
31,1,14,2000,24.50346
31,1,14,2001,24.46533
31,1,14,2002,24.28505
31,1,14,2003,24.22645
31,1,14,2004,24.41267
31,1,14,2005,24.20426
31,1,14,2006,24.94282
31,1,14,2007,25.31343
31,1,14,2008,25.42552
31,1,14,2009,26.07614
31,1,14,2010,26.25129
31,1,14,2011,26.87041
31,1,14,2012,27.19118
31,1,14,2013,27.542
31,1,14,2014,27.69032
31,1,14,2015,27.53549
31,1,14,2016,27.84867
31,1,14,2017,28.45949
31,1,14,2018,29.02834
31,1,14,2019,29.42721
31,2,14,1950,31.34915
31,2,14,1951,31.25333
31,2,14,1952,31.32918
31,2,14,1953,31.49257
31,2,14,1954,31.5692
31,2,14,1955,31.88254
31,2,14,1956,31.92349
31,2,14,1957,31.8749
31,2,14,1958,32.08693
31,2,14,1959,31.69987
31,2,14,1960,32.27755
31,2,14,1961,32.2989
31,2,14,1962,32.0526
31,2,14,1963,32.34826
31,2,14,1964,32.65018
31,2,14,1965,32.53848
31,2,14,1966,32.59805
31,2,14,1967,32.47294
31,2,14,1968,32.43185
31,2,14,1969,32.20435
31,2,14,1970,32.26162
31,2,14,1971,32.37203
31,2,14,1972,32.4021
31,2,14,1973,32.46873
31,2,14,1974,32.58502
31,2,14,1975,32.437
31,2,14,1976,32.39173
31,2,14,1977,32.33916
31,2,14,1978,32.2657
31,2,14,1979,32.19066
31,2,14,1980,32.15748
31,2,14,1981,32.32719
31,2,14,1982,32.46867
31,2,14,1983,32.27848
31,2,14,1984,32.06913
31,2,14,1985,32.13191
31,2,14,1986,32.62203
31,2,14,1987,32.58748
31,2,14,1988,32.64778
31,2,14,1989,32.7013
31,2,14,1990,32.69038
31,2,14,1991,32.58459
31,2,14,1992,32.34682
31,2,14,1993,31.64668
31,2,14,1994,31.24604
31,2,14,1995,31.34883
31,2,14,1996,31.68483
31,2,14,1997,31.91211
31,2,14,1998,32.15657
31,2,14,1999,31.94305
31,2,14,2000,31.93798
31,2,14,2001,31.95762
31,2,14,2002,31.88683
31,2,14,2003,31.86379
31,2,14,2004,32.09753
31,2,14,2005,32.02232
31,2,14,2006,32.54123
31,2,14,2007,32.85698
31,2,14,2008,32.99895
31,2,14,2009,33.36059
31,2,14,2010,33.5352
31,2,14,2011,33.98079
31,2,14,2012,34.23123
31,2,14,2013,34.49185
31,2,14,2014,34.63203
31,2,14,2015,34.61169
31,2,14,2016,34.83716
31,2,14,2017,35.21568
31,2,14,2018,35.51779
31,2,14,2019,35.75548
31,3,14,1950,29.30736
31,3,14,1951,29.13929
31,3,14,1952,29.33314
31,3,14,1953,29.47887
31,3,14,1954,29.5841
31,3,14,1955,29.83487
31,3,14,1956,29.87923
31,3,14,1957,29.83484
31,3,14,1958,30.09661
31,3,14,1959,29.72112
31,3,14,1960,30.31118
31,3,14,1961,30.32478
31,3,14,1962,30.0713
31,3,14,1963,30.34636
31,3,14,1964,30.64824
31,3,14,1965,30.46659
31,3,14,1966,30.51795
31,3,14,1967,30.33135
31,3,14,1968,30.21345
31,3,14,1969,29.87115
31,3,14,1970,29.9261
31,3,14,1971,29.97711
31,3,14,1972,30.05433
31,3,14,1973,30.08709
31,3,14,1974,30.16967
31,3,14,1975,29.94406
31,3,14,1976,29.86466
31,3,14,1977,29.67913
31,3,14,1978,29.54857
31,3,14,1979,29.42365
31,3,14,1980,29.32814
31,3,14,1981,29.47922
31,3,14,1982,29.59852
31,3,14,1983,29.36551
31,3,14,1984,29.09627
31,3,14,1985,29.27774
31,3,14,1986,29.94358
31,3,14,1987,29.86386
31,3,14,1988,29.87727
31,3,14,1989,29.7814
31,3,14,1990,29.64658
31,3,14,1991,29.50407
31,3,14,1992,29.08455
31,3,14,1993,28.15718
31,3,14,1994,27.56673
31,3,14,1995,27.64899
31,3,14,1996,28.09711
31,3,14,1997,28.47775
31,3,14,1998,28.7669
31,3,14,1999,28.45241
31,3,14,2000,28.31967
31,3,14,2001,28.30407
31,3,14,2002,28.16467
31,3,14,2003,28.12038
31,3,14,2004,28.33628
31,3,14,2005,28.18181
31,3,14,2006,28.84698
31,3,14,2007,29.19739
31,3,14,2008,29.32515
31,3,14,2009,29.8581
31,3,14,2010,30.03382
31,3,14,2011,30.58342
31,3,14,2012,30.87153
31,3,14,2013,31.18513
31,3,14,2014,31.32873
31,3,14,2015,31.23055
31,3,14,2016,31.50732
31,3,14,2017,31.9822
31,3,14,2018,32.31888
31,3,14,2019,32.62801
32,1,14,1950,24.29654
32,1,14,1951,24.30264
32,1,14,1952,24.32658
32,1,14,1953,24.46487
32,1,14,1954,24.73004
32,1,14,1955,24.78362
32,1,14,1956,24.77487
32,1,14,1957,24.6947
32,1,14,1958,24.6678
32,1,14,1959,25.10237
32,1,14,1960,25.70308
32,1,14,1961,26.11219
32,1,14,1962,26.28837
32,1,14,1963,26.21843
32,1,14,1964,26.1934
32,1,14,1965,26.30959
32,1,14,1966,26.20433
32,1,14,1967,26.0865
32,1,14,1968,25.79652
32,1,14,1969,25.46274
32,1,14,1970,26.00847
32,1,14,1971,26.38697
32,1,14,1972,26.71908
32,1,14,1973,26.9718
32,1,14,1974,27.02861
32,1,14,1975,27.06367
32,1,14,1976,26.98228
32,1,14,1977,26.67435
32,1,14,1978,26.21732
32,1,14,1979,26.61045
32,1,14,1980,27.06716
32,1,14,1981,27.04412
32,1,14,1982,27.08785
32,1,14,1983,26.92473
32,1,14,1984,26.80276
32,1,14,1985,27.00734
32,1,14,1986,27.59137
32,1,14,1987,27.49141
32,1,14,1988,26.93786
32,1,14,1989,27.092
32,1,14,1990,26.96819
32,1,14,1991,26.66363
32,1,14,1992,26.21963
32,1,14,1993,25.5197
32,1,14,1994,25.07915
32,1,14,1995,24.79761
32,1,14,1996,24.68535
32,1,14,1997,24.95183
32,1,14,1998,25.11101
32,1,14,1999,25.28861
32,1,14,2000,25.19726
32,1,14,2001,25.10228
32,1,14,2002,24.85717
32,1,14,2003,24.66299
32,1,14,2004,24.59173
32,1,14,2005,24.47711
32,1,14,2006,24.73345
32,1,14,2007,24.98385
32,1,14,2008,25.23212
32,1,14,2009,25.55377
32,1,14,2010,25.67574
32,1,14,2011,25.77276
32,1,14,2012,25.89175
32,1,14,2013,26.19941
32,1,14,2014,26.31543
32,1,14,2015,26.45466
32,1,14,2016,26.65637
32,1,14,2017,27.01723
32,1,14,2018,27.4024
32,1,14,2019,27.83281
32,2,14,1950,29.68429
32,2,14,1951,29.71601
32,2,14,1952,29.67677
32,2,14,1953,29.60998
32,2,14,1954,29.73972
32,2,14,1955,29.73777
32,2,14,1956,29.67938
32,2,14,1957,29.61087
32,2,14,1958,29.515
32,2,14,1959,29.96196
32,2,14,1960,30.54504
32,2,14,1961,31.04502
32,2,14,1962,31.35698
32,2,14,1963,31.41936
32,2,14,1964,31.62858
32,2,14,1965,31.67046
32,2,14,1966,31.6872
32,2,14,1967,31.59663
32,2,14,1968,31.41344
32,2,14,1969,31.18591
32,2,14,1970,31.61149
32,2,14,1971,31.95092
32,2,14,1972,32.20336
32,2,14,1973,32.4219
32,2,14,1974,32.52928
32,2,14,1975,32.5148
32,2,14,1976,32.47535
32,2,14,1977,32.26398
32,2,14,1978,31.89768
32,2,14,1979,32.21613
32,2,14,1980,32.60009
32,2,14,1981,32.62167
32,2,14,1982,32.78901
32,2,14,1983,32.63861
32,2,14,1984,32.4985
32,2,14,1985,32.53757
32,2,14,1986,32.79284
32,2,14,1987,32.72307
32,2,14,1988,32.29921
32,2,14,1989,32.55826
32,2,14,1990,32.60755
32,2,14,1991,32.2672
32,2,14,1992,31.6616
32,2,14,1993,30.97504
32,2,14,1994,30.53957
32,2,14,1995,30.49027
32,2,14,1996,30.54896
32,2,14,1997,30.65313
32,2,14,1998,30.60809
32,2,14,1999,30.65971
32,2,14,2000,30.48858
32,2,14,2001,30.42148
32,2,14,2002,30.24373
32,2,14,2003,30.05776
32,2,14,2004,30.00081
32,2,14,2005,29.90071
32,2,14,2006,30.1866
32,2,14,2007,30.4653
32,2,14,2008,30.65804
32,2,14,2009,30.85322
32,2,14,2010,30.95199
32,2,14,2011,31.02818
32,2,14,2012,31.18788
32,2,14,2013,31.44419
32,2,14,2014,31.58352
32,2,14,2015,31.68915
32,2,14,2016,31.83844
32,2,14,2017,32.12511
32,2,14,2018,32.46553
32,2,14,2019,32.84579
32,3,14,1950,27.02429
32,3,14,1951,27.07909
32,3,14,1952,27.08291
32,3,14,1953,27.16797
32,3,14,1954,27.39628
32,3,14,1955,27.41283
32,3,14,1956,27.38803
32,3,14,1957,27.33661
32,3,14,1958,27.30367
32,3,14,1959,27.76305
32,3,14,1960,28.36059
32,3,14,1961,28.80206
32,3,14,1962,29.09465
32,3,14,1963,29.08932
32,3,14,1964,29.14513
32,3,14,1965,29.27691
32,3,14,1966,29.2209
32,3,14,1967,29.13938
32,3,14,1968,28.90309
32,3,14,1969,28.62793
32,3,14,1970,29.09923
32,3,14,1971,29.50728
32,3,14,1972,29.79946
32,3,14,1973,30.03545
32,3,14,1974,30.09609
32,3,14,1975,30.13518
32,3,14,1976,30.04371
32,3,14,1977,29.79986
32,3,14,1978,29.38561
32,3,14,1979,29.69611
32,3,14,1980,30.12597
32,3,14,1981,30.1496
32,3,14,1982,30.22878
32,3,14,1983,30.05095
32,3,14,1984,29.90241
32,3,14,1985,30.02177
32,3,14,1986,30.43473
32,3,14,1987,30.34154
32,3,14,1988,29.81978
32,3,14,1989,30.01434
32,3,14,1990,29.97765
32,3,14,1991,29.6478
32,3,14,1992,29.06855
32,3,14,1993,28.34168
32,3,14,1994,27.86746
32,3,14,1995,27.70188
32,3,14,1996,27.66268
32,3,14,1997,27.87324
32,3,14,1998,27.92063
32,3,14,1999,28.01236
32,3,14,2000,27.8871
32,3,14,2001,27.79052
32,3,14,2002,27.56356
32,3,14,2003,27.361
32,3,14,2004,27.2966
32,3,14,2005,27.19368
32,3,14,2006,27.4913
32,3,14,2007,27.74162
32,3,14,2008,27.97349
32,3,14,2009,28.23381
32,3,14,2010,28.33244
32,3,14,2011,28.41897
32,3,14,2012,28.54746
32,3,14,2013,28.83726
32,3,14,2014,28.98712
32,3,14,2015,29.13215
32,3,14,2016,29.30744
32,3,14,2017,29.64671
32,3,14,2018,30.00421
32,3,14,2019,30.40904
33,1,14,1950,26.18092
33,1,14,1951,26.38296
33,1,14,1952,26.63401
33,1,14,1953,26.93562
33,1,14,1954,27.51366
33,1,14,1955,27.67335
33,1,14,1956,27.89974
33,1,14,1957,28.09528
33,1,14,1958,27.92353
33,1,14,1959,28.69696
33,1,14,1960,29.38745
33,1,14,1961,29.88995
33,1,14,1962,30.09443
33,1,14,1963,29.66514
33,1,14,1964,29.69792
33,1,14,1965,29.65823
33,1,14,1966,29.48939
33,1,14,1967,29.17801
33,1,14,1968,28.62775
33,1,14,1969,27.94913
33,1,14,1970,28.77794
33,1,14,1971,29.30505
33,1,14,1972,29.72837
33,1,14,1973,30.17063
33,1,14,1974,30.67364
33,1,14,1975,30.82866
33,1,14,1976,30.95724
33,1,14,1977,31.10463
33,1,14,1978,30.64632
33,1,14,1979,31.01896
33,1,14,1980,30.86882
33,1,14,1981,30.7054
33,1,14,1982,30.61169
33,1,14,1983,30.38871
33,1,14,1984,30.24572
33,1,14,1985,30.2796
33,1,14,1986,30.42411
33,1,14,1987,30.4968
33,1,14,1988,24.7551
33,1,14,1989,29.22077
33,1,14,1990,28.40432
33,1,14,1991,27.89287
33,1,14,1992,27.23925
33,1,14,1993,26.77898
33,1,14,1994,27.14116
33,1,14,1995,27.38968
33,1,14,1996,27.52024
33,1,14,1997,28.18351
33,1,14,1998,28.64874
33,1,14,1999,28.63104
33,1,14,2000,28.99113
33,1,14,2001,28.96813
33,1,14,2002,28.89731
33,1,14,2003,28.83771
33,1,14,2004,28.88931
33,1,14,2005,28.82354
33,1,14,2006,28.75502
33,1,14,2007,29.01769
33,1,14,2008,28.97908
33,1,14,2009,29.06103
33,1,14,2010,29.20799
33,1,14,2011,29.34478
33,1,14,2012,29.66669
33,1,14,2013,30.04413
33,1,14,2014,30.01244
33,1,14,2015,29.96723
33,1,14,2016,30.1643
33,1,14,2017,30.79633
33,1,14,2018,31.44443
33,1,14,2019,31.82823
33,2,14,1950,31.05884
33,2,14,1951,31.24871
33,2,14,1952,31.39057
33,2,14,1953,31.53202
33,2,14,1954,31.942
33,2,14,1955,32.10236
33,2,14,1956,32.1973
33,2,14,1957,32.23798
33,2,14,1958,32.13808
33,2,14,1959,32.78253
33,2,14,1960,33.36186
33,2,14,1961,33.81378
33,2,14,1962,34.03684
33,2,14,1963,33.93234
33,2,14,1964,33.92176
33,2,14,1965,33.90705
33,2,14,1966,33.7986
33,2,14,1967,33.58723
33,2,14,1968,33.30444
33,2,14,1969,32.94034
33,2,14,1970,33.41632
33,2,14,1971,33.81278
33,2,14,1972,34.10862
33,2,14,1973,34.36956
33,2,14,1974,34.67242
33,2,14,1975,34.70678
33,2,14,1976,34.78221
33,2,14,1977,34.7796
33,2,14,1978,34.55512
33,2,14,1979,34.7908
33,2,14,1980,34.53
33,2,14,1981,34.31114
33,2,14,1982,34.33732
33,2,14,1983,34.37596
33,2,14,1984,34.63463
33,2,14,1985,34.48434
33,2,14,1986,34.51846
33,2,14,1987,34.33646
33,2,14,1988,29.64503
33,2,14,1989,33.53232
33,2,14,1990,33.20802
33,2,14,1991,33.02948
33,2,14,1992,32.1444
33,2,14,1993,31.99926
33,2,14,1994,32.67574
33,2,14,1995,32.6633
33,2,14,1996,32.55886
33,2,14,1997,32.89403
33,2,14,1998,32.91857
33,2,14,1999,33.11032
33,2,14,2000,33.43156
33,2,14,2001,33.45582
33,2,14,2002,33.63347
33,2,14,2003,33.51026
33,2,14,2004,33.73739
33,2,14,2005,33.83043
33,2,14,2006,33.87249
33,2,14,2007,34.10616
33,2,14,2008,34.09015
33,2,14,2009,34.28543
33,2,14,2010,34.47945
33,2,14,2011,34.75749
33,2,14,2012,34.87933
33,2,14,2013,35.16017
33,2,14,2014,35.34341
33,2,14,2015,35.21999
33,2,14,2016,35.47423
33,2,14,2017,35.91289
33,2,14,2018,36.34005
33,2,14,2019,36.65112
33,3,14,1950,28.70214
33,3,14,1951,28.85757
33,3,14,1952,29.13282
33,3,14,1953,29.34979
33,3,14,1954,29.88797
33,3,14,1955,30.07276
33,3,14,1956,30.22707
33,3,14,1957,30.31344
33,3,14,1958,30.13149
33,3,14,1959,30.78502
33,3,14,1960,31.38569
33,3,14,1961,31.85035
33,3,14,1962,32.24102
33,3,14,1963,31.97364
33,3,14,1964,32.02735
33,3,14,1965,31.89687
33,3,14,1966,31.67611
33,3,14,1967,31.33937
33,3,14,1968,31.01095
33,3,14,1969,30.57953
33,3,14,1970,31.15386
33,3,14,1971,31.64465
33,3,14,1972,32.0242
33,3,14,1973,32.46082
33,3,14,1974,32.91606
33,3,14,1975,32.96854
33,3,14,1976,33.09198
33,3,14,1977,33.1003
33,3,14,1978,32.78948
33,3,14,1979,33.12822
33,3,14,1980,32.82643
33,3,14,1981,32.59133
33,3,14,1982,32.54554
33,3,14,1983,32.43718
33,3,14,1984,32.50565
33,3,14,1985,32.4415
33,3,14,1986,32.53736
33,3,14,1987,32.46303
33,3,14,1988,27.23377
33,3,14,1989,31.47065
33,3,14,1990,30.88945
33,3,14,1991,30.54243
33,3,14,1992,29.74215
33,3,14,1993,29.44045
33,3,14,1994,29.96943
33,3,14,1995,30.0954
33,3,14,1996,30.0958
33,3,14,1997,30.62888
33,3,14,1998,30.92643
33,3,14,1999,30.95306
33,3,14,2000,31.29741
33,3,14,2001,31.29715
33,3,14,2002,31.31846
33,3,14,2003,31.23886
33,3,14,2004,31.37805
33,3,14,2005,31.38793
33,3,14,2006,31.3767
33,3,14,2007,31.61448
33,3,14,2008,31.57492
33,3,14,2009,31.7244
33,3,14,2010,31.89234
33,3,14,2011,32.09352
33,3,14,2012,32.3216
33,3,14,2013,32.64694
33,3,14,2014,32.73662
33,3,14,2015,32.68924
33,3,14,2016,32.91411
33,3,14,2017,33.50168
33,3,14,2018,33.95984
33,3,14,2019,34.40073
34,1,14,1950,22.31057
34,1,14,1951,22.44784
34,1,14,1952,22.6831
34,1,14,1953,22.98841
34,1,14,1954,23.50909
34,1,14,1955,23.67945
34,1,14,1956,23.96043
34,1,14,1957,24.05737
34,1,14,1958,23.90215
34,1,14,1959,24.72061
34,1,14,1960,25.49447
34,1,14,1961,26.07317
34,1,14,1962,26.48107
34,1,14,1963,26.52109
34,1,14,1964,26.63307
34,1,14,1965,26.83645
34,1,14,1966,26.80471
34,1,14,1967,26.60138
34,1,14,1968,26.28766
34,1,14,1969,25.56198
34,1,14,1970,26.65087
34,1,14,1971,27.27381
34,1,14,1972,27.7139
34,1,14,1973,28.06422
34,1,14,1974,28.03399
34,1,14,1975,27.95859
34,1,14,1976,27.81951
34,1,14,1977,27.38052
34,1,14,1978,26.54547
34,1,14,1979,27.49881
34,1,14,1980,28.00308
34,1,14,1981,27.73387
34,1,14,1982,28.28998
34,1,14,1983,28.41332
34,1,14,1984,28.14473
34,1,14,1985,28.1084
34,1,14,1986,27.992
34,1,14,1987,27.70395
34,1,14,1988,27.55228
34,1,14,1989,27.82781
34,1,14,1990,27.71567
34,1,14,1991,27.34177
34,1,14,1992,26.8036
34,1,14,1993,26.47088
34,1,14,1994,26.16918
34,1,14,1995,26.00045
34,1,14,1996,26.14591
34,1,14,1997,26.43153
34,1,14,1998,26.72218
34,1,14,1999,26.94432
34,1,14,2000,27.05456
34,1,14,2001,27.22434
34,1,14,2002,27.16741
34,1,14,2003,27.00532
34,1,14,2004,26.93612
34,1,14,2005,26.79017
34,1,14,2006,26.88273
34,1,14,2007,27.0527
34,1,14,2008,26.98739
34,1,14,2009,27.10079
34,1,14,2010,27.19846
34,1,14,2011,27.25101
34,1,14,2012,27.25462
34,1,14,2013,27.43097
34,1,14,2014,27.57523
34,1,14,2015,27.66934
34,1,14,2016,27.9132
34,1,14,2017,28.17227
34,1,14,2018,28.88784
34,1,14,2019,29.3488
34,2,14,1950,28.36777
34,2,14,1951,28.43115
34,2,14,1952,28.62348
34,2,14,1953,28.74108
34,2,14,1954,29.00654
34,2,14,1955,29.15878
34,2,14,1956,29.24017
34,2,14,1957,29.21297
34,2,14,1958,29.08526
34,2,14,1959,29.78962
34,2,14,1960,30.43521
34,2,14,1961,31.07869
34,2,14,1962,31.61192
34,2,14,1963,31.8861
34,2,14,1964,32.09581
34,2,14,1965,32.30329
34,2,14,1966,32.39856
34,2,14,1967,32.35638
34,2,14,1968,32.17555
34,2,14,1969,31.76726
34,2,14,1970,32.52316
34,2,14,1971,33.01591
34,2,14,1972,33.39113
34,2,14,1973,33.63294
34,2,14,1974,33.52908
34,2,14,1975,33.44251
34,2,14,1976,33.27854
34,2,14,1977,32.80955
34,2,14,1978,32.32726
34,2,14,1979,32.88702
34,2,14,1980,33.53235
34,2,14,1981,33.31918
34,2,14,1982,33.65223
34,2,14,1983,33.74207
34,2,14,1984,33.73859
34,2,14,1985,33.82316
34,2,14,1986,33.66311
34,2,14,1987,33.59798
34,2,14,1988,33.50827
34,2,14,1989,33.7399
34,2,14,1990,33.67519
34,2,14,1991,33.28923
34,2,14,1992,32.50886
34,2,14,1993,31.94659
34,2,14,1994,31.43061
34,2,14,1995,31.5235
34,2,14,1996,31.72412
34,2,14,1997,31.74276
34,2,14,1998,31.6554
34,2,14,1999,31.51005
34,2,14,2000,31.47002
34,2,14,2001,31.47411
34,2,14,2002,31.30852
34,2,14,2003,31.0044
34,2,14,2004,30.90734
34,2,14,2005,30.82253
34,2,14,2006,30.89203
34,2,14,2007,31.03605
34,2,14,2008,31.14642
34,2,14,2009,31.20313
34,2,14,2010,31.27219
34,2,14,2011,31.46767
34,2,14,2012,31.5767
34,2,14,2013,31.6672
34,2,14,2014,31.66612
34,2,14,2015,31.80322
34,2,14,2016,31.94442
34,2,14,2017,32.19883
34,2,14,2018,32.68143
34,2,14,2019,33.01871
34,3,14,1950,25.41605
34,3,14,1951,25.5544
34,3,14,1952,25.81219
34,3,14,1953,26.01284
34,3,14,1954,26.48771
34,3,14,1955,26.6357
34,3,14,1956,26.77645
34,3,14,1957,26.81
34,3,14,1958,26.73437
34,3,14,1959,27.54966
34,3,14,1960,28.17999
34,3,14,1961,28.71538
34,3,14,1962,29.12242
34,3,14,1963,29.07217
34,3,14,1964,29.18941
34,3,14,1965,29.44191
34,3,14,1966,29.64972
34,3,14,1967,29.77199
34,3,14,1968,29.58368
34,3,14,1969,28.98302
34,3,14,1970,29.82739
34,3,14,1971,30.41504
34,3,14,1972,30.9298
34,3,14,1973,31.24843
34,3,14,1974,31.14021
34,3,14,1975,31.02496
34,3,14,1976,30.94982
34,3,14,1977,30.41642
34,3,14,1978,29.78804
34,3,14,1979,30.40147
34,3,14,1980,30.92749
34,3,14,1981,30.86039
34,3,14,1982,31.14797
34,3,14,1983,31.2269
34,3,14,1984,31.07973
34,3,14,1985,31.04282
34,3,14,1986,30.92181
34,3,14,1987,30.74109
34,3,14,1988,30.63857
34,3,14,1989,30.91029
34,3,14,1990,30.79596
34,3,14,1991,30.37078
34,3,14,1992,29.6061
34,3,14,1993,29.12947
34,3,14,1994,28.71773
34,3,14,1995,28.69039
34,3,14,1996,28.79956
34,3,14,1997,29.07372
34,3,14,1998,29.27331
34,3,14,1999,29.15035
34,3,14,2000,29.1134
34,3,14,2001,29.24824
34,3,14,2002,29.12137
34,3,14,2003,28.92172
34,3,14,2004,28.80758
34,3,14,2005,28.70956
34,3,14,2006,28.75089
34,3,14,2007,28.90615
34,3,14,2008,28.95835
34,3,14,2009,28.9901
34,3,14,2010,29.08491
34,3,14,2011,29.25462
34,3,14,2012,29.30862
34,3,14,2013,29.53593
34,3,14,2014,29.61256
34,3,14,2015,29.70361
34,3,14,2016,29.90602
34,3,14,2017,30.13858
34,3,14,2018,30.5245
34,3,14,2019,30.78209
35,1,14,1950,24.9226
35,1,14,1951,25.0467
35,1,14,1952,25.21399
35,1,14,1953,25.41928
35,1,14,1954,25.84784
35,1,14,1955,26.03233
35,1,14,1956,26.11333
35,1,14,1957,26.08172
35,1,14,1958,25.85359
35,1,14,1959,26.57581
35,1,14,1960,27.18
35,1,14,1961,27.62916
35,1,14,1962,27.87607
35,1,14,1963,27.78123
35,1,14,1964,27.74429
35,1,14,1965,27.89333
35,1,14,1966,27.82648
35,1,14,1967,27.61179
35,1,14,1968,27.3032
35,1,14,1969,26.83551
35,1,14,1970,27.49825
35,1,14,1971,27.89549
35,1,14,1972,28.18037
35,1,14,1973,28.24683
35,1,14,1974,28.16511
35,1,14,1975,28.10781
35,1,14,1976,28.14657
35,1,14,1977,27.90745
35,1,14,1978,27.81342
35,1,14,1979,27.80299
35,1,14,1980,28.28017
35,1,14,1981,28.20869
35,1,14,1982,28.14956
35,1,14,1983,27.8723
35,1,14,1984,27.55234
35,1,14,1985,27.53753
35,1,14,1986,27.39583
35,1,14,1987,27.17533
35,1,14,1988,27.00472
35,1,14,1989,27.07013
35,1,14,1990,27.09626
35,1,14,1991,27.06933
35,1,14,1992,27.22645
35,1,14,1993,27.66211
35,1,14,1994,27.84038
35,1,14,1995,28.63981
35,1,14,1996,29.16947
35,1,14,1997,28.94697
35,1,14,1998,28.53364
35,1,14,1999,28.46225
35,1,14,2000,28.48933
35,1,14,2001,28.3762
35,1,14,2002,27.76526
35,1,14,2003,27.59904
35,1,14,2004,27.49801
35,1,14,2005,27.92016
35,1,14,2006,28.09197
35,1,14,2007,28.19349
35,1,14,2008,28.06024
35,1,14,2009,28.00697
35,1,14,2010,27.73198
35,1,14,2011,27.75318
35,1,14,2012,27.94692
35,1,14,2013,28.24126
35,1,14,2014,28.20027
35,1,14,2015,27.75732
35,1,14,2016,27.54645
35,1,14,2017,28.13656
35,1,14,2018,28.68675
35,1,14,2019,29.16061
35,2,14,1950,30.90251
35,2,14,1951,31.07584
35,2,14,1952,31.27622
35,2,14,1953,31.34685
35,2,14,1954,31.81733
35,2,14,1955,31.93951
35,2,14,1956,32.08632
35,2,14,1957,32.0643
35,2,14,1958,31.90816
35,2,14,1959,32.56663
35,2,14,1960,33.08393
35,2,14,1961,33.46417
35,2,14,1962,33.66992
35,2,14,1963,33.40284
35,2,14,1964,33.47165
35,2,14,1965,33.69911
35,2,14,1966,33.73268
35,2,14,1967,33.72822
35,2,14,1968,33.6405
35,2,14,1969,33.36174
35,2,14,1970,33.85429
35,2,14,1971,34.04886
35,2,14,1972,34.20512
35,2,14,1973,34.22018
35,2,14,1974,34.08967
35,2,14,1975,34.17534
35,2,14,1976,34.24094
35,2,14,1977,34.34143
35,2,14,1978,34.28473
35,2,14,1979,34.12789
35,2,14,1980,33.59795
35,2,14,1981,33.49072
35,2,14,1982,33.53995
35,2,14,1983,33.36312
35,2,14,1984,33.06994
35,2,14,1985,32.98162
35,2,14,1986,32.8752
35,2,14,1987,32.6857
35,2,14,1988,32.46403
35,2,14,1989,32.49335
35,2,14,1990,32.58472
35,2,14,1991,32.52906
35,2,14,1992,32.49215
35,2,14,1993,32.77005
35,2,14,1994,32.89817
35,2,14,1995,33.99905
35,2,14,1996,34.75774
35,2,14,1997,34.64709
35,2,14,1998,34.49101
35,2,14,1999,34.19174
35,2,14,2000,33.9927
35,2,14,2001,34.10792
35,2,14,2002,33.66567
35,2,14,2003,33.50245
35,2,14,2004,33.50041
35,2,14,2005,33.72425
35,2,14,2006,34.30109
35,2,14,2007,35.11497
35,2,14,2008,35.31991
35,2,14,2009,34.88569
35,2,14,2010,34.81847
35,2,14,2011,34.83504
35,2,14,2012,34.97973
35,2,14,2013,35.1578
35,2,14,2014,35.23169
35,2,14,2015,35.07076
35,2,14,2016,35.01047
35,2,14,2017,35.463
35,2,14,2018,35.91956
35,2,14,2019,36.30183
35,3,14,1950,27.86025
35,3,14,1951,27.9592
35,3,14,1952,28.15032
35,3,14,1953,28.45115
35,3,14,1954,28.9301
35,3,14,1955,29.09676
35,3,14,1956,29.22828
35,3,14,1957,29.25244
35,3,14,1958,29.03389
35,3,14,1959,29.78888
35,3,14,1960,30.33707
35,3,14,1961,30.79891
35,3,14,1962,31.03597
35,3,14,1963,30.88028
35,3,14,1964,30.89072
35,3,14,1965,31.00263
35,3,14,1966,30.87825
35,3,14,1967,30.76494
35,3,14,1968,30.68691
35,3,14,1969,30.34961
35,3,14,1970,30.93063
35,3,14,1971,31.31416
35,3,14,1972,31.49844
35,3,14,1973,31.56398
35,3,14,1974,31.48675
35,3,14,1975,31.45127
35,3,14,1976,31.36782
35,3,14,1977,31.38398
35,3,14,1978,31.33558
35,3,14,1979,31.33568
35,3,14,1980,31.30873
35,3,14,1981,31.13561
35,3,14,1982,31.04252
35,3,14,1983,30.68406
35,3,14,1984,30.4279
35,3,14,1985,30.31701
35,3,14,1986,30.24488
35,3,14,1987,29.96767
35,3,14,1988,29.79289
35,3,14,1989,29.82831
35,3,14,1990,29.93816
35,3,14,1991,30.02084
35,3,14,1992,30.05537
35,3,14,1993,30.44323
35,3,14,1994,30.52004
35,3,14,1995,31.3885
35,3,14,1996,32.01087
35,3,14,1997,31.93427
35,3,14,1998,31.73262
35,3,14,1999,31.44413
35,3,14,2000,31.26451
35,3,14,2001,31.20039
35,3,14,2002,30.69201
35,3,14,2003,30.51271
35,3,14,2004,30.45897
35,3,14,2005,30.81374
35,3,14,2006,31.13975
35,3,14,2007,31.60302
35,3,14,2008,31.6214
35,3,14,2009,31.34416
35,3,14,2010,31.1561
35,3,14,2011,31.20412
35,3,14,2012,31.38947
35,3,14,2013,31.64757
35,3,14,2014,31.65679
35,3,14,2015,31.52915
35,3,14,2016,31.39076
35,3,14,2017,31.92453
35,3,14,2018,32.44836
35,3,14,2019,32.89283
36,1,14,1950,24.05222
36,1,14,1951,24.09524
36,1,14,1952,24.22804
36,1,14,1953,24.20949
36,1,14,1954,24.3441
36,1,14,1955,24.24339
36,1,14,1956,24.12501
36,1,14,1957,23.86671
36,1,14,1958,23.35275
36,1,14,1959,23.99508
36,1,14,1960,24.58698
36,1,14,1961,24.99207
36,1,14,1962,25.19028
36,1,14,1963,25.15265
36,1,14,1964,25.18427
36,1,14,1965,25.32304
36,1,14,1966,25.20616
36,1,14,1967,25.07901
36,1,14,1968,24.74628
36,1,14,1969,23.86782
36,1,14,1970,24.84415
36,1,14,1971,25.26536
36,1,14,1972,25.62927
36,1,14,1973,25.72169
36,1,14,1974,25.75416
36,1,14,1975,25.68859
36,1,14,1976,25.60459
36,1,14,1977,25.34097
36,1,14,1978,24.41989
36,1,14,1979,25.36686
36,1,14,1980,25.46679
36,1,14,1981,25.0582
36,1,14,1982,25.21671
36,1,14,1983,25.00136
36,1,14,1984,24.8587
36,1,14,1985,25.17597
36,1,14,1986,26.31713
36,1,14,1987,26.10432
36,1,14,1988,26.01669
36,1,14,1989,25.71715
36,1,14,1990,25.78963
36,1,14,1991,25.41711
36,1,14,1992,24.78666
36,1,14,1993,23.82302
36,1,14,1994,23.10873
36,1,14,1995,22.40916
36,1,14,1996,22.28236
36,1,14,1997,22.53765
36,1,14,1998,22.89109
36,1,14,1999,23.20824
36,1,14,2000,23.0491
36,1,14,2001,22.93909
36,1,14,2002,22.71111
36,1,14,2003,22.47062
36,1,14,2004,22.56872
36,1,14,2005,22.60717
36,1,14,2006,22.78954
36,1,14,2007,23.12512
36,1,14,2008,23.80646
36,1,14,2009,24.35978
36,1,14,2010,24.49614
36,1,14,2011,24.69994
36,1,14,2012,25.01767
36,1,14,2013,25.5298
36,1,14,2014,26.01641
36,1,14,2015,26.33032
36,1,14,2016,26.55564
36,1,14,2017,26.99903
36,1,14,2018,27.52972
36,1,14,2019,28.39175
36,2,14,1950,30.52629
36,2,14,1951,30.67152
36,2,14,1952,30.66359
36,2,14,1953,30.57456
36,2,14,1954,30.75624
36,2,14,1955,30.62914
36,2,14,1956,30.53838
36,2,14,1957,30.29673
36,2,14,1958,29.82378
36,2,14,1959,30.48239
36,2,14,1960,31.0661
36,2,14,1961,31.47208
36,2,14,1962,31.72499
36,2,14,1963,31.75943
36,2,14,1964,31.7469
36,2,14,1965,31.78284
36,2,14,1966,31.77246
36,2,14,1967,31.67976
36,2,14,1968,31.37586
36,2,14,1969,30.78401
36,2,14,1970,31.49303
36,2,14,1971,32.01551
36,2,14,1972,32.29789
36,2,14,1973,32.46359
36,2,14,1974,32.59276
36,2,14,1975,32.52006
36,2,14,1976,32.34568
36,2,14,1977,32.13373
36,2,14,1978,31.42116
36,2,14,1979,32.25121
36,2,14,1980,32.82115
36,2,14,1981,32.5599
36,2,14,1982,32.87415
36,2,14,1983,32.59144
36,2,14,1984,32.27599
36,2,14,1985,32.22537
36,2,14,1986,32.80564
36,2,14,1987,32.6194
36,2,14,1988,32.512
36,2,14,1989,32.36158
36,2,14,1990,32.50254
36,2,14,1991,32.15206
36,2,14,1992,31.58045
36,2,14,1993,30.71261
36,2,14,1994,30.09973
36,2,14,1995,29.69477
36,2,14,1996,29.70106
36,2,14,1997,29.8827
36,2,14,1998,30.20708
36,2,14,1999,30.41657
36,2,14,2000,30.45549
36,2,14,2001,30.42357
36,2,14,2002,30.36704
36,2,14,2003,30.25672
36,2,14,2004,30.33992
36,2,14,2005,30.33895
36,2,14,2006,30.47443
36,2,14,2007,30.71603
36,2,14,2008,31.12776
36,2,14,2009,31.485
36,2,14,2010,31.56793
36,2,14,2011,31.76908
36,2,14,2012,32.02239
36,2,14,2013,32.50874
36,2,14,2014,32.85078
36,2,14,2015,33.08127
36,2,14,2016,33.2496
36,2,14,2017,33.49076
36,2,14,2018,34.11115
36,2,14,2019,34.46372
36,3,14,1950,27.34084
36,3,14,1951,27.41378
36,3,14,1952,27.57638
36,3,14,1953,27.53675
36,3,14,1954,27.74769
36,3,14,1955,27.62513
36,3,14,1956,27.47503
36,3,14,1957,27.1714
36,3,14,1958,26.88731
36,3,14,1959,27.55777
36,3,14,1960,28.10743
36,3,14,1961,28.60381
36,3,14,1962,28.77073
36,3,14,1963,28.76667
36,3,14,1964,28.89357
36,3,14,1965,29.00731
36,3,14,1966,28.95019
36,3,14,1967,28.85574
36,3,14,1968,28.47192
36,3,14,1969,27.8065
36,3,14,1970,28.546
36,3,14,1971,29.03257
36,3,14,1972,29.38636
36,3,14,1973,29.59812
36,3,14,1974,29.63549
36,3,14,1975,29.5914
36,3,14,1976,29.37509
36,3,14,1977,29.10928
36,3,14,1978,28.35889
36,3,14,1979,29.08141
36,3,14,1980,29.44744
36,3,14,1981,29.24553
36,3,14,1982,29.47165
36,3,14,1983,29.18215
36,3,14,1984,28.94604
36,3,14,1985,29.0953
36,3,14,1986,29.9661
36,3,14,1987,29.74442
36,3,14,1988,29.61807
36,3,14,1989,29.39914
36,3,14,1990,29.43605
36,3,14,1991,29.01855
36,3,14,1992,28.34246
36,3,14,1993,27.34262
36,3,14,1994,26.65389
36,3,14,1995,26.13112
36,3,14,1996,25.98881
36,3,14,1997,26.28748
36,3,14,1998,26.55524
36,3,14,1999,26.84059
36,3,14,2000,26.76626
36,3,14,2001,26.71021
36,3,14,2002,26.53282
36,3,14,2003,26.34717
36,3,14,2004,26.47393
36,3,14,2005,26.45437
36,3,14,2006,26.67235
36,3,14,2007,26.90811
36,3,14,2008,27.56985
36,3,14,2009,27.98064
36,3,14,2010,28.08197
36,3,14,2011,28.3282
36,3,14,2012,28.57658
36,3,14,2013,29.10323
36,3,14,2014,29.51342
36,3,14,2015,29.77679
36,3,14,2016,29.98687
36,3,14,2017,30.44927
36,3,14,2018,31.04043
36,3,14,2019,31.66889
37,1,14,1950,23.05373
37,1,14,1951,23.12877
37,1,14,1952,23.21016
37,1,14,1953,23.79902
37,1,14,1954,24.07296
37,1,14,1955,24.11969
37,1,14,1956,24.09092
37,1,14,1957,23.87732
37,1,14,1958,23.79178
37,1,14,1959,24.09856
37,1,14,1960,24.60238
37,1,14,1961,25.02389
37,1,14,1962,25.2553
37,1,14,1963,25.05943
37,1,14,1964,24.77043
37,1,14,1965,24.88118
37,1,14,1966,24.68596
37,1,14,1967,24.50974
37,1,14,1968,24.1337
37,1,14,1969,23.9358
37,1,14,1970,24.37022
37,1,14,1971,24.85568
37,1,14,1972,25.16328
37,1,14,1973,25.40431
37,1,14,1974,24.98574
37,1,14,1975,24.95191
37,1,14,1976,24.60555
37,1,14,1977,24.03378
37,1,14,1978,23.67708
37,1,14,1979,24.13898
37,1,14,1980,25.04585
37,1,14,1981,25.2465
37,1,14,1982,25.94486
37,1,14,1983,26.25862
37,1,14,1984,26.07677
37,1,14,1985,26.7085
37,1,14,1986,27.62388
37,1,14,1987,27.59335
37,1,14,1988,27.32016
37,1,14,1989,26.97777
37,1,14,1990,26.9188
37,1,14,1991,26.78951
37,1,14,1992,26.42752
37,1,14,1993,25.61227
37,1,14,1994,24.72701
37,1,14,1995,24.80548
37,1,14,1996,25.29618
37,1,14,1997,25.56674
37,1,14,1998,25.85797
37,1,14,1999,26.36604
37,1,14,2000,26.07072
37,1,14,2001,25.9036
37,1,14,2002,25.43214
37,1,14,2003,25.19807
37,1,14,2004,25.44964
37,1,14,2005,25.28853
37,1,14,2006,24.90922
37,1,14,2007,24.96612
37,1,14,2008,25.59104
37,1,14,2009,26.25351
37,1,14,2010,26.50439
37,1,14,2011,26.91092
37,1,14,2012,27.16974
37,1,14,2013,27.63112
37,1,14,2014,27.86441
37,1,14,2015,28.06707
37,1,14,2016,28.61241
37,1,14,2017,28.69393
37,1,14,2018,29.6701
37,1,14,2019,30.26889
37,2,14,1950,29.3816
37,2,14,1951,29.57245
37,2,14,1952,29.51008
37,2,14,1953,29.52868
37,2,14,1954,29.62186
37,2,14,1955,29.64344
37,2,14,1956,29.56624
37,2,14,1957,29.39217
37,2,14,1958,29.33162
37,2,14,1959,29.67173
37,2,14,1960,30.10195
37,2,14,1961,30.43925
37,2,14,1962,30.72229
37,2,14,1963,30.98003
37,2,14,1964,31.14736
37,2,14,1965,31.2187
37,2,14,1966,31.17735
37,2,14,1967,31.12375
37,2,14,1968,30.79988
37,2,14,1969,30.65272
37,2,14,1970,31.12319
37,2,14,1971,31.62678
37,2,14,1972,32.01368
37,2,14,1973,32.3131
37,2,14,1974,32.93298
37,2,14,1975,32.89243
37,2,14,1976,32.90008
37,2,14,1977,32.94138
37,2,14,1978,32.77038
37,2,14,1979,33.02785
37,2,14,1980,32.90914
37,2,14,1981,32.82679
37,2,14,1982,32.78147
37,2,14,1983,32.55072
37,2,14,1984,32.18268
37,2,14,1985,32.51579
37,2,14,1986,33.22179
37,2,14,1987,33.21486
37,2,14,1988,32.90508
37,2,14,1989,33.05708
37,2,14,1990,33.24156
37,2,14,1991,32.97514
37,2,14,1992,32.72442
37,2,14,1993,32.07596
37,2,14,1994,31.38419
37,2,14,1995,31.34394
37,2,14,1996,32.01216
37,2,14,1997,32.38915
37,2,14,1998,32.42121
37,2,14,1999,32.47271
37,2,14,2000,31.90817
37,2,14,2001,31.74027
37,2,14,2002,31.38171
37,2,14,2003,31.06292
37,2,14,2004,31.1752
37,2,14,2005,31.18532
37,2,14,2006,31.11799
37,2,14,2007,31.44448
37,2,14,2008,31.6437
37,2,14,2009,32.25828
37,2,14,2010,32.64936
37,2,14,2011,32.73267
37,2,14,2012,33.10213
37,2,14,2013,33.49159
37,2,14,2014,33.81892
37,2,14,2015,33.78102
37,2,14,2016,34.24925
37,2,14,2017,34.42759
37,2,14,2018,35.06287
37,2,14,2019,35.49309
37,3,14,1950,26.1924
37,3,14,1951,26.36218
37,3,14,1952,26.4239
37,3,14,1953,26.77542
37,3,14,1954,27.07561
37,3,14,1955,27.08937
37,3,14,1956,27.11716
37,3,14,1957,26.84734
37,3,14,1958,26.79729
37,3,14,1959,27.16842
37,3,14,1960,27.72554
37,3,14,1961,28.03613
37,3,14,1962,28.38202
37,3,14,1963,28.37129
37,3,14,1964,28.19281
37,3,14,1965,28.29617
37,3,14,1966,28.23097
37,3,14,1967,28.10756
37,3,14,1968,27.76777
37,3,14,1969,27.53491
37,3,14,1970,27.97889
37,3,14,1971,28.56328
37,3,14,1972,28.87268
37,3,14,1973,29.17988
37,3,14,1974,29.11098
37,3,14,1975,29.07276
37,3,14,1976,28.89276
37,3,14,1977,28.47396
37,3,14,1978,28.22647
37,3,14,1979,28.70437
37,3,14,1980,29.29238
37,3,14,1981,29.40417
37,3,14,1982,29.67166
37,3,14,1983,29.73645
37,3,14,1984,29.42106
37,3,14,1985,29.87392
37,3,14,1986,30.68689
37,3,14,1987,30.61213
37,3,14,1988,30.32808
37,3,14,1989,30.18388
37,3,14,1990,30.33874
37,3,14,1991,29.99064
37,3,14,1992,29.65766
37,3,14,1993,28.89934
37,3,14,1994,28.0388
37,3,14,1995,28.028
37,3,14,1996,28.6102
37,3,14,1997,28.92818
37,3,14,1998,29.11765
37,3,14,1999,29.39314
37,3,14,2000,28.9466
37,3,14,2001,28.78443
37,3,14,2002,28.40067
37,3,14,2003,28.12539
37,3,14,2004,28.31029
37,3,14,2005,28.23536
37,3,14,2006,27.97921
37,3,14,2007,28.17118
37,3,14,2008,28.61904
37,3,14,2009,29.31688
37,3,14,2010,29.57869
37,3,14,2011,29.81455
37,3,14,2012,30.13843
37,3,14,2013,30.62342
37,3,14,2014,30.8815
37,3,14,2015,30.96629
37,3,14,2016,31.54204
37,3,14,2017,31.61418
37,3,14,2018,32.40593
37,3,14,2019,33.02462
38,1,14,1950,20.91283
38,1,14,1951,20.99134
38,1,14,1952,21.14708
38,1,14,1953,21.39927
38,1,14,1954,21.66176
38,1,14,1955,21.87064
38,1,14,1956,21.95254
38,1,14,1957,21.51496
38,1,14,1958,22.34497
38,1,14,1959,22.64274
38,1,14,1960,22.88971
38,1,14,1961,23.16159
38,1,14,1962,23.47594
38,1,14,1963,23.79669
38,1,14,1964,24.18784
38,1,14,1965,24.41667
38,1,14,1966,24.31478
38,1,14,1967,24.32776
38,1,14,1968,24.37399
38,1,14,1969,24.34209
38,1,14,1970,24.33422
38,1,14,1971,24.67512
38,1,14,1972,24.94872
38,1,14,1973,25.16967
38,1,14,1974,25.44317
38,1,14,1975,25.7998
38,1,14,1976,25.64338
38,1,14,1977,25.48067
38,1,14,1978,25.4496
38,1,14,1979,25.32037
38,1,14,1980,25.33153
38,1,14,1981,25.37503
38,1,14,1982,25.5168
38,1,14,1983,25.42655
38,1,14,1984,25.3142
38,1,14,1985,25.17499
38,1,14,1986,25.47656
38,1,14,1987,25.96061
38,1,14,1988,25.57249
38,1,14,1989,24.91564
38,1,14,1990,24.62546
38,1,14,1991,24.43239
38,1,14,1992,24.33894
38,1,14,1993,24.11667
38,1,14,1994,23.87078
38,1,14,1995,23.5181
38,1,14,1996,23.30659
38,1,14,1997,23.36964
38,1,14,1998,23.15857
38,1,14,1999,23.11975
38,1,14,2000,23.09601
38,1,14,2001,22.7959
38,1,14,2002,22.75642
38,1,14,2003,22.9209
38,1,14,2004,23.22054
38,1,14,2005,23.60834
38,1,14,2006,23.96803
38,1,14,2007,24.3609
38,1,14,2008,24.53363
38,1,14,2009,24.46645
38,1,14,2010,24.50946
38,1,14,2011,24.80799
38,1,14,2012,25.23429
38,1,14,2013,25.66488
38,1,14,2014,26.1323
38,1,14,2015,26.45094
38,1,14,2016,26.52168
38,1,14,2017,26.58452
38,1,14,2018,26.5438
38,1,14,2019,26.50452
38,2,14,1950,24.18936
38,2,14,1951,24.38125
38,2,14,1952,24.53613
38,2,14,1953,24.64508
38,2,14,1954,24.80928
38,2,14,1955,24.99607
38,2,14,1956,25.17132
38,2,14,1957,24.80666
38,2,14,1958,25.57604
38,2,14,1959,25.85805
38,2,14,1960,26.0859
38,2,14,1961,26.57783
38,2,14,1962,26.84277
38,2,14,1963,27.02538
38,2,14,1964,27.24924
38,2,14,1965,27.49414
38,2,14,1966,27.55226
38,2,14,1967,27.55993
38,2,14,1968,27.53725
38,2,14,1969,27.67563
38,2,14,1970,27.75986
38,2,14,1971,28.1322
38,2,14,1972,28.32874
38,2,14,1973,28.56235
38,2,14,1974,28.7417
38,2,14,1975,29.09826
38,2,14,1976,29.07349
38,2,14,1977,29.16436
38,2,14,1978,29.20194
38,2,14,1979,29.38937
38,2,14,1980,29.49156
38,2,14,1981,29.45542
38,2,14,1982,29.16875
38,2,14,1983,29.08231
38,2,14,1984,29.05206
38,2,14,1985,29.10138
38,2,14,1986,29.26919
38,2,14,1987,29.33945
38,2,14,1988,29.08654
38,2,14,1989,29.13466
38,2,14,1990,29.11453
38,2,14,1991,28.83782
38,2,14,1992,28.4366
38,2,14,1993,28.44972
38,2,14,1994,28.28919
38,2,14,1995,27.64679
38,2,14,1996,27.43646
38,2,14,1997,27.28765
38,2,14,1998,27.47612
38,2,14,1999,27.40733
38,2,14,2000,27.29039
38,2,14,2001,27.46493
38,2,14,2002,27.90578
38,2,14,2003,28.30964
38,2,14,2004,28.7251
38,2,14,2005,28.96753
38,2,14,2006,29.12568
38,2,14,2007,29.45143
38,2,14,2008,29.82243
38,2,14,2009,30.06162
38,2,14,2010,30.25219
38,2,14,2011,30.53607
38,2,14,2012,31.11545
38,2,14,2013,31.54861
38,2,14,2014,32.09396
38,2,14,2015,32.34536
38,2,14,2016,32.39043
38,2,14,2017,32.4778
38,2,14,2018,32.65466
38,2,14,2019,32.82204
38,3,14,1950,22.50079
38,3,14,1951,22.61616
38,3,14,1952,22.77417
38,3,14,1953,22.88945
38,3,14,1954,23.04974
38,3,14,1955,23.25672
38,3,14,1956,23.45263
38,3,14,1957,23.02962
38,3,14,1958,23.91385
38,3,14,1959,24.21922
38,3,14,1960,24.43418
38,3,14,1961,24.74664
38,3,14,1962,24.94589
38,3,14,1963,25.20791
38,3,14,1964,25.56334
38,3,14,1965,25.89735
38,3,14,1966,25.78586
38,3,14,1967,25.93838
38,3,14,1968,25.86757
38,3,14,1969,25.91136
38,3,14,1970,25.93982
38,3,14,1971,26.42931
38,3,14,1972,26.54997
38,3,14,1973,26.85409
38,3,14,1974,27.1057
38,3,14,1975,27.46112
38,3,14,1976,27.30318
38,3,14,1977,27.19542
38,3,14,1978,27.20642
38,3,14,1979,27.28911
38,3,14,1980,27.37179
38,3,14,1981,27.39061
38,3,14,1982,27.27865
38,3,14,1983,27.1887
38,3,14,1984,27.06273
38,3,14,1985,26.98266
38,3,14,1986,27.16732
38,3,14,1987,27.42948
38,3,14,1988,27.05484
38,3,14,1989,26.75904
38,3,14,1990,26.6508
38,3,14,1991,26.50438
38,3,14,1992,26.36931
38,3,14,1993,26.24296
38,3,14,1994,25.99719
38,3,14,1995,25.41868
38,3,14,1996,25.13647
38,3,14,1997,25.11108
38,3,14,1998,25.12488
38,3,14,1999,25.13259
38,3,14,2000,25.16281
38,3,14,2001,25.01655
38,3,14,2002,25.17969
38,3,14,2003,25.32799
38,3,14,2004,25.81289
38,3,14,2005,26.06857
38,3,14,2006,26.40788
38,3,14,2007,26.77795
38,3,14,2008,27.10581
38,3,14,2009,27.16862
38,3,14,2010,27.31418
38,3,14,2011,27.60332
38,3,14,2012,28.02607
38,3,14,2013,28.5117
38,3,14,2014,28.9523
38,3,14,2015,29.40664
38,3,14,2016,29.43333
38,3,14,2017,29.50242
38,3,14,2018,29.63679
38,3,14,2019,29.70652
39,1,14,1950,24.64244
39,1,14,1951,24.69253
39,1,14,1952,24.70632
39,1,14,1953,24.72969
39,1,14,1954,24.80826
39,1,14,1955,24.88652
39,1,14,1956,24.91475
39,1,14,1957,24.74147
39,1,14,1958,24.46383
39,1,14,1959,25.15586
39,1,14,1960,25.90443
39,1,14,1961,26.50458
39,1,14,1962,26.9762
39,1,14,1963,27.27524
39,1,14,1964,27.54381
39,1,14,1965,27.77615
39,1,14,1966,27.83447
39,1,14,1967,27.83133
39,1,14,1968,27.57839
39,1,14,1969,27.30901
39,1,14,1970,28.00106
39,1,14,1971,28.74142
39,1,14,1972,29.15746
39,1,14,1973,29.34687
39,1,14,1974,29.69167
39,1,14,1975,29.81599
39,1,14,1976,30.15491
39,1,14,1977,30.55094
39,1,14,1978,30.78434
39,1,14,1979,30.79112
39,1,14,1980,31.20341
39,1,14,1981,31.18045
39,1,14,1982,30.77583
39,1,14,1983,30.04777
39,1,14,1984,29.94842
39,1,14,1985,30.23981
39,1,14,1986,30.56329
39,1,14,1987,30.30362
39,1,14,1988,29.89264
39,1,14,1989,29.69
39,1,14,1990,29.48355
39,1,14,1991,29.20129
39,1,14,1992,28.13721
39,1,14,1993,27.60396
39,1,14,1994,28.20469
39,1,14,1995,28.02021
39,1,14,1996,27.90185
39,1,14,1997,28.53359
39,1,14,1998,28.74294
39,1,14,1999,28.91111
39,1,14,2000,28.99008
39,1,14,2001,28.83951
39,1,14,2002,28.61539
39,1,14,2003,28.63954
39,1,14,2004,28.41612
39,1,14,2005,28.02797
39,1,14,2006,27.96308
39,1,14,2007,27.73351
39,1,14,2008,27.70615
39,1,14,2009,27.87286
39,1,14,2010,27.71739
39,1,14,2011,27.60525
39,1,14,2012,27.62563
39,1,14,2013,27.80545
39,1,14,2014,27.68195
39,1,14,2015,27.67186
39,1,14,2016,27.60462
39,1,14,2017,27.91743
39,1,14,2018,28.64098
39,1,14,2019,29.18087
39,2,14,1950,28.30898
39,2,14,1951,28.36035
39,2,14,1952,28.34543
39,2,14,1953,28.35812
39,2,14,1954,28.36667
39,2,14,1955,28.42829
39,2,14,1956,28.37158
39,2,14,1957,28.2171
39,2,14,1958,28.01472
39,2,14,1959,28.67096
39,2,14,1960,29.36169
39,2,14,1961,29.91527
39,2,14,1962,30.34773
39,2,14,1963,30.68901
39,2,14,1964,30.9484
39,2,14,1965,31.17837
39,2,14,1966,31.3737
39,2,14,1967,31.34194
39,2,14,1968,31.21855
39,2,14,1969,31.18517
39,2,14,1970,31.65292
39,2,14,1971,32.28481
39,2,14,1972,32.60206
39,2,14,1973,32.76445
39,2,14,1974,33.00942
39,2,14,1975,33.02832
39,2,14,1976,33.07361
39,2,14,1977,33.01887
39,2,14,1978,33.09077
39,2,14,1979,33.19857
39,2,14,1980,33.22787
39,2,14,1981,33.21051
39,2,14,1982,33.59314
39,2,14,1983,33.685
39,2,14,1984,33.75959
39,2,14,1985,34.33424
39,2,14,1986,34.5133
39,2,14,1987,34.25003
39,2,14,1988,33.98871
39,2,14,1989,33.8617
39,2,14,1990,33.87181
39,2,14,1991,33.50233
39,2,14,1992,32.20749
39,2,14,1993,30.8647
39,2,14,1994,30.99716
39,2,14,1995,31.90227
39,2,14,1996,32.59862
39,2,14,1997,32.2863
39,2,14,1998,31.6321
39,2,14,1999,31.42608
39,2,14,2000,31.21471
39,2,14,2001,30.91387
39,2,14,2002,30.85779
39,2,14,2003,30.61598
39,2,14,2004,30.53494
39,2,14,2005,30.39916
39,2,14,2006,30.44038
39,2,14,2007,30.38781
39,2,14,2008,30.44423
39,2,14,2009,30.58096
39,2,14,2010,30.43084
39,2,14,2011,30.26954
39,2,14,2012,30.25095
39,2,14,2013,30.48236
39,2,14,2014,30.456
39,2,14,2015,30.51009
39,2,14,2016,30.55263
39,2,14,2017,30.83463
39,2,14,2018,31.3873
39,2,14,2019,31.8101
39,3,14,1950,26.52314
39,3,14,1951,26.54871
39,3,14,1952,26.45113
39,3,14,1953,26.60467
39,3,14,1954,26.66025
39,3,14,1955,26.73955
39,3,14,1956,26.57072
39,3,14,1957,26.41219
39,3,14,1958,26.261
39,3,14,1959,27.0078
39,3,14,1960,27.73313
39,3,14,1961,28.31574
39,3,14,1962,28.77148
39,3,14,1963,29.09557
39,3,14,1964,29.36513
39,3,14,1965,29.58238
39,3,14,1966,29.60113
39,3,14,1967,29.48457
39,3,14,1968,29.38513
39,3,14,1969,29.31006
39,3,14,1970,29.96942
39,3,14,1971,30.66126
39,3,14,1972,31.02728
39,3,14,1973,31.20967
39,3,14,1974,31.49804
39,3,14,1975,31.50797
39,3,14,1976,31.56618
39,3,14,1977,31.82214
39,3,14,1978,32.05502
39,3,14,1979,32.12185
39,3,14,1980,32.23006
39,3,14,1981,32.08911
39,3,14,1982,32.05307
39,3,14,1983,31.74659
39,3,14,1984,31.7426
39,3,14,1985,32.19418
39,3,14,1986,32.46719
39,3,14,1987,32.14048
39,3,14,1988,31.9023
39,3,14,1989,31.67105
39,3,14,1990,31.5109
39,3,14,1991,31.16074
39,3,14,1992,29.96262
39,3,14,1993,29.05076
39,3,14,1994,29.4799
39,3,14,1995,29.87507
39,3,14,1996,30.0639
39,3,14,1997,30.1714
39,3,14,1998,30.01029
39,3,14,1999,30.11996
39,3,14,2000,29.9336
39,3,14,2001,29.68101
39,3,14,2002,29.50835
39,3,14,2003,29.43853
39,3,14,2004,29.30102
39,3,14,2005,29.11748
39,3,14,2006,29.16733
39,3,14,2007,29.01472
39,3,14,2008,29.02103
39,3,14,2009,29.18167
39,3,14,2010,28.99985
39,3,14,2011,28.80018
39,3,14,2012,28.70412
39,3,14,2013,28.95067
39,3,14,2014,28.81281
39,3,14,2015,28.77838
39,3,14,2016,28.87855
39,3,14,2017,29.23532
39,3,14,2018,29.9289
39,3,14,2019,30.47975
40,1,14,1950,23.15441
40,1,14,1951,23.17009
40,1,14,1952,23.34655
40,1,14,1953,23.30449
40,1,14,1954,23.45518
40,1,14,1955,23.49151
40,1,14,1956,23.60834
40,1,14,1957,23.44024
40,1,14,1958,23.37124
40,1,14,1959,23.93409
40,1,14,1960,24.62777
40,1,14,1961,25.20167
40,1,14,1962,25.53055
40,1,14,1963,25.6516
40,1,14,1964,25.8562
40,1,14,1965,26.41761
40,1,14,1966,26.32765
40,1,14,1967,26.24161
40,1,14,1968,26.00516
40,1,14,1969,25.52214
40,1,14,1970,26.29711
40,1,14,1971,26.67021
40,1,14,1972,26.84286
40,1,14,1973,27.10501
40,1,14,1974,26.89412
40,1,14,1975,26.8781
40,1,14,1976,26.62263
40,1,14,1977,26.39398
40,1,14,1978,25.84058
40,1,14,1979,26.58136
40,1,14,1980,27.0058
40,1,14,1981,26.74594
40,1,14,1982,26.95218
40,1,14,1983,26.71547
40,1,14,1984,26.59475
40,1,14,1985,26.61013
40,1,14,1986,27.07347
40,1,14,1987,27.02569
40,1,14,1988,26.75467
40,1,14,1989,26.50164
40,1,14,1990,26.6782
40,1,14,1991,26.16501
40,1,14,1992,26.46557
40,1,14,1993,24.94624
40,1,14,1994,24.7248
40,1,14,1995,25.11057
40,1,14,1996,24.66802
40,1,14,1997,24.79315
40,1,14,1998,25.0437
40,1,14,1999,25.95124
40,1,14,2000,26.17769
40,1,14,2001,26.42448
40,1,14,2002,26.06899
40,1,14,2003,25.54217
40,1,14,2004,25.06721
40,1,14,2005,24.63437
40,1,14,2006,24.92253
40,1,14,2007,25.13167
40,1,14,2008,25.78136
40,1,14,2009,27.12091
40,1,14,2010,27.73099
40,1,14,2011,27.90668
40,1,14,2012,28.09054
40,1,14,2013,27.72884
40,1,14,2014,27.57509
40,1,14,2015,28.13327
40,1,14,2016,28.74575
40,1,14,2017,29.28147
40,1,14,2018,29.59747
40,1,14,2019,29.9348
40,2,14,1950,28.32161
40,2,14,1951,28.32024
40,2,14,1952,28.46745
40,2,14,1953,28.39124
40,2,14,1954,28.49312
40,2,14,1955,28.52269
40,2,14,1956,28.58056
40,2,14,1957,28.45002
40,2,14,1958,28.34709
40,2,14,1959,28.82998
40,2,14,1960,29.41438
40,2,14,1961,29.88167
40,2,14,1962,30.25589
40,2,14,1963,30.35579
40,2,14,1964,30.54763
40,2,14,1965,30.81744
40,2,14,1966,30.86052
40,2,14,1967,30.69871
40,2,14,1968,30.50251
40,2,14,1969,30.23208
40,2,14,1970,30.73973
40,2,14,1971,31.16684
40,2,14,1972,31.41933
40,2,14,1973,31.67808
40,2,14,1974,31.69672
40,2,14,1975,31.67053
40,2,14,1976,31.53099
40,2,14,1977,31.38483
40,2,14,1978,30.99145
40,2,14,1979,31.50418
40,2,14,1980,31.6987
40,2,14,1981,31.48694
40,2,14,1982,31.74734
40,2,14,1983,31.66015
40,2,14,1984,31.54748
40,2,14,1985,31.54495
40,2,14,1986,31.38661
40,2,14,1987,31.49386
40,2,14,1988,31.37807
40,2,14,1989,31.405
40,2,14,1990,31.54843
40,2,14,1991,31.23557
40,2,14,1992,30.80768
40,2,14,1993,29.92321
40,2,14,1994,29.5929
40,2,14,1995,29.69118
40,2,14,1996,29.61739
40,2,14,1997,29.92272
40,2,14,1998,30.59468
40,2,14,1999,31.24379
40,2,14,2000,31.50813
40,2,14,2001,31.56956
40,2,14,2002,31.2981
40,2,14,2003,31.30902
40,2,14,2004,30.96034
40,2,14,2005,30.53552
40,2,14,2006,30.55674
40,2,14,2007,30.96689
40,2,14,2008,31.44794
40,2,14,2009,32.53062
40,2,14,2010,33.01667
40,2,14,2011,32.79158
40,2,14,2012,32.82827
40,2,14,2013,32.98301
40,2,14,2014,33.08248
40,2,14,2015,33.60293
40,2,14,2016,34.1354
40,2,14,2017,34.59884
40,2,14,2018,34.78768
40,2,14,2019,35.03694
40,3,14,1950,25.64729
40,3,14,1951,25.68022
40,3,14,1952,25.87054
40,3,14,1953,25.84563
40,3,14,1954,25.99443
40,3,14,1955,26.04139
40,3,14,1956,26.15265
40,3,14,1957,25.9785
40,3,14,1958,25.94597
40,3,14,1959,26.34458
40,3,14,1960,26.91405
40,3,14,1961,27.4352
40,3,14,1962,27.90288
40,3,14,1963,28.24622
40,3,14,1964,28.44286
40,3,14,1965,28.65856
40,3,14,1966,28.60868
40,3,14,1967,28.50038
40,3,14,1968,28.34236
40,3,14,1969,28.09684
40,3,14,1970,28.78181
40,3,14,1971,29.15016
40,3,14,1972,29.37893
40,3,14,1973,29.63882
40,3,14,1974,29.54097
40,3,14,1975,29.52285
40,3,14,1976,29.32374
40,3,14,1977,29.13428
40,3,14,1978,28.60459
40,3,14,1979,29.29053
40,3,14,1980,29.59276
40,3,14,1981,29.29291
40,3,14,1982,29.57723
40,3,14,1983,29.3415
40,3,14,1984,29.22894
40,3,14,1985,29.19501
40,3,14,1986,29.42986
40,3,14,1987,29.39789
40,3,14,1988,29.25311
40,3,14,1989,29.11876
40,3,14,1990,29.20269
40,3,14,1991,28.8359
40,3,14,1992,28.71465
40,3,14,1993,27.48559
40,3,14,1994,27.20417
40,3,14,1995,27.43856
40,3,14,1996,27.16998
40,3,14,1997,27.42724
40,3,14,1998,27.82305
40,3,14,1999,28.58104
40,3,14,2000,28.92782
40,3,14,2001,29.03075
40,3,14,2002,28.7063
40,3,14,2003,28.41365
40,3,14,2004,27.9884
40,3,14,2005,27.54057
40,3,14,2006,27.72926
40,3,14,2007,28.03754
40,3,14,2008,28.62325
40,3,14,2009,29.89138
40,3,14,2010,30.43524
40,3,14,2011,30.4217
40,3,14,2012,30.53398
40,3,14,2013,30.41365
40,3,14,2014,30.43248
40,3,14,2015,30.97441
40,3,14,2016,31.55859
40,3,14,2017,32.06276
40,3,14,2018,32.31818
40,3,14,2019,32.61327
41,1,14,1950,26.09869
41,1,14,1951,25.9891
41,1,14,1952,26.09134
41,1,14,1953,26.86875
41,1,14,1954,27.32954
41,1,14,1955,27.42896
41,1,14,1956,27.33226
41,1,14,1957,27.27294
41,1,14,1958,26.87549
41,1,14,1959,27.59027
41,1,14,1960,28.08608
41,1,14,1961,28.48483
41,1,14,1962,28.76493
41,1,14,1963,28.46034
41,1,14,1964,27.93209
41,1,14,1965,28.07049
41,1,14,1966,27.95463
41,1,14,1967,27.83332
41,1,14,1968,27.50449
41,1,14,1969,27.03909
41,1,14,1970,27.78374
41,1,14,1971,28.26695
41,1,14,1972,28.58017
41,1,14,1973,28.82095
41,1,14,1974,29.0299
41,1,14,1975,28.87109
41,1,14,1976,28.67782
41,1,14,1977,28.37052
41,1,14,1978,27.68602
41,1,14,1979,28.31747
41,1,14,1980,28.89141
41,1,14,1981,28.34471
41,1,14,1982,28.09961
41,1,14,1983,28.01722
41,1,14,1984,28.08924
41,1,14,1985,28.34454
41,1,14,1986,29.08652
41,1,14,1987,29.17096
41,1,14,1988,28.87616
41,1,14,1989,28.64684
41,1,14,1990,28.45555
41,1,14,1991,28.36349
41,1,14,1992,27.81319
41,1,14,1993,26.80406
41,1,14,1994,25.94967
41,1,14,1995,25.33699
41,1,14,1996,24.89152
41,1,14,1997,25.06169
41,1,14,1998,25.14885
41,1,14,1999,25.10006
41,1,14,2000,24.65877
41,1,14,2001,24.45655
41,1,14,2002,24.25029
41,1,14,2003,24.04589
41,1,14,2004,23.89543
41,1,14,2005,23.5521
41,1,14,2006,24.1669
41,1,14,2007,24.42923
41,1,14,2008,24.50094
41,1,14,2009,24.55559
41,1,14,2010,24.62068
41,1,14,2011,24.60223
41,1,14,2012,24.5995
41,1,14,2013,24.72584
41,1,14,2014,24.79597
41,1,14,2015,24.8613
41,1,14,2016,25.16304
41,1,14,2017,25.74074
41,1,14,2018,26.3048
41,1,14,2019,26.83569
41,2,14,1950,30.37784
41,2,14,1951,30.36972
41,2,14,1952,30.33759
41,2,14,1953,30.31276
41,2,14,1954,30.31102
41,2,14,1955,30.24902
41,2,14,1956,30.13635
41,2,14,1957,29.99746
41,2,14,1958,29.73689
41,2,14,1959,30.29054
41,2,14,1960,30.87139
41,2,14,1961,31.27476
41,2,14,1962,31.63371
41,2,14,1963,31.7526
41,2,14,1964,31.91812
41,2,14,1965,32.0209
41,2,14,1966,32.0796
41,2,14,1967,31.92121
41,2,14,1968,31.67029
41,2,14,1969,31.34913
41,2,14,1970,31.84509
41,2,14,1971,32.27661
41,2,14,1972,32.5513
41,2,14,1973,32.73036
41,2,14,1974,32.75084
41,2,14,1975,32.60966
41,2,14,1976,32.4015
41,2,14,1977,32.06377
41,2,14,1978,31.53222
41,2,14,1979,32.08803
41,2,14,1980,32.95027
41,2,14,1981,32.76124
41,2,14,1982,32.88182
41,2,14,1983,32.67016
41,2,14,1984,32.58363
41,2,14,1985,32.72453
41,2,14,1986,32.98111
41,2,14,1987,33.04699
41,2,14,1988,32.96551
41,2,14,1989,33.09232
41,2,14,1990,33.24297
41,2,14,1991,32.85861
41,2,14,1992,31.99464
41,2,14,1993,30.94071
41,2,14,1994,30.13927
41,2,14,1995,29.74312
41,2,14,1996,29.40879
41,2,14,1997,29.32738
41,2,14,1998,29.12514
41,2,14,1999,29.1241
41,2,14,2000,28.70378
41,2,14,2001,28.52328
41,2,14,2002,28.19429
41,2,14,2003,27.9474
41,2,14,2004,27.70783
41,2,14,2005,27.37965
41,2,14,2006,27.93069
41,2,14,2007,28.24436
41,2,14,2008,28.33026
41,2,14,2009,28.31404
41,2,14,2010,28.34973
41,2,14,2011,28.37222
41,2,14,2012,28.39156
41,2,14,2013,28.5782
41,2,14,2014,28.63024
41,2,14,2015,28.68813
41,2,14,2016,28.88134
41,2,14,2017,29.36361
41,2,14,2018,29.86579
41,2,14,2019,30.31723
41,3,14,1950,28.30357
41,3,14,1951,28.28026
41,3,14,1952,28.30243
41,3,14,1953,28.65616
41,3,14,1954,28.94713
41,3,14,1955,28.93939
41,3,14,1956,28.79651
41,3,14,1957,28.6563
41,3,14,1958,28.45055
41,3,14,1959,29.0813
41,3,14,1960,29.59635
41,3,14,1961,30.04087
41,3,14,1962,30.36465
41,3,14,1963,30.2548
41,3,14,1964,30.09415
41,3,14,1965,30.22746
41,3,14,1966,30.15968
41,3,14,1967,30.07813
41,3,14,1968,29.70915
41,3,14,1969,29.41335
41,3,14,1970,29.90993
41,3,14,1971,30.37887
41,3,14,1972,30.75921
41,3,14,1973,31.01399
41,3,14,1974,31.08695
41,3,14,1975,30.93872
41,3,14,1976,30.78209
41,3,14,1977,30.38005
41,3,14,1978,29.87612
41,3,14,1979,30.29287
41,3,14,1980,31.01903
41,3,14,1981,30.78667
41,3,14,1982,30.72292
41,3,14,1983,30.5696
41,3,14,1984,30.54859
41,3,14,1985,30.74371
41,3,14,1986,31.21826
41,3,14,1987,31.28915
41,3,14,1988,31.12506
41,3,14,1989,31.03821
41,3,14,1990,31.0054
41,3,14,1991,30.67286
41,3,14,1992,29.92801
41,3,14,1993,28.89429
41,3,14,1994,28.03238
41,3,14,1995,27.50888
41,3,14,1996,27.10007
41,3,14,1997,27.22372
41,3,14,1998,27.09187
41,3,14,1999,27.04855
41,3,14,2000,26.60852
41,3,14,2001,26.47612
41,3,14,2002,26.15897
41,3,14,2003,25.94317
41,3,14,2004,25.72483
41,3,14,2005,25.44973
41,3,14,2006,26.05952
41,3,14,2007,26.34889
41,3,14,2008,26.42561
41,3,14,2009,26.39217
41,3,14,2010,26.42087
41,3,14,2011,26.42137
41,3,14,2012,26.41367
41,3,14,2013,26.60034
41,3,14,2014,26.6476
41,3,14,2015,26.80026
41,3,14,2016,27.06289
41,3,14,2017,27.60387
41,3,14,2018,28.11508
41,3,14,2019,28.6445
42,1,14,1950,26.65274
42,1,14,1951,26.47762
42,1,14,1952,26.75891
42,1,14,1953,27.12653
42,1,14,1954,27.21058
42,1,14,1955,27.38658
42,1,14,1956,27.22962
42,1,14,1957,27.10174
42,1,14,1958,27.98782
42,1,14,1959,27.27087
42,1,14,1960,27.9958
42,1,14,1961,28.08626
42,1,14,1962,27.65879
42,1,14,1963,28.09514
42,1,14,1964,28.22349
42,1,14,1965,28.21957
42,1,14,1966,28.41416
42,1,14,1967,28.08691
42,1,14,1968,27.93615
42,1,14,1969,27.45889
42,1,14,1970,27.58657
42,1,14,1971,27.49384
42,1,14,1972,27.72764
42,1,14,1973,27.7535
42,1,14,1974,27.92842
42,1,14,1975,27.81057
42,1,14,1976,27.77325
42,1,14,1977,27.51729
42,1,14,1978,27.29734
42,1,14,1979,27.28349
42,1,14,1980,26.9627
42,1,14,1981,27.19218
42,1,14,1982,27.21548
42,1,14,1983,26.86871
42,1,14,1984,26.8065
42,1,14,1985,26.74953
42,1,14,1986,26.77279
42,1,14,1987,26.761
42,1,14,1988,26.87681
42,1,14,1989,26.83854
42,1,14,1990,26.75168
42,1,14,1991,26.76399
42,1,14,1992,26.71228
42,1,14,1993,26.87245
42,1,14,1994,26.8703
42,1,14,1995,26.67053
42,1,14,1996,26.7887
42,1,14,1997,26.76337
42,1,14,1998,27.10949
42,1,14,1999,27.3551
42,1,14,2000,27.76765
42,1,14,2001,27.93112
42,1,14,2002,27.99994
42,1,14,2003,28.06721
42,1,14,2004,28.26184
42,1,14,2005,28.32745
42,1,14,2006,28.53782
42,1,14,2007,28.69534
42,1,14,2008,28.85477
42,1,14,2009,29.09365
42,1,14,2010,29.38211
42,1,14,2011,29.73854
42,1,14,2012,29.89756
42,1,14,2013,30.22694
42,1,14,2014,30.36953
42,1,14,2015,30.37425
42,1,14,2016,30.57674
42,1,14,2017,31.06581
42,1,14,2018,31.7044
42,1,14,2019,32.15355
42,2,14,1950,29.47088
42,2,14,1951,29.32026
42,2,14,1952,29.51467
42,2,14,1953,29.8038
42,2,14,1954,29.86791
42,2,14,1955,30.116
42,2,14,1956,30.05792
42,2,14,1957,30.069
42,2,14,1958,30.89513
42,2,14,1959,30.51052
42,2,14,1960,31.13986
42,2,14,1961,31.28366
42,2,14,1962,30.99336
42,2,14,1963,31.48054
42,2,14,1964,31.6258
42,2,14,1965,31.67718
42,2,14,1966,31.91299
42,2,14,1967,31.82626
42,2,14,1968,31.77076
42,2,14,1969,31.52555
42,2,14,1970,31.72777
42,2,14,1971,31.79284
42,2,14,1972,32.01998
42,2,14,1973,32.1111
42,2,14,1974,32.2685
42,2,14,1975,32.30635
42,2,14,1976,32.35638
42,2,14,1977,32.31006
42,2,14,1978,32.2615
42,2,14,1979,32.25218
42,2,14,1980,32.10819
42,2,14,1981,32.32513
42,2,14,1982,32.37289
42,2,14,1983,32.1872
42,2,14,1984,32.23047
42,2,14,1985,32.20032
42,2,14,1986,32.26043
42,2,14,1987,32.26515
42,2,14,1988,32.46357
42,2,14,1989,32.52844
42,2,14,1990,32.6569
42,2,14,1991,32.6607
42,2,14,1992,32.75247
42,2,14,1993,32.87585
42,2,14,1994,32.91916
42,2,14,1995,32.82147
42,2,14,1996,32.92058
42,2,14,1997,32.9087
42,2,14,1998,33.23299
42,2,14,1999,33.3583
42,2,14,2000,33.69436
42,2,14,2001,33.8895
42,2,14,2002,34.05296
42,2,14,2003,34.14562
42,2,14,2004,34.39164
42,2,14,2005,34.45086
42,2,14,2006,34.67898
42,2,14,2007,34.83505
42,2,14,2008,35.05038
42,2,14,2009,35.19189
42,2,14,2010,35.4798
42,2,14,2011,35.71541
42,2,14,2012,35.84192
42,2,14,2013,36.1094
42,2,14,2014,36.218
42,2,14,2015,36.22906
42,2,14,2016,36.47959
42,2,14,2017,36.87213
42,2,14,2018,37.25947
42,2,14,2019,37.57559
42,3,14,1950,28.14618
42,3,14,1951,27.99276
42,3,14,1952,28.22796
42,3,14,1953,28.55847
42,3,14,1954,28.63552
42,3,14,1955,28.84482
42,3,14,1956,28.72537
42,3,14,1957,28.66635
42,3,14,1958,29.52611
42,3,14,1959,28.97225
42,3,14,1960,29.65357
42,3,14,1961,29.76657
42,3,14,1962,29.41023
42,3,14,1963,29.87745
42,3,14,1964,30.01041
42,3,14,1965,30.03316
42,3,14,1966,30.25114
42,3,14,1967,30.03973
42,3,14,1968,29.93393
42,3,14,1969,29.56455
42,3,14,1970,29.7298
42,3,14,1971,29.70772
42,3,14,1972,29.95124
42,3,14,1973,30.00608
42,3,14,1974,30.17822
42,3,14,1975,30.1323
42,3,14,1976,30.13566
42,3,14,1977,29.97462
42,3,14,1978,29.83513
42,3,14,1979,29.81727
42,3,14,1980,29.57562
42,3,14,1981,29.80106
42,3,14,1982,29.83561
42,3,14,1983,29.56131
42,3,14,1984,29.55372
42,3,14,1985,29.50476
42,3,14,1986,29.55227
42,3,14,1987,29.54037
42,3,14,1988,29.70015
42,3,14,1989,29.70828
42,3,14,1990,29.71634
42,3,14,1991,29.74144
42,3,14,1992,29.75409
42,3,14,1993,29.90272
42,3,14,1994,29.91521
42,3,14,1995,29.75309
42,3,14,1996,29.86818
42,3,14,1997,29.84659
42,3,14,1998,30.18473
42,3,14,1999,30.38558
42,3,14,2000,30.76383
42,3,14,2001,30.94698
42,3,14,2002,31.06179
42,3,14,2003,31.14047
42,3,14,2004,31.35675
42,3,14,2005,31.42195
42,3,14,2006,31.65236
42,3,14,2007,31.79468
42,3,14,2008,31.98655
42,3,14,2009,32.17439
42,3,14,2010,32.4669
42,3,14,2011,32.77881
42,3,14,2012,32.91146
42,3,14,2013,33.21771
42,3,14,2014,33.33827
42,3,14,2015,33.3402
42,3,14,2016,33.57283
42,3,14,2017,33.96746
42,3,14,2018,34.4781
42,3,14,2019,34.88134
43,1,14,1950,25.9515
43,1,14,1951,26.81723
43,1,14,1952,28.03006
43,1,14,1953,28.77274
43,1,14,1954,29.15871
43,1,14,1955,29.25169
43,1,14,1956,29.82839
43,1,14,1957,30.25127
43,1,14,1958,30.99279
43,1,14,1959,31.48476
43,1,14,1960,31.4023
43,1,14,1961,31.22149
43,1,14,1962,30.81208
43,1,14,1963,30.72344
43,1,14,1964,30.62573
43,1,14,1965,30.90458
43,1,14,1966,31.75874
43,1,14,1967,32.04364
43,1,14,1968,32.1332
43,1,14,1969,32.36815
43,1,14,1970,33.00562
43,1,14,1971,33.07741
43,1,14,1972,33.14149
43,1,14,1973,33.22792
43,1,14,1974,33.21897
43,1,14,1975,33.25119
43,1,14,1976,33.33293
43,1,14,1977,33.44705
43,1,14,1978,33.47057
43,1,14,1979,31.99963
43,1,14,1980,31.26423
43,1,14,1981,30.94726
43,1,14,1982,30.55324
43,1,14,1983,30.02528
43,1,14,1984,29.63007
43,1,14,1985,29.77868
43,1,14,1986,29.9384
43,1,14,1987,29.75332
43,1,14,1988,29.95206
43,1,14,1989,29.84827
43,1,14,1990,30.12132
43,1,14,1991,30.15622
43,1,14,1992,30.73636
43,1,14,1993,31.28425
43,1,14,1994,32.06278
43,1,14,1995,32.04318
43,1,14,1996,31.84524
43,1,14,1997,31.72542
43,1,14,1998,32.03744
43,1,14,1999,32.33227
43,1,14,2000,32.41177
43,1,14,2001,32.92696
43,1,14,2002,32.80385
43,1,14,2003,32.47037
43,1,14,2004,32.49344
43,1,14,2005,32.93882
43,1,14,2006,33.70061
43,1,14,2007,34.5027
43,1,14,2008,34.63087
43,1,14,2009,35.03498
43,1,14,2010,35.29766
43,1,14,2011,35.56115
43,1,14,2012,35.82722
43,1,14,2013,36.09362
43,1,14,2014,36.09555
43,1,14,2015,36.02295
43,1,14,2016,36.07789
43,1,14,2017,36.10369
43,1,14,2018,36.09354
43,1,14,2019,36.16081
43,2,14,1950,28.78145
43,2,14,1951,29.43273
43,2,14,1952,29.77704
43,2,14,1953,30.03426
43,2,14,1954,30.17664
43,2,14,1955,29.97337
43,2,14,1956,30.70305
43,2,14,1957,30.96821
43,2,14,1958,31.74385
43,2,14,1959,32.00905
43,2,14,1960,32.68159
43,2,14,1961,33.09152
43,2,14,1962,32.95219
43,2,14,1963,33.31303
43,2,14,1964,33.60404
43,2,14,1965,33.96726
43,2,14,1966,34.33451
43,2,14,1967,34.6169
43,2,14,1968,34.99625
43,2,14,1969,35.22696
43,2,14,1970,35.51673
43,2,14,1971,35.71566
43,2,14,1972,35.94099
43,2,14,1973,36.1271
43,2,14,1974,36.18692
43,2,14,1975,36.38935
43,2,14,1976,36.52791
43,2,14,1977,36.5779
43,2,14,1978,36.68904
43,2,14,1979,36.63188
43,2,14,1980,36.44777
43,2,14,1981,36.23882
43,2,14,1982,36.05701
43,2,14,1983,35.66501
43,2,14,1984,35.35623
43,2,14,1985,35.84534
43,2,14,1986,36.02716
43,2,14,1987,35.79282
43,2,14,1988,35.66245
43,2,14,1989,35.85657
43,2,14,1990,36.08424
43,2,14,1991,35.9006
43,2,14,1992,36.27226
43,2,14,1993,36.76195
43,2,14,1994,37.29442
43,2,14,1995,37.12055
43,2,14,1996,37.12837
43,2,14,1997,36.98909
43,2,14,1998,37.20297
43,2,14,1999,36.98825
43,2,14,2000,37.31397
43,2,14,2001,37.6208
43,2,14,2002,37.28535
43,2,14,2003,36.74791
43,2,14,2004,36.86488
43,2,14,2005,36.91757
43,2,14,2006,37.29401
43,2,14,2007,37.8004
43,2,14,2008,37.93545
43,2,14,2009,38.44211
43,2,14,2010,38.74386
43,2,14,2011,39.07826
43,2,14,2012,39.40284
43,2,14,2013,39.67379
43,2,14,2014,39.94673
43,2,14,2015,39.97415
43,2,14,2016,40.09693
43,2,14,2017,40.12873
43,2,14,2018,40.19348
43,2,14,2019,40.19466
43,3,14,1950,27.38424
43,3,14,1951,28.1441
43,3,14,1952,28.92492
43,3,14,1953,29.39942
43,3,14,1954,29.58013
43,3,14,1955,29.44646
43,3,14,1956,29.96248
43,3,14,1957,30.41539
43,3,14,1958,31.2793
43,3,14,1959,31.63971
43,3,14,1960,31.99736
43,3,14,1961,32.13796
43,3,14,1962,31.91625
43,3,14,1963,31.91915
43,3,14,1964,31.99167
43,3,14,1965,32.20194
43,3,14,1966,32.88992
43,3,14,1967,33.30869
43,3,14,1968,33.61314
43,3,14,1969,33.85766
43,3,14,1970,34.19981
43,3,14,1971,34.37328
43,3,14,1972,34.60269
43,3,14,1973,34.7431
43,3,14,1974,34.73171
43,3,14,1975,34.79419
43,3,14,1976,34.82908
43,3,14,1977,34.98916
43,3,14,1978,35.06491
43,3,14,1979,34.22281
43,3,14,1980,33.60112
43,3,14,1981,33.32059
43,3,14,1982,32.94579
43,3,14,1983,32.51679
43,3,14,1984,32.22556
43,3,14,1985,32.53628
43,3,14,1986,32.69325
43,3,14,1987,32.48686
43,3,14,1988,32.56398
43,3,14,1989,32.56575
43,3,14,1990,32.83465
43,3,14,1991,32.78899
43,3,14,1992,33.30638
43,3,14,1993,33.85168
43,3,14,1994,34.6298
43,3,14,1995,34.50204
43,3,14,1996,34.35783
43,3,14,1997,34.15499
43,3,14,1998,34.49929
43,3,14,1999,34.59465
43,3,14,2000,34.7616
43,3,14,2001,35.15988
43,3,14,2002,34.91608
43,3,14,2003,34.50171
43,3,14,2004,34.54133
43,3,14,2005,34.8147
43,3,14,2006,35.39694
43,3,14,2007,36.07361
43,3,14,2008,36.29828
43,3,14,2009,36.76097
43,3,14,2010,37.04454
43,3,14,2011,37.33215
43,3,14,2012,37.59661
43,3,14,2013,37.90484
43,3,14,2014,37.9918
43,3,14,2015,37.94587
43,3,14,2016,38.08019
43,3,14,2017,38.10523
43,3,14,2018,38.0727
43,3,14,2019,38.17608
44,1,14,1950,25.39821
44,1,14,1951,25.14137
44,1,14,1952,26.55729
44,1,14,1953,26.86091
44,1,14,1954,27.41575
44,1,14,1955,26.90169
44,1,14,1956,26.68424
44,1,14,1957,26.79721
44,1,14,1958,27.79122
44,1,14,1959,27.16855
44,1,14,1960,27.38694
44,1,14,1961,27.65507
44,1,14,1962,26.91649
44,1,14,1963,27.52734
44,1,14,1964,27.17148
44,1,14,1965,27.40883
44,1,14,1966,27.87368
44,1,14,1967,27.25523
44,1,14,1968,26.97249
44,1,14,1969,26.19833
44,1,14,1970,26.75079
44,1,14,1971,26.91106
44,1,14,1972,26.55361
44,1,14,1973,27.28385
44,1,14,1974,27.47898
44,1,14,1975,27.56479
44,1,14,1976,27.76962
44,1,14,1977,27.72895
44,1,14,1978,27.45384
44,1,14,1979,27.49728
44,1,14,1980,27.52029
44,1,14,1981,27.45181
44,1,14,1982,27.42313
44,1,14,1983,26.95728
44,1,14,1984,27.27704
44,1,14,1985,28.22184
44,1,14,1986,28.4232
44,1,14,1987,28.40447
44,1,14,1988,28.34041
44,1,14,1989,28.37295
44,1,14,1990,29.12671
44,1,14,1991,28.36308
44,1,14,1992,28.98054
44,1,14,1993,29.4605
44,1,14,1994,29.99504
44,1,14,1995,29.21434
44,1,14,1996,30.71398
44,1,14,1997,30.83347
44,1,14,1998,30.38981
44,1,14,1999,30.58092
44,1,14,2000,31.31897
44,1,14,2001,31.53539
44,1,14,2002,31.10413
44,1,14,2003,30.13267
44,1,14,2004,30.42219
44,1,14,2005,29.92108
44,1,14,2006,30.35613
44,1,14,2007,29.96755
44,1,14,2008,30.615
44,1,14,2009,30.78308
44,1,14,2010,31.05721
44,1,14,2011,31.05574
44,1,14,2012,31.31132
44,1,14,2013,31.25384
44,1,14,2014,31.28421
44,1,14,2015,31.21365
44,1,14,2016,31.39439
44,1,14,2017,32.3962
44,1,14,2018,32.96859
44,1,14,2019,33.45485
44,2,14,1950,28.10228
44,2,14,1951,27.96103
44,2,14,1952,29.12661
44,2,14,1953,29.26318
44,2,14,1954,29.89668
44,2,14,1955,29.63239
44,2,14,1956,29.41288
44,2,14,1957,29.51115
44,2,14,1958,30.39835
44,2,14,1959,30.03499
44,2,14,1960,30.294
44,2,14,1961,30.74119
44,2,14,1962,30.09803
44,2,14,1963,30.76614
44,2,14,1964,30.55759
44,2,14,1965,31.04622
44,2,14,1966,31.61937
44,2,14,1967,31.18614
44,2,14,1968,30.94562
44,2,14,1969,30.60571
44,2,14,1970,31.15932
44,2,14,1971,31.46126
44,2,14,1972,30.96276
44,2,14,1973,31.47915
44,2,14,1974,31.66276
44,2,14,1975,31.54664
44,2,14,1976,31.84156
44,2,14,1977,31.94724
44,2,14,1978,31.81632
44,2,14,1979,31.82044
44,2,14,1980,31.7757
44,2,14,1981,31.78878
44,2,14,1982,31.77102
44,2,14,1983,31.38325
44,2,14,1984,31.48541
44,2,14,1985,32.30056
44,2,14,1986,32.37233
44,2,14,1987,32.53515
44,2,14,1988,32.75166
44,2,14,1989,32.7131
44,2,14,1990,33.4466
44,2,14,1991,32.97737
44,2,14,1992,33.0466
44,2,14,1993,33.78205
44,2,14,1994,34.17879
44,2,14,1995,33.70515
44,2,14,1996,34.77392
44,2,14,1997,34.1755
44,2,14,1998,34.2604
44,2,14,1999,34.85209
44,2,14,2000,36.0696
44,2,14,2001,35.24156
44,2,14,2002,34.72361
44,2,14,2003,34.19759
44,2,14,2004,34.15267
44,2,14,2005,34.38762
44,2,14,2006,34.4921
44,2,14,2007,34.30366
44,2,14,2008,34.83419
44,2,14,2009,34.96261
44,2,14,2010,35.08143
44,2,14,2011,35.20572
44,2,14,2012,35.36101
44,2,14,2013,35.46302
44,2,14,2014,35.44263
44,2,14,2015,35.26893
44,2,14,2016,35.4974
44,2,14,2017,36.25277
44,2,14,2018,36.69713
44,2,14,2019,37.10058
44,3,14,1950,26.75284
44,3,14,1951,26.57464
44,3,14,1952,27.86163
44,3,14,1953,28.09103
44,3,14,1954,28.67881
44,3,14,1955,28.29257
44,3,14,1956,28.07589
44,3,14,1957,28.17392
44,3,14,1958,29.11801
44,3,14,1959,28.61042
44,3,14,1960,28.85121
44,3,14,1961,29.20146
44,3,14,1962,28.52687
44,3,14,1963,29.17148
44,3,14,1964,28.86562
44,3,14,1965,29.22516
44,3,14,1966,29.75882
44,3,14,1967,29.22504
44,3,14,1968,28.9753
44,3,14,1969,28.39865
44,3,14,1970,28.96283
44,3,14,1971,29.22432
44,3,14,1972,28.809
44,3,14,1973,29.43262
44,3,14,1974,29.64377
44,3,14,1975,29.62315
44,3,14,1976,29.87446
44,3,14,1977,29.9111
44,3,14,1978,29.68038
44,3,14,1979,29.71069
44,3,14,1980,29.70902
44,3,14,1981,29.67838
44,3,14,1982,29.6484
44,3,14,1983,29.21428
44,3,14,1984,29.44877
44,3,14,1985,30.3328
44,3,14,1986,30.48087
44,3,14,1987,30.54119
44,3,14,1988,30.59961
44,3,14,1989,30.59952
44,3,14,1990,31.33592
44,3,14,1991,30.69501
44,3,14,1992,31.00173
44,3,14,1993,31.44829
44,3,14,1994,32.14346
44,3,14,1995,31.57401
44,3,14,1996,32.85997
44,3,14,1997,32.57108
44,3,14,1998,32.3463
44,3,14,1999,32.79175
44,3,14,2000,33.35903
44,3,14,2001,33.14927
44,3,14,2002,32.89837
44,3,14,2003,32.18984
44,3,14,2004,32.3129
44,3,14,2005,32.1621
44,3,14,2006,32.50287
44,3,14,2007,32.13242
44,3,14,2008,32.79259
44,3,14,2009,32.93087
44,3,14,2010,33.13015
44,3,14,2011,33.17961
44,3,14,2012,33.31389
44,3,14,2013,33.33349
44,3,14,2014,33.33812
44,3,14,2015,33.23164
44,3,14,2016,33.50099
44,3,14,2017,34.38785
44,3,14,2018,34.83066
44,3,14,2019,35.35417
45,1,14,1950,28.93155
45,1,14,1951,28.28124
45,1,14,1952,27.74665
45,1,14,1953,29.10971
45,1,14,1954,29.4046
45,1,14,1955,29.47586
45,1,14,1956,29.08113
45,1,14,1957,29.52951
45,1,14,1958,30.17531
45,1,14,1959,28.68144
45,1,14,1960,29.8492
45,1,14,1961,30.02644
45,1,14,1962,29.53237
45,1,14,1963,30.01745
45,1,14,1964,30.32562
45,1,14,1965,30.34745
45,1,14,1966,30.13593
45,1,14,1967,29.57821
45,1,14,1968,29.78153
45,1,14,1969,29.13159
45,1,14,1970,29.5902
45,1,14,1971,28.88731
45,1,14,1972,28.90494
45,1,14,1973,29.36051
45,1,14,1974,29.04506
45,1,14,1975,28.71356
45,1,14,1976,29.00177
45,1,14,1977,28.40232
45,1,14,1978,28.56793
45,1,14,1979,28.30233
45,1,14,1980,28.34686
45,1,14,1981,28.71335
45,1,14,1982,28.25571
45,1,14,1983,27.95893
45,1,14,1984,27.67356
45,1,14,1985,27.29985
45,1,14,1986,27.16644
45,1,14,1987,27.09382
45,1,14,1988,26.88607
45,1,14,1989,26.77709
45,1,14,1990,26.87333
45,1,14,1991,27.06079
45,1,14,1992,26.66581
45,1,14,1993,26.30194
45,1,14,1994,25.93597
45,1,14,1995,25.84064
45,1,14,1996,25.81054
45,1,14,1997,25.53673
45,1,14,1998,25.70365
45,1,14,1999,26.24265
45,1,14,2000,26.28143
45,1,14,2001,26.40549
45,1,14,2002,26.5167
45,1,14,2003,26.51871
45,1,14,2004,26.57605
45,1,14,2005,26.43982
45,1,14,2006,26.51767
45,1,14,2007,26.74349
45,1,14,2008,26.9612
45,1,14,2009,27.18626
45,1,14,2010,27.45389
45,1,14,2011,27.59476
45,1,14,2012,27.84723
45,1,14,2013,28.01291
45,1,14,2014,27.86431
45,1,14,2015,28.04059
45,1,14,2016,28.03972
45,1,14,2017,28.87048
45,1,14,2018,29.54271
45,1,14,2019,29.84425
45,2,14,1950,31.32783
45,2,14,1951,31.06614
45,2,14,1952,30.11151
45,2,14,1953,31.54835
45,2,14,1954,31.79614
45,2,14,1955,31.76932
45,2,14,1956,31.42501
45,2,14,1957,31.97911
45,2,14,1958,32.47733
45,2,14,1959,31.0924
45,2,14,1960,32.34865
45,2,14,1961,32.3955
45,2,14,1962,31.94167
45,2,14,1963,32.31168
45,2,14,1964,32.8886
45,2,14,1965,32.82311
45,2,14,1966,32.73142
45,2,14,1967,32.53987
45,2,14,1968,32.57328
45,2,14,1969,32.20328
45,2,14,1970,32.43215
45,2,14,1971,32.18195
45,2,14,1972,32.1924
45,2,14,1973,32.48158
45,2,14,1974,32.24571
45,2,14,1975,32.25554
45,2,14,1976,32.27714
45,2,14,1977,32.12227
45,2,14,1978,32.02214
45,2,14,1979,32.04916
45,2,14,1980,32.0498
45,2,14,1981,32.29764
45,2,14,1982,32.02421
45,2,14,1983,32.00041
45,2,14,1984,31.69656
45,2,14,1985,31.55134
45,2,14,1986,31.62747
45,2,14,1987,31.59155
45,2,14,1988,31.48639
45,2,14,1989,31.78101
45,2,14,1990,31.87493
45,2,14,1991,31.97562
45,2,14,1992,31.8752
45,2,14,1993,31.96629
45,2,14,1994,31.79364
45,2,14,1995,31.7063
45,2,14,1996,31.59314
45,2,14,1997,31.23541
45,2,14,1998,31.62586
45,2,14,1999,31.76766
45,2,14,2000,31.87117
45,2,14,2001,32.11202
45,2,14,2002,32.23785
45,2,14,2003,32.50243
45,2,14,2004,32.63826
45,2,14,2005,32.65698
45,2,14,2006,32.6805
45,2,14,2007,32.91407
45,2,14,2008,33.22553
45,2,14,2009,33.45067
45,2,14,2010,33.54718
45,2,14,2011,33.71351
45,2,14,2012,34.0022
45,2,14,2013,34.23606
45,2,14,2014,34.01988
45,2,14,2015,34.08774
45,2,14,2016,34.20911
45,2,14,2017,34.90068
45,2,14,2018,35.24651
45,2,14,2019,35.41498
45,3,14,1950,30.11529
45,3,14,1951,29.63467
45,3,14,1952,28.9056
45,3,14,1953,30.29659
45,3,14,1954,30.57676
45,3,14,1955,30.5926
45,3,14,1956,30.22218
45,3,14,1957,30.72889
45,3,14,1958,31.29268
45,3,14,1959,29.85264
45,3,14,1960,31.05255
45,3,14,1961,31.17184
45,3,14,1962,30.69845
45,3,14,1963,31.12411
45,3,14,1964,31.56438
45,3,14,1965,31.5363
45,3,14,1966,31.38009
45,3,14,1967,31.00392
45,3,14,1968,31.12982
45,3,14,1969,30.60015
45,3,14,1970,30.96698
45,3,14,1971,30.46759
45,3,14,1972,30.48397
45,3,14,1973,30.86461
45,3,14,1974,30.58177
45,3,14,1975,30.40838
45,3,14,1976,30.57215
45,3,14,1977,30.18362
45,3,14,1978,30.22079
45,3,14,1979,30.09157
45,3,14,1980,30.1161
45,3,14,1981,30.31273
45,3,14,1982,29.96518
45,3,14,1983,29.80239
45,3,14,1984,29.63736
45,3,14,1985,29.26235
45,3,14,1986,29.33419
45,3,14,1987,29.16735
45,3,14,1988,28.99934
45,3,14,1989,29.07797
45,3,14,1990,29.18497
45,3,14,1991,29.46071
45,3,14,1992,29.08065
45,3,14,1993,28.91735
45,3,14,1994,28.65873
45,3,14,1995,28.5678
45,3,14,1996,28.48813
45,3,14,1997,28.20472
45,3,14,1998,28.45741
45,3,14,1999,28.85534
45,3,14,2000,28.91883
45,3,14,2001,29.12298
45,3,14,2002,29.23627
45,3,14,2003,29.35357
45,3,14,2004,29.42821
45,3,14,2005,29.37827
45,3,14,2006,29.53748
45,3,14,2007,29.67567
45,3,14,2008,29.9163
45,3,14,2009,30.17078
45,3,14,2010,30.34366
45,3,14,2011,30.51404
45,3,14,2012,30.77241
45,3,14,2013,30.99741
45,3,14,2014,30.77965
45,3,14,2015,30.91578
45,3,14,2016,31.04501
45,3,14,2017,31.88839
45,3,14,2018,32.41933
45,3,14,2019,32.66081
46,1,14,1950,24.02418
46,1,14,1951,23.78577
46,1,14,1952,24.87372
46,1,14,1953,25.02689
46,1,14,1954,25.72961
46,1,14,1955,25.46629
46,1,14,1956,25.41076
46,1,14,1957,25.65529
46,1,14,1958,26.71663
46,1,14,1959,26.12165
46,1,14,1960,26.39774
46,1,14,1961,26.81276
46,1,14,1962,26.19484
46,1,14,1963,26.93536
46,1,14,1964,26.70822
46,1,14,1965,27.34858
46,1,14,1966,27.8061
46,1,14,1967,27.29024
46,1,14,1968,27.11092
46,1,14,1969,26.3188
46,1,14,1970,26.70641
46,1,14,1971,26.82481
46,1,14,1972,26.43171
46,1,14,1973,27.15381
46,1,14,1974,27.32463
46,1,14,1975,27.86182
46,1,14,1976,27.93382
46,1,14,1977,27.66797
46,1,14,1978,27.05962
46,1,14,1979,26.74311
46,1,14,1980,26.56533
46,1,14,1981,26.50934
46,1,14,1982,26.39186
46,1,14,1983,26.13232
46,1,14,1984,26.451
46,1,14,1985,27.03067
46,1,14,1986,27.36334
46,1,14,1987,27.10568
46,1,14,1988,27.17422
46,1,14,1989,27.61037
46,1,14,1990,27.7691
46,1,14,1991,27.97978
46,1,14,1992,28.45122
46,1,14,1993,28.29739
46,1,14,1994,28.54665
46,1,14,1995,28.57529
46,1,14,1996,28.53977
46,1,14,1997,28.35923
46,1,14,1998,28.62167
46,1,14,1999,28.72934
46,1,14,2000,29.226
46,1,14,2001,29.0959
46,1,14,2002,29.14982
46,1,14,2003,29.07592
46,1,14,2004,29.65742
46,1,14,2005,29.48431
46,1,14,2006,29.87144
46,1,14,2007,29.90088
46,1,14,2008,29.84203
46,1,14,2009,30.32082
46,1,14,2010,30.78235
46,1,14,2011,31.05281
46,1,14,2012,31.08535
46,1,14,2013,31.73051
46,1,14,2014,31.77207
46,1,14,2015,31.62839
46,1,14,2016,32.17135
46,1,14,2017,33.16323
46,1,14,2018,34.13641
46,1,14,2019,34.32821
46,2,14,1950,26.848
46,2,14,1951,26.57318
46,2,14,1952,27.48227
46,2,14,1953,27.42026
46,2,14,1954,28.07601
46,2,14,1955,28.0239
46,2,14,1956,27.93152
46,2,14,1957,28.22779
46,2,14,1958,29.22007
46,2,14,1959,28.93961
46,2,14,1960,29.19901
46,2,14,1961,29.8397
46,2,14,1962,29.4461
46,2,14,1963,30.18514
46,2,14,1964,30.05499
46,2,14,1965,30.70283
46,2,14,1966,31.27309
46,2,14,1967,31.02702
46,2,14,1968,30.9717
46,2,14,1969,30.7299
46,2,14,1970,31.25582
46,2,14,1971,31.58911
46,2,14,1972,31.25483
46,2,14,1973,31.87568
46,2,14,1974,32.20971
46,2,14,1975,32.39364
46,2,14,1976,32.59612
46,2,14,1977,32.619
46,2,14,1978,32.6102
46,2,14,1979,32.71894
46,2,14,1980,32.68828
46,2,14,1981,32.7728
46,2,14,1982,32.77658
46,2,14,1983,32.57233
46,2,14,1984,32.67993
46,2,14,1985,32.84379
46,2,14,1986,32.89974
46,2,14,1987,32.54362
46,2,14,1988,33.12255
46,2,14,1989,33.26662
46,2,14,1990,33.66887
46,2,14,1991,33.80007
46,2,14,1992,34.13462
46,2,14,1993,34.24708
46,2,14,1994,34.42056
46,2,14,1995,34.4213
46,2,14,1996,34.37396
46,2,14,1997,34.33091
46,2,14,1998,34.44623
46,2,14,1999,34.66683
46,2,14,2000,35.04901
46,2,14,2001,35.1942
46,2,14,2002,35.19968
46,2,14,2003,35.1807
46,2,14,2004,35.48736
46,2,14,2005,35.63494
46,2,14,2006,35.85765
46,2,14,2007,35.7912
46,2,14,2008,35.88687
46,2,14,2009,36.31029
46,2,14,2010,36.23563
46,2,14,2011,36.52943
46,2,14,2012,36.91888
46,2,14,2013,37.15633
46,2,14,2014,37.21794
46,2,14,2015,36.94007
46,2,14,2016,37.67654
46,2,14,2017,38.48211
46,2,14,2018,38.91831
46,2,14,2019,39.19045
46,3,14,1950,25.54159
46,3,14,1951,25.28797
46,3,14,1952,26.23751
46,3,14,1953,26.29151
46,3,14,1954,26.96156
46,3,14,1955,26.81738
46,3,14,1956,26.74628
46,3,14,1957,27.016
46,3,14,1958,28.03598
46,3,14,1959,27.6084
46,3,14,1960,27.8701
46,3,14,1961,28.39676
46,3,14,1962,27.901
46,3,14,1963,28.63752
46,3,14,1964,28.47415
46,3,14,1965,29.1156
46,3,14,1966,29.63877
46,3,14,1967,29.31542
46,3,14,1968,29.14194
46,3,14,1969,28.6204
46,3,14,1970,29.08803
46,3,14,1971,29.30897
46,3,14,1972,28.95347
46,3,14,1973,29.64183
46,3,14,1974,29.89908
46,3,14,1975,30.20832
46,3,14,1976,30.32839
46,3,14,1977,30.24305
46,3,14,1978,29.94317
46,3,14,1979,29.77082
46,3,14,1980,29.69074
46,3,14,1981,29.67145
46,3,14,1982,29.62324
46,3,14,1983,29.38781
46,3,14,1984,29.57054
46,3,14,1985,29.96966
46,3,14,1986,30.16193
46,3,14,1987,29.85691
46,3,14,1988,30.14952
46,3,14,1989,30.48567
46,3,14,1990,30.72449
46,3,14,1991,30.94206
46,3,14,1992,31.37543
46,3,14,1993,31.39392
46,3,14,1994,31.48248
46,3,14,1995,31.50761
46,3,14,1996,31.45268
46,3,14,1997,31.3245
46,3,14,1998,31.50663
46,3,14,1999,31.68201
46,3,14,2000,32.14208
46,3,14,2001,32.27126
46,3,14,2002,32.22049
46,3,14,2003,32.16985
46,3,14,2004,32.62039
46,3,14,2005,32.58186
46,3,14,2006,32.91062
46,3,14,2007,32.87242
46,3,14,2008,32.86669
46,3,14,2009,33.34282
46,3,14,2010,33.56347
46,3,14,2011,33.80495
46,3,14,2012,34.08668
46,3,14,2013,34.46423
46,3,14,2014,34.58458
46,3,14,2015,34.27373
46,3,14,2016,34.99835
46,3,14,2017,35.85227
46,3,14,2018,36.64649
46,3,14,2019,36.87788
47,1,14,1950,26.12555
47,1,14,1951,26.10107
47,1,14,1952,26.43658
47,1,14,1953,26.30043
47,1,14,1954,26.22848
47,1,14,1955,26.61517
47,1,14,1956,26.82432
47,1,14,1957,26.54884
47,1,14,1958,27.11376
47,1,14,1959,26.85544
47,1,14,1960,27.11207
47,1,14,1961,27.33858
47,1,14,1962,26.86621
47,1,14,1963,26.97337
47,1,14,1964,27.11144
47,1,14,1965,27.00859
47,1,14,1966,27.07403
47,1,14,1967,26.85011
47,1,14,1968,26.39637
47,1,14,1969,25.93655
47,1,14,1970,25.89214
47,1,14,1971,26.07143
47,1,14,1972,26.3919
47,1,14,1973,26.1495
47,1,14,1974,26.17058
47,1,14,1975,26.3635
47,1,14,1976,26.37998
47,1,14,1977,26.32819
47,1,14,1978,26.21859
47,1,14,1979,26.27901
47,1,14,1980,25.82658
47,1,14,1981,26.05262
47,1,14,1982,26.20441
47,1,14,1983,25.84966
47,1,14,1984,25.97093
47,1,14,1985,26.07947
47,1,14,1986,26.1011
47,1,14,1987,26.37824
47,1,14,1988,26.4609
47,1,14,1989,26.49469
47,1,14,1990,25.98966
47,1,14,1991,26.70881
47,1,14,1992,26.92146
47,1,14,1993,27.52901
47,1,14,1994,27.63906
47,1,14,1995,27.90691
47,1,14,1996,28.20903
47,1,14,1997,28.3657
47,1,14,1998,28.85045
47,1,14,1999,29.04955
47,1,14,2000,29.2406
47,1,14,2001,29.57557
47,1,14,2002,29.69029
47,1,14,2003,29.59837
47,1,14,2004,29.97978
47,1,14,2005,30.33881
47,1,14,2006,30.85918
47,1,14,2007,31.01815
47,1,14,2008,31.20031
47,1,14,2009,31.43188
47,1,14,2010,31.60258
47,1,14,2011,31.82207
47,1,14,2012,32.10293
47,1,14,2013,32.34687
47,1,14,2014,32.71084
47,1,14,2015,32.77528
47,1,14,2016,33.03829
47,1,14,2017,33.07516
47,1,14,2018,34.13571
47,1,14,2019,34.90856
47,2,14,1950,29.09994
47,2,14,1951,29.39204
47,2,14,1952,29.71617
47,2,14,1953,29.7788
47,2,14,1954,29.97509
47,2,14,1955,30.48714
47,2,14,1956,30.77155
47,2,14,1957,30.67011
47,2,14,1958,31.12593
47,2,14,1959,31.15645
47,2,14,1960,31.45803
47,2,14,1961,31.57034
47,2,14,1962,31.40902
47,2,14,1963,31.70781
47,2,14,1964,31.7452
47,2,14,1965,31.79239
47,2,14,1966,31.94507
47,2,14,1967,31.91859
47,2,14,1968,31.62369
47,2,14,1969,31.42924
47,2,14,1970,31.341
47,2,14,1971,31.54934
47,2,14,1972,31.74692
47,2,14,1973,31.68781
47,2,14,1974,31.63789
47,2,14,1975,31.95477
47,2,14,1976,32.12374
47,2,14,1977,32.0635
47,2,14,1978,31.98954
47,2,14,1979,31.82239
47,2,14,1980,31.6982
47,2,14,1981,31.88245
47,2,14,1982,31.977
47,2,14,1983,31.7914
47,2,14,1984,31.92351
47,2,14,1985,32.15944
47,2,14,1986,32.07529
47,2,14,1987,32.42308
47,2,14,1988,32.56886
47,2,14,1989,32.53304
47,2,14,1990,32.70787
47,2,14,1991,32.92801
47,2,14,1992,33.27485
47,2,14,1993,33.50258
47,2,14,1994,33.77588
47,2,14,1995,33.64847
47,2,14,1996,34.26082
47,2,14,1997,34.26782
47,2,14,1998,34.67143
47,2,14,1999,34.87711
47,2,14,2000,34.96712
47,2,14,2001,35.08693
47,2,14,2002,35.35107
47,2,14,2003,35.21131
47,2,14,2004,35.74401
47,2,14,2005,35.82204
47,2,14,2006,36.2714
47,2,14,2007,36.55754
47,2,14,2008,36.64452
47,2,14,2009,36.8997
47,2,14,2010,37.13916
47,2,14,2011,37.26476
47,2,14,2012,37.40993
47,2,14,2013,37.60096
47,2,14,2014,37.94505
47,2,14,2015,37.97967
47,2,14,2016,38.07538
47,2,14,2017,38.27284
47,2,14,2018,39.01287
47,2,14,2019,39.56878
47,3,14,1950,27.6607
47,3,14,1951,27.79701
47,3,14,1952,28.12448
47,3,14,1953,28.09412
47,3,14,1954,28.15524
47,3,14,1955,28.60553
47,3,14,1956,28.85645
47,3,14,1957,28.65931
47,3,14,1958,29.17499
47,3,14,1959,29.06201
47,3,14,1960,29.34879
47,3,14,1961,29.52361
47,3,14,1962,29.19382
47,3,14,1963,29.3935
47,3,14,1964,29.48739
47,3,14,1965,29.45843
47,3,14,1966,29.56345
47,3,14,1967,29.42542
47,3,14,1968,29.04969
47,3,14,1969,28.69889
47,3,14,1970,28.64568
47,3,14,1971,28.84843
47,3,14,1972,29.10615
47,3,14,1973,28.95275
47,3,14,1974,28.93527
47,3,14,1975,29.19488
47,3,14,1976,29.28683
47,3,14,1977,29.23619
47,3,14,1978,29.13229
47,3,14,1979,29.09056
47,3,14,1980,28.77696
47,3,14,1981,28.99214
47,3,14,1982,29.11876
47,3,14,1983,28.83875
47,3,14,1984,28.96585
47,3,14,1985,29.13461
47,3,14,1986,29.10886
47,3,14,1987,29.42415
47,3,14,1988,29.53635
47,3,14,1989,29.54185
47,3,14,1990,29.32446
47,3,14,1991,29.84166
47,3,14,1992,30.1285
47,3,14,1993,30.56191
47,3,14,1994,30.75226
47,3,14,1995,30.82633
47,3,14,1996,31.27032
47,3,14,1997,31.36365
47,3,14,1998,31.8203
47,3,14,1999,32.01232
47,3,14,2000,32.16117
47,3,14,2001,32.39046
47,3,14,2002,32.58154
47,3,14,2003,32.45228
47,3,14,2004,32.91352
47,3,14,2005,33.14239
47,3,14,2006,33.66529
47,3,14,2007,33.83843
47,3,14,2008,33.96702
47,3,14,2009,34.25059
47,3,14,2010,34.44981
47,3,14,2011,34.61891
47,3,14,2012,34.83349
47,3,14,2013,35.04939
47,3,14,2014,35.40243
47,3,14,2015,35.39556
47,3,14,2016,35.57295
47,3,14,2017,35.73214
47,3,14,2018,36.65247
47,3,14,2019,37.32846
48,1,14,1950,27.14753
48,1,14,1951,26.97033
48,1,14,1952,26.71032
48,1,14,1953,26.97851
48,1,14,1954,27.27541
48,1,14,1955,28.13484
48,1,14,1956,27.61401
48,1,14,1957,27.59619
48,1,14,1958,28.1984
48,1,14,1959,27.51853
48,1,14,1960,27.99672
48,1,14,1961,28.36035
48,1,14,1962,27.81128
48,1,14,1963,28.16813
48,1,14,1964,28.29951
48,1,14,1965,28.07589
48,1,14,1966,28.49072
48,1,14,1967,28.06178
48,1,14,1968,27.69824
48,1,14,1969,27.59257
48,1,14,1970,27.38811
48,1,14,1971,27.17678
48,1,14,1972,27.54307
48,1,14,1973,27.53794
48,1,14,1974,27.29137
48,1,14,1975,27.05908
48,1,14,1976,27.01271
48,1,14,1977,26.85058
48,1,14,1978,26.24407
48,1,14,1979,26.22857
48,1,14,1980,25.63996
48,1,14,1981,25.43417
48,1,14,1982,25.52928
48,1,14,1983,25.00404
48,1,14,1984,25.0164
48,1,14,1985,25.08424
48,1,14,1986,25.14101
48,1,14,1987,25.38846
48,1,14,1988,25.65999
48,1,14,1989,25.09122
48,1,14,1990,25.04075
48,1,14,1991,25.08084
48,1,14,1992,24.49527
48,1,14,1993,24.39247
48,1,14,1994,24.51605
48,1,14,1995,24.73777
48,1,14,1996,25.36017
48,1,14,1997,25.59227
48,1,14,1998,25.39332
48,1,14,1999,25.43475
48,1,14,2000,26.1759
48,1,14,2001,26.57613
48,1,14,2002,26.59403
48,1,14,2003,26.62415
48,1,14,2004,26.83346
48,1,14,2005,26.69983
48,1,14,2006,27.003
48,1,14,2007,27.13179
48,1,14,2008,27.5654
48,1,14,2009,27.66911
48,1,14,2010,28.055
48,1,14,2011,28.43876
48,1,14,2012,28.71589
48,1,14,2013,29.29296
48,1,14,2014,29.33957
48,1,14,2015,29.37126
48,1,14,2016,29.56178
48,1,14,2017,29.64296
48,1,14,2018,30.7823
48,1,14,2019,31.85995
48,2,14,1950,29.31216
48,2,14,1951,29.43491
48,2,14,1952,29.24284
48,2,14,1953,29.18818
48,2,14,1954,29.55609
48,2,14,1955,30.24604
48,2,14,1956,30.17307
48,2,14,1957,30.20122
48,2,14,1958,30.69801
48,2,14,1959,30.49895
48,2,14,1960,30.81823
48,2,14,1961,31.19035
48,2,14,1962,30.86262
48,2,14,1963,31.34288
48,2,14,1964,31.60439
48,2,14,1965,31.40599
48,2,14,1966,31.73691
48,2,14,1967,31.67788
48,2,14,1968,31.51534
48,2,14,1969,31.39081
48,2,14,1970,31.50192
48,2,14,1971,31.39917
48,2,14,1972,31.70223
48,2,14,1973,31.68463
48,2,14,1974,31.70651
48,2,14,1975,31.6091
48,2,14,1976,31.41338
48,2,14,1977,31.60929
48,2,14,1978,31.3359
48,2,14,1979,31.42183
48,2,14,1980,31.19244
48,2,14,1981,31.09155
48,2,14,1982,31.37068
48,2,14,1983,31.16754
48,2,14,1984,31.3669
48,2,14,1985,31.32738
48,2,14,1986,31.4379
48,2,14,1987,31.71879
48,2,14,1988,31.98588
48,2,14,1989,31.75142
48,2,14,1990,31.91033
48,2,14,1991,32.03325
48,2,14,1992,31.87666
48,2,14,1993,31.82238
48,2,14,1994,32.16625
48,2,14,1995,32.26816
48,2,14,1996,32.78209
48,2,14,1997,32.78473
48,2,14,1998,32.82323
48,2,14,1999,32.8336
48,2,14,2000,33.3292
48,2,14,2001,33.67531
48,2,14,2002,33.78288
48,2,14,2003,33.75449
48,2,14,2004,34.00168
48,2,14,2005,34.03773
48,2,14,2006,34.40335
48,2,14,2007,34.30746
48,2,14,2008,34.71368
48,2,14,2009,34.7781
48,2,14,2010,34.98068
48,2,14,2011,35.0725
48,2,14,2012,35.25359
48,2,14,2013,35.51116
48,2,14,2014,35.63653
48,2,14,2015,35.45143
48,2,14,2016,36.00429
48,2,14,2017,35.88829
48,2,14,2018,36.74335
48,2,14,2019,37.43503
48,3,14,1950,28.25225
48,3,14,1951,28.23805
48,3,14,1952,28.00242
48,3,14,1953,28.11336
48,3,14,1954,28.44964
48,3,14,1955,29.21832
48,3,14,1956,28.92864
48,3,14,1957,28.93201
48,3,14,1958,29.48221
48,3,14,1959,29.03794
48,3,14,1960,29.44905
48,3,14,1961,29.81918
48,3,14,1962,29.37659
48,3,14,1963,29.80424
48,3,14,1964,30.00232
48,3,14,1965,29.78704
48,3,14,1966,30.15925
48,3,14,1967,29.95356
48,3,14,1968,29.64449
48,3,14,1969,29.53297
48,3,14,1970,29.51981
48,3,14,1971,29.3229
48,3,14,1972,29.66452
48,3,14,1973,29.65439
48,3,14,1974,29.57726
48,3,14,1975,29.40771
48,3,14,1976,29.2547
48,3,14,1977,29.25545
48,3,14,1978,28.8064
48,3,14,1979,28.84896
48,3,14,1980,28.4183
48,3,14,1981,28.27131
48,3,14,1982,28.452
48,3,14,1983,28.11063
48,3,14,1984,28.17564
48,3,14,1985,28.20545
48,3,14,1986,28.30461
48,3,14,1987,28.5653
48,3,14,1988,28.85103
48,3,14,1989,28.43074
48,3,14,1990,28.48099
48,3,14,1991,28.5599
48,3,14,1992,28.17095
48,3,14,1993,28.09103
48,3,14,1994,28.32268
48,3,14,1995,28.49971
48,3,14,1996,29.09269
48,3,14,1997,29.23103
48,3,14,1998,29.13844
48,3,14,1999,29.17119
48,3,14,2000,29.81581
48,3,14,2001,30.20449
48,3,14,2002,30.26928
48,3,14,2003,30.27003
48,3,14,2004,30.49481
48,3,14,2005,30.42804
48,3,14,2006,30.77854
48,3,14,2007,30.79742
48,3,14,2008,31.22787
48,3,14,2009,31.31202
48,3,14,2010,31.61207
48,3,14,2011,31.85693
48,3,14,2012,32.08888
48,3,14,2013,32.52019
48,3,14,2014,32.60898
48,3,14,2015,32.51395
48,3,14,2016,32.88702
48,3,14,2017,32.87013
48,3,14,2018,33.93409
48,3,14,2019,34.83471
49,1,14,1950,28.43927
49,1,14,1951,27.91945
49,1,14,1952,28.97525
49,1,14,1953,28.71828
49,1,14,1954,29.40456
49,1,14,1955,28.8558
49,1,14,1956,28.74329
49,1,14,1957,28.75492
49,1,14,1958,29.60055
49,1,14,1959,28.88949
49,1,14,1960,28.89951
49,1,14,1961,29.33783
49,1,14,1962,28.80228
49,1,14,1963,28.12821
49,1,14,1964,29.34185
49,1,14,1965,29.83755
49,1,14,1966,30.3606
49,1,14,1967,29.94881
49,1,14,1968,29.84316
49,1,14,1969,29.22859
49,1,14,1970,29.79911
49,1,14,1971,30.07541
49,1,14,1972,29.79393
49,1,14,1973,30.58115
49,1,14,1974,30.8616
49,1,14,1975,30.87012
49,1,14,1976,30.95871
49,1,14,1977,30.88844
49,1,14,1978,30.53217
49,1,14,1979,30.42192
49,1,14,1980,30.32776
49,1,14,1981,30.19017
49,1,14,1982,30.20787
49,1,14,1983,29.26213
49,1,14,1984,29.2911
49,1,14,1985,29.40059
49,1,14,1986,29.34565
49,1,14,1987,28.90431
49,1,14,1988,28.54517
49,1,14,1989,28.33766
49,1,14,1990,28.61342
49,1,14,1991,28.63833
49,1,14,1992,27.94039
49,1,14,1993,27.61996
49,1,14,1994,27.7618
49,1,14,1995,27.62452
49,1,14,1996,27.53684
49,1,14,1997,27.71137
49,1,14,1998,27.69355
49,1,14,1999,27.70522
49,1,14,2000,27.86516
49,1,14,2001,27.69306
49,1,14,2002,27.48397
49,1,14,2003,27.75844
49,1,14,2004,28.18118
49,1,14,2005,28.20559
49,1,14,2006,28.03628
49,1,14,2007,28.2629
49,1,14,2008,28.71728
49,1,14,2009,28.64527
49,1,14,2010,28.87946
49,1,14,2011,29.20451
49,1,14,2012,29.37788
49,1,14,2013,29.51858
49,1,14,2014,29.47227
49,1,14,2015,29.59657
49,1,14,2016,29.66863
49,1,14,2017,30.48707
49,1,14,2018,31.14545
49,1,14,2019,31.44373
49,2,14,1950,28.48837
49,2,14,1951,27.91052
49,2,14,1952,28.742
49,2,14,1953,28.51148
49,2,14,1954,29.2061
49,2,14,1955,28.8546
49,2,14,1956,28.65249
49,2,14,1957,28.90112
49,2,14,1958,29.90953
49,2,14,1959,29.57528
49,2,14,1960,29.7863
49,2,14,1961,30.41777
49,2,14,1962,30.08057
49,2,14,1963,29.74656
49,2,14,1964,30.70774
49,2,14,1965,31.27681
49,2,14,1966,31.84345
49,2,14,1967,31.53473
49,2,14,1968,31.45084
49,2,14,1969,31.33133
49,2,14,1970,32.03577
49,2,14,1971,32.41044
49,2,14,1972,32.14038
49,2,14,1973,32.6645
49,2,14,1974,32.96952
49,2,14,1975,32.90499
49,2,14,1976,33.12057
49,2,14,1977,33.28538
49,2,14,1978,33.21664
49,2,14,1979,33.23628
49,2,14,1980,33.14077
49,2,14,1981,33.10097
49,2,14,1982,33.41242
49,2,14,1983,32.78814
49,2,14,1984,33.00559
49,2,14,1985,33.11453
49,2,14,1986,32.80145
49,2,14,1987,31.98541
49,2,14,1988,31.67993
49,2,14,1989,31.48527
49,2,14,1990,31.83878
49,2,14,1991,31.77664
49,2,14,1992,31.52695
49,2,14,1993,31.47976
49,2,14,1994,31.49187
49,2,14,1995,31.53543
49,2,14,1996,31.43896
49,2,14,1997,31.2236
49,2,14,1998,31.15599
49,2,14,1999,31.41863
49,2,14,2000,31.48077
49,2,14,2001,31.57716
49,2,14,2002,31.64597
49,2,14,2003,31.62592
49,2,14,2004,31.72345
49,2,14,2005,31.80257
49,2,14,2006,31.84062
49,2,14,2007,31.64158
49,2,14,2008,31.92896
49,2,14,2009,32.23766
49,2,14,2010,32.39059
49,2,14,2011,32.58469
49,2,14,2012,32.48689
49,2,14,2013,32.93975
49,2,14,2014,32.98476
49,2,14,2015,32.85114
49,2,14,2016,33.00549
49,2,14,2017,33.64304
49,2,14,2018,34.14956
49,2,14,2019,34.38372
49,3,14,1950,28.34152
49,3,14,1951,27.82397
49,3,14,1952,28.74326
49,3,14,1953,28.48614
49,3,14,1954,29.18359
49,3,14,1955,28.74572
49,3,14,1956,28.58514
49,3,14,1957,28.72591
49,3,14,1958,29.66952
49,3,14,1959,29.14312
49,3,14,1960,29.24563
49,3,14,1961,29.77951
49,3,14,1962,29.33946
49,3,14,1963,28.83714
49,3,14,1964,29.93048
49,3,14,1965,30.44198
49,3,14,1966,30.99289
49,3,14,1967,30.65422
49,3,14,1968,30.54312
49,3,14,1969,30.24836
49,3,14,1970,30.80988
49,3,14,1971,31.10923
49,3,14,1972,30.8298
49,3,14,1973,31.49529
49,3,14,1974,31.78148
49,3,14,1975,31.76823
49,3,14,1976,31.94762
49,3,14,1977,31.95818
49,3,14,1978,31.73266
49,3,14,1979,31.69524
49,3,14,1980,31.57506
49,3,14,1981,31.51754
49,3,14,1982,31.65255
49,3,14,1983,30.86375
49,3,14,1984,30.96386
49,3,14,1985,31.06874
49,3,14,1986,31.02856
49,3,14,1987,30.30798
49,3,14,1988,30.08977
49,3,14,1989,29.80185
49,3,14,1990,30.094
49,3,14,1991,30.07848
49,3,14,1992,29.71034
49,3,14,1993,29.41921
49,3,14,1994,29.49585
49,3,14,1995,29.43775
49,3,14,1996,29.35215
49,3,14,1997,29.37673
49,3,14,1998,29.34977
49,3,14,1999,29.44464
49,3,14,2000,29.54956
49,3,14,2001,29.59688
49,3,14,2002,29.39596
49,3,14,2003,29.53791
49,3,14,2004,29.81617
49,3,14,2005,29.85425
49,3,14,2006,29.79627
49,3,14,2007,29.80387
49,3,14,2008,30.18529
49,3,14,2009,30.29889
49,3,14,2010,30.52185
49,3,14,2011,30.75054
49,3,14,2012,30.80159
49,3,14,2013,31.09814
49,3,14,2014,31.11318
49,3,14,2015,31.09898
49,3,14,2016,31.22963
49,3,14,2017,32.03667
49,3,14,2018,32.62459
49,3,14,2019,32.89337
50,1,14,1950,31.43738
50,1,14,1951,30.97499
50,1,14,1952,31.3794
50,1,14,1953,31.29138
50,1,14,1954,31.26576
50,1,14,1955,30.83178
50,1,14,1956,30.60962
50,1,14,1957,30.83622
50,1,14,1958,31.20442
50,1,14,1959,30.96908
50,1,14,1960,31.13295
50,1,14,1961,31.23895
50,1,14,1962,30.87384
50,1,14,1963,31.18644
50,1,14,1964,31.28619
50,1,14,1965,31.75226
50,1,14,1966,32.09892
50,1,14,1967,32.09867
50,1,14,1968,32.06839
50,1,14,1969,31.83629
50,1,14,1970,32.13734
50,1,14,1971,31.97984
50,1,14,1972,31.61498
50,1,14,1973,31.42809
50,1,14,1974,31.26346
50,1,14,1975,30.97281
50,1,14,1976,30.82903
50,1,14,1977,30.73165
50,1,14,1978,30.7171
50,1,14,1979,30.4161
50,1,14,1980,31.44243
50,1,14,1981,31.45727
50,1,14,1982,30.46809
50,1,14,1983,29.70003
50,1,14,1984,29.62828
50,1,14,1985,29.61261
50,1,14,1986,29.64706
50,1,14,1987,29.68054
50,1,14,1988,29.77383
50,1,14,1989,29.99459
50,1,14,1990,30.63542
50,1,14,1991,31.04985
50,1,14,1992,31.29589
50,1,14,1993,30.85898
50,1,14,1994,30.44939
50,1,14,1995,30.07993
50,1,14,1996,29.88902
50,1,14,1997,29.50714
50,1,14,1998,29.5595
50,1,14,1999,29.87848
50,1,14,2000,30.07689
50,1,14,2001,29.99581
50,1,14,2002,29.76669
50,1,14,2003,29.48902
50,1,14,2004,29.24064
50,1,14,2005,29.04455
50,1,14,2006,29.07748
50,1,14,2007,29.37608
50,1,14,2008,29.67429
50,1,14,2009,29.8308
50,1,14,2010,30.03597
50,1,14,2011,30.10331
50,1,14,2012,30.34817
50,1,14,2013,30.25316
50,1,14,2014,30.19798
50,1,14,2015,30.1706
50,1,14,2016,30.20184
50,1,14,2017,30.63056
50,1,14,2018,31.11105
50,1,14,2019,31.49744
50,2,14,1950,33.83388
50,2,14,1951,33.53665
50,2,14,1952,33.55312
50,2,14,1953,33.29192
50,2,14,1954,33.49556
50,2,14,1955,33.51188
50,2,14,1956,33.56007
50,2,14,1957,33.88351
50,2,14,1958,34.2397
50,2,14,1959,34.35903
50,2,14,1960,34.5716
50,2,14,1961,34.75782
50,2,14,1962,34.7769
50,2,14,1963,35.04335
50,2,14,1964,35.19993
50,2,14,1965,35.5878
50,2,14,1966,35.97774
50,2,14,1967,36.00256
50,2,14,1968,36.05882
50,2,14,1969,35.99933
50,2,14,1970,36.31428
50,2,14,1971,36.32394
50,2,14,1972,36.13106
50,2,14,1973,35.23199
50,2,14,1974,34.68749
50,2,14,1975,34.41742
50,2,14,1976,34.24998
50,2,14,1977,34.16055
50,2,14,1978,34.20737
50,2,14,1979,34.25475
50,2,14,1980,34.78427
50,2,14,1981,34.81254
50,2,14,1982,34.58434
50,2,14,1983,34.10648
50,2,14,1984,33.85458
50,2,14,1985,34.03848
50,2,14,1986,34.37384
50,2,14,1987,34.76103
50,2,14,1988,35.07851
50,2,14,1989,35.3713
50,2,14,1990,35.7205
50,2,14,1991,36.02082
50,2,14,1992,35.97643
50,2,14,1993,35.63402
50,2,14,1994,35.12337
50,2,14,1995,34.78559
50,2,14,1996,34.45019
50,2,14,1997,34.23431
50,2,14,1998,34.28671
50,2,14,1999,34.31628
50,2,14,2000,34.20653
50,2,14,2001,34.06664
50,2,14,2002,34.06065
50,2,14,2003,34.06118
50,2,14,2004,34.12608
50,2,14,2005,34.17414
50,2,14,2006,34.14458
50,2,14,2007,33.96953
50,2,14,2008,33.92623
50,2,14,2009,33.92605
50,2,14,2010,33.9958
50,2,14,2011,34.15305
50,2,14,2012,34.25425
50,2,14,2013,34.3606
50,2,14,2014,34.34693
50,2,14,2015,34.46233
50,2,14,2016,34.80387
50,2,14,2017,35.11574
50,2,14,2018,35.38524
50,2,14,2019,35.8491
50,3,14,1950,32.5982
50,3,14,1951,32.2795
50,3,14,1952,32.42343
50,3,14,1953,32.23291
50,3,14,1954,32.36381
50,3,14,1955,32.16985
50,3,14,1956,32.10711
50,3,14,1957,32.39923
50,3,14,1958,32.74716
50,3,14,1959,32.71295
50,3,14,1960,32.94951
50,3,14,1961,33.04501
50,3,14,1962,32.83289
50,3,14,1963,33.09159
50,3,14,1964,33.21171
50,3,14,1965,33.66152
50,3,14,1966,34.04104
50,3,14,1967,34.05303
50,3,14,1968,34.08425
50,3,14,1969,33.99882
50,3,14,1970,34.37836
50,3,14,1971,34.23081
50,3,14,1972,33.87435
50,3,14,1973,33.3478
50,3,14,1974,32.96003
50,3,14,1975,32.692
50,3,14,1976,32.53109
50,3,14,1977,32.45897
50,3,14,1978,32.45834
50,3,14,1979,32.33928
50,3,14,1980,33.11989
50,3,14,1981,33.15265
50,3,14,1982,32.51978
50,3,14,1983,31.86879
50,3,14,1984,31.75448
50,3,14,1985,31.82006
50,3,14,1986,31.95704
50,3,14,1987,32.15002
50,3,14,1988,32.36614
50,3,14,1989,32.66571
50,3,14,1990,33.24562
50,3,14,1991,33.61171
50,3,14,1992,33.69753
50,3,14,1993,33.34398
50,3,14,1994,32.82051
50,3,14,1995,32.43256
50,3,14,1996,32.12883
50,3,14,1997,31.81398
50,3,14,1998,31.86672
50,3,14,1999,32.0465
50,3,14,2000,32.07083
50,3,14,2001,31.91317
50,3,14,2002,31.81521
50,3,14,2003,31.68458
50,3,14,2004,31.55704
50,3,14,2005,31.50325
50,3,14,2006,31.49943
50,3,14,2007,31.56414
50,3,14,2008,31.67344
50,3,14,2009,31.77988
50,3,14,2010,31.92072
50,3,14,2011,32.036
50,3,14,2012,32.18869
50,3,14,2013,32.18876
50,3,14,2014,32.17081
50,3,14,2015,32.20516
50,3,14,2016,32.36518
50,3,14,2017,32.80987
50,3,14,2018,33.24271
50,3,14,2019,33.70961
51,1,14,1950,25.65614
51,1,14,1951,25.21165
51,1,14,1952,25.4711
51,1,14,1953,26.28102
51,1,14,1954,26.07139
51,1,14,1955,26.56217
51,1,14,1956,26.90456
51,1,14,1957,26.52258
51,1,14,1958,27.6031
51,1,14,1959,27.40725
51,1,14,1960,28.04023
51,1,14,1961,27.94051
51,1,14,1962,27.755
51,1,14,1963,27.94508
51,1,14,1964,28.18148
51,1,14,1965,28.25543
51,1,14,1966,28.33751
51,1,14,1967,27.98468
51,1,14,1968,28.04509
51,1,14,1969,27.68431
51,1,14,1970,27.74075
51,1,14,1971,27.3427
51,1,14,1972,28.08397
51,1,14,1973,27.86483
51,1,14,1974,28.16819
51,1,14,1975,27.74859
51,1,14,1976,27.51586
51,1,14,1977,27.25401
51,1,14,1978,27.07927
51,1,14,1979,27.21812
51,1,14,1980,26.578
51,1,14,1981,27.36502
51,1,14,1982,27.42041
51,1,14,1983,27.11524
51,1,14,1984,26.69549
51,1,14,1985,26.38326
51,1,14,1986,26.41633
51,1,14,1987,26.42394
51,1,14,1988,26.63355
51,1,14,1989,26.36577
51,1,14,1990,26.25401
51,1,14,1991,25.81619
51,1,14,1992,26.15867
51,1,14,1993,26.67504
51,1,14,1994,26.84111
51,1,14,1995,26.74212
51,1,14,1996,27.13932
51,1,14,1997,27.20802
51,1,14,1998,27.44932
51,1,14,1999,27.38448
51,1,14,2000,28.05694
51,1,14,2001,28.32439
51,1,14,2002,28.58196
51,1,14,2003,28.75341
51,1,14,2004,28.7343
51,1,14,2005,28.87529
51,1,14,2006,28.93752
51,1,14,2007,28.99951
51,1,14,2008,29.22425
51,1,14,2009,29.54168
51,1,14,2010,29.92021
51,1,14,2011,30.19725
51,1,14,2012,30.29897
51,1,14,2013,30.59769
51,1,14,2014,31.10591
51,1,14,2015,30.97191
51,1,14,2016,31.21326
51,1,14,2017,32.53499
51,1,14,2018,33.33324
51,1,14,2019,33.76597
51,2,14,1950,29.57666
51,2,14,1951,28.99469
51,2,14,1952,29.15518
51,2,14,1953,29.88271
51,2,14,1954,29.54654
51,2,14,1955,30.1201
51,2,14,1956,30.47845
51,2,14,1957,30.35578
51,2,14,1958,31.27663
51,2,14,1959,31.41128
51,2,14,1960,32.09469
51,2,14,1961,32.1949
51,2,14,1962,32.00049
51,2,14,1963,32.24097
51,2,14,1964,32.38283
51,2,14,1965,32.54473
51,2,14,1966,32.63616
51,2,14,1967,32.61686
51,2,14,1968,32.77898
51,2,14,1969,32.49544
51,2,14,1970,32.68856
51,2,14,1971,32.58788
51,2,14,1972,33.09831
51,2,14,1973,33.15285
51,2,14,1974,33.23589
51,2,14,1975,33.14784
51,2,14,1976,33.21709
51,2,14,1977,33.21279
51,2,14,1978,33.17472
51,2,14,1979,33.23351
51,2,14,1980,32.98145
51,2,14,1981,33.4166
51,2,14,1982,33.3967
51,2,14,1983,33.22399
51,2,14,1984,32.99432
51,2,14,1985,32.7618
51,2,14,1986,32.93251
51,2,14,1987,32.95295
51,2,14,1988,33.24298
51,2,14,1989,33.24052
51,2,14,1990,33.27521
51,2,14,1991,33.09053
51,2,14,1992,33.3049
51,2,14,1993,33.58841
51,2,14,1994,33.70262
51,2,14,1995,33.83032
51,2,14,1996,34.0194
51,2,14,1997,34.12915
51,2,14,1998,34.40151
51,2,14,1999,34.48997
51,2,14,2000,34.83973
51,2,14,2001,35.17417
51,2,14,2002,35.48491
51,2,14,2003,35.67003
51,2,14,2004,35.84219
51,2,14,2005,35.98256
51,2,14,2006,36.10178
51,2,14,2007,36.20155
51,2,14,2008,36.39087
51,2,14,2009,36.50384
51,2,14,2010,36.98777
51,2,14,2011,37.17753
51,2,14,2012,37.20236
51,2,14,2013,37.39093
51,2,14,2014,37.64583
51,2,14,2015,37.67934
51,2,14,2016,37.90654
51,2,14,2017,38.9229
51,2,14,2018,39.44857
51,2,14,2019,39.7336
51,3,14,1950,27.76356
51,3,14,1951,27.24573
51,3,14,1952,27.45809
51,3,14,1953,28.22998
51,3,14,1954,27.95234
51,3,14,1955,28.48998
51,3,14,1956,28.84208
51,3,14,1957,28.5879
51,3,14,1958,29.60186
51,3,14,1959,29.57216
51,3,14,1960,30.23859
51,3,14,1961,30.2381
51,3,14,1962,30.04158
51,3,14,1963,30.26038
51,3,14,1964,30.44889
51,3,14,1965,30.56108
51,3,14,1966,30.64652
51,3,14,1967,30.45789
51,3,14,1968,30.57397
51,3,14,1969,30.24362
51,3,14,1970,30.36567
51,3,14,1971,30.10301
51,3,14,1972,30.74334
51,3,14,1973,30.65422
51,3,14,1974,30.84952
51,3,14,1975,30.58485
51,3,14,1976,30.49068
51,3,14,1977,30.34776
51,3,14,1978,30.22878
51,3,14,1979,30.33343
51,3,14,1980,29.85879
51,3,14,1981,30.50414
51,3,14,1982,30.52066
51,3,14,1983,30.27102
51,3,14,1984,29.92606
51,3,14,1985,29.63902
51,3,14,1986,29.74172
51,3,14,1987,29.75701
51,3,14,1988,30.00277
51,3,14,1989,29.85666
51,3,14,1990,29.80338
51,3,14,1991,29.47292
51,3,14,1992,29.76809
51,3,14,1993,30.19171
51,3,14,1994,30.33507
51,3,14,1995,30.33908
51,3,14,1996,30.64937
51,3,14,1997,30.73623
51,3,14,1998,30.99348
51,3,14,1999,31.00229
51,3,14,2000,31.53835
51,3,14,2001,31.84374
51,3,14,2002,32.12455
51,3,14,2003,32.31019
51,3,14,2004,32.37602
51,3,14,2005,32.5156
51,3,14,2006,32.59897
51,3,14,2007,32.66929
51,3,14,2008,32.87687
51,3,14,2009,33.09885
51,3,14,2010,33.5357
51,3,14,2011,33.77583
51,3,14,2012,33.82835
51,3,14,2013,34.07999
51,3,14,2014,34.47404
51,3,14,2015,34.4054
51,3,14,2016,34.63776
51,3,14,2017,35.53777
51,3,14,2018,35.93782
51,3,14,2019,36.39437
52,1,14,1950,28.76493
52,1,14,1951,29.12879
52,1,14,1952,29.19072
52,1,14,1953,29.12531
52,1,14,1954,29.01799
52,1,14,1955,28.52197
52,1,14,1956,27.5112
52,1,14,1957,27.30319
52,1,14,1958,28.42293
52,1,14,1959,26.76582
52,1,14,1960,28.53778
52,1,14,1961,28.46643
52,1,14,1962,27.82853
52,1,14,1963,28.77118
52,1,14,1964,28.9328
52,1,14,1965,28.72421
52,1,14,1966,29.05187
52,1,14,1967,28.79479
52,1,14,1968,28.74823
52,1,14,1969,28.05975
52,1,14,1970,28.30394
52,1,14,1971,28.35798
52,1,14,1972,28.49069
52,1,14,1973,28.25127
52,1,14,1974,28.76766
52,1,14,1975,28.71713
52,1,14,1976,28.69101
52,1,14,1977,28.34783
52,1,14,1978,28.23225
52,1,14,1979,28.06995
52,1,14,1980,27.81499
52,1,14,1981,27.85121
52,1,14,1982,28.09015
52,1,14,1983,27.7428
52,1,14,1984,27.69764
52,1,14,1985,27.39737
52,1,14,1986,27.44727
52,1,14,1987,27.30531
52,1,14,1988,27.41756
52,1,14,1989,27.82417
52,1,14,1990,27.47846
52,1,14,1991,27.46556
52,1,14,1992,26.79588
52,1,14,1993,26.6583
52,1,14,1994,26.42477
52,1,14,1995,25.99187
52,1,14,1996,25.5276
52,1,14,1997,25.46147
52,1,14,1998,26.19835
52,1,14,1999,27.02473
52,1,14,2000,27.44962
52,1,14,2001,27.15276
52,1,14,2002,27.02654
52,1,14,2003,27.17173
52,1,14,2004,27.57894
52,1,14,2005,27.79909
52,1,14,2006,28.10019
52,1,14,2007,28.38188
52,1,14,2008,28.20478
52,1,14,2009,28.20608
52,1,14,2010,28.33212
52,1,14,2011,29.11828
52,1,14,2012,29.11648
52,1,14,2013,29.67645
52,1,14,2014,29.32072
52,1,14,2015,29.44333
52,1,14,2016,29.37165
52,1,14,2017,29.42028
52,1,14,2018,30.72057
52,1,14,2019,31.46998
52,2,14,1950,30.82212
52,2,14,1951,31.12053
52,2,14,1952,31.24075
52,2,14,1953,31.19288
52,2,14,1954,31.12475
52,2,14,1955,30.76779
52,2,14,1956,29.88923
52,2,14,1957,29.79004
52,2,14,1958,30.9627
52,2,14,1959,29.76235
52,2,14,1960,31.00598
52,2,14,1961,30.95691
52,2,14,1962,30.50981
52,2,14,1963,31.39203
52,2,14,1964,31.66343
52,2,14,1965,31.34582
52,2,14,1966,31.69009
52,2,14,1967,31.59879
52,2,14,1968,31.50693
52,2,14,1969,31.12883
52,2,14,1970,31.31022
52,2,14,1971,31.39867
52,2,14,1972,31.58326
52,2,14,1973,31.33045
52,2,14,1974,31.85337
52,2,14,1975,31.87725
52,2,14,1976,31.87236
52,2,14,1977,31.56571
52,2,14,1978,31.7962
52,2,14,1979,31.63207
52,2,14,1980,31.4115
52,2,14,1981,31.77902
52,2,14,1982,31.93611
52,2,14,1983,31.64722
52,2,14,1984,31.77548
52,2,14,1985,31.65124
52,2,14,1986,31.80099
52,2,14,1987,31.60316
52,2,14,1988,31.75041
52,2,14,1989,32.04709
52,2,14,1990,32.22195
52,2,14,1991,32.22523
52,2,14,1992,32.04413
52,2,14,1993,32.03951
52,2,14,1994,32.02613
52,2,14,1995,31.8705
52,2,14,1996,31.66047
52,2,14,1997,31.87664
52,2,14,1998,32.16381
52,2,14,1999,32.53177
52,2,14,2000,32.88888
52,2,14,2001,32.88495
52,2,14,2002,32.80493
52,2,14,2003,32.98513
52,2,14,2004,33.42412
52,2,14,2005,33.46732
52,2,14,2006,33.82685
52,2,14,2007,34.19712
52,2,14,2008,34.38034
52,2,14,2009,34.43367
52,2,14,2010,34.65525
52,2,14,2011,35.11454
52,2,14,2012,35.20024
52,2,14,2013,35.59347
52,2,14,2014,35.49318
52,2,14,2015,35.65466
52,2,14,2016,35.7926
52,2,14,2017,35.80685
52,2,14,2018,36.77764
52,2,14,2019,37.24139
52,3,14,1950,29.88552
52,3,14,1951,30.2147
52,3,14,1952,30.30818
52,3,14,1953,30.25
52,3,14,1954,30.16129
52,3,14,1955,29.73475
52,3,14,1956,28.76072
52,3,14,1957,28.59589
52,3,14,1958,29.74998
52,3,14,1959,28.31108
52,3,14,1960,29.82914
52,3,14,1961,29.76138
52,3,14,1962,29.22122
52,3,14,1963,30.13669
52,3,14,1964,30.35562
52,3,14,1965,30.0884
52,3,14,1966,30.42414
52,3,14,1967,30.24721
52,3,14,1968,30.17341
52,3,14,1969,29.64168
52,3,14,1970,29.85597
52,3,14,1971,29.92684
52,3,14,1972,30.08034
52,3,14,1973,29.83332
52,3,14,1974,30.35064
52,3,14,1975,30.33675
52,3,14,1976,30.32237
52,3,14,1977,29.99451
52,3,14,1978,30.04663
52,3,14,1979,29.87844
52,3,14,1980,29.63805
52,3,14,1981,29.86088
52,3,14,1982,30.03011
52,3,14,1983,29.71146
52,3,14,1984,29.75064
52,3,14,1985,29.53469
52,3,14,1986,29.6264
52,3,14,1987,29.45964
52,3,14,1988,29.58757
52,3,14,1989,29.94815
52,3,14,1990,29.8456
52,3,14,1991,29.83872
52,3,14,1992,29.39205
52,3,14,1993,29.31213
52,3,14,1994,29.182
52,3,14,1995,28.86996
52,3,14,1996,28.51613
52,3,14,1997,28.58122
52,3,14,1998,29.13598
52,3,14,1999,29.76206
52,3,14,2000,30.15738
52,3,14,2001,30.00024
52,3,14,2002,29.88982
52,3,14,2003,30.05654
52,3,14,2004,30.48281
52,3,14,2005,30.62314
52,3,14,2006,30.96039
52,3,14,2007,31.28021
52,3,14,2008,31.26455
52,3,14,2009,31.29918
52,3,14,2010,31.47019
52,3,14,2011,32.1101
52,3,14,2012,32.14697
52,3,14,2013,32.64404
52,3,14,2014,32.38919
52,3,14,2015,32.53104
52,3,14,2016,32.55375
52,3,14,2017,32.58009
52,3,14,2018,33.78758
52,3,14,2019,34.41236
53,1,14,1950,26.5156
53,1,14,1951,26.32503
53,1,14,1952,27.52871
53,1,14,1953,28.19476
53,1,14,1954,28.17251
53,1,14,1955,27.5867
53,1,14,1956,27.37885
53,1,14,1957,27.45421
53,1,14,1958,28.44618
53,1,14,1959,27.73782
53,1,14,1960,27.85889
53,1,14,1961,27.88616
53,1,14,1962,27.43955
53,1,14,1963,28.15014
53,1,14,1964,27.79433
53,1,14,1965,27.99614
53,1,14,1966,28.18861
53,1,14,1967,27.75685
53,1,14,1968,27.51842
53,1,14,1969,26.80117
53,1,14,1970,27.10715
53,1,14,1971,27.93703
53,1,14,1972,27.10949
53,1,14,1973,27.8664
53,1,14,1974,28.18071
53,1,14,1975,28.24971
53,1,14,1976,27.83416
53,1,14,1977,27.49522
53,1,14,1978,26.93218
53,1,14,1979,27.34871
53,1,14,1980,27.79937
53,1,14,1981,27.80703
53,1,14,1982,27.6253
53,1,14,1983,27.33565
53,1,14,1984,27.96626
53,1,14,1985,28.4346
53,1,14,1986,28.04121
53,1,14,1987,27.62834
53,1,14,1988,27.74177
53,1,14,1989,28.04986
53,1,14,1990,28.38866
53,1,14,1991,29.41359
53,1,14,1992,29.70727
53,1,14,1993,29.54883
53,1,14,1994,28.87933
53,1,14,1995,27.54677
53,1,14,1996,27.23914
53,1,14,1997,26.88978
53,1,14,1998,27.60834
53,1,14,1999,27.45645
53,1,14,2000,27.57125
53,1,14,2001,27.98005
53,1,14,2002,27.97584
53,1,14,2003,27.92011
53,1,14,2004,27.85819
53,1,14,2005,27.8219
53,1,14,2006,27.98431
53,1,14,2007,28.18197
53,1,14,2008,28.29167
53,1,14,2009,28.59802
53,1,14,2010,28.92704
53,1,14,2011,29.17494
53,1,14,2012,29.41485
53,1,14,2013,29.52469
53,1,14,2014,29.58528
53,1,14,2015,29.5977
53,1,14,2016,30.0932
53,1,14,2017,31.13986
53,1,14,2018,31.98093
53,1,14,2019,32.17272
53,2,14,1950,28.16322
53,2,14,1951,27.80331
53,2,14,1952,28.88122
53,2,14,1953,29.51081
53,2,14,1954,29.40014
53,2,14,1955,29.12037
53,2,14,1956,28.85225
53,2,14,1957,28.97405
53,2,14,1958,29.91347
53,2,14,1959,29.43772
53,2,14,1960,29.53704
53,2,14,1961,29.71871
53,2,14,1962,29.38308
53,2,14,1963,30.10067
53,2,14,1964,29.78897
53,2,14,1965,30.10282
53,2,14,1966,30.42094
53,2,14,1967,30.10172
53,2,14,1968,30.0592
53,2,14,1969,29.98362
53,2,14,1970,30.48416
53,2,14,1971,31.17697
53,2,14,1972,31.09077
53,2,14,1973,32.07591
53,2,14,1974,32.53437
53,2,14,1975,32.68722
53,2,14,1976,32.90739
53,2,14,1977,32.81736
53,2,14,1978,32.48449
53,2,14,1979,32.26016
53,2,14,1980,32.3372
53,2,14,1981,32.25783
53,2,14,1982,32.01337
53,2,14,1983,32.12895
53,2,14,1984,32.80731
53,2,14,1985,33.15916
53,2,14,1986,32.2761
53,2,14,1987,32.06608
53,2,14,1988,32.10959
53,2,14,1989,31.66863
53,2,14,1990,31.73758
53,2,14,1991,32.42347
53,2,14,1992,32.85741
53,2,14,1993,32.63716
53,2,14,1994,32.06225
53,2,14,1995,30.96864
53,2,14,1996,30.67666
53,2,14,1997,30.32586
53,2,14,1998,31.22044
53,2,14,1999,31.01049
53,2,14,2000,31.49964
53,2,14,2001,31.74472
53,2,14,2002,32.12021
53,2,14,2003,32.06491
53,2,14,2004,32.09992
53,2,14,2005,31.92975
53,2,14,2006,32.15179
53,2,14,2007,32.38406
53,2,14,2008,32.38834
53,2,14,2009,32.5453
53,2,14,2010,32.88963
53,2,14,2011,33.19894
53,2,14,2012,33.35366
53,2,14,2013,33.67356
53,2,14,2014,33.68591
53,2,14,2015,33.76743
53,2,14,2016,34.01021
53,2,14,2017,34.79105
53,2,14,2018,35.34063
53,2,14,2019,35.48523
53,3,14,1950,27.36358
53,3,14,1951,27.08633
53,3,14,1952,28.22692
53,3,14,1953,28.72719
53,3,14,1954,28.79903
53,3,14,1955,28.37085
53,3,14,1956,28.13375
53,3,14,1957,28.22741
53,3,14,1958,29.17793
53,3,14,1959,28.59963
53,3,14,1960,28.70429
53,3,14,1961,28.6666
53,3,14,1962,28.41133
53,3,14,1963,29.12723
53,3,14,1964,28.78537
53,3,14,1965,29.05252
53,3,14,1966,29.30315
53,3,14,1967,28.92787
53,3,14,1968,28.78059
53,3,14,1969,28.37384
53,3,14,1970,28.78246
53,3,14,1971,29.41445
53,3,14,1972,29.05887
53,3,14,1973,29.9666
53,3,14,1974,30.30998
53,3,14,1975,30.48395
53,3,14,1976,30.32192
53,3,14,1977,30.10951
53,3,14,1978,29.63672
53,3,14,1979,29.77122
53,3,14,1980,30.0413
53,3,14,1981,30.01385
53,3,14,1982,29.79697
53,3,14,1983,29.67359
53,3,14,1984,30.34103
53,3,14,1985,30.76284
53,3,14,1986,30.13859
53,3,14,1987,29.81667
53,3,14,1988,29.88167
53,3,14,1989,29.80895
53,3,14,1990,30.01593
53,3,14,1991,30.91413
53,3,14,1992,31.29082
53,3,14,1993,31.1002
53,3,14,1994,30.47702
53,3,14,1995,29.22243
53,3,14,1996,28.91863
53,3,14,1997,28.5727
53,3,14,1998,29.38347
53,3,14,1999,29.19877
53,3,14,2000,29.49692
53,3,14,2001,29.8405
53,3,14,2002,30.01402
53,3,14,2003,29.95984
53,3,14,2004,29.94718
53,3,14,2005,29.83816
53,3,14,2006,30.03446
53,3,14,2007,30.25227
53,3,14,2008,30.30957
53,3,14,2009,30.54609
53,3,14,2010,30.87171
53,3,14,2011,31.15127
53,3,14,2012,31.35632
53,3,14,2013,31.55416
53,3,14,2014,31.64348
53,3,14,2015,31.6848
53,3,14,2016,32.05857
53,3,14,2017,32.98371
53,3,14,2018,33.68559
53,3,14,2019,33.8512
54,1,14,1950,27.69754
54,1,14,1951,27.56211
54,1,14,1952,27.66323
54,1,14,1953,27.80617
54,1,14,1954,27.83332
54,1,14,1955,28.0711
54,1,14,1956,28.14968
54,1,14,1957,27.78118
54,1,14,1958,28.40328
54,1,14,1959,28.03399
54,1,14,1960,28.78597
54,1,14,1961,28.98248
54,1,14,1962,28.55087
54,1,14,1963,28.74264
54,1,14,1964,29.23136
54,1,14,1965,28.77027
54,1,14,1966,28.67171
54,1,14,1967,28.8966
54,1,14,1968,28.28349
54,1,14,1969,27.80797
54,1,14,1970,27.53341
54,1,14,1971,27.5338
54,1,14,1972,27.75937
54,1,14,1973,27.47108
54,1,14,1974,27.46652
54,1,14,1975,27.41583
54,1,14,1976,27.5001
54,1,14,1977,27.03917
54,1,14,1978,27.09284
54,1,14,1979,27.14076
54,1,14,1980,26.86239
54,1,14,1981,26.69204
54,1,14,1982,26.74874
54,1,14,1983,26.31325
54,1,14,1984,26.26441
54,1,14,1985,26.43281
54,1,14,1986,26.4551
54,1,14,1987,26.2962
54,1,14,1988,26.33685
54,1,14,1989,25.95114
54,1,14,1990,25.75364
54,1,14,1991,26.11937
54,1,14,1992,26.23989
54,1,14,1993,26.67635
54,1,14,1994,27.13333
54,1,14,1995,27.12685
54,1,14,1996,27.46855
54,1,14,1997,27.33942
54,1,14,1998,27.13278
54,1,14,1999,27.38321
54,1,14,2000,27.59556
54,1,14,2001,27.85569
54,1,14,2002,27.93278
54,1,14,2003,28.0809
54,1,14,2004,28.53987
54,1,14,2005,28.24283
54,1,14,2006,28.49474
54,1,14,2007,28.53754
54,1,14,2008,28.7222
54,1,14,2009,29.14561
54,1,14,2010,29.43374
54,1,14,2011,29.70946
54,1,14,2012,30.04649
54,1,14,2013,30.39873
54,1,14,2014,30.59579
54,1,14,2015,30.50574
54,1,14,2016,31.14001
54,1,14,2017,32.24334
54,1,14,2018,33.11742
54,1,14,2019,33.5181
54,2,14,1950,29.85152
54,2,14,1951,30.07068
54,2,14,1952,30.17486
54,2,14,1953,30.29792
54,2,14,1954,30.4075
54,2,14,1955,30.80966
54,2,14,1956,31.01125
54,2,14,1957,30.76776
54,2,14,1958,31.45927
54,2,14,1959,31.37554
54,2,14,1960,31.94039
54,2,14,1961,32.07116
54,2,14,1962,31.71762
54,2,14,1963,32.07093
54,2,14,1964,32.10862
54,2,14,1965,32.09058
54,2,14,1966,32.22447
54,2,14,1967,32.53913
54,2,14,1968,32.12259
54,2,14,1969,32.04923
54,2,14,1970,31.90291
54,2,14,1971,32.06556
54,2,14,1972,32.49885
54,2,14,1973,32.32593
54,2,14,1974,32.32431
54,2,14,1975,32.64792
54,2,14,1976,32.73302
54,2,14,1977,32.69911
54,2,14,1978,32.41038
54,2,14,1979,32.7056
54,2,14,1980,32.60732
54,2,14,1981,32.63292
54,2,14,1982,32.80645
54,2,14,1983,32.478
54,2,14,1984,32.83403
54,2,14,1985,32.56002
54,2,14,1986,32.76746
54,2,14,1987,32.79201
54,2,14,1988,33.0903
54,2,14,1989,33.26741
54,2,14,1990,33.05002
54,2,14,1991,33.11714
54,2,14,1992,33.53432
54,2,14,1993,33.65631
54,2,14,1994,33.9732
54,2,14,1995,33.92083
54,2,14,1996,34.30998
54,2,14,1997,33.92696
54,2,14,1998,34.22532
54,2,14,1999,34.31333
54,2,14,2000,34.78221
54,2,14,2001,34.66171
54,2,14,2002,35.02269
54,2,14,2003,35.07247
54,2,14,2004,35.11828
54,2,14,2005,35.18154
54,2,14,2006,35.29941
54,2,14,2007,35.16741
54,2,14,2008,35.62572
54,2,14,2009,35.58395
54,2,14,2010,36.1156
54,2,14,2011,36.14254
54,2,14,2012,36.41895
54,2,14,2013,36.62698
54,2,14,2014,36.89965
54,2,14,2015,36.7787
54,2,14,2016,37.05587
54,2,14,2017,37.85872
54,2,14,2018,38.39225
54,2,14,2019,38.65843
54,3,14,1950,28.79242
54,3,14,1951,28.83791
54,3,14,1952,28.94264
54,3,14,1953,29.08756
54,3,14,1954,29.14201
54,3,14,1955,29.47303
54,3,14,1956,29.59054
54,3,14,1957,29.28478
54,3,14,1958,29.9436
54,3,14,1959,29.71129
54,3,14,1960,30.37005
54,3,14,1961,30.55693
54,3,14,1962,30.13654
54,3,14,1963,30.40404
54,3,14,1964,30.66721
54,3,14,1965,30.4246
54,3,14,1966,30.4293
54,3,14,1967,30.71053
54,3,14,1968,30.17045
54,3,14,1969,29.87518
54,3,14,1970,29.67071
54,3,14,1971,29.74118
54,3,14,1972,30.06857
54,3,14,1973,29.82638
54,3,14,1974,29.84867
54,3,14,1975,29.95586
54,3,14,1976,30.04628
54,3,14,1977,29.78874
54,3,14,1978,29.68796
54,3,14,1979,29.85223
54,3,14,1980,29.65638
54,3,14,1981,29.58575
54,3,14,1982,29.69837
54,3,14,1983,29.32739
54,3,14,1984,29.46635
54,3,14,1985,29.45374
54,3,14,1986,29.5607
54,3,14,1987,29.49861
54,3,14,1988,29.6637
54,3,14,1989,29.53432
54,3,14,1990,29.34814
54,3,14,1991,29.57439
54,3,14,1992,29.84696
54,3,14,1993,30.16916
54,3,14,1994,30.56046
54,3,14,1995,30.53802
54,3,14,1996,30.92324
54,3,14,1997,30.66858
54,3,14,1998,30.69709
54,3,14,1999,30.88086
54,3,14,2000,31.21018
54,3,14,2001,31.31876
54,3,14,2002,31.5066
54,3,14,2003,31.62237
54,3,14,2004,31.89487
54,3,14,2005,31.76696
54,3,14,2006,31.94169
54,3,14,2007,31.89331
54,3,14,2008,32.21954
54,3,14,2009,32.42375
54,3,14,2010,32.831
54,3,14,2011,32.9909
54,3,14,2012,33.3016
54,3,14,2013,33.57453
54,3,14,2014,33.81816
54,3,14,2015,33.69834
54,3,14,2016,34.15832
54,3,14,2017,35.13257
54,3,14,2018,35.85019
54,3,14,2019,36.24648
55,1,14,1950,24.97766
55,1,14,1951,24.50807
55,1,14,1952,25.57103
55,1,14,1953,25.62093
55,1,14,1954,26.57221
55,1,14,1955,25.94548
55,1,14,1956,25.61133
55,1,14,1957,25.93022
55,1,14,1958,26.90892
55,1,14,1959,26.24979
55,1,14,1960,26.42529
55,1,14,1961,26.9036
55,1,14,1962,26.33473
55,1,14,1963,26.93686
55,1,14,1964,26.73118
55,1,14,1965,27.28593
55,1,14,1966,27.66651
55,1,14,1967,27.1773
55,1,14,1968,27.01318
55,1,14,1969,26.21169
55,1,14,1970,26.47604
55,1,14,1971,26.57287
55,1,14,1972,26.16173
55,1,14,1973,26.93288
55,1,14,1974,27.10061
55,1,14,1975,27.09386
55,1,14,1976,27.28413
55,1,14,1977,27.18644
55,1,14,1978,26.7851
55,1,14,1979,26.80257
55,1,14,1980,27.17345
55,1,14,1981,27.32738
55,1,14,1982,26.64691
55,1,14,1983,26.42854
55,1,14,1984,26.82491
55,1,14,1985,28.3831
55,1,14,1986,29.43494
55,1,14,1987,30.27368
55,1,14,1988,30.81649
55,1,14,1989,31.06741
55,1,14,1990,31.1473
55,1,14,1991,31.27272
55,1,14,1992,31.37738
55,1,14,1993,31.39191
55,1,14,1994,31.25043
55,1,14,1995,31.03551
55,1,14,1996,30.54671
55,1,14,1997,29.48198
55,1,14,1998,29.52796
55,1,14,1999,29.84116
55,1,14,2000,30.14809
55,1,14,2001,30.06451
55,1,14,2002,30.46966
55,1,14,2003,30.35832
55,1,14,2004,31.18447
55,1,14,2005,31.99704
55,1,14,2006,31.83176
55,1,14,2007,32.22546
55,1,14,2008,32.60356
55,1,14,2009,33.0884
55,1,14,2010,33.27799
55,1,14,2011,33.71919
55,1,14,2012,33.74695
55,1,14,2013,34.07335
55,1,14,2014,34.88444
55,1,14,2015,34.45485
55,1,14,2016,34.77581
55,1,14,2017,35.67216
55,1,14,2018,36.38601
55,1,14,2019,36.72687
55,2,14,1950,30.72181
55,2,14,1951,29.39721
55,2,14,1952,29.12478
55,2,14,1953,28.48466
55,2,14,1954,29.04809
55,2,14,1955,28.82203
55,2,14,1956,28.62224
55,2,14,1957,29.06349
55,2,14,1958,30.09446
55,2,14,1959,29.71129
55,2,14,1960,29.85199
55,2,14,1961,30.36999
55,2,14,1962,29.95109
55,2,14,1963,30.55863
55,2,14,1964,30.43486
55,2,14,1965,30.99481
55,2,14,1966,31.41311
55,2,14,1967,31.06408
55,2,14,1968,30.90423
55,2,14,1969,30.61532
55,2,14,1970,31.08452
55,2,14,1971,31.50882
55,2,14,1972,31.15703
55,2,14,1973,31.63203
55,2,14,1974,31.83934
55,2,14,1975,31.76021
55,2,14,1976,31.99836
55,2,14,1977,32.13744
55,2,14,1978,32.05601
55,2,14,1979,32.21004
55,2,14,1980,33.05383
55,2,14,1981,33.07249
55,2,14,1982,33.16515
55,2,14,1983,32.88446
55,2,14,1984,33.16059
55,2,14,1985,34.04036
55,2,14,1986,34.88468
55,2,14,1987,35.51006
55,2,14,1988,35.94981
55,2,14,1989,36.29709
55,2,14,1990,36.42782
55,2,14,1991,36.61392
55,2,14,1992,36.80471
55,2,14,1993,36.95259
55,2,14,1994,37.01214
55,2,14,1995,37.01791
55,2,14,1996,36.49724
55,2,14,1997,35.98805
55,2,14,1998,36.05495
55,2,14,1999,36.16125
55,2,14,2000,36.65829
55,2,14,2001,36.80736
55,2,14,2002,37.31047
55,2,14,2003,37.79915
55,2,14,2004,37.60656
55,2,14,2005,38.00962
55,2,14,2006,38.61817
55,2,14,2007,38.60022
55,2,14,2008,38.99166
55,2,14,2009,39.047
55,2,14,2010,39.22523
55,2,14,2011,39.35271
55,2,14,2012,39.43621
55,2,14,2013,39.88144
55,2,14,2014,40.43491
55,2,14,2015,40.4288
55,2,14,2016,40.7747
55,2,14,2017,41.44834
55,2,14,2018,41.97578
55,2,14,2019,42.20142
55,3,14,1950,27.96921
55,3,14,1951,27.0607
55,3,14,1952,27.41647
55,3,14,1953,27.07043
55,3,14,1954,27.7759
55,3,14,1955,27.39177
55,3,14,1956,27.15047
55,3,14,1957,27.5433
55,3,14,1958,28.55202
55,3,14,1959,28.05333
55,3,14,1960,28.17543
55,3,14,1961,28.70654
55,3,14,1962,28.2082
55,3,14,1963,28.80569
55,3,14,1964,28.6633
55,3,14,1965,29.20816
55,3,14,1966,29.62118
55,3,14,1967,29.22477
55,3,14,1968,29.02309
55,3,14,1969,28.48063
55,3,14,1970,28.88421
55,3,14,1971,29.14602
55,3,14,1972,28.779
55,3,14,1973,29.38463
55,3,14,1974,29.58722
55,3,14,1975,29.55223
55,3,14,1976,29.75836
55,3,14,1977,29.79212
55,3,14,1978,29.52725
55,3,14,1979,29.62573
55,3,14,1980,30.24315
55,3,14,1981,30.32795
55,3,14,1982,30.03229
55,3,14,1983,29.77474
55,3,14,1984,30.11967
55,3,14,1985,31.44918
55,3,14,1986,32.41606
55,3,14,1987,33.15964
55,3,14,1988,33.65603
55,3,14,1989,33.96221
55,3,14,1990,34.06771
55,3,14,1991,34.22368
55,3,14,1992,34.37458
55,3,14,1993,34.4535
55,3,14,1994,34.40786
55,3,14,1995,34.29368
55,3,14,1996,33.75623
55,3,14,1997,32.8289
55,3,14,1998,32.8663
55,3,14,1999,33.06991
55,3,14,2000,33.49371
55,3,14,2001,33.472
55,3,14,2002,33.9636
55,3,14,2003,34.13253
55,3,14,2004,34.58571
55,3,14,2005,35.07223
55,3,14,2006,35.25064
55,3,14,2007,35.56023
55,3,14,2008,35.85526
55,3,14,2009,36.10186
55,3,14,2010,36.3023
55,3,14,2011,36.56989
55,3,14,2012,36.62214
55,3,14,2013,37.00755
55,3,14,2014,37.81741
55,3,14,2015,37.47621
55,3,14,2016,37.90123
55,3,14,2017,38.71614
55,3,14,2018,39.35106
55,3,14,2019,39.63193
56,1,14,1950,28.51359
56,1,14,1951,28.50446
56,1,14,1952,28.61043
56,1,14,1953,28.71037
56,1,14,1954,28.7677
56,1,14,1955,28.74793
56,1,14,1956,28.66842
56,1,14,1957,28.51775
56,1,14,1958,27.96512
56,1,14,1959,27.23167
56,1,14,1960,27.68706
56,1,14,1961,27.54386
56,1,14,1962,27.29023
56,1,14,1963,27.46446
56,1,14,1964,27.91824
56,1,14,1965,27.42447
56,1,14,1966,27.3408
56,1,14,1967,27.10664
56,1,14,1968,26.88917
56,1,14,1969,26.40901
56,1,14,1970,26.32976
56,1,14,1971,26.30046
56,1,14,1972,26.30189
56,1,14,1973,26.27792
56,1,14,1974,26.25713
56,1,14,1975,25.80594
56,1,14,1976,25.68027
56,1,14,1977,25.36501
56,1,14,1978,25.27833
56,1,14,1979,24.96181
56,1,14,1980,24.85402
56,1,14,1981,24.96816
56,1,14,1982,25.1546
56,1,14,1983,24.97064
56,1,14,1984,24.51683
56,1,14,1985,25.05034
56,1,14,1986,26.40282
56,1,14,1987,26.24108
56,1,14,1988,26.24918
56,1,14,1989,25.87716
56,1,14,1990,25.56891
56,1,14,1991,25.35728
56,1,14,1992,24.54791
56,1,14,1993,22.86654
56,1,14,1994,21.8476
56,1,14,1995,22.07415
56,1,14,1996,22.85838
56,1,14,1997,23.6471
56,1,14,1998,23.9916
56,1,14,1999,23.2421
56,1,14,2000,22.71398
56,1,14,2001,22.57823
56,1,14,2002,22.28964
56,1,14,2003,22.19343
56,1,14,2004,22.39842
56,1,14,2005,22.04931
56,1,14,2006,23.07913
56,1,14,2007,23.57034
56,1,14,2008,23.62632
56,1,14,2009,24.51221
56,1,14,2010,24.61955
56,1,14,2011,25.46517
56,1,14,2012,25.90213
56,1,14,2013,26.26915
56,1,14,2014,26.3026
56,1,14,2015,26.62907
56,1,14,2016,26.89668
56,1,14,2017,27.78387
56,1,14,2018,28.87829
56,1,14,2019,29.50834
56,2,14,1950,33.16508
56,2,14,1951,33.16977
56,2,14,1952,33.19685
56,2,14,1953,33.28965
56,2,14,1954,33.43453
56,2,14,1955,33.50101
56,2,14,1956,33.7183
56,2,14,1957,33.51929
56,2,14,1958,33.29045
56,2,14,1959,32.73626
56,2,14,1960,33.28388
56,2,14,1961,33.11113
56,2,14,1962,32.81271
56,2,14,1963,33.02009
56,2,14,1964,33.43576
56,2,14,1965,33.20218
56,2,14,1966,33.16065
56,2,14,1967,33.00308
56,2,14,1968,32.99356
56,2,14,1969,32.75659
56,2,14,1970,32.70116
56,2,14,1971,32.80546
56,2,14,1972,32.68133
56,2,14,1973,32.70891
56,2,14,1974,32.80876
56,2,14,1975,32.55308
56,2,14,1976,32.44448
56,2,14,1977,32.41863
56,2,14,1978,32.37252
56,2,14,1979,32.21412
56,2,14,1980,32.17409
56,2,14,1981,32.32974
56,2,14,1982,32.51339
56,2,14,1983,32.31973
56,2,14,1984,31.97595
56,2,14,1985,32.08779
56,2,14,1986,32.82198
56,2,14,1987,32.768
56,2,14,1988,32.83342
56,2,14,1989,32.84367
56,2,14,1990,32.76385
56,2,14,1991,32.636
56,2,14,1992,32.29389
56,2,14,1993,31.22487
56,2,14,1994,30.6292
56,2,14,1995,30.82802
56,2,14,1996,31.30524
56,2,14,1997,31.66897
56,2,14,1998,31.91598
56,2,14,1999,31.50187
56,2,14,2000,31.36303
56,2,14,2001,31.30269
56,2,14,2002,31.13431
56,2,14,2003,31.07924
56,2,14,2004,31.35091
56,2,14,2005,31.21152
56,2,14,2006,31.89266
56,2,14,2007,32.2824
56,2,14,2008,32.38999
56,2,14,2009,32.87727
56,2,14,2010,33.01194
56,2,14,2011,33.62826
56,2,14,2012,33.956
56,2,14,2013,34.21539
56,2,14,2014,34.33771
56,2,14,2015,34.52513
56,2,14,2016,34.72199
56,2,14,2017,35.26978
56,2,14,2018,35.92013
56,2,14,2019,36.28354
56,3,14,1950,30.95571
56,3,14,1951,30.99795
56,3,14,1952,31.03264
56,3,14,1953,31.16325
56,3,14,1954,31.18479
56,3,14,1955,31.26034
56,3,14,1956,31.36031
56,3,14,1957,31.24959
56,3,14,1958,31.06391
56,3,14,1959,30.63447
56,3,14,1960,31.15328
56,3,14,1961,30.99579
56,3,14,1962,30.71274
56,3,14,1963,30.91622
56,3,14,1964,31.35807
56,3,14,1965,31.00678
56,3,14,1966,30.94842
56,3,14,1967,30.75733
56,3,14,1968,30.65762
56,3,14,1969,30.31165
56,3,14,1970,30.24353
56,3,14,1971,30.28874
56,3,14,1972,30.21086
56,3,14,1973,30.20443
56,3,14,1974,30.24108
56,3,14,1975,29.87486
56,3,14,1976,29.7372
56,3,14,1977,29.55594
56,3,14,1978,29.47586
56,3,14,1979,29.21762
56,3,14,1980,29.12376
56,3,14,1981,29.24734
56,3,14,1982,29.42226
56,3,14,1983,29.20776
56,3,14,1984,28.77505
56,3,14,1985,29.08868
56,3,14,1986,30.14166
56,3,14,1987,30.01033
56,3,14,1988,30.02584
56,3,14,1989,29.81896
56,3,14,1990,29.59526
56,3,14,1991,29.39107
56,3,14,1992,28.75736
56,3,14,1993,27.27018
56,3,14,1994,26.38447
56,3,14,1995,26.60312
56,3,14,1996,27.27721
56,3,14,1997,27.88194
56,3,14,1998,28.18336
56,3,14,1999,27.54947
56,3,14,2000,27.17361
56,3,14,2001,27.06135
56,3,14,2002,26.80964
56,3,14,2003,26.73107
56,3,14,2004,26.98185
56,3,14,2005,26.71527
56,3,14,2006,27.63597
56,3,14,2007,28.09852
56,3,14,2008,28.17995
56,3,14,2009,28.91753
56,3,14,2010,29.03964
56,3,14,2011,29.80541
56,3,14,2012,30.19773
56,3,14,2013,30.51406
56,3,14,2014,30.58683
56,3,14,2015,30.8577
56,3,14,2016,31.09072
56,3,14,2017,31.83676
56,3,14,2018,32.48776
56,3,14,2019,32.85021
57,1,14,1950,31.95743
57,1,14,1951,31.92648
57,1,14,1952,31.98462
57,1,14,1953,32.33987
57,1,14,1954,32.2623
57,1,14,1955,32.2585
57,1,14,1956,32.06949
57,1,14,1957,31.56668
57,1,14,1958,30.65184
57,1,14,1959,29.93185
57,1,14,1960,30.80686
57,1,14,1961,30.98539
57,1,14,1962,30.44144
57,1,14,1963,30.29507
57,1,14,1964,30.81109
57,1,14,1965,30.35291
57,1,14,1966,30.27332
57,1,14,1967,30.11767
57,1,14,1968,29.97478
57,1,14,1969,29.65824
57,1,14,1970,29.36308
57,1,14,1971,29.45561
57,1,14,1972,29.17541
57,1,14,1973,29.14698
57,1,14,1974,29.18178
57,1,14,1975,28.46564
57,1,14,1976,28.20623
57,1,14,1977,27.96056
57,1,14,1978,27.89134
57,1,14,1979,27.36414
57,1,14,1980,27.31178
57,1,14,1981,27.37693
57,1,14,1982,27.43073
57,1,14,1983,27.16447
57,1,14,1984,26.35489
57,1,14,1985,26.89659
57,1,14,1986,28.01907
57,1,14,1987,27.73934
57,1,14,1988,27.72493
57,1,14,1989,27.05416
57,1,14,1990,26.81812
57,1,14,1991,26.36538
57,1,14,1992,25.93608
57,1,14,1993,24.75895
57,1,14,1994,24.62349
57,1,14,1995,24.13076
57,1,14,1996,24.19949
57,1,14,1997,24.05955
57,1,14,1998,23.77905
57,1,14,1999,23.58562
57,1,14,2000,24.2871
57,1,14,2001,23.66858
57,1,14,2002,23.10697
57,1,14,2003,23.41303
57,1,14,2004,23.70618
57,1,14,2005,23.42804
57,1,14,2006,23.89071
57,1,14,2007,24.64458
57,1,14,2008,24.56106
57,1,14,2009,24.65729
57,1,14,2010,24.49303
57,1,14,2011,24.37691
57,1,14,2012,25.95361
57,1,14,2013,26.88381
57,1,14,2014,27.22012
57,1,14,2015,27.48711
57,1,14,2016,27.87654
57,1,14,2017,28.55114
57,1,14,2018,29.46817
57,1,14,2019,29.79715
57,2,14,1950,35.62679
57,2,14,1951,35.63002
57,2,14,1952,35.71336
57,2,14,1953,36.04315
57,2,14,1954,36.0208
57,2,14,1955,36.22625
57,2,14,1956,36.1835
57,2,14,1957,35.84886
57,2,14,1958,35.20897
57,2,14,1959,34.91926
57,2,14,1960,35.81804
57,2,14,1961,35.7146
57,2,14,1962,35.059
57,2,14,1963,35.08725
57,2,14,1964,35.96039
57,2,14,1965,35.60091
57,2,14,1966,35.71662
57,2,14,1967,35.34908
57,2,14,1968,35.47585
57,2,14,1969,35.19029
57,2,14,1970,34.9795
57,2,14,1971,35.15478
57,2,14,1972,34.88577
57,2,14,1973,34.81652
57,2,14,1974,35.02734
57,2,14,1975,34.66524
57,2,14,1976,34.47817
57,2,14,1977,34.34304
57,2,14,1978,34.16652
57,2,14,1979,34.06547
57,2,14,1980,33.85857
57,2,14,1981,34.20929
57,2,14,1982,34.27049
57,2,14,1983,34.01919
57,2,14,1984,33.47309
57,2,14,1985,33.464
57,2,14,1986,34.13662
57,2,14,1987,33.98327
57,2,14,1988,34.1174
57,2,14,1989,34.07628
57,2,14,1990,33.72629
57,2,14,1991,33.53198
57,2,14,1992,33.27915
57,2,14,1993,32.61924
57,2,14,1994,32.58485
57,2,14,1995,32.32716
57,2,14,1996,32.48175
57,2,14,1997,32.33103
57,2,14,1998,32.3139
57,2,14,1999,32.0901
57,2,14,2000,32.65656
57,2,14,2001,32.36782
57,2,14,2002,31.96152
57,2,14,2003,32.43258
57,2,14,2004,32.66422
57,2,14,2005,32.72465
57,2,14,2006,33.15454
57,2,14,2007,33.60603
57,2,14,2008,33.85661
57,2,14,2009,33.79965
57,2,14,2010,33.91192
57,2,14,2011,33.81429
57,2,14,2012,34.84126
57,2,14,2013,35.31076
57,2,14,2014,35.5568
57,2,14,2015,35.81262
57,2,14,2016,35.89791
57,2,14,2017,36.53305
57,2,14,2018,37.09294
57,2,14,2019,37.31766
57,3,14,1950,34.22247
57,3,14,1951,34.21111
57,3,14,1952,34.28392
57,3,14,1953,34.62718
57,3,14,1954,34.58137
57,3,14,1955,34.70681
57,3,14,1956,34.6051
57,3,14,1957,34.19394
57,3,14,1958,33.29453
57,3,14,1959,32.7567
57,3,14,1960,33.65287
57,3,14,1961,33.65226
57,3,14,1962,33.02729
57,3,14,1963,33.13449
57,3,14,1964,33.93661
57,3,14,1965,33.46561
57,3,14,1966,33.51279
57,3,14,1967,33.22821
57,3,14,1968,33.2492
57,3,14,1969,32.94302
57,3,14,1970,32.74539
57,3,14,1971,32.83609
57,3,14,1972,32.55493
57,3,14,1973,32.50279
57,3,14,1974,32.62993
57,3,14,1975,32.14344
57,3,14,1976,31.86628
57,3,14,1977,31.67787
57,3,14,1978,31.54251
57,3,14,1979,31.22554
57,3,14,1980,31.07119
57,3,14,1981,31.27931
57,3,14,1982,31.33702
57,3,14,1983,31.10783
57,3,14,1984,30.35807
57,3,14,1985,30.6135
57,3,14,1986,31.52213
57,3,14,1987,31.29005
57,3,14,1988,31.32585
57,3,14,1989,30.94399
57,3,14,1990,30.61959
57,3,14,1991,30.27656
57,3,14,1992,29.9412
57,3,14,1993,28.91021
57,3,14,1994,28.84756
57,3,14,1995,28.40182
57,3,14,1996,28.50669
57,3,14,1997,28.34704
57,3,14,1998,28.20562
57,3,14,1999,27.94044
57,3,14,2000,28.65077
57,3,14,2001,28.15088
57,3,14,2002,27.62805
57,3,14,2003,28.03021
57,3,14,2004,28.31282
57,3,14,2005,28.13191
57,3,14,2006,28.6208
57,3,14,2007,29.26739
57,3,14,2008,29.32699
57,3,14,2009,29.35926
57,3,14,2010,29.3169
57,3,14,2011,29.20145
57,3,14,2012,30.59085
57,3,14,2013,31.19335
57,3,14,2014,31.46872
57,3,14,2015,31.92911
57,3,14,2016,32.08266
57,3,14,2017,32.89114
57,3,14,2018,33.66093
57,3,14,2019,33.93999
58,1,14,1950,28.54486
58,1,14,1951,28.50508
58,1,14,1952,28.46553
58,1,14,1953,28.75664
58,1,14,1954,28.67353
58,1,14,1955,28.71537
58,1,14,1956,28.65884
58,1,14,1957,28.20082
58,1,14,1958,27.75786
58,1,14,1959,26.97056
58,1,14,1960,27.31535
58,1,14,1961,27.37889
58,1,14,1962,27.38123
58,1,14,1963,27.19156
58,1,14,1964,27.58484
58,1,14,1965,27.66647
58,1,14,1966,27.54244
58,1,14,1967,27.28499
58,1,14,1968,27.19792
58,1,14,1969,26.72233
58,1,14,1970,26.87236
58,1,14,1971,26.9511
58,1,14,1972,26.63263
58,1,14,1973,27.06663
58,1,14,1974,27.12406
58,1,14,1975,26.46041
58,1,14,1976,26.15135
58,1,14,1977,26.35672
58,1,14,1978,25.8454
58,1,14,1979,25.61731
58,1,14,1980,25.77675
58,1,14,1981,25.61802
58,1,14,1982,25.99263
58,1,14,1983,25.71114
58,1,14,1984,25.46585
58,1,14,1985,25.49494
58,1,14,1986,26.49507
58,1,14,1987,26.55606
58,1,14,1988,26.51237
58,1,14,1989,26.48308
58,1,14,1990,25.68673
58,1,14,1991,25.30824
58,1,14,1992,25.14206
58,1,14,1993,24.13032
58,1,14,1994,23.0535
58,1,14,1995,23.59223
58,1,14,1996,25.27246
58,1,14,1997,25.23347
58,1,14,1998,24.7263
58,1,14,1999,25.49371
58,1,14,2000,25.84875
58,1,14,2001,25.3464
58,1,14,2002,25.70582
58,1,14,2003,26.25665
58,1,14,2004,26.36869
58,1,14,2005,26.85367
58,1,14,2006,26.90103
58,1,14,2007,26.78926
58,1,14,2008,27.9412
58,1,14,2009,28.47241
58,1,14,2010,29.51636
58,1,14,2011,29.60091
58,1,14,2012,29.81831
58,1,14,2013,30.73062
58,1,14,2014,30.44275
58,1,14,2015,31.04855
58,1,14,2016,31.27984
58,1,14,2017,32.55421
58,1,14,2018,33.36214
58,1,14,2019,33.96134
58,2,14,1950,33.07456
58,2,14,1951,33.05137
58,2,14,1952,33.0328
58,2,14,1953,33.26343
58,2,14,1954,33.20908
58,2,14,1955,33.34581
58,2,14,1956,33.3002
58,2,14,1957,32.95776
58,2,14,1958,32.74235
58,2,14,1959,32.14771
58,2,14,1960,32.87039
58,2,14,1961,32.60338
58,2,14,1962,32.57136
58,2,14,1963,32.79435
58,2,14,1964,33.12874
58,2,14,1965,33.03764
58,2,14,1966,32.7816
58,2,14,1967,33.3574
58,2,14,1968,32.95178
58,2,14,1969,32.8903
58,2,14,1970,32.92818
58,2,14,1971,33.08142
58,2,14,1972,32.8926
58,2,14,1973,33.07383
58,2,14,1974,33.36401
58,2,14,1975,33.10712
58,2,14,1976,32.9279
58,2,14,1977,32.74306
58,2,14,1978,32.89855
58,2,14,1979,32.6402
58,2,14,1980,32.89092
58,2,14,1981,32.70308
58,2,14,1982,33.05082
58,2,14,1983,33.02282
58,2,14,1984,32.5937
58,2,14,1985,32.62689
58,2,14,1986,33.18099
58,2,14,1987,33.374
58,2,14,1988,33.31402
58,2,14,1989,32.81646
58,2,14,1990,33.08234
58,2,14,1991,32.77797
58,2,14,1992,33.22143
58,2,14,1993,32.63486
58,2,14,1994,31.95819
58,2,14,1995,32.78798
58,2,14,1996,33.65474
58,2,14,1997,33.8521
58,2,14,1998,33.50901
58,2,14,1999,33.98142
58,2,14,2000,33.94819
58,2,14,2001,33.98259
58,2,14,2002,34.58643
58,2,14,2003,34.81826
58,2,14,2004,35.33166
58,2,14,2005,35.42852
58,2,14,2006,35.72505
58,2,14,2007,35.97368
58,2,14,2008,36.44836
58,2,14,2009,36.9574
58,2,14,2010,37.65761
58,2,14,2011,37.67073
58,2,14,2012,37.92244
58,2,14,2013,38.05865
58,2,14,2014,38.39293
58,2,14,2015,38.58235
58,2,14,2016,38.19703
58,2,14,2017,38.87463
58,2,14,2018,39.37991
58,2,14,2019,39.69856
58,3,14,1950,31.27859
58,3,14,1951,31.25683
58,3,14,1952,31.2387
58,3,14,1953,31.5037
58,3,14,1954,31.44572
58,3,14,1955,31.55097
58,3,14,1956,31.50404
58,3,14,1957,31.11246
58,3,14,1958,30.79386
58,3,14,1959,30.01751
58,3,14,1960,30.57943
58,3,14,1961,30.4492
58,3,14,1962,30.41991
58,3,14,1963,30.4453
58,3,14,1964,30.82461
58,3,14,1965,30.80021
58,3,14,1966,30.59347
58,3,14,1967,30.80057
58,3,14,1968,30.53689
58,3,14,1969,30.26385
58,3,14,1970,30.37446
58,3,14,1971,30.48815
58,3,14,1972,30.26785
58,3,14,1973,30.5495
58,3,14,1974,30.72963
58,3,14,1975,30.22898
58,3,14,1976,29.99393
58,3,14,1977,29.96568
58,3,14,1978,29.78738
58,3,14,1979,29.53726
58,3,14,1980,29.73243
58,3,14,1981,29.53881
58,3,14,1982,29.88712
58,3,14,1983,29.74079
58,3,14,1984,29.38236
58,3,14,1985,29.48803
58,3,14,1986,30.19076
58,3,14,1987,30.31388
58,3,14,1988,30.24549
58,3,14,1989,29.93865
58,3,14,1990,29.62324
58,3,14,1991,29.29567
58,3,14,1992,29.39268
58,3,14,1993,28.6331
58,3,14,1994,27.6852
58,3,14,1995,28.38071
58,3,14,1996,29.66576
58,3,14,1997,29.7337
58,3,14,1998,29.27309
58,3,14,1999,29.92409
58,3,14,2000,30.09955
58,3,14,2001,29.81002
58,3,14,2002,30.32549
58,3,14,2003,30.70696
58,3,14,2004,31.02254
58,3,14,2005,31.32651
58,3,14,2006,31.50261
58,3,14,2007,31.55478
58,3,14,2008,32.41587
58,3,14,2009,32.96322
58,3,14,2010,33.84516
58,3,14,2011,33.89832
58,3,14,2012,34.11579
58,3,14,2013,34.63211
58,3,14,2014,34.65437
58,3,14,2015,35.18994
58,3,14,2016,34.97838
58,3,14,2017,36.0733
58,3,14,2018,36.73154
58,3,14,2019,37.18097
59,1,14,1950,30.21929
59,1,14,1951,30.25638
59,1,14,1952,30.46723
59,1,14,1953,30.56044
59,1,14,1954,30.47108
59,1,14,1955,30.46013
59,1,14,1956,30.41775
59,1,14,1957,30.23987
59,1,14,1958,29.88399
59,1,14,1959,29.16779
59,1,14,1960,28.3451
59,1,14,1961,28.09299
59,1,14,1962,28.0008
59,1,14,1963,28.3152
59,1,14,1964,29.07507
59,1,14,1965,28.41579
59,1,14,1966,28.46705
59,1,14,1967,28.34197
59,1,14,1968,27.70861
59,1,14,1969,27.42816
59,1,14,1970,27.81882
59,1,14,1971,27.54939
59,1,14,1972,27.14565
59,1,14,1973,27.10061
59,1,14,1974,26.84574
59,1,14,1975,26.3473
59,1,14,1976,26.24761
59,1,14,1977,26.1092
59,1,14,1978,25.90106
59,1,14,1979,25.77143
59,1,14,1980,25.80191
59,1,14,1981,25.57597
59,1,14,1982,26.16204
59,1,14,1983,25.84221
59,1,14,1984,25.5632
59,1,14,1985,25.80917
59,1,14,1986,26.95819
59,1,14,1987,26.89855
59,1,14,1988,26.72743
59,1,14,1989,26.08122
59,1,14,1990,25.74243
59,1,14,1991,25.39568
59,1,14,1992,24.77423
59,1,14,1993,22.96896
59,1,14,1994,21.66119
59,1,14,1995,22.59627
59,1,14,1996,24.49586
59,1,14,1997,25.08816
59,1,14,1998,24.63089
59,1,14,1999,25.34401
59,1,14,2000,25.57355
59,1,14,2001,25.02758
59,1,14,2002,25.11444
59,1,14,2003,25.66727
59,1,14,2004,25.78733
59,1,14,2005,25.15851
59,1,14,2006,24.75597
59,1,14,2007,24.98024
59,1,14,2008,26.05911
59,1,14,2009,26.91634
59,1,14,2010,27.17704
59,1,14,2011,27.67622
59,1,14,2012,27.75091
59,1,14,2013,27.92454
59,1,14,2014,28.20067
59,1,14,2015,28.5853
59,1,14,2016,29.50074
59,1,14,2017,30.7779
59,1,14,2018,31.61999
59,1,14,2019,32.09232
59,2,14,1950,34.06812
59,2,14,1951,34.24256
59,2,14,1952,34.34737
59,2,14,1953,34.45883
59,2,14,1954,34.60272
59,2,14,1955,34.42946
59,2,14,1956,34.45932
59,2,14,1957,34.34633
59,2,14,1958,34.08628
59,2,14,1959,33.83831
59,2,14,1960,33.16424
59,2,14,1961,33.24095
59,2,14,1962,32.82321
59,2,14,1963,33.24623
59,2,14,1964,33.94657
59,2,14,1965,33.90502
59,2,14,1966,33.5848
59,2,14,1967,33.3057
59,2,14,1968,33.56889
59,2,14,1969,33.44151
59,2,14,1970,33.02216
59,2,14,1971,33.41165
59,2,14,1972,33.16857
59,2,14,1973,33.03872
59,2,14,1974,33.33596
59,2,14,1975,33.08427
59,2,14,1976,32.99601
59,2,14,1977,32.77528
59,2,14,1978,32.67795
59,2,14,1979,32.65476
59,2,14,1980,32.85327
59,2,14,1981,32.87563
59,2,14,1982,33.261
59,2,14,1983,33.06315
59,2,14,1984,32.71025
59,2,14,1985,32.53686
59,2,14,1986,33.21993
59,2,14,1987,33.15723
59,2,14,1988,33.31772
59,2,14,1989,32.99149
59,2,14,1990,33.02725
59,2,14,1991,33.13094
59,2,14,1992,32.95214
59,2,14,1993,32.10269
59,2,14,1994,31.39097
59,2,14,1995,31.81127
59,2,14,1996,33.11989
59,2,14,1997,33.38532
59,2,14,1998,33.08077
59,2,14,1999,33.54667
59,2,14,2000,33.98949
59,2,14,2001,33.56919
59,2,14,2002,33.886
59,2,14,2003,33.75226
59,2,14,2004,34.1097
59,2,14,2005,34.17523
59,2,14,2006,33.622
59,2,14,2007,34.13318
59,2,14,2008,34.78588
59,2,14,2009,35.09819
59,2,14,2010,35.32829
59,2,14,2011,35.57425
59,2,14,2012,36.01319
59,2,14,2013,35.76855
59,2,14,2014,36.31355
59,2,14,2015,36.53878
59,2,14,2016,37.31874
59,2,14,2017,37.85925
59,2,14,2018,38.10276
59,2,14,2019,38.34123
59,3,14,1950,32.58416
59,3,14,1951,32.62723
59,3,14,1952,32.74184
59,3,14,1953,32.85467
59,3,14,1954,32.53037
59,3,14,1955,32.22355
59,3,14,1956,32.32804
59,3,14,1957,32.35568
59,3,14,1958,32.26436
59,3,14,1959,31.77051
59,3,14,1960,31.12978
59,3,14,1961,31.06766
59,3,14,1962,30.78125
59,3,14,1963,31.15705
59,3,14,1964,31.88595
59,3,14,1965,31.65564
59,3,14,1966,31.39932
59,3,14,1967,31.18644
59,3,14,1968,31.03667
59,3,14,1969,30.8359
59,3,14,1970,30.81401
59,3,14,1971,30.91184
59,3,14,1972,30.57368
59,3,14,1973,30.47406
59,3,14,1974,30.52076
59,3,14,1975,30.15166
59,3,14,1976,30.1089
59,3,14,1977,29.84988
59,3,14,1978,29.69558
59,3,14,1979,29.61415
59,3,14,1980,29.71731
59,3,14,1981,29.62668
59,3,14,1982,30.10207
59,3,14,1983,29.82796
59,3,14,1984,29.57318
59,3,14,1985,29.52541
59,3,14,1986,30.44709
59,3,14,1987,30.39192
59,3,14,1988,30.37053
59,3,14,1989,29.86916
59,3,14,1990,29.6925
59,3,14,1991,29.55087
59,3,14,1992,29.12743
59,3,14,1993,27.67155
59,3,14,1994,26.64232
59,3,14,1995,27.33938
59,3,14,1996,29.04468
59,3,14,1997,29.49524
59,3,14,1998,29.08551
59,3,14,1999,29.76674
59,3,14,2000,30.0359
59,3,14,2001,29.51191
59,3,14,2002,29.72468
59,3,14,2003,29.94278
59,3,14,2004,30.16993
59,3,14,2005,29.86591
59,3,14,2006,29.37004
59,3,14,2007,29.72225
59,3,14,2008,30.64172
59,3,14,2009,31.26596
59,3,14,2010,31.5079
59,3,14,2011,31.9111
59,3,14,2012,32.15079
59,3,14,2013,32.11201
59,3,14,2014,32.50204
59,3,14,2015,32.9105
59,3,14,2016,33.66395
59,3,14,2017,34.61091
59,3,14,2018,34.735
59,3,14,2019,34.89941
60,1,14,1950,31.30002
60,1,14,1951,31.16049
60,1,14,1952,31.1357
60,1,14,1953,31.48071
60,1,14,1954,31.32948
60,1,14,1955,31.1571
60,1,14,1956,30.97986
60,1,14,1957,30.54583
60,1,14,1958,29.56745
60,1,14,1959,28.79705
60,1,14,1960,29.61729
60,1,14,1961,29.66485
60,1,14,1962,28.9593
60,1,14,1963,29.51351
60,1,14,1964,30.2476
60,1,14,1965,29.80351
60,1,14,1966,29.57677
60,1,14,1967,29.33624
60,1,14,1968,29.16149
60,1,14,1969,28.86914
60,1,14,1970,28.51565
60,1,14,1971,28.8985
60,1,14,1972,28.6051
60,1,14,1973,28.89155
60,1,14,1974,28.63745
60,1,14,1975,28.4424
60,1,14,1976,28.18306
60,1,14,1977,27.93681
60,1,14,1978,27.71365
60,1,14,1979,27.41919
60,1,14,1980,27.317
60,1,14,1981,27.47287
60,1,14,1982,27.59388
60,1,14,1983,27.39329
60,1,14,1984,26.764
60,1,14,1985,26.93388
60,1,14,1986,28.21184
60,1,14,1987,27.78507
60,1,14,1988,27.8936
60,1,14,1989,27.25169
60,1,14,1990,26.90058
60,1,14,1991,26.24176
60,1,14,1992,26.19992
60,1,14,1993,24.76824
60,1,14,1994,24.23903
60,1,14,1995,24.5379
60,1,14,1996,25.49515
60,1,14,1997,26.26403
60,1,14,1998,26.45755
60,1,14,1999,26.76259
60,1,14,2000,26.95034
60,1,14,2001,26.33438
60,1,14,2002,26.46356
60,1,14,2003,26.43691
60,1,14,2004,26.34714
60,1,14,2005,25.57821
60,1,14,2006,25.25976
60,1,14,2007,24.83561
60,1,14,2008,25.75423
60,1,14,2009,27.00166
60,1,14,2010,26.96092
60,1,14,2011,27.38789
60,1,14,2012,27.65037
60,1,14,2013,27.68049
60,1,14,2014,28.23214
60,1,14,2015,28.19418
60,1,14,2016,28.27738
60,1,14,2017,29.55183
60,1,14,2018,30.77171
60,1,14,2019,31.78142
60,2,14,1950,34.36817
60,2,14,1951,34.28294
60,2,14,1952,34.28911
60,2,14,1953,34.61426
60,2,14,1954,34.5349
60,2,14,1955,34.63099
60,2,14,1956,34.71033
60,2,14,1957,34.38791
60,2,14,1958,33.72877
60,2,14,1959,33.14192
60,2,14,1960,33.63396
60,2,14,1961,34.13584
60,2,14,1962,33.42319
60,2,14,1963,34.02273
60,2,14,1964,34.74289
60,2,14,1965,34.4526
60,2,14,1966,34.2021
60,2,14,1967,34.45418
60,2,14,1968,33.99474
60,2,14,1969,33.89364
60,2,14,1970,33.89667
60,2,14,1971,34.46161
60,2,14,1972,34.16144
60,2,14,1973,34.13822
60,2,14,1974,33.91826
60,2,14,1975,33.92349
60,2,14,1976,34.16657
60,2,14,1977,33.72795
60,2,14,1978,33.73335
60,2,14,1979,33.90674
60,2,14,1980,33.82317
60,2,14,1981,33.98221
60,2,14,1982,34.25151
60,2,14,1983,34.09848
60,2,14,1984,33.60373
60,2,14,1985,33.62812
60,2,14,1986,34.34216
60,2,14,1987,34.23417
60,2,14,1988,34.24972
60,2,14,1989,34.00084
60,2,14,1990,34.18021
60,2,14,1991,33.87204
60,2,14,1992,34.11678
60,2,14,1993,33.37149
60,2,14,1994,33.04526
60,2,14,1995,33.19657
60,2,14,1996,33.81767
60,2,14,1997,34.41689
60,2,14,1998,34.39915
60,2,14,1999,34.76796
60,2,14,2000,35.07156
60,2,14,2001,34.82521
60,2,14,2002,35.08314
60,2,14,2003,34.99482
60,2,14,2004,35.16808
60,2,14,2005,34.80517
60,2,14,2006,34.62174
60,2,14,2007,34.56736
60,2,14,2008,34.64704
60,2,14,2009,35.65319
60,2,14,2010,35.80578
60,2,14,2011,35.98918
60,2,14,2012,36.247
60,2,14,2013,36.31062
60,2,14,2014,36.77366
60,2,14,2015,36.67178
60,2,14,2016,36.93308
60,2,14,2017,37.20907
60,2,14,2018,38.07203
60,2,14,2019,38.57211
60,3,14,1950,33.11383
60,3,14,1951,32.99768
60,3,14,1952,32.98253
60,3,14,1953,33.3139
60,3,14,1954,33.19442
60,3,14,1955,33.17896
60,3,14,1956,33.14588
60,3,14,1957,32.7656
60,3,14,1958,31.93494
60,3,14,1959,31.17361
60,3,14,1960,31.83089
60,3,14,1961,32.11044
60,3,14,1962,31.37433
60,3,14,1963,31.98106
60,3,14,1964,32.715
60,3,14,1965,32.34736
60,3,14,1966,32.1006
60,3,14,1967,32.1055
60,3,14,1968,31.78702
60,3,14,1969,31.58646
60,3,14,1970,31.41381
60,3,14,1971,31.92975
60,3,14,1972,31.62485
60,3,14,1973,31.74523
60,3,14,1974,31.52568
60,3,14,1975,31.41122
60,3,14,1976,31.42112
60,3,14,1977,31.07375
60,3,14,1978,30.96172
60,3,14,1979,30.91213
60,3,14,1980,30.81811
60,3,14,1981,30.98607
60,3,14,1982,31.17556
60,3,14,1983,30.99631
60,3,14,1984,30.44639
60,3,14,1985,30.53667
60,3,14,1986,31.53911
60,3,14,1987,31.26413
60,3,14,1988,31.31521
60,3,14,1989,30.86696
60,3,14,1990,30.77386
60,3,14,1991,30.27179
60,3,14,1992,30.36785
60,3,14,1993,29.27505
60,3,14,1994,28.82945
60,3,14,1995,29.07358
60,3,14,1996,29.90726
60,3,14,1997,30.54911
60,3,14,1998,30.64514
60,3,14,1999,30.98118
60,3,14,2000,31.22506
60,3,14,2001,30.76783
60,3,14,2002,30.96328
60,3,14,2003,30.90357
60,3,14,2004,30.91993
60,3,14,2005,30.29637
60,3,14,2006,30.04632
60,3,14,2007,29.76511
60,3,14,2008,30.34402
60,3,14,2009,31.50331
60,3,14,2010,31.55253
60,3,14,2011,31.86887
60,3,14,2012,32.1409
60,3,14,2013,32.18519
60,3,14,2014,32.69667
60,3,14,2015,32.61996
60,3,14,2016,32.78884
60,3,14,2017,33.61594
60,3,14,2018,34.77945
60,3,14,2019,35.54037
61,1,14,1950,24.24328
61,1,14,1951,24.31682
61,1,14,1952,24.49887
61,1,14,1953,24.49646
61,1,14,1954,24.67886
61,1,14,1955,24.697
61,1,14,1956,24.5855
61,1,14,1957,24.34983
61,1,14,1958,24.06264
61,1,14,1959,24.47372
61,1,14,1960,25.01591
61,1,14,1961,25.36849
61,1,14,1962,25.54139
61,1,14,1963,25.50278
61,1,14,1964,25.64239
61,1,14,1965,25.84797
61,1,14,1966,25.8249
61,1,14,1967,25.64184
61,1,14,1968,25.41338
61,1,14,1969,24.81955
61,1,14,1970,25.51867
61,1,14,1971,25.94131
61,1,14,1972,26.22604
61,1,14,1973,26.37106
61,1,14,1974,26.38183
61,1,14,1975,26.46082
61,1,14,1976,26.23914
61,1,14,1977,26.1738
61,1,14,1978,25.78033
61,1,14,1979,26.06409
61,1,14,1980,25.84451
61,1,14,1981,25.78761
61,1,14,1982,25.71952
61,1,14,1983,24.86945
61,1,14,1984,24.96686
61,1,14,1985,25.22101
61,1,14,1986,26.41507
61,1,14,1987,26.96196
61,1,14,1988,26.83971
61,1,14,1989,26.86193
61,1,14,1990,26.30325
61,1,14,1991,25.69585
61,1,14,1992,26.06073
61,1,14,1993,25.80381
61,1,14,1994,24.16632
61,1,14,1995,23.78449
61,1,14,1996,24.50497
61,1,14,1997,25.58782
61,1,14,1998,26.08919
61,1,14,1999,25.85709
61,1,14,2000,25.81795
61,1,14,2001,26.11376
61,1,14,2002,25.94822
61,1,14,2003,25.75242
61,1,14,2004,25.64329
61,1,14,2005,24.90727
61,1,14,2006,25.36641
61,1,14,2007,25.54966
61,1,14,2008,25.78474
61,1,14,2009,25.79728
61,1,14,2010,25.45077
61,1,14,2011,26.93678
61,1,14,2012,27.01988
61,1,14,2013,27.65236
61,1,14,2014,27.20917
61,1,14,2015,26.76295
61,1,14,2016,27.29116
61,1,14,2017,28.3923
61,1,14,2018,29.29794
61,1,14,2019,30.08811
61,2,14,1950,28.06468
61,2,14,1951,28.1067
61,2,14,1952,28.21618
61,2,14,1953,28.20788
61,2,14,1954,28.15775
61,2,14,1955,28.04332
61,2,14,1956,27.97666
61,2,14,1957,27.71428
61,2,14,1958,27.47595
61,2,14,1959,27.82265
61,2,14,1960,28.35071
61,2,14,1961,28.71135
61,2,14,1962,28.91792
61,2,14,1963,29.06055
61,2,14,1964,29.21349
61,2,14,1965,29.43301
61,2,14,1966,29.42189
61,2,14,1967,29.2656
61,2,14,1968,29.06072
61,2,14,1969,28.5575
61,2,14,1970,29.19085
61,2,14,1971,29.60353
61,2,14,1972,29.8687
61,2,14,1973,29.99352
61,2,14,1974,29.94756
61,2,14,1975,29.99747
61,2,14,1976,29.82686
61,2,14,1977,29.64447
61,2,14,1978,29.31439
61,2,14,1979,29.76457
61,2,14,1980,29.73353
61,2,14,1981,30.07276
61,2,14,1982,29.96521
61,2,14,1983,28.98524
61,2,14,1984,29.10586
61,2,14,1985,29.31791
61,2,14,1986,30.3064
61,2,14,1987,30.75833
61,2,14,1988,30.84503
61,2,14,1989,30.94966
61,2,14,1990,30.74025
61,2,14,1991,30.10324
61,2,14,1992,30.64833
61,2,14,1993,30.17133
61,2,14,1994,29.22809
61,2,14,1995,29.00202
61,2,14,1996,29.60474
61,2,14,1997,30.56989
61,2,14,1998,31.29808
61,2,14,1999,31.30424
61,2,14,2000,31.22707
61,2,14,2001,31.2678
61,2,14,2002,30.95894
61,2,14,2003,30.77094
61,2,14,2004,31.19406
61,2,14,2005,31.06553
61,2,14,2006,31.32876
61,2,14,2007,31.47528
61,2,14,2008,31.81992
61,2,14,2009,32.04071
61,2,14,2010,32.13732
61,2,14,2011,33.52767
61,2,14,2012,33.83977
61,2,14,2013,34.25285
61,2,14,2014,34.07625
61,2,14,2015,33.95858
61,2,14,2016,34.24263
61,2,14,2017,34.90687
61,2,14,2018,35.55754
61,2,14,2019,36.2731
61,3,14,1950,26.4249
61,3,14,1951,26.49108
61,3,14,1952,26.6248
61,3,14,1953,26.61647
61,3,14,1954,26.66756
61,3,14,1955,26.60401
61,3,14,1956,26.51773
61,3,14,1957,26.25961
61,3,14,1958,25.94341
61,3,14,1959,26.36355
61,3,14,1960,26.90066
61,3,14,1961,27.25743
61,3,14,1962,27.44763
61,3,14,1963,27.50746
61,3,14,1964,27.65327
61,3,14,1965,27.86444
61,3,14,1966,27.84553
61,3,14,1967,27.67182
61,3,14,1968,27.45284
61,3,14,1969,26.85596
61,3,14,1970,27.57251
61,3,14,1971,27.99658
61,3,14,1972,28.27252
61,3,14,1973,28.40534
61,3,14,1974,28.37988
61,3,14,1975,28.44083
61,3,14,1976,28.24254
61,3,14,1977,28.04983
61,3,14,1978,27.6903
61,3,14,1979,28.01067
61,3,14,1980,27.93781
61,3,14,1981,28.08668
61,3,14,1982,28.00897
61,3,14,1983,27.07016
61,3,14,1984,27.17558
61,3,14,1985,27.41948
61,3,14,1986,28.50621
61,3,14,1987,29.0047
61,3,14,1988,28.99734
61,3,14,1989,29.04848
61,3,14,1990,28.67141
61,3,14,1991,28.03685
61,3,14,1992,28.49477
61,3,14,1993,28.1249
61,3,14,1994,26.79636
61,3,14,1995,26.48586
61,3,14,1996,27.16332
61,3,14,1997,28.2021
61,3,14,1998,28.82138
61,3,14,1999,28.71163
61,3,14,2000,28.63452
61,3,14,2001,28.80376
61,3,14,2002,28.54631
61,3,14,2003,28.3736
61,3,14,2004,28.52558
61,3,14,2005,28.05217
61,3,14,2006,28.43831
61,3,14,2007,28.60294
61,3,14,2008,28.89458
61,3,14,2009,29.00702
61,3,14,2010,28.85608
61,3,14,2011,30.32764
61,3,14,2012,30.51701
61,3,14,2013,31.06502
61,3,14,2014,30.73673
61,3,14,2015,30.44155
61,3,14,2016,30.93615
61,3,14,2017,31.76214
61,3,14,2018,32.55278
61,3,14,2019,33.40099
62,1,14,1950,28.8795
62,1,14,1951,28.87042
62,1,14,1952,28.76245
62,1,14,1953,29.11272
62,1,14,1954,29.0458
62,1,14,1955,29.11454
62,1,14,1956,28.95426
62,1,14,1957,28.59993
62,1,14,1958,27.76524
62,1,14,1959,26.6644
62,1,14,1960,26.9782
62,1,14,1961,26.80433
62,1,14,1962,26.59694
62,1,14,1963,26.73195
62,1,14,1964,27.1862
62,1,14,1965,26.70316
62,1,14,1966,26.57788
62,1,14,1967,26.34793
62,1,14,1968,26.0961
62,1,14,1969,25.62392
62,1,14,1970,25.58323
62,1,14,1971,25.54603
62,1,14,1972,25.57691
62,1,14,1973,25.51797
62,1,14,1974,25.52855
62,1,14,1975,25.11513
62,1,14,1976,24.931
62,1,14,1977,24.64995
62,1,14,1978,24.61757
62,1,14,1979,24.26513
62,1,14,1980,24.14669
62,1,14,1981,24.30816
62,1,14,1982,24.56475
62,1,14,1983,24.37112
62,1,14,1984,23.93008
62,1,14,1985,24.51392
62,1,14,1986,25.9334
62,1,14,1987,25.84135
62,1,14,1988,25.83783
62,1,14,1989,25.48815
62,1,14,1990,25.21668
62,1,14,1991,25.19673
62,1,14,1992,24.24636
62,1,14,1993,22.07347
62,1,14,1994,20.88316
62,1,14,1995,21.52959
62,1,14,1996,22.5449
62,1,14,1997,23.50806
62,1,14,1998,23.77303
62,1,14,1999,22.79122
62,1,14,2000,22.12494
62,1,14,2001,21.91553
62,1,14,2002,21.60706
62,1,14,2003,21.4369
62,1,14,2004,21.80592
62,1,14,2005,21.42594
62,1,14,2006,22.67344
62,1,14,2007,23.43422
62,1,14,2008,23.44333
62,1,14,2009,24.18793
62,1,14,2010,24.18274
62,1,14,2011,25.22338
62,1,14,2012,25.73055
62,1,14,2013,26.13728
62,1,14,2014,26.07984
62,1,14,2015,26.41911
62,1,14,2016,26.72886
62,1,14,2017,27.62918
62,1,14,2018,29.2292
62,1,14,2019,30.0088
62,2,14,1950,33.92205
62,2,14,1951,33.90908
62,2,14,1952,33.8688
62,2,14,1953,34.14354
62,2,14,1954,34.07926
62,2,14,1955,34.33236
62,2,14,1956,34.29003
62,2,14,1957,34.05573
62,2,14,1958,33.60035
62,2,14,1959,32.71756
62,2,14,1960,33.16148
62,2,14,1961,32.98214
62,2,14,1962,32.68711
62,2,14,1963,32.81575
62,2,14,1964,33.21053
62,2,14,1965,33.01803
62,2,14,1966,32.92222
62,2,14,1967,32.80423
62,2,14,1968,32.76618
62,2,14,1969,32.52224
62,2,14,1970,32.55944
62,2,14,1971,32.59888
62,2,14,1972,32.52974
62,2,14,1973,32.50693
62,2,14,1974,32.64491
62,2,14,1975,32.3533
62,2,14,1976,32.2378
62,2,14,1977,32.25678
62,2,14,1978,32.23551
62,2,14,1979,32.03489
62,2,14,1980,31.97868
62,2,14,1981,32.1662
62,2,14,1982,32.37867
62,2,14,1983,32.13117
62,2,14,1984,31.79901
62,2,14,1985,31.94386
62,2,14,1986,32.69646
62,2,14,1987,32.67085
62,2,14,1988,32.76096
62,2,14,1989,32.76751
62,2,14,1990,32.72467
62,2,14,1991,32.71511
62,2,14,1992,32.32791
62,2,14,1993,30.98347
62,2,14,1994,30.24739
62,2,14,1995,30.6955
62,2,14,1996,31.26532
62,2,14,1997,31.68636
62,2,14,1998,31.87608
62,2,14,1999,31.32772
62,2,14,2000,31.09901
62,2,14,2001,30.97834
62,2,14,2002,30.78877
62,2,14,2003,30.69627
62,2,14,2004,31.08455
62,2,14,2005,30.90259
62,2,14,2006,31.73438
62,2,14,2007,32.28044
62,2,14,2008,32.36847
62,2,14,2009,32.8085
62,2,14,2010,32.87162
62,2,14,2011,33.59327
62,2,14,2012,33.96267
62,2,14,2013,34.26225
62,2,14,2014,34.27695
62,2,14,2015,34.43815
62,2,14,2016,34.66044
62,2,14,2017,35.11316
62,2,14,2018,36.06645
62,2,14,2019,36.58589
62,3,14,1950,31.45175
62,3,14,1951,31.42914
62,3,14,1952,31.38798
62,3,14,1953,31.51064
62,3,14,1954,31.52398
62,3,14,1955,31.71738
62,3,14,1956,31.72061
62,3,14,1957,31.51779
62,3,14,1958,31.17374
62,3,14,1959,30.47175
62,3,14,1960,30.86983
62,3,14,1961,30.69551
62,3,14,1962,30.43951
62,3,14,1963,30.57583
62,3,14,1964,31.00228
62,3,14,1965,30.67964
62,3,14,1966,30.57181
62,3,14,1967,30.40377
62,3,14,1968,30.27784
62,3,14,1969,29.92931
62,3,14,1970,29.92839
62,3,14,1971,29.92966
62,3,14,1972,29.89274
62,3,14,1973,29.83625
62,3,14,1974,29.90414
62,3,14,1975,29.52997
62,3,14,1976,29.35424
62,3,14,1977,29.20906
62,3,14,1978,29.16522
62,3,14,1979,28.85787
62,3,14,1980,28.74598
62,3,14,1981,28.90422
62,3,14,1982,29.12514
62,3,14,1983,28.87091
62,3,14,1984,28.44291
62,3,14,1985,28.80282
62,3,14,1986,29.90162
62,3,14,1987,29.8129
62,3,14,1988,29.83332
62,3,14,1989,29.6312
62,3,14,1990,29.43884
62,3,14,1991,29.38893
62,3,14,1992,28.64421
62,3,14,1993,26.72556
62,3,14,1994,25.66022
62,3,14,1995,26.25103
62,3,14,1996,27.10267
62,3,14,1997,27.83577
62,3,14,1998,28.06105
62,3,14,1999,27.2236
62,3,14,2000,26.72329
62,3,14,2001,26.53919
62,3,14,2002,26.26133
62,3,14,2003,26.12159
62,3,14,2004,26.52653
62,3,14,2005,26.21938
62,3,14,2006,27.34299
62,3,14,2007,28.03142
62,3,14,2008,28.07681
62,3,14,2009,28.71389
62,3,14,2010,28.74114
62,3,14,2011,29.66941
62,3,14,2012,30.11802
62,3,14,2013,30.48254
62,3,14,2014,30.45514
62,3,14,2015,30.71108
62,3,14,2016,30.97899
62,3,14,2017,31.66927
62,3,14,2018,32.64281
62,3,14,2019,33.02601
63,1,14,1950,30.32998
63,1,14,1951,30.6025
63,1,14,1952,30.68149
63,1,14,1953,30.76411
63,1,14,1954,30.61985
63,1,14,1955,30.57457
63,1,14,1956,30.29082
63,1,14,1957,29.94015
63,1,14,1958,29.2218
63,1,14,1959,28.29805
63,1,14,1960,29.08755
63,1,14,1961,28.94357
63,1,14,1962,28.56124
63,1,14,1963,28.8232
63,1,14,1964,29.26981
63,1,14,1965,28.67548
63,1,14,1966,28.68878
63,1,14,1967,28.41473
63,1,14,1968,28.26757
63,1,14,1969,27.69934
63,1,14,1970,27.51499
63,1,14,1971,27.4642
63,1,14,1972,27.47724
63,1,14,1973,27.51654
63,1,14,1974,27.43834
63,1,14,1975,26.91745
63,1,14,1976,26.97063
63,1,14,1977,26.5258
63,1,14,1978,26.32907
63,1,14,1979,26.11166
63,1,14,1980,26.00165
63,1,14,1981,26.02609
63,1,14,1982,26.04209
63,1,14,1983,25.98253
63,1,14,1984,25.52225
63,1,14,1985,25.97907
63,1,14,1986,27.20726
63,1,14,1987,26.84178
63,1,14,1988,26.91233
63,1,14,1989,26.54887
63,1,14,1990,26.16324
63,1,14,1991,25.57302
63,1,14,1992,24.91992
63,1,14,1993,24.48021
63,1,14,1994,23.91356
63,1,14,1995,22.94967
63,1,14,1996,23.11995
63,1,14,1997,23.61026
63,1,14,1998,24.37385
63,1,14,1999,24.01186
63,1,14,2000,23.56342
63,1,14,2001,23.77131
63,1,14,2002,23.56043
63,1,14,2003,23.62711
63,1,14,2004,23.33123
63,1,14,2005,23.12155
63,1,14,2006,23.77625
63,1,14,2007,23.52504
63,1,14,2008,23.60898
63,1,14,2009,25.14807
63,1,14,2010,25.69567
63,1,14,2011,26.15303
63,1,14,2012,26.18632
63,1,14,2013,26.34868
63,1,14,2014,26.57559
63,1,14,2015,26.95012
63,1,14,2016,27.05674
63,1,14,2017,27.87942
63,1,14,2018,29.25978
63,1,14,2019,29.99725
63,2,14,1950,33.85932
63,2,14,1951,34.0948
63,2,14,1952,34.17828
63,2,14,1953,34.28208
63,2,14,1954,34.19183
63,2,14,1955,34.37489
63,2,14,1956,34.24837
63,2,14,1957,34.00501
63,2,14,1958,33.64735
63,2,14,1959,32.86679
63,2,14,1960,33.68549
63,2,14,1961,33.44949
63,2,14,1962,33.17587
63,2,14,1963,33.54542
63,2,14,1964,33.92998
63,2,14,1965,33.54964
63,2,14,1966,33.67967
63,2,14,1967,33.39049
63,2,14,1968,33.45977
63,2,14,1969,33.22148
63,2,14,1970,32.91951
63,2,14,1971,33.14669
63,2,14,1972,32.90651
63,2,14,1973,33.08233
63,2,14,1974,33.09241
63,2,14,1975,32.91788
63,2,14,1976,32.80876
63,2,14,1977,32.71398
63,2,14,1978,32.62605
63,2,14,1979,32.5176
63,2,14,1980,32.50889
63,2,14,1981,32.5643
63,2,14,1982,32.69326
63,2,14,1983,32.6858
63,2,14,1984,32.33308
63,2,14,1985,32.37945
63,2,14,1986,33.0653
63,2,14,1987,32.92577
63,2,14,1988,32.92749
63,2,14,1989,33.00203
63,2,14,1990,32.84269
63,2,14,1991,32.47048
63,2,14,1992,32.10182
63,2,14,1993,31.60029
63,2,14,1994,31.29848
63,2,14,1995,30.89681
63,2,14,1996,31.10949
63,2,14,1997,31.36501
63,2,14,1998,31.85473
63,2,14,1999,31.66619
63,2,14,2000,31.58969
63,2,14,2001,31.73937
63,2,14,2002,31.63234
63,2,14,2003,31.6115
63,2,14,2004,31.54984
63,2,14,2005,31.49634
63,2,14,2006,31.93022
63,2,14,2007,31.91497
63,2,14,2008,32.0092
63,2,14,2009,32.72877
63,2,14,2010,33.05991
63,2,14,2011,33.51685
63,2,14,2012,33.61206
63,2,14,2013,33.77192
63,2,14,2014,34.13539
63,2,14,2015,34.39232
63,2,14,2016,34.56188
63,2,14,2017,35.3702
63,2,14,2018,36.31564
63,2,14,2019,36.80581
63,3,14,1950,31.76627
63,3,14,1951,31.98757
63,3,14,1952,31.92719
63,3,14,1953,32.25297
63,3,14,1954,32.14581
63,3,14,1955,32.05503
63,3,14,1956,32.15193
63,3,14,1957,31.9186
63,3,14,1958,31.62206
63,3,14,1959,31.053
63,3,14,1960,31.87256
63,3,14,1961,31.67726
63,3,14,1962,31.35584
63,3,14,1963,31.68377
63,3,14,1964,32.10088
63,3,14,1965,31.63043
63,3,14,1966,31.7094
63,3,14,1967,31.43152
63,3,14,1968,31.40986
63,3,14,1969,31.0259
63,3,14,1970,30.77642
63,3,14,1971,30.87733
63,3,14,1972,30.75403
63,3,14,1973,30.86699
63,3,14,1974,30.82446
63,3,14,1975,30.48035
63,3,14,1976,30.43866
63,3,14,1977,30.17286
63,3,14,1978,30.02712
63,3,14,1979,29.85165
63,3,14,1980,29.78307
63,3,14,1981,29.81266
63,3,14,1982,29.87843
63,3,14,1983,29.82711
63,3,14,1984,29.39451
63,3,14,1985,29.63744
63,3,14,1986,30.59482
63,3,14,1987,30.32048
63,3,14,1988,30.3392
63,3,14,1989,30.17946
63,3,14,1990,29.87612
63,3,14,1991,29.35819
63,3,14,1992,28.80902
63,3,14,1993,28.30305
63,3,14,1994,27.82882
63,3,14,1995,27.08811
63,3,14,1996,27.28104
63,3,14,1997,27.67053
63,3,14,1998,28.32317
63,3,14,1999,28.02678
63,3,14,2000,27.73285
63,3,14,2001,27.91891
63,3,14,2002,27.74776
63,3,14,2003,27.77242
63,3,14,2004,27.57869
63,3,14,2005,27.44112
63,3,14,2006,28.02508
63,3,14,2007,27.87811
63,3,14,2008,27.97276
63,3,14,2009,29.17769
63,3,14,2010,29.63158
63,3,14,2011,30.09808
63,3,14,2012,30.15861
63,3,14,2013,30.31827
63,3,14,2014,30.61458
63,3,14,2015,30.942
63,3,14,2016,31.08489
63,3,14,2017,31.9296
63,3,14,2018,32.77995
63,3,14,2019,33.20789
64,1,14,1950,26.54292
64,1,14,1951,26.61999
64,1,14,1952,26.96381
64,1,14,1953,27.09294
64,1,14,1954,27.32866
64,1,14,1955,27.37164
64,1,14,1956,27.28464
64,1,14,1957,27.23044
64,1,14,1958,27.55175
64,1,14,1959,27.57632
64,1,14,1960,27.52839
64,1,14,1961,27.61685
64,1,14,1962,27.49447
64,1,14,1963,27.45995
64,1,14,1964,27.6109
64,1,14,1965,27.60972
64,1,14,1966,27.65429
64,1,14,1967,27.71337
64,1,14,1968,27.59153
64,1,14,1969,27.58092
64,1,14,1970,27.79589
64,1,14,1971,27.97508
64,1,14,1972,28.03943
64,1,14,1973,28.15716
64,1,14,1974,28.33974
64,1,14,1975,28.47381
64,1,14,1976,28.63344
64,1,14,1977,28.84574
64,1,14,1978,28.99554
64,1,14,1979,29.15981
64,1,14,1980,29.26215
64,1,14,1981,29.47726
64,1,14,1982,29.68889
64,1,14,1983,29.76296
64,1,14,1984,29.95824
64,1,14,1985,30.10295
64,1,14,1986,30.31816
64,1,14,1987,30.54905
64,1,14,1988,30.71252
64,1,14,1989,30.9103
64,1,14,1990,31.09708
64,1,14,1991,31.2626
64,1,14,1992,31.4548
64,1,14,1993,31.55088
64,1,14,1994,31.7395
64,1,14,1995,31.84491
64,1,14,1996,32.08506
64,1,14,1997,32.36204
64,1,14,1998,32.49334
64,1,14,1999,32.62566
64,1,14,2000,32.89943
64,1,14,2001,33.12653
64,1,14,2002,33.28609
64,1,14,2003,33.45085
64,1,14,2004,33.78987
64,1,14,2005,33.9699
64,1,14,2006,34.22818
64,1,14,2007,34.42463
64,1,14,2008,34.60664
64,1,14,2009,34.7978
64,1,14,2010,34.98438
64,1,14,2011,35.10762
64,1,14,2012,35.26779
64,1,14,2013,35.41477
64,1,14,2014,35.5881
64,1,14,2015,35.62633
64,1,14,2016,35.72601
64,1,14,2017,35.83899
64,1,14,2018,35.84183
64,1,14,2019,35.8804
64,2,14,1950,30.38184
64,2,14,1951,30.485
64,2,14,1952,30.85482
64,2,14,1953,31.03323
64,2,14,1954,31.34764
64,2,14,1955,31.45997
64,2,14,1956,31.45216
64,2,14,1957,31.50876
64,2,14,1958,31.85142
64,2,14,1959,31.95271
64,2,14,1960,32.00965
64,2,14,1961,32.16003
64,2,14,1962,32.14507
64,2,14,1963,32.21991
64,2,14,1964,32.45935
64,2,14,1965,32.52945
64,2,14,1966,32.64398
64,2,14,1967,32.7428
64,2,14,1968,32.66407
64,2,14,1969,32.70725
64,2,14,1970,32.92489
64,2,14,1971,33.1336
64,2,14,1972,33.27546
64,2,14,1973,33.40555
64,2,14,1974,33.6145
64,2,14,1975,33.81165
64,2,14,1976,34.01509
64,2,14,1977,34.31937
64,2,14,1978,34.51239
64,2,14,1979,34.70087
64,2,14,1980,34.79532
64,2,14,1981,34.99606
64,2,14,1982,35.19503
64,2,14,1983,35.28879
64,2,14,1984,35.48051
64,2,14,1985,35.60446
64,2,14,1986,35.79426
64,2,14,1987,35.99901
64,2,14,1988,36.13916
64,2,14,1989,36.32389
64,2,14,1990,36.51217
64,2,14,1991,36.67704
64,2,14,1992,36.85229
64,2,14,1993,36.92248
64,2,14,1994,37.08674
64,2,14,1995,37.18379
64,2,14,1996,37.34759
64,2,14,1997,37.51676
64,2,14,1998,37.61563
64,2,14,1999,37.69296
64,2,14,2000,37.89428
64,2,14,2001,38.06862
64,2,14,2002,38.18192
64,2,14,2003,38.31535
64,2,14,2004,38.59503
64,2,14,2005,38.76391
64,2,14,2006,38.9712
64,2,14,2007,39.12592
64,2,14,2008,39.26176
64,2,14,2009,39.42734
64,2,14,2010,39.59083
64,2,14,2011,39.63961
64,2,14,2012,39.74783
64,2,14,2013,39.85157
64,2,14,2014,39.95838
64,2,14,2015,39.9741
64,2,14,2016,40.05523
64,2,14,2017,40.18311
64,2,14,2018,40.1856
64,2,14,2019,40.15606
64,3,14,1950,28.46992
64,3,14,1951,28.56165
64,3,14,1952,28.92346
64,3,14,1953,29.08059
64,3,14,1954,29.3572
64,3,14,1955,29.43673
64,3,14,1956,29.3879
64,3,14,1957,29.38823
64,3,14,1958,29.72612
64,3,14,1959,29.78997
64,3,14,1960,29.79403
64,3,14,1961,29.91645
64,3,14,1962,29.84626
64,3,14,1963,29.86719
64,3,14,1964,30.06642
64,3,14,1965,30.10353
64,3,14,1966,30.18738
64,3,14,1967,30.27005
64,3,14,1968,30.17108
64,3,14,1969,30.19021
64,3,14,1970,30.41496
64,3,14,1971,30.61562
64,3,14,1972,30.72073
64,3,14,1973,30.84917
64,3,14,1974,31.04956
64,3,14,1975,31.21869
64,3,14,1976,31.40327
64,3,14,1977,31.6667
64,3,14,1978,31.84054
64,3,14,1979,32.02158
64,3,14,1980,32.12147
64,3,14,1981,32.33441
64,3,14,1982,32.54336
64,3,14,1983,32.62784
64,3,14,1984,32.82377
64,3,14,1985,32.95878
64,3,14,1986,33.1644
64,3,14,1987,33.38456
64,3,14,1988,33.53769
64,3,14,1989,33.72921
64,3,14,1990,33.91672
64,3,14,1991,34.08088
64,3,14,1992,34.26466
64,3,14,1993,34.34479
64,3,14,1994,34.52046
64,3,14,1995,34.61757
64,3,14,1996,34.82
64,3,14,1997,35.04446
64,3,14,1998,35.15522
64,3,14,1999,35.25703
64,3,14,2000,35.4951
64,3,14,2001,35.6942
64,3,14,2002,35.82789
64,3,14,2003,35.97395
64,3,14,2004,36.2841
64,3,14,2005,36.45493
64,3,14,2006,36.68631
64,3,14,2007,36.85886
64,3,14,2008,37.01395
64,3,14,2009,37.19049
64,3,14,2010,37.36433
64,3,14,2011,37.44662
64,3,14,2012,37.57751
64,3,14,2013,37.70059
64,3,14,2014,37.83745
64,3,14,2015,37.85974
64,3,14,2016,37.9496
64,3,14,2017,38.06552
64,3,14,2018,38.05885
64,3,14,2019,38.05986
65,1,14,1950,23.43292
65,1,14,1951,24.28608
65,1,14,1952,25.03589
65,1,14,1953,25.16579
65,1,14,1954,25.34806
65,1,14,1955,25.6837
65,1,14,1956,25.45511
65,1,14,1957,25.34429
65,1,14,1958,25.90288
65,1,14,1959,26.05719
65,1,14,1960,26.06641
65,1,14,1961,26.16222
65,1,14,1962,26.26346
65,1,14,1963,26.60926
65,1,14,1964,26.75455
65,1,14,1965,26.79083
65,1,14,1966,27.06436
65,1,14,1967,27.32207
65,1,14,1968,27.43994
65,1,14,1969,27.54994
65,1,14,1970,27.72035
65,1,14,1971,28.18535
65,1,14,1972,28.4611
65,1,14,1973,28.61496
65,1,14,1974,28.84283
65,1,14,1975,29.12503
65,1,14,1976,29.38597
65,1,14,1977,29.68683
65,1,14,1978,29.92558
65,1,14,1979,30.06479
65,1,14,1980,30.06963
65,1,14,1981,30.44384
65,1,14,1982,30.67394
65,1,14,1983,30.64055
65,1,14,1984,30.94708
65,1,14,1985,31.19387
65,1,14,1986,31.46739
65,1,14,1987,31.73119
65,1,14,1988,31.85528
65,1,14,1989,32.07799
65,1,14,1990,32.2145
65,1,14,1991,32.34709
65,1,14,1992,32.51362
65,1,14,1993,32.67316
65,1,14,1994,32.88435
65,1,14,1995,32.95992
65,1,14,1996,33.33327
65,1,14,1997,33.58793
65,1,14,1998,33.61416
65,1,14,1999,33.70441
65,1,14,2000,34.04748
65,1,14,2001,34.36003
65,1,14,2002,34.62632
65,1,14,2003,34.75455
65,1,14,2004,34.97473
65,1,14,2005,35.07127
65,1,14,2006,35.35309
65,1,14,2007,35.56235
65,1,14,2008,35.74777
65,1,14,2009,35.9215
65,1,14,2010,36.0279
65,1,14,2011,36.06492
65,1,14,2012,36.42147
65,1,14,2013,36.7051
65,1,14,2014,36.99969
65,1,14,2015,37.24284
65,1,14,2016,37.44676
65,1,14,2017,37.67815
65,1,14,2018,37.81667
65,1,14,2019,37.88622
65,2,14,1950,27.5461
65,2,14,1951,28.27443
65,2,14,1952,28.89023
65,2,14,1953,29.05125
65,2,14,1954,29.53773
65,2,14,1955,29.86619
65,2,14,1956,29.67252
65,2,14,1957,29.62963
65,2,14,1958,30.23182
65,2,14,1959,30.39817
65,2,14,1960,30.44989
65,2,14,1961,30.55157
65,2,14,1962,30.69764
65,2,14,1963,31.08847
65,2,14,1964,31.28705
65,2,14,1965,31.34784
65,2,14,1966,31.66798
65,2,14,1967,31.92308
65,2,14,1968,32.08331
65,2,14,1969,32.24929
65,2,14,1970,32.40809
65,2,14,1971,32.84632
65,2,14,1972,33.10889
65,2,14,1973,33.20574
65,2,14,1974,33.40087
65,2,14,1975,33.69013
65,2,14,1976,34.00264
65,2,14,1977,34.36054
65,2,14,1978,34.69109
65,2,14,1979,34.93998
65,2,14,1980,34.99259
65,2,14,1981,35.42397
65,2,14,1982,35.73807
65,2,14,1983,35.88792
65,2,14,1984,36.24111
65,2,14,1985,36.53241
65,2,14,1986,36.88083
65,2,14,1987,37.17529
65,2,14,1988,37.36458
65,2,14,1989,37.60922
65,2,14,1990,37.83449
65,2,14,1991,38.04804
65,2,14,1992,38.2684
65,2,14,1993,38.5018
65,2,14,1994,38.79424
65,2,14,1995,38.93633
65,2,14,1996,39.35158
65,2,14,1997,39.63913
65,2,14,1998,39.79647
65,2,14,1999,39.93717
65,2,14,2000,40.29791
65,2,14,2001,40.63942
65,2,14,2002,40.90102
65,2,14,2003,41.09155
65,2,14,2004,41.24544
65,2,14,2005,41.36729
65,2,14,2006,41.58371
65,2,14,2007,41.7737
65,2,14,2008,41.95575
65,2,14,2009,42.16003
65,2,14,2010,42.2325
65,2,14,2011,42.1397
65,2,14,2012,42.41472
65,2,14,2013,42.59015
65,2,14,2014,42.7736
65,2,14,2015,42.9719
65,2,14,2016,43.07276
65,2,14,2017,43.21951
65,2,14,2018,43.2336
65,2,14,2019,43.25507
65,3,14,1950,25.4384
65,3,14,1951,26.24187
65,3,14,1952,26.94216
65,3,14,1953,27.08799
65,3,14,1954,27.40997
65,3,14,1955,27.74319
65,3,14,1956,27.52694
65,3,14,1957,27.44716
65,3,14,1958,28.03839
65,3,14,1959,28.19913
65,3,14,1960,28.22455
65,3,14,1961,28.32794
65,3,14,1962,28.45408
65,3,14,1963,28.83163
65,3,14,1964,29.00895
65,3,14,1965,29.06308
65,3,14,1966,29.37042
65,3,14,1967,29.63597
65,3,14,1968,29.78202
65,3,14,1969,29.92258
65,3,14,1970,30.09413
65,3,14,1971,30.5612
65,3,14,1972,30.83469
65,3,14,1973,30.96399
65,3,14,1974,31.18218
65,3,14,1975,31.47382
65,3,14,1976,31.763
65,3,14,1977,32.10123
65,3,14,1978,32.39394
65,3,14,1979,32.58965
65,3,14,1980,32.61738
65,3,14,1981,33.02609
65,3,14,1982,33.3044
65,3,14,1983,33.36115
65,3,14,1984,33.69534
65,3,14,1985,33.96748
65,3,14,1986,34.28217
65,3,14,1987,34.56534
65,3,14,1988,34.72399
65,3,14,1989,34.96008
65,3,14,1990,35.13961
65,3,14,1991,35.31293
65,3,14,1992,35.50887
65,3,14,1993,35.70334
65,3,14,1994,35.95667
65,3,14,1995,36.06405
65,3,14,1996,36.46495
65,3,14,1997,36.74152
65,3,14,1998,36.8185
65,3,14,1999,36.93172
65,3,14,2000,37.2896
65,3,14,2001,37.61744
65,3,14,2002,37.88381
65,3,14,2003,38.04074
65,3,14,2004,38.22761
65,3,14,2005,38.32927
65,3,14,2006,38.57646
65,3,14,2007,38.77374
65,3,14,2008,38.95287
65,3,14,2009,39.14043
65,3,14,2010,39.21901
65,3,14,2011,39.18468
65,3,14,2012,39.49774
65,3,14,2013,39.72635
65,3,14,2014,39.96016
65,3,14,2015,40.18101
65,3,14,2016,40.32898
65,3,14,2017,40.51391
65,3,14,2018,40.58147
65,3,14,2019,40.61222
66,1,14,1950,23.16072
66,1,14,1951,23.43126
66,1,14,1952,23.46171
66,1,14,1953,23.59354
66,1,14,1954,23.7219
66,1,14,1955,23.63857
66,1,14,1956,23.5101
66,1,14,1957,23.40685
66,1,14,1958,23.65312
66,1,14,1959,23.85776
66,1,14,1960,24.50619
66,1,14,1961,24.97919
66,1,14,1962,25.05179
66,1,14,1963,25.48401
66,1,14,1964,25.82733
66,1,14,1965,25.89431
66,1,14,1966,25.86805
66,1,14,1967,25.21929
66,1,14,1968,25.18709
66,1,14,1969,25.07575
66,1,14,1970,25.10795
66,1,14,1971,25.54688
66,1,14,1972,25.82493
66,1,14,1973,25.91311
66,1,14,1974,26.32728
66,1,14,1975,26.4522
66,1,14,1976,26.68261
66,1,14,1977,26.66553
66,1,14,1978,26.68519
66,1,14,1979,26.836
66,1,14,1980,26.88735
66,1,14,1981,26.86304
66,1,14,1982,26.80787
66,1,14,1983,26.7679
66,1,14,1984,26.61194
66,1,14,1985,26.50977
66,1,14,1986,26.3365
66,1,14,1987,26.41958
66,1,14,1988,26.55989
66,1,14,1989,26.53913
66,1,14,1990,26.56902
66,1,14,1991,26.93109
66,1,14,1992,27.20682
66,1,14,1993,27.50906
66,1,14,1994,28.30706
66,1,14,1995,28.82574
66,1,14,1996,29.58812
66,1,14,1997,29.82752
66,1,14,1998,29.57116
66,1,14,1999,29.52156
66,1,14,2000,29.65734
66,1,14,2001,30.0248
66,1,14,2002,29.94792
66,1,14,2003,29.71068
66,1,14,2004,29.71478
66,1,14,2005,29.66665
66,1,14,2006,29.7926
66,1,14,2007,30.22262
66,1,14,2008,30.31829
66,1,14,2009,30.16437
66,1,14,2010,30.12569
66,1,14,2011,30.41694
66,1,14,2012,30.57887
66,1,14,2013,30.42448
66,1,14,2014,30.45607
66,1,14,2015,30.54942
66,1,14,2016,30.6268
66,1,14,2017,30.70668
66,1,14,2018,30.79443
66,1,14,2019,30.94111
66,2,14,1950,22.35758
66,2,14,1951,22.58649
66,2,14,1952,22.67035
66,2,14,1953,22.79867
66,2,14,1954,22.97155
66,2,14,1955,23.06656
66,2,14,1956,23.13842
66,2,14,1957,23.31447
66,2,14,1958,23.63533
66,2,14,1959,24.48661
66,2,14,1960,25.23315
66,2,14,1961,25.76121
66,2,14,1962,26.2842
66,2,14,1963,26.58485
66,2,14,1964,26.92632
66,2,14,1965,27.68381
66,2,14,1966,28.56624
66,2,14,1967,28.54123
66,2,14,1968,26.12126
66,2,14,1969,26.1443
66,2,14,1970,26.41205
66,2,14,1971,26.74227
66,2,14,1972,26.86017
66,2,14,1973,27.10761
66,2,14,1974,27.30311
66,2,14,1975,27.51091
66,2,14,1976,27.70662
66,2,14,1977,27.95517
66,2,14,1978,28.17934
66,2,14,1979,28.50137
66,2,14,1980,28.87627
66,2,14,1981,29.26135
66,2,14,1982,29.32223
66,2,14,1983,29.42756
66,2,14,1984,29.61935
66,2,14,1985,29.73092
66,2,14,1986,29.92988
66,2,14,1987,30.07528
66,2,14,1988,30.29293
66,2,14,1989,30.44635
66,2,14,1990,30.63296
66,2,14,1991,30.80611
66,2,14,1992,31.01008
66,2,14,1993,31.17405
66,2,14,1994,31.38343
66,2,14,1995,31.55886
66,2,14,1996,31.65843
66,2,14,1997,31.33349
66,2,14,1998,31.4836
66,2,14,1999,31.64823
66,2,14,2000,31.70318
66,2,14,2001,31.87754
66,2,14,2002,32.09106
66,2,14,2003,32.23272
66,2,14,2004,32.27829
66,2,14,2005,32.38033
66,2,14,2006,32.48125
66,2,14,2007,32.59322
66,2,14,2008,32.92796
66,2,14,2009,33.01292
66,2,14,2010,33.13834
66,2,14,2011,33.12178
66,2,14,2012,33.13331
66,2,14,2013,33.18192
66,2,14,2014,33.27476
66,2,14,2015,33.33038
66,2,14,2016,33.44485
66,2,14,2017,33.69492
66,2,14,2018,33.84143
66,2,14,2019,34.05009
66,3,14,1950,22.55953
66,3,14,1951,22.80465
66,3,14,1952,22.92479
66,3,14,1953,23.11439
66,3,14,1954,23.30301
66,3,14,1955,23.32527
66,3,14,1956,23.33447
66,3,14,1957,23.33002
66,3,14,1958,23.63397
66,3,14,1959,24.16608
66,3,14,1960,24.83592
66,3,14,1961,25.36102
66,3,14,1962,25.69585
66,3,14,1963,26.05895
66,3,14,1964,26.42548
66,3,14,1965,26.86183
66,3,14,1966,27.25559
66,3,14,1967,26.86151
66,3,14,1968,25.71074
66,3,14,1969,25.65188
66,3,14,1970,25.80001
66,3,14,1971,26.20299
66,3,14,1972,26.4021
66,3,14,1973,26.56094
66,3,14,1974,26.87172
66,3,14,1975,27.01515
66,3,14,1976,27.20151
66,3,14,1977,27.35455
66,3,14,1978,27.472
66,3,14,1979,27.67423
66,3,14,1980,27.88958
66,3,14,1981,28.03688
66,3,14,1982,28.0234
66,3,14,1983,28.03775
66,3,14,1984,28.02297
66,3,14,1985,28.01431
66,3,14,1986,27.97046
66,3,14,1987,28.0686
66,3,14,1988,28.23767
66,3,14,1989,28.26689
66,3,14,1990,28.38152
66,3,14,1991,28.69762
66,3,14,1992,28.98328
66,3,14,1993,29.27103
66,3,14,1994,29.82816
66,3,14,1995,30.17584
66,3,14,1996,30.60071
66,3,14,1997,30.53798
66,3,14,1998,30.51643
66,3,14,1999,30.57243
66,3,14,2000,30.6242
66,3,14,2001,30.89635
66,3,14,2002,30.96771
66,3,14,2003,30.92789
66,3,14,2004,30.96476
66,3,14,2005,30.9971
66,3,14,2006,31.10326
66,3,14,2007,31.39909
66,3,14,2008,31.60876
66,3,14,2009,31.60559
66,3,14,2010,31.59743
66,3,14,2011,31.75337
66,3,14,2012,31.86389
66,3,14,2013,31.76632
66,3,14,2014,31.80378
66,3,14,2015,31.83336
66,3,14,2016,31.89923
66,3,14,2017,32.05371
66,3,14,2018,32.22721
66,3,14,2019,32.42721
67,1,14,1950,24.98371
67,1,14,1951,25.87303
67,1,14,1952,26.41085
67,1,14,1953,26.41958
67,1,14,1954,26.5958
67,1,14,1955,26.93049
67,1,14,1956,26.58471
67,1,14,1957,26.38096
67,1,14,1958,27.04041
67,1,14,1959,27.18349
67,1,14,1960,27.13968
67,1,14,1961,27.23878
67,1,14,1962,27.32714
67,1,14,1963,27.73212
67,1,14,1964,27.88817
67,1,14,1965,27.89135
67,1,14,1966,28.2194
67,1,14,1967,28.50103
67,1,14,1968,28.61589
67,1,14,1969,28.70226
67,1,14,1970,28.85548
67,1,14,1971,29.37366
67,1,14,1972,29.67241
67,1,14,1973,29.80037
67,1,14,1974,30.04361
67,1,14,1975,30.3406
67,1,14,1976,30.6236
67,1,14,1977,30.97337
67,1,14,1978,31.22498
67,1,14,1979,31.33033
67,1,14,1980,31.42166
67,1,14,1981,31.68403
67,1,14,1982,31.99428
67,1,14,1983,31.9996
67,1,14,1984,32.22747
67,1,14,1985,32.48004
67,1,14,1986,32.74196
67,1,14,1987,33.01708
67,1,14,1988,33.05796
67,1,14,1989,33.2423
67,1,14,1990,33.31501
67,1,14,1991,33.41396
67,1,14,1992,33.47751
67,1,14,1993,33.59368
67,1,14,1994,33.82653
67,1,14,1995,33.80642
67,1,14,1996,34.17953
67,1,14,1997,34.41353
67,1,14,1998,34.41268
67,1,14,1999,34.46538
67,1,14,2000,34.81817
67,1,14,2001,35.09667
67,1,14,2002,35.33855
67,1,14,2003,35.41782
67,1,14,2004,35.61427
67,1,14,2005,35.63782
67,1,14,2006,35.8979
67,1,14,2007,36.07369
67,1,14,2008,36.23579
67,1,14,2009,36.38746
67,1,14,2010,36.47418
67,1,14,2011,36.45768
67,1,14,2012,36.82408
67,1,14,2013,37.07357
67,1,14,2014,37.34573
67,1,14,2015,37.55843
67,1,14,2016,37.73359
67,1,14,2017,37.99679
67,1,14,2018,38.13553
67,1,14,2019,38.205
67,2,14,1950,28.09238
67,2,14,1951,28.82459
67,2,14,1952,29.30006
67,2,14,1953,29.40441
67,2,14,1954,29.95764
67,2,14,1955,30.29537
67,2,14,1956,30.04594
67,2,14,1957,29.97085
67,2,14,1958,30.66001
67,2,14,1959,30.83822
67,2,14,1960,30.87928
67,2,14,1961,30.98877
67,2,14,1962,31.15739
67,2,14,1963,31.61236
67,2,14,1964,31.83266
67,2,14,1965,31.89188
67,2,14,1966,32.25266
67,2,14,1967,32.54148
67,2,14,1968,32.71425
67,2,14,1969,32.87875
67,2,14,1970,33.03672
67,2,14,1971,33.54006
67,2,14,1972,33.8381
67,2,14,1973,33.92031
67,2,14,1974,34.12342
67,2,14,1975,34.44362
67,2,14,1976,34.81319
67,2,14,1977,35.24039
67,2,14,1978,35.57115
67,2,14,1979,35.77673
67,2,14,1980,35.94034
67,2,14,1981,36.25968
67,2,14,1982,36.63488
67,2,14,1983,36.85471
67,2,14,1984,37.14253
67,2,14,1985,37.4351
67,2,14,1986,37.79609
67,2,14,1987,38.11579
67,2,14,1988,38.24097
67,2,14,1989,38.47903
67,2,14,1990,38.68939
67,2,14,1991,38.88116
67,2,14,1992,39.06711
67,2,14,1993,39.26641
67,2,14,1994,39.55841
67,2,14,1995,39.66326
67,2,14,1996,40.09385
67,2,14,1997,40.38974
67,2,14,1998,40.53619
67,2,14,1999,40.67502
67,2,14,2000,41.05056
67,2,14,2001,41.37814
67,2,14,2002,41.62961
67,2,14,2003,41.78528
67,2,14,2004,41.87419
67,2,14,2005,41.92952
67,2,14,2006,42.09837
67,2,14,2007,42.25006
67,2,14,2008,42.37975
67,2,14,2009,42.55877
67,2,14,2010,42.58494
67,2,14,2011,42.41739
67,2,14,2012,42.71059
67,2,14,2013,42.8576
67,2,14,2014,43.02106
67,2,14,2015,43.22215
67,2,14,2016,43.31953
67,2,14,2017,43.50014
67,2,14,2018,43.53312
67,2,14,2019,43.56538
67,3,14,1950,26.54121
67,3,14,1951,27.36768
67,3,14,1952,27.87544
67,3,14,1953,27.92668
67,3,14,1954,28.28122
67,3,14,1955,28.61907
67,3,14,1956,28.30967
67,3,14,1957,28.16259
67,3,14,1958,28.84789
67,3,14,1959,29.00697
67,3,14,1960,29.00078
67,3,14,1961,29.1061
67,3,14,1962,29.2337
67,3,14,1963,29.67071
67,3,14,1964,29.86048
67,3,14,1965,29.89098
67,3,14,1966,30.24577
67,3,14,1967,30.54002
67,3,14,1968,30.68781
67,3,14,1969,30.81418
67,3,14,1970,30.97469
67,3,14,1971,31.49873
67,3,14,1972,31.80808
67,3,14,1973,31.91763
67,3,14,1974,32.14482
67,3,14,1975,32.4636
67,3,14,1976,32.79112
67,3,14,1977,33.18712
67,3,14,1978,33.48536
67,3,14,1979,33.64094
67,3,14,1980,33.76833
67,3,14,1981,34.06168
67,3,14,1982,34.41411
67,3,14,1983,34.52513
67,3,14,1984,34.78907
67,3,14,1985,35.06518
67,3,14,1986,35.38033
67,3,14,1987,35.68376
67,3,14,1988,35.76591
67,3,14,1989,35.9791
67,3,14,1990,36.12084
67,3,14,1991,36.26627
67,3,14,1992,36.39006
67,3,14,1993,36.54651
67,3,14,1994,36.81198
67,3,14,1995,36.85096
67,3,14,1996,37.25896
67,3,14,1997,37.52841
67,3,14,1998,37.58973
67,3,14,1999,37.68183
67,3,14,2000,38.05133
67,3,14,2001,38.35457
67,3,14,2002,38.60319
67,3,14,2003,38.71652
67,3,14,2004,38.85856
67,3,14,2005,38.88788
67,3,14,2006,39.10042
67,3,14,2007,39.25996
67,3,14,2008,39.40057
67,3,14,2009,39.56152
67,3,14,2010,39.60764
67,3,14,2011,39.5053
67,3,14,2012,39.8353
67,3,14,2013,40.03169
67,3,14,2014,40.24519
67,3,14,2015,40.45401
67,3,14,2016,40.5848
67,3,14,2017,40.80164
67,3,14,2018,40.87434
67,3,14,2019,40.91186
68,1,14,1950,17.48047
68,1,14,1951,18.18257
68,1,14,1952,19.55256
68,1,14,1953,20.05139
68,1,14,1954,20.21341
68,1,14,1955,20.54235
68,1,14,1956,20.73153
68,1,14,1957,20.90455
68,1,14,1958,21.08259
68,1,14,1959,21.25445
68,1,14,1960,21.43275
68,1,14,1961,21.53675
68,1,14,1962,21.68549
68,1,14,1963,21.79989
68,1,14,1964,21.93885
68,1,14,1965,22.08071
68,1,14,1966,22.23377
68,1,14,1967,22.37716
68,1,14,1968,22.5664
68,1,14,1969,22.76067
68,1,14,1970,22.96014
68,1,14,1971,23.16696
68,1,14,1972,23.33047
68,1,14,1973,23.5477
68,1,14,1974,23.67633
68,1,14,1975,23.79344
68,1,14,1976,23.91087
68,1,14,1977,23.98898
68,1,14,1978,24.09949
68,1,14,1979,24.35696
68,1,14,1980,24.0411
68,1,14,1981,24.80108
68,1,14,1982,24.7262
68,1,14,1983,24.59553
68,1,14,1984,25.19979
68,1,14,1985,25.40482
68,1,14,1986,25.70623
68,1,14,1987,25.94867
68,1,14,1988,26.39484
68,1,14,1989,26.78122
68,1,14,1990,27.15578
68,1,14,1991,27.44776
68,1,14,1992,27.9935
68,1,14,1993,28.29492
68,1,14,1994,28.41739
68,1,14,1995,28.8949
68,1,14,1996,29.26208
68,1,14,1997,29.58735
68,1,14,1998,29.74176
68,1,14,1999,29.98426
68,1,14,2000,30.31516
68,1,14,2001,30.80461
68,1,14,2002,31.22541
68,1,14,2003,31.62332
68,1,14,2004,32.00885
68,1,14,2005,32.45316
68,1,14,2006,32.87682
68,1,14,2007,33.27539
68,1,14,2008,33.61307
68,1,14,2009,33.94026
68,1,14,2010,34.15862
68,1,14,2011,34.4515
68,1,14,2012,34.75964
68,1,14,2013,35.20382
68,1,14,2014,35.58453
68,1,14,2015,35.90259
68,1,14,2016,36.1864
68,1,14,2017,36.36844
68,1,14,2018,36.66974
68,1,14,2019,36.76165
68,2,14,1950,24.98828
68,2,14,1951,25.69192
68,2,14,1952,26.9981
68,2,14,1953,27.46408
68,2,14,1954,27.59259
68,2,14,1955,27.88415
68,2,14,1956,28.01502
68,2,14,1957,28.14785
68,2,14,1958,28.24306
68,2,14,1959,28.36785
68,2,14,1960,28.51684
68,2,14,1961,28.56891
68,2,14,1962,28.6332
68,2,14,1963,28.66619
68,2,14,1964,28.757
68,2,14,1965,28.84971
68,2,14,1966,28.9607
68,2,14,1967,29.04991
68,2,14,1968,29.18678
68,2,14,1969,29.3327
68,2,14,1970,29.48015
68,2,14,1971,29.588
68,2,14,1972,29.69461
68,2,14,1973,29.85324
68,2,14,1974,29.97101
68,2,14,1975,30.08097
68,2,14,1976,30.14728
68,2,14,1977,30.21566
68,2,14,1978,30.52919
68,2,14,1979,30.95532
68,2,14,1980,30.56301
68,2,14,1981,31.46835
68,2,14,1982,31.54871
68,2,14,1983,31.41549
68,2,14,1984,32.02225
68,2,14,1985,32.31891
68,2,14,1986,32.5974
68,2,14,1987,32.78204
68,2,14,1988,33.23194
68,2,14,1989,33.48416
68,2,14,1990,33.75083
68,2,14,1991,34.03824
68,2,14,1992,34.40646
68,2,14,1993,34.76516
68,2,14,1994,35.05211
68,2,14,1995,35.31639
68,2,14,1996,35.67069
68,2,14,1997,35.90865
68,2,14,1998,36.08855
68,2,14,1999,36.2206
68,2,14,2000,36.48537
68,2,14,2001,36.87327
68,2,14,2002,37.17543
68,2,14,2003,37.54169
68,2,14,2004,37.9877
68,2,14,2005,38.36231
68,2,14,2006,38.82009
68,2,14,2007,39.2324
68,2,14,2008,39.69968
68,2,14,2009,40.06974
68,2,14,2010,40.33867
68,2,14,2011,40.58963
68,2,14,2012,40.81833
68,2,14,2013,41.12939
68,2,14,2014,41.4181
68,2,14,2015,41.58437
68,2,14,2016,41.70925
68,2,14,2017,41.80824
68,2,14,2018,41.82444
68,2,14,2019,41.84084
68,3,14,1950,20.69161
68,3,14,1951,21.4365
68,3,14,1952,22.83132
68,3,14,1953,23.36243
68,3,14,1954,23.52412
68,3,14,1955,23.86512
68,3,14,1956,24.0423
68,3,14,1957,24.22649
68,3,14,1958,24.3802
68,3,14,1959,24.54632
68,3,14,1960,24.70258
68,3,14,1961,24.83791
68,3,14,1962,24.94439
68,3,14,1963,25.06841
68,3,14,1964,25.19985
68,3,14,1965,25.33387
68,3,14,1966,25.48221
68,3,14,1967,25.60647
68,3,14,1968,25.7757
68,3,14,1969,25.95956
68,3,14,1970,26.13079
68,3,14,1971,26.33946
68,3,14,1972,26.47759
68,3,14,1973,26.669
68,3,14,1974,26.78763
68,3,14,1975,26.91511
68,3,14,1976,27.01701
68,3,14,1977,27.11575
68,3,14,1978,27.34608
68,3,14,1979,27.70276
68,3,14,1980,27.34016
68,3,14,1981,28.20267
68,3,14,1982,28.20005
68,3,14,1983,28.07769
68,3,14,1984,28.69088
68,3,14,1985,28.9484
68,3,14,1986,29.24237
68,3,14,1987,29.45817
68,3,14,1988,29.91371
68,3,14,1989,30.24031
68,3,14,1990,30.56566
68,3,14,1991,30.85856
68,3,14,1992,31.33394
68,3,14,1993,31.66313
68,3,14,1994,31.86198
68,3,14,1995,32.25021
68,3,14,1996,32.60761
68,3,14,1997,32.88996
68,3,14,1998,33.05028
68,3,14,1999,33.23386
68,3,14,2000,33.53269
68,3,14,2001,33.97156
68,3,14,2002,34.33513
68,3,14,2003,34.71583
68,3,14,2004,35.13187
68,3,14,2005,35.54858
68,3,14,2006,35.99543
68,3,14,2007,36.40625
68,3,14,2008,36.82077
68,3,14,2009,37.1748
68,3,14,2010,37.41345
68,3,14,2011,37.69935
68,3,14,2012,37.95023
68,3,14,2013,38.34252
68,3,14,2014,38.6533
68,3,14,2015,38.88515
68,3,14,2016,39.09857
68,3,14,2017,39.23146
68,3,14,2018,39.36821
68,3,14,2019,39.4194
69,1,14,1950,21.82383
69,1,14,1951,22.01738
69,1,14,1952,21.96602
69,1,14,1953,22.65648
69,1,14,1954,22.97837
69,1,14,1955,23.31898
69,1,14,1956,23.61177
69,1,14,1957,23.40845
69,1,14,1958,23.67451
69,1,14,1959,23.91265
69,1,14,1960,24.15069
69,1,14,1961,24.37228
69,1,14,1962,24.50387
69,1,14,1963,24.64259
69,1,14,1964,24.7745
69,1,14,1965,24.97732
69,1,14,1966,24.96858
69,1,14,1967,24.97278
69,1,14,1968,25.05534
69,1,14,1969,25.67099
69,1,14,1970,25.71931
69,1,14,1971,25.63801
69,1,14,1972,25.78606
69,1,14,1973,25.86021
69,1,14,1974,26.16741
69,1,14,1975,26.36126
69,1,14,1976,26.63406
69,1,14,1977,26.77647
69,1,14,1978,27.07358
69,1,14,1979,27.14725
69,1,14,1980,27.43587
69,1,14,1981,27.52162
69,1,14,1982,27.8643
69,1,14,1983,27.87578
69,1,14,1984,28.0062
69,1,14,1985,28.44195
69,1,14,1986,28.98836
69,1,14,1987,29.25698
69,1,14,1988,29.54246
69,1,14,1989,29.90261
69,1,14,1990,30.31288
69,1,14,1991,30.57206
69,1,14,1992,31.08276
69,1,14,1993,31.42152
69,1,14,1994,31.40359
69,1,14,1995,31.54859
69,1,14,1996,31.82139
69,1,14,1997,32.30106
69,1,14,1998,32.53524
69,1,14,1999,33.09841
69,1,14,2000,33.59401
69,1,14,2001,34.03689
69,1,14,2002,34.26237
69,1,14,2003,34.49279
69,1,14,2004,34.86109
69,1,14,2005,35.16704
69,1,14,2006,35.53115
69,1,14,2007,35.62577
69,1,14,2008,36.02973
69,1,14,2009,36.41702
69,1,14,2010,36.65548
69,1,14,2011,36.92763
69,1,14,2012,37.2409
69,1,14,2013,37.48815
69,1,14,2014,37.82792
69,1,14,2015,38.12226
69,1,14,2016,38.38923
69,1,14,2017,38.64989
69,1,14,2018,38.71018
69,1,14,2019,39.01453
69,2,14,1950,28.92222
69,2,14,1951,28.49264
69,2,14,1952,28.31937
69,2,14,1953,28.72813
69,2,14,1954,29.26927
69,2,14,1955,29.06604
69,2,14,1956,29.34702
69,2,14,1957,29.26894
69,2,14,1958,29.74188
69,2,14,1959,29.77151
69,2,14,1960,29.89496
69,2,14,1961,29.95192
69,2,14,1962,29.95311
69,2,14,1963,30.17508
69,2,14,1964,30.2689
69,2,14,1965,30.33259
69,2,14,1966,30.43511
69,2,14,1967,30.53366
69,2,14,1968,30.65266
69,2,14,1969,31.05146
69,2,14,1970,31.12202
69,2,14,1971,31.15922
69,2,14,1972,31.18453
69,2,14,1973,31.29141
69,2,14,1974,31.49664
69,2,14,1975,31.8
69,2,14,1976,31.83164
69,2,14,1977,31.74315
69,2,14,1978,31.94723
69,2,14,1979,32.10333
69,2,14,1980,32.24653
69,2,14,1981,32.45151
69,2,14,1982,32.81313
69,2,14,1983,33.08567
69,2,14,1984,33.48698
69,2,14,1985,33.85047
69,2,14,1986,34.35856
69,2,14,1987,34.50602
69,2,14,1988,34.61504
69,2,14,1989,34.96433
69,2,14,1990,35.14527
69,2,14,1991,35.71999
69,2,14,1992,35.91203
69,2,14,1993,36.02219
69,2,14,1994,36.23963
69,2,14,1995,36.34364
69,2,14,1996,36.63326
69,2,14,1997,36.86976
69,2,14,1998,37.23826
69,2,14,1999,37.52318
69,2,14,2000,37.92689
69,2,14,2001,38.23842
69,2,14,2002,38.427
69,2,14,2003,38.59159
69,2,14,2004,38.65531
69,2,14,2005,39.60021
69,2,14,2006,39.76431
69,2,14,2007,40.03803
69,2,14,2008,40.208
69,2,14,2009,40.57605
69,2,14,2010,40.79795
69,2,14,2011,41.13464
69,2,14,2012,41.14047
69,2,14,2013,41.41337
69,2,14,2014,41.61768
69,2,14,2015,41.90305
69,2,14,2016,42.17819
69,2,14,2017,42.34839
69,2,14,2018,42.41911
69,2,14,2019,42.47059
69,3,14,1950,24.98162
69,3,14,1951,24.93018
69,3,14,1952,24.81524
69,3,14,1953,25.41924
69,3,14,1954,25.82957
69,3,14,1955,25.97155
69,3,14,1956,26.25319
69,3,14,1957,26.07623
69,3,14,1958,26.43329
69,3,14,1959,26.59999
69,3,14,1960,26.81518
69,3,14,1961,26.96578
69,3,14,1962,27.00447
69,3,14,1963,27.16522
69,3,14,1964,27.27986
69,3,14,1965,27.42511
69,3,14,1966,27.44613
69,3,14,1967,27.48876
69,3,14,1968,27.59098
69,3,14,1969,28.14068
69,3,14,1970,28.19528
69,3,14,1971,28.16076
69,3,14,1972,28.25981
69,3,14,1973,28.34396
69,3,14,1974,28.63034
69,3,14,1975,28.87772
69,3,14,1976,29.04009
69,3,14,1977,29.07894
69,3,14,1978,29.34454
69,3,14,1979,29.45729
69,3,14,1980,29.68847
69,3,14,1981,29.83371
69,3,14,1982,30.19084
69,3,14,1983,30.33283
69,3,14,1984,30.59562
69,3,14,1985,31.02507
69,3,14,1986,31.57397
69,3,14,1987,31.82019
69,3,14,1988,32.02645
69,3,14,1989,32.39737
69,3,14,1990,32.7129
69,3,14,1991,33.11112
69,3,14,1992,33.47014
69,3,14,1993,33.71349
69,3,14,1994,33.78975
69,3,14,1995,33.91714
69,3,14,1996,34.18839
69,3,14,1997,34.55936
69,3,14,1998,34.85415
69,3,14,1999,35.29762
69,3,14,2000,35.76099
69,3,14,2001,36.15115
69,3,14,2002,36.36811
69,3,14,2003,36.55987
69,3,14,2004,36.78292
69,3,14,2005,37.41221
69,3,14,2006,37.68359
69,3,14,2007,37.87656
69,3,14,2008,38.15071
69,3,14,2009,38.54149
69,3,14,2010,38.77112
69,3,14,2011,39.07351
69,3,14,2012,39.23209
69,3,14,2013,39.50069
69,3,14,2014,39.77246
69,3,14,2015,40.06038
69,3,14,2016,40.32664
69,3,14,2017,40.54794
69,3,14,2018,40.61204
69,3,14,2019,40.79939
70,1,14,1950,27.42278
70,1,14,1951,27.24102
70,1,14,1952,27.39056
70,1,14,1953,27.61199
70,1,14,1954,27.7072
70,1,14,1955,27.71032
70,1,14,1956,27.68117
70,1,14,1957,27.75416
70,1,14,1958,27.91093
70,1,14,1959,27.75099
70,1,14,1960,27.85591
70,1,14,1961,27.87822
70,1,14,1962,27.73781
70,1,14,1963,27.62237
70,1,14,1964,27.45651
70,1,14,1965,27.46652
70,1,14,1966,27.46716
70,1,14,1967,27.42844
70,1,14,1968,27.30969
70,1,14,1969,27.3739
70,1,14,1970,27.37407
70,1,14,1971,27.60131
70,1,14,1972,27.77628
70,1,14,1973,27.78758
70,1,14,1974,27.8071
70,1,14,1975,28.10365
70,1,14,1976,28.30971
70,1,14,1977,28.61531
70,1,14,1978,28.96496
70,1,14,1979,29.18097
70,1,14,1980,29.37965
70,1,14,1981,29.58435
70,1,14,1982,29.74899
70,1,14,1983,30.10019
70,1,14,1984,30.29504
70,1,14,1985,30.43529
70,1,14,1986,30.74608
70,1,14,1987,30.90556
70,1,14,1988,31.0848
70,1,14,1989,31.23136
70,1,14,1990,31.70035
70,1,14,1991,32.04312
70,1,14,1992,32.17731
70,1,14,1993,32.42771
70,1,14,1994,32.58602
70,1,14,1995,32.86663
70,1,14,1996,33.0748
70,1,14,1997,33.44465
70,1,14,1998,33.80341
70,1,14,1999,34.0866
70,1,14,2000,34.40872
70,1,14,2001,34.66443
70,1,14,2002,34.87942
70,1,14,2003,35.16982
70,1,14,2004,35.50571
70,1,14,2005,35.84484
70,1,14,2006,36.08276
70,1,14,2007,36.1627
70,1,14,2008,36.2799
70,1,14,2009,36.53567
70,1,14,2010,36.74662
70,1,14,2011,36.89244
70,1,14,2012,37.14579
70,1,14,2013,37.30503
70,1,14,2014,37.34123
70,1,14,2015,37.3933
70,1,14,2016,37.59057
70,1,14,2017,37.66235
70,1,14,2018,37.55695
70,1,14,2019,37.54242
70,2,14,1950,31.23402
70,2,14,1951,31.2115
70,2,14,1952,31.37369
70,2,14,1953,31.63555
70,2,14,1954,31.78644
70,2,14,1955,31.92942
70,2,14,1956,31.96864
70,2,14,1957,32.1708
70,2,14,1958,32.39595
70,2,14,1959,32.4051
70,2,14,1960,32.5547
70,2,14,1961,32.69093
70,2,14,1962,32.66146
70,2,14,1963,32.62105
70,2,14,1964,32.5393
70,2,14,1965,32.56548
70,2,14,1966,32.57022
70,2,14,1967,32.65412
70,2,14,1968,32.60746
70,2,14,1969,32.73067
70,2,14,1970,32.70171
70,2,14,1971,32.92282
70,2,14,1972,33.14493
70,2,14,1973,33.2734
70,2,14,1974,33.30165
70,2,14,1975,33.70488
70,2,14,1976,33.93044
70,2,14,1977,34.24027
70,2,14,1978,34.60167
70,2,14,1979,34.912
70,2,14,1980,35.0429
70,2,14,1981,35.31516
70,2,14,1982,35.33145
70,2,14,1983,35.60138
70,2,14,1984,35.65526
70,2,14,1985,35.60544
70,2,14,1986,35.93571
70,2,14,1987,36.06425
70,2,14,1988,36.18978
70,2,14,1989,36.28629
70,2,14,1990,36.65596
70,2,14,1991,36.92752
70,2,14,1992,37.06443
70,2,14,1993,37.24751
70,2,14,1994,37.33317
70,2,14,1995,37.49853
70,2,14,1996,37.66094
70,2,14,1997,37.88795
70,2,14,1998,38.19966
70,2,14,1999,38.43732
70,2,14,2000,38.62611
70,2,14,2001,38.81146
70,2,14,2002,38.91378
70,2,14,2003,39.17932
70,2,14,2004,39.3911
70,2,14,2005,39.65659
70,2,14,2006,39.82369
70,2,14,2007,39.8831
70,2,14,2008,39.96234
70,2,14,2009,40.15008
70,2,14,2010,40.35098
70,2,14,2011,40.41047
70,2,14,2012,40.58635
70,2,14,2013,40.7307
70,2,14,2014,40.71715
70,2,14,2015,40.73977
70,2,14,2016,40.92724
70,2,14,2017,41.01951
70,2,14,2018,40.90746
70,2,14,2019,40.92498
70,3,14,1950,29.25844
70,3,14,1951,29.1421
70,3,14,1952,29.29578
70,3,14,1953,29.54224
70,3,14,1954,29.66964
70,3,14,1955,29.73631
70,3,14,1956,29.74603
70,3,14,1957,29.88083
70,3,14,1958,30.07465
70,3,14,1959,29.99231
70,3,14,1960,30.12384
70,3,14,1961,30.20118
70,3,14,1962,30.12445
70,3,14,1963,30.03718
70,3,14,1964,29.90156
70,3,14,1965,29.92748
70,3,14,1966,29.94356
70,3,14,1967,29.95789
70,3,14,1968,29.86916
70,3,14,1969,29.96255
70,3,14,1970,29.95357
70,3,14,1971,30.18067
70,3,14,1972,30.38652
70,3,14,1973,30.45879
70,3,14,1974,30.48068
70,3,14,1975,30.82927
70,3,14,1976,31.05566
70,3,14,1977,31.37578
70,3,14,1978,31.73796
70,3,14,1979,32.00093
70,3,14,1980,32.16742
70,3,14,1981,32.40621
70,3,14,1982,32.51285
70,3,14,1983,32.83009
70,3,14,1984,32.95967
70,3,14,1985,33.00681
70,3,14,1986,33.33495
70,3,14,1987,33.47693
70,3,14,1988,33.63166
70,3,14,1989,33.75195
70,3,14,1990,34.18277
70,3,14,1991,34.49745
70,3,14,1992,34.62755
70,3,14,1993,34.85031
70,3,14,1994,34.9703
70,3,14,1995,35.19725
70,3,14,1996,35.38919
70,3,14,1997,35.6847
70,3,14,1998,36.02236
70,3,14,1999,36.28455
70,3,14,2000,36.54287
70,3,14,2001,36.76226
70,3,14,2002,36.92593
70,3,14,2003,37.19715
70,3,14,2004,37.47687
70,3,14,2005,37.77964
70,3,14,2006,37.97558
70,3,14,2007,38.03756
70,3,14,2008,38.13685
70,3,14,2009,38.35384
70,3,14,2010,38.55994
70,3,14,2011,38.66413
70,3,14,2012,38.87473
70,3,14,2013,39.02702
70,3,14,2014,39.0315
70,3,14,2015,39.07511
70,3,14,2016,39.27111
70,3,14,2017,39.36163
70,3,14,2018,39.23958
70,3,14,2019,39.24582
71,1,14,1950,27.22706
71,1,14,1951,27.03208
71,1,14,1952,27.16081
71,1,14,1953,27.44267
71,1,14,1954,27.51709
71,1,14,1955,27.52509
71,1,14,1956,27.50356
71,1,14,1957,27.63307
71,1,14,1958,27.79539
71,1,14,1959,27.61641
71,1,14,1960,27.74092
71,1,14,1961,27.7926
71,1,14,1962,27.64432
71,1,14,1963,27.53227
71,1,14,1964,27.34576
71,1,14,1965,27.36316
71,1,14,1966,27.34078
71,1,14,1967,27.30313
71,1,14,1968,27.20068
71,1,14,1969,27.27685
71,1,14,1970,27.2685
71,1,14,1971,27.52136
71,1,14,1972,27.69537
71,1,14,1973,27.73068
71,1,14,1974,27.70875
71,1,14,1975,28.06443
71,1,14,1976,28.28647
71,1,14,1977,28.63723
71,1,14,1978,28.99662
71,1,14,1979,29.29249
71,1,14,1980,29.46121
71,1,14,1981,29.65298
71,1,14,1982,29.79659
71,1,14,1983,30.19655
71,1,14,1984,30.39035
71,1,14,1985,30.57232
71,1,14,1986,30.92258
71,1,14,1987,31.07843
71,1,14,1988,31.2277
71,1,14,1989,31.33561
71,1,14,1990,31.81536
71,1,14,1991,32.17415
71,1,14,1992,32.3359
71,1,14,1993,32.58584
71,1,14,1994,32.71592
71,1,14,1995,33.04452
71,1,14,1996,33.24091
71,1,14,1997,33.60208
71,1,14,1998,33.9392
71,1,14,1999,34.26767
71,1,14,2000,34.57406
71,1,14,2001,34.83946
71,1,14,2002,35.04818
71,1,14,2003,35.33516
71,1,14,2004,35.66903
71,1,14,2005,35.99192
71,1,14,2006,36.23451
71,1,14,2007,36.30768
71,1,14,2008,36.40881
71,1,14,2009,36.66385
71,1,14,2010,36.85493
71,1,14,2011,37.01628
71,1,14,2012,37.28417
71,1,14,2013,37.43609
71,1,14,2014,37.47039
71,1,14,2015,37.48495
71,1,14,2016,37.69556
71,1,14,2017,37.75136
71,1,14,2018,37.68932
71,1,14,2019,37.6815
71,2,14,1950,31.24428
71,2,14,1951,31.2288
71,2,14,1952,31.37521
71,2,14,1953,31.64075
71,2,14,1954,31.76111
71,2,14,1955,31.94065
71,2,14,1956,31.95385
71,2,14,1957,32.20637
71,2,14,1958,32.45888
71,2,14,1959,32.45486
71,2,14,1960,32.60559
71,2,14,1961,32.79293
71,2,14,1962,32.72256
71,2,14,1963,32.67069
71,2,14,1964,32.54629
71,2,14,1965,32.5841
71,2,14,1966,32.55774
71,2,14,1967,32.64643
71,2,14,1968,32.60734
71,2,14,1969,32.73972
71,2,14,1970,32.69224
71,2,14,1971,32.93268
71,2,14,1972,33.19967
71,2,14,1973,33.32902
71,2,14,1974,33.33186
71,2,14,1975,33.75359
71,2,14,1976,34.00749
71,2,14,1977,34.34446
71,2,14,1978,34.72705
71,2,14,1979,35.09605
71,2,14,1980,35.30237
71,2,14,1981,35.48954
71,2,14,1982,35.49014
71,2,14,1983,35.74035
71,2,14,1984,35.83284
71,2,14,1985,35.82964
71,2,14,1986,36.19168
71,2,14,1987,36.34691
71,2,14,1988,36.44
71,2,14,1989,36.49757
71,2,14,1990,36.89267
71,2,14,1991,37.15931
71,2,14,1992,37.27402
71,2,14,1993,37.50016
71,2,14,1994,37.53564
71,2,14,1995,37.74367
71,2,14,1996,37.89654
71,2,14,1997,38.10832
71,2,14,1998,38.4091
71,2,14,1999,38.69067
71,2,14,2000,38.86384
71,2,14,2001,39.06844
71,2,14,2002,39.16266
71,2,14,2003,39.43629
71,2,14,2004,39.66896
71,2,14,2005,39.92855
71,2,14,2006,40.08527
71,2,14,2007,40.10599
71,2,14,2008,40.17502
71,2,14,2009,40.35527
71,2,14,2010,40.56121
71,2,14,2011,40.63566
71,2,14,2012,40.81047
71,2,14,2013,40.94296
71,2,14,2014,40.92642
71,2,14,2015,40.94725
71,2,14,2016,41.13758
71,2,14,2017,41.23136
71,2,14,2018,41.11957
71,2,14,2019,41.13182
71,3,14,1950,29.16429
71,3,14,1951,29.03918
71,3,14,1952,29.17537
71,3,14,1953,29.45573
71,3,14,1954,29.55582
71,3,14,1955,29.64142
71,3,14,1956,29.6419
71,3,14,1957,29.83547
71,3,14,1958,30.04294
71,3,14,1959,29.9424
71,3,14,1960,30.08277
71,3,14,1961,30.20111
71,3,14,1962,30.10526
71,3,14,1963,30.00869
71,3,14,1964,29.84417
71,3,14,1965,29.87588
71,3,14,1966,29.86392
71,3,14,1967,29.8859
71,3,14,1968,29.80811
71,3,14,1969,29.91309
71,3,14,1970,29.88668
71,3,14,1971,30.14007
71,3,14,1972,30.36463
71,3,14,1973,30.4471
71,3,14,1974,30.43609
71,3,14,1975,30.82867
71,3,14,1976,31.07436
71,3,14,1977,31.4343
71,3,14,1978,31.80823
71,3,14,1979,32.14515
71,3,14,1980,32.32912
71,3,14,1981,32.52183
71,3,14,1982,32.60346
71,3,14,1983,32.94508
71,3,14,1984,33.08511
71,3,14,1985,33.18335
71,3,14,1986,33.5476
71,3,14,1987,33.70171
71,3,14,1988,33.8178
71,3,14,1989,33.90158
71,3,14,1990,34.35111
71,3,14,1991,34.67578
71,3,14,1992,34.80583
71,3,14,1993,35.04897
71,3,14,1994,35.13177
71,3,14,1995,35.40112
71,3,14,1996,35.5893
71,3,14,1997,35.87038
71,3,14,1998,36.18756
71,3,14,1999,36.49185
71,3,14,2000,36.7364
71,3,14,2001,36.97484
71,3,14,2002,37.12645
71,3,14,2003,37.40265
71,3,14,2004,37.68645
71,3,14,2005,37.98178
71,3,14,2006,38.17962
71,3,14,2007,38.2206
71,3,14,2008,38.30363
71,3,14,2009,38.51555
71,3,14,2010,38.7141
71,3,14,2011,38.83739
71,3,14,2012,39.05239
71,3,14,2013,39.19226
71,3,14,2014,39.1952
71,3,14,2015,39.21738
71,3,14,2016,39.42545
71,3,14,2017,39.51043
71,3,14,2018,39.41395
71,3,14,2019,39.42239
72,1,14,1950,28.39228
72,1,14,1951,28.2866
72,1,14,1952,28.51098
72,1,14,1953,28.43357
72,1,14,1954,28.62398
72,1,14,1955,28.61882
72,1,14,1956,28.58204
72,1,14,1957,28.43162
72,1,14,1958,28.55064
72,1,14,1959,28.47806
72,1,14,1960,28.4946
72,1,14,1961,28.38232
72,1,14,1962,28.30145
72,1,14,1963,28.15601
72,1,14,1964,28.07999
72,1,14,1965,28.05384
72,1,14,1966,28.19212
72,1,14,1967,28.12059
72,1,14,1968,27.92744
72,1,14,1969,27.93756
72,1,14,1970,27.97024
72,1,14,1971,28.0781
72,1,14,1972,28.2432
72,1,14,1973,28.16206
72,1,14,1974,28.36907
72,1,14,1975,28.41385
72,1,14,1976,28.53393
72,1,14,1977,28.61636
72,1,14,1978,28.94117
72,1,14,1979,28.81587
72,1,14,1980,29.1421
72,1,14,1981,29.38343
72,1,14,1982,29.66053
72,1,14,1983,29.75167
72,1,14,1984,29.96996
72,1,14,1985,29.91381
72,1,14,1986,30.06519
72,1,14,1987,30.22163
72,1,14,1988,30.48733
72,1,14,1989,30.84389
72,1,14,1990,31.23888
72,1,14,1991,31.49852
72,1,14,1992,31.5001
72,1,14,1993,31.7735
72,1,14,1994,32.02592
72,1,14,1995,32.09928
72,1,14,1996,32.38176
72,1,14,1997,32.75611
72,1,14,1998,33.23226
72,1,14,1999,33.31826
72,1,14,2000,33.69069
72,1,14,2001,33.89054
72,1,14,2002,34.14743
72,1,14,2003,34.43295
72,1,14,2004,34.79371
72,1,14,2005,35.20707
72,1,14,2006,35.42025
72,1,14,2007,35.50117
72,1,14,2008,35.73221
72,1,14,2009,35.99644
72,1,14,2010,36.28283
72,1,14,2011,36.37855
72,1,14,2012,36.557
72,1,14,2013,36.75888
72,1,14,2014,36.81356
72,1,14,2015,37.04711
72,1,14,2016,37.20161
72,1,14,2017,37.36946
72,1,14,2018,37.05922
72,1,14,2019,37.04366
72,2,14,1950,31.30354
72,2,14,1951,31.25138
72,2,14,1952,31.44125
72,2,14,1953,31.70949
72,2,14,1954,31.99357
72,2,14,1955,31.98917
72,2,14,1956,32.14158
72,2,14,1957,32.1009
72,2,14,1958,32.22718
72,2,14,1959,32.29342
72,2,14,1960,32.45418
72,2,14,1961,32.40409
72,2,14,1962,32.53388
72,2,14,1963,32.53715
72,2,14,1964,32.59662
72,2,14,1965,32.58867
72,2,14,1966,32.74165
72,2,14,1967,32.78762
72,2,14,1968,32.72248
72,2,14,1969,32.79289
72,2,14,1970,32.85327
72,2,14,1971,32.97019
72,2,14,1972,33.01864
72,2,14,1973,33.14575
72,2,14,1974,33.24077
72,2,14,1975,33.57772
72,2,14,1976,33.68974
72,2,14,1977,33.87449
72,2,14,1978,34.16609
72,2,14,1979,34.19585
72,2,14,1980,34.02714
72,2,14,1981,34.60995
72,2,14,1982,34.71769
72,2,14,1983,35.0843
72,2,14,1984,34.93541
72,2,14,1985,34.68123
72,2,14,1986,34.87161
72,2,14,1987,34.86196
72,2,14,1988,35.16577
72,2,14,1989,35.39005
72,2,14,1990,35.63805
72,2,14,1991,35.94068
72,2,14,1992,36.1673
72,2,14,1993,36.12729
72,2,14,1994,36.4593
72,2,14,1995,36.42009
72,2,14,1996,36.61374
72,2,14,1997,36.92494
72,2,14,1998,37.26527
72,2,14,1999,37.31113
72,2,14,2000,37.57697
72,2,14,2001,37.65683
72,2,14,2002,37.80525
72,2,14,2003,38.02973
72,2,14,2004,38.13788
72,2,14,2005,38.42359
72,2,14,2006,38.63423
72,2,14,2007,38.88005
72,2,14,2008,38.99132
72,2,14,2009,39.21974
72,2,14,2010,39.38678
72,2,14,2011,39.35599
72,2,14,2012,39.56074
72,2,14,2013,39.79474
72,2,14,2014,39.76416
72,2,14,2015,39.81497
72,2,14,2016,40.00291
72,2,14,2017,40.10668
72,2,14,2018,39.96761
72,2,14,2019,40.00842
72,3,14,1950,29.76137
72,3,14,1951,29.68141
72,3,14,1952,29.90508
72,3,14,1953,29.99127
72,3,14,1954,30.22423
72,3,14,1955,30.22845
72,3,14,1956,30.27288
72,3,14,1957,30.17856
72,3,14,1958,30.31579
72,3,14,1959,30.31524
72,3,14,1960,30.39973
72,3,14,1961,30.31458
72,3,14,1962,30.3331
72,3,14,1963,30.26736
72,3,14,1964,30.24744
72,3,14,1965,30.2417
72,3,14,1966,30.40058
72,3,14,1967,30.38218
72,3,14,1968,30.23547
72,3,14,1969,30.27926
72,3,14,1970,30.3259
72,3,14,1971,30.44854
72,3,14,1972,30.56971
72,3,14,1973,30.58849
72,3,14,1974,30.74072
72,3,14,1975,30.92713
72,3,14,1976,31.0504
72,3,14,1977,31.18309
72,3,14,1978,31.50598
72,3,14,1979,31.4418
72,3,14,1980,31.55769
72,3,14,1981,31.95824
72,3,14,1982,32.16391
72,3,14,1983,32.38248
72,3,14,1984,32.42498
72,3,14,1985,32.27864
72,3,14,1986,32.44183
72,3,14,1987,32.52496
72,3,14,1988,32.81303
72,3,14,1989,33.1092
72,3,14,1990,33.4409
72,3,14,1991,33.72448
72,3,14,1992,33.82621
72,3,14,1993,33.95864
72,3,14,1994,34.25028
72,3,14,1995,34.27571
72,3,14,1996,34.51004
72,3,14,1997,34.85697
72,3,14,1998,35.2709
72,3,14,1999,35.34047
72,3,14,2000,35.65919
72,3,14,2001,35.79781
72,3,14,2002,36.00343
72,3,14,2003,36.25389
72,3,14,2004,36.49313
72,3,14,2005,36.83382
72,3,14,2006,37.04065
72,3,14,2007,37.20049
72,3,14,2008,37.37298
72,3,14,2009,37.61815
72,3,14,2010,37.84708
72,3,14,2011,37.87543
72,3,14,2012,38.05876
72,3,14,2013,38.26668
72,3,14,2014,38.28639
72,3,14,2015,38.42811
72,3,14,2016,38.59048
72,3,14,2017,38.71529
72,3,14,2018,38.50233
72,3,14,2019,38.49497
73,1,14,1950,27.25304
73,1,14,1951,27.14868
73,1,14,1952,27.51086
73,1,14,1953,27.64218
73,1,14,1954,27.82862
73,1,14,1955,27.84889
73,1,14,1956,27.74612
73,1,14,1957,27.75497
73,1,14,1958,28.12684
73,1,14,1959,28.12681
73,1,14,1960,28.06894
73,1,14,1961,28.0972
73,1,14,1962,27.92784
73,1,14,1963,27.86981
73,1,14,1964,28.06965
73,1,14,1965,28.04849
73,1,14,1966,28.0941
73,1,14,1967,28.10122
73,1,14,1968,27.95816
73,1,14,1969,27.84292
73,1,14,1970,28.08754
73,1,14,1971,28.19031
73,1,14,1972,28.24968
73,1,14,1973,28.33517
73,1,14,1974,28.40689
73,1,14,1975,28.38966
73,1,14,1976,28.49678
73,1,14,1977,28.72564
73,1,14,1978,28.82284
73,1,14,1979,28.95995
73,1,14,1980,29.12032
73,1,14,1981,29.30087
73,1,14,1982,29.48814
73,1,14,1983,29.59311
73,1,14,1984,29.81739
73,1,14,1985,29.92551
73,1,14,1986,30.141
73,1,14,1987,30.40169
73,1,14,1988,30.59521
73,1,14,1989,30.77248
73,1,14,1990,30.91136
73,1,14,1991,31.06361
73,1,14,1992,31.2773
73,1,14,1993,31.41481
73,1,14,1994,31.63896
73,1,14,1995,31.77564
73,1,14,1996,31.97197
73,1,14,1997,32.24586
73,1,14,1998,32.40665
73,1,14,1999,32.59373
73,1,14,2000,32.89897
73,1,14,2001,33.15437
73,1,14,2002,33.31524
73,1,14,2003,33.47441
73,1,14,2004,33.8629
73,1,14,2005,34.1045
73,1,14,2006,34.37534
73,1,14,2007,34.5753
73,1,14,2008,34.76953
73,1,14,2009,34.95998
73,1,14,2010,35.17647
73,1,14,2011,35.36717
73,1,14,2012,35.49415
73,1,14,2013,35.65655
73,1,14,2014,35.88021
73,1,14,2015,35.86285
73,1,14,2016,36.05452
73,1,14,2017,36.16405
73,1,14,2018,36.24102
73,1,14,2019,36.28732
73,2,14,1950,30.77413
73,2,14,1951,30.73538
73,2,14,1952,31.11879
73,2,14,1953,31.28995
73,2,14,1954,31.54165
73,2,14,1955,31.61882
73,2,14,1956,31.61921
73,2,14,1957,31.75818
73,2,14,1958,32.12251
73,2,14,1959,32.20369
73,2,14,1960,32.25253
73,2,14,1961,32.38418
73,2,14,1962,32.34651
73,2,14,1963,32.40378
73,2,14,1964,32.69819
73,2,14,1965,32.75155
73,2,14,1966,32.84093
73,2,14,1967,32.88688
73,2,14,1968,32.75142
73,2,14,1969,32.6985
73,2,14,1970,32.94553
73,2,14,1971,33.11132
73,2,14,1972,33.25371
73,2,14,1973,33.37839
73,2,14,1974,33.51821
73,2,14,1975,33.62163
73,2,14,1976,33.80868
73,2,14,1977,34.10342
73,2,14,1978,34.25966
73,2,14,1979,34.42637
73,2,14,1980,34.59839
73,2,14,1981,34.758
73,2,14,1982,34.94069
73,2,14,1983,35.07921
73,2,14,1984,35.31509
73,2,14,1985,35.42765
73,2,14,1986,35.61039
73,2,14,1987,35.86395
73,2,14,1988,36.03201
73,2,14,1989,36.18727
73,2,14,1990,36.34431
73,2,14,1991,36.51225
73,2,14,1992,36.70848
73,2,14,1993,36.81083
73,2,14,1994,37.01337
73,2,14,1995,37.14984
73,2,14,1996,37.29743
73,2,14,1997,37.47783
73,2,14,1998,37.58909
73,2,14,1999,37.72171
73,2,14,2000,37.94991
73,2,14,2001,38.16038
73,2,14,2002,38.23945
73,2,14,2003,38.34474
73,2,14,2004,38.68076
73,2,14,2005,38.88411
73,2,14,2006,39.09917
73,2,14,2007,39.23164
73,2,14,2008,39.34031
73,2,14,2009,39.50624
73,2,14,2010,39.70207
73,2,14,2011,39.81504
73,2,14,2012,39.87839
73,2,14,2013,39.98234
73,2,14,2014,40.13675
73,2,14,2015,40.09887
73,2,14,2016,40.22368
73,2,14,2017,40.33144
73,2,14,2018,40.31182
73,2,14,2019,40.32429
73,3,14,1950,29.08975
73,3,14,1951,29.0201
73,3,14,1952,29.39832
73,3,14,1953,29.55381
73,3,14,1954,29.7757
73,3,14,1955,29.82865
73,3,14,1956,29.77405
73,3,14,1957,29.84956
73,3,14,1958,30.22471
73,3,14,1959,30.26695
73,3,14,1960,30.26307
73,3,14,1961,30.3452
73,3,14,1962,30.23907
73,3,14,1963,30.23816
73,3,14,1964,30.48874
73,3,14,1965,30.50485
73,3,14,1966,30.57375
73,3,14,1967,30.60099
73,3,14,1968,30.46166
73,3,14,1969,30.37687
73,3,14,1970,30.62916
73,3,14,1971,30.7643
73,3,14,1972,30.86531
73,3,14,1973,30.96996
73,3,14,1974,31.07719
73,3,14,1975,31.11629
73,3,14,1976,31.26481
73,3,14,1977,31.53076
73,3,14,1978,31.6578
73,3,14,1979,31.81101
73,3,14,1980,31.97986
73,3,14,1981,32.15134
73,3,14,1982,32.33765
73,3,14,1983,32.45883
73,3,14,1984,32.69011
73,3,14,1985,32.79778
73,3,14,1986,32.99865
73,3,14,1987,33.25791
73,3,14,1988,33.43733
73,3,14,1989,33.60382
73,3,14,1990,33.74805
73,3,14,1991,33.90512
73,3,14,1992,34.10947
73,3,14,1993,34.2263
73,3,14,1994,34.44043
73,3,14,1995,34.5715
73,3,14,1996,34.74011
73,3,14,1997,34.96959
73,3,14,1998,35.10082
73,3,14,1999,35.25662
73,3,14,2000,35.52397
73,3,14,2001,35.756
73,3,14,2002,35.87159
73,3,14,2003,35.99894
73,3,14,2004,36.36376
73,3,14,2005,36.58177
73,3,14,2006,36.82343
73,3,14,2007,36.98589
73,3,14,2008,37.13254
73,3,14,2009,37.3078
73,3,14,2010,37.51571
73,3,14,2011,37.66364
73,3,14,2012,37.75543
73,3,14,2013,37.88736
73,3,14,2014,38.07441
73,3,14,2015,38.03918
73,3,14,2016,38.1974
73,3,14,2017,38.3023
73,3,14,2018,38.33006
73,3,14,2019,38.35069
74,1,14,1950,34.24224
74,1,14,1951,34.26918
74,1,14,1952,34.32648
74,1,14,1953,34.25591
74,1,14,1954,34.18419
74,1,14,1955,34.17986
74,1,14,1956,34.2534
74,1,14,1957,34.28
74,1,14,1958,34.23752
74,1,14,1959,34.21659
74,1,14,1960,34.31522
74,1,14,1961,34.36631
74,1,14,1962,34.31104
74,1,14,1963,34.32287
74,1,14,1964,34.34479
74,1,14,1965,34.37078
74,1,14,1966,34.44215
74,1,14,1967,34.50896
74,1,14,1968,34.49579
74,1,14,1969,34.61772
74,1,14,1970,34.68314
74,1,14,1971,34.66802
74,1,14,1972,34.7086
74,1,14,1973,34.85056
74,1,14,1974,34.94533
74,1,14,1975,35.03923
74,1,14,1976,35.0171
74,1,14,1977,35.10311
74,1,14,1978,35.12491
74,1,14,1979,35.15618
74,1,14,1980,35.16092
74,1,14,1981,35.18575
74,1,14,1982,35.20538
74,1,14,1983,35.19446
74,1,14,1984,35.15907
74,1,14,1985,35.10396
74,1,14,1986,35.11924
74,1,14,1987,35.14215
74,1,14,1988,35.11191
74,1,14,1989,35.10672
74,1,14,1990,35.15986
74,1,14,1991,35.23755
74,1,14,1992,35.20176
74,1,14,1993,35.46526
74,1,14,1994,35.70272
74,1,14,1995,35.8747
74,1,14,1996,36.05892
74,1,14,1997,36.13968
74,1,14,1998,36.23573
74,1,14,1999,36.29451
74,1,14,2000,36.33796
74,1,14,2001,36.44654
74,1,14,2002,36.5054
74,1,14,2003,36.48669
74,1,14,2004,36.47373
74,1,14,2005,36.56041
74,1,14,2006,36.75751
74,1,14,2007,36.79479
74,1,14,2008,36.97204
74,1,14,2009,37.11106
74,1,14,2010,37.28218
74,1,14,2011,37.39648
74,1,14,2012,37.50508
74,1,14,2013,37.62307
74,1,14,2014,37.78227
74,1,14,2015,37.99715
74,1,14,2016,38.02108
74,1,14,2017,38.05589
74,1,14,2018,38.08177
74,1,14,2019,38.14452
74,2,14,1950,38.5582
74,2,14,1951,38.56552
74,2,14,1952,38.53126
74,2,14,1953,38.50671
74,2,14,1954,38.53037
74,2,14,1955,38.54615
74,2,14,1956,38.48269
74,2,14,1957,38.48837
74,2,14,1958,38.45858
74,2,14,1959,38.52131
74,2,14,1960,38.56905
74,2,14,1961,38.58632
74,2,14,1962,38.53784
74,2,14,1963,38.50236
74,2,14,1964,38.50362
74,2,14,1965,38.54965
74,2,14,1966,38.58121
74,2,14,1967,38.5636
74,2,14,1968,38.64778
74,2,14,1969,38.73231
74,2,14,1970,38.784
74,2,14,1971,38.80767
74,2,14,1972,38.96065
74,2,14,1973,39.04549
74,2,14,1974,39.14707
74,2,14,1975,39.27581
74,2,14,1976,39.35505
74,2,14,1977,39.43547
74,2,14,1978,39.55262
74,2,14,1979,39.68243
74,2,14,1980,39.89904
74,2,14,1981,39.96998
74,2,14,1982,40.09055
74,2,14,1983,40.12136
74,2,14,1984,40.32855
74,2,14,1985,40.52198
74,2,14,1986,40.69514
74,2,14,1987,40.72976
74,2,14,1988,40.78804
74,2,14,1989,40.90758
74,2,14,1990,40.97675
74,2,14,1991,41.14038
74,2,14,1992,41.18627
74,2,14,1993,41.39867
74,2,14,1994,41.64948
74,2,14,1995,41.95204
74,2,14,1996,42.19997
74,2,14,1997,42.31607
74,2,14,1998,42.41553
74,2,14,1999,42.565
74,2,14,2000,42.6074
74,2,14,2001,42.64874
74,2,14,2002,42.76145
74,2,14,2003,42.79727
74,2,14,2004,42.72574
74,2,14,2005,42.7643
74,2,14,2006,42.7874
74,2,14,2007,42.89764
74,2,14,2008,42.97579
74,2,14,2009,42.97942
74,2,14,2010,43.03423
74,2,14,2011,42.99543
74,2,14,2012,43.04205
74,2,14,2013,43.13653
74,2,14,2014,43.15667
74,2,14,2015,43.03228
74,2,14,2016,43.15903
74,2,14,2017,43.23588
74,2,14,2018,43.17819
74,2,14,2019,43.12192
74,3,14,1950,35.45491
74,3,14,1951,35.44724
74,3,14,1952,35.49304
74,3,14,1953,35.46432
74,3,14,1954,35.43737
74,3,14,1955,35.46583
74,3,14,1956,35.45762
74,3,14,1957,35.49742
74,3,14,1958,35.56406
74,3,14,1959,35.64568
74,3,14,1960,35.74738
74,3,14,1961,35.7919
74,3,14,1962,35.8354
74,3,14,1963,35.82854
74,3,14,1964,35.87158
74,3,14,1965,35.90695
74,3,14,1966,35.95721
74,3,14,1967,36.05875
74,3,14,1968,36.05535
74,3,14,1969,36.21344
74,3,14,1970,36.30819
74,3,14,1971,36.32461
74,3,14,1972,36.43444
74,3,14,1973,36.55055
74,3,14,1974,36.69604
74,3,14,1975,36.87769
74,3,14,1976,36.89941
74,3,14,1977,36.96283
74,3,14,1978,37.03729
74,3,14,1979,37.17879
74,3,14,1980,37.17672
74,3,14,1981,37.25695
74,3,14,1982,37.31321
74,3,14,1983,37.35243
74,3,14,1984,37.46731
74,3,14,1985,37.56018
74,3,14,1986,37.55798
74,3,14,1987,37.57032
74,3,14,1988,37.62815
74,3,14,1989,37.70351
74,3,14,1990,37.77555
74,3,14,1991,37.79773
74,3,14,1992,37.80161
74,3,14,1993,38.06005
74,3,14,1994,38.34972
74,3,14,1995,38.53668
74,3,14,1996,38.66727
74,3,14,1997,38.80829
74,3,14,1998,38.82384
74,3,14,1999,38.98858
74,3,14,2000,39.03015
74,3,14,2001,39.1566
74,3,14,2002,39.22815
74,3,14,2003,39.21106
74,3,14,2004,39.2369
74,3,14,2005,39.30948
74,3,14,2006,39.47864
74,3,14,2007,39.56506
74,3,14,2008,39.65862
74,3,14,2009,39.73236
74,3,14,2010,39.87478
74,3,14,2011,39.99525
74,3,14,2012,40.10854
74,3,14,2013,40.20258
74,3,14,2014,40.30671
74,3,14,2015,40.43063
74,3,14,2016,40.48042
74,3,14,2017,40.53201
74,3,14,2018,40.50926
74,3,14,2019,40.48315
75,1,14,1950,26.59587
75,1,14,1951,26.55155
75,1,14,1952,26.9166
75,1,14,1953,27.05209
75,1,14,1954,27.0191
75,1,14,1955,27.11064
75,1,14,1956,27.06178
75,1,14,1957,26.98331
75,1,14,1958,27.2334
75,1,14,1959,27.13867
75,1,14,1960,27.16765
75,1,14,1961,27.37969
75,1,14,1962,27.23814
75,1,14,1963,27.25374
75,1,14,1964,27.32623
75,1,14,1965,27.24338
75,1,14,1966,27.34566
75,1,14,1967,27.23523
75,1,14,1968,27.10968
75,1,14,1969,27.00828
75,1,14,1970,27.06396
75,1,14,1971,27.29824
75,1,14,1972,27.46459
75,1,14,1973,27.70412
75,1,14,1974,27.68124
75,1,14,1975,27.69023
75,1,14,1976,27.85237
75,1,14,1977,27.97574
75,1,14,1978,28.00166
75,1,14,1979,28.10662
75,1,14,1980,28.25647
75,1,14,1981,28.38831
75,1,14,1982,28.52083
75,1,14,1983,28.61326
75,1,14,1984,28.89053
75,1,14,1985,29.23487
75,1,14,1986,29.55735
75,1,14,1987,29.88146
75,1,14,1988,30.15224
75,1,14,1989,30.25256
75,1,14,1990,30.47604
75,1,14,1991,30.5618
75,1,14,1992,30.71566
75,1,14,1993,30.90295
75,1,14,1994,31.16827
75,1,14,1995,31.31193
75,1,14,1996,31.501
75,1,14,1997,31.72422
75,1,14,1998,31.96249
75,1,14,1999,32.30831
75,1,14,2000,32.67158
75,1,14,2001,33.0137
75,1,14,2002,33.13465
75,1,14,2003,33.29706
75,1,14,2004,33.59275
75,1,14,2005,33.87674
75,1,14,2006,34.18882
75,1,14,2007,34.35553
75,1,14,2008,34.57244
75,1,14,2009,34.60633
75,1,14,2010,34.84476
75,1,14,2011,35.0727
75,1,14,2012,35.20022
75,1,14,2013,35.3517
75,1,14,2014,35.58435
75,1,14,2015,35.58173
75,1,14,2016,35.82236
75,1,14,2017,36.01824
75,1,14,2018,36.24786
75,1,14,2019,36.33038
75,2,14,1950,30.01799
75,2,14,1951,30.14235
75,2,14,1952,30.46081
75,2,14,1953,30.68832
75,2,14,1954,30.79659
75,2,14,1955,31.02156
75,2,14,1956,31.075
75,2,14,1957,31.17664
75,2,14,1958,31.48634
75,2,14,1959,31.63853
75,2,14,1960,31.78844
75,2,14,1961,31.99961
75,2,14,1962,31.94537
75,2,14,1963,31.97002
75,2,14,1964,32.11267
75,2,14,1965,32.04878
75,2,14,1966,32.14892
75,2,14,1967,32.11156
75,2,14,1968,32.14432
75,2,14,1969,31.99513
75,2,14,1970,32.10929
75,2,14,1971,32.3053
75,2,14,1972,32.57099
75,2,14,1973,32.82183
75,2,14,1974,32.90952
75,2,14,1975,32.94254
75,2,14,1976,33.09108
75,2,14,1977,33.28039
75,2,14,1978,33.45775
75,2,14,1979,33.65055
75,2,14,1980,33.7679
75,2,14,1981,33.93349
75,2,14,1982,34.08947
75,2,14,1983,34.18375
75,2,14,1984,34.52458
75,2,14,1985,34.68752
75,2,14,1986,34.9473
75,2,14,1987,35.24344
75,2,14,1988,35.50968
75,2,14,1989,35.70654
75,2,14,1990,35.89901
75,2,14,1991,36.02884
75,2,14,1992,36.16256
75,2,14,1993,36.30437
75,2,14,1994,36.54776
75,2,14,1995,36.76007
75,2,14,1996,36.8331
75,2,14,1997,37.13355
75,2,14,1998,37.3064
75,2,14,1999,37.46121
75,2,14,2000,37.72926
75,2,14,2001,37.98556
75,2,14,2002,38.07602
75,2,14,2003,38.12866
75,2,14,2004,38.46215
75,2,14,2005,38.64617
75,2,14,2006,38.91417
75,2,14,2007,39.0376
75,2,14,2008,39.1697
75,2,14,2009,39.25656
75,2,14,2010,39.49091
75,2,14,2011,39.57125
75,2,14,2012,39.63796
75,2,14,2013,39.76226
75,2,14,2014,39.87099
75,2,14,2015,39.98217
75,2,14,2016,40.12038
75,2,14,2017,40.35227
75,2,14,2018,40.39377
75,2,14,2019,40.43511
75,3,14,1950,28.39657
75,3,14,1951,28.4432
75,3,14,1952,28.79287
75,3,14,1953,28.97916
75,3,14,1954,29.02276
75,3,14,1955,29.18138
75,3,14,1956,29.19379
75,3,14,1957,29.22268
75,3,14,1958,29.49821
75,3,14,1959,29.53485
75,3,14,1960,29.62152
75,3,14,1961,29.84792
75,3,14,1962,29.74801
75,3,14,1963,29.77925
75,3,14,1964,29.8958
75,3,14,1965,29.83256
75,3,14,1966,29.9319
75,3,14,1967,29.86516
75,3,14,1968,29.82146
75,3,14,1969,29.70404
75,3,14,1970,29.80093
75,3,14,1971,30.02533
75,3,14,1972,30.25408
75,3,14,1973,30.51286
75,3,14,1974,30.55112
75,3,14,1975,30.56922
75,3,14,1976,30.72081
75,3,14,1977,30.87447
75,3,14,1978,30.97267
75,3,14,1979,31.12351
75,3,14,1980,31.25493
75,3,14,1981,31.41385
75,3,14,1982,31.55795
75,3,14,1983,31.64556
75,3,14,1984,31.94844
75,3,14,1985,32.20354
75,3,14,1986,32.49669
75,3,14,1987,32.80229
75,3,14,1988,33.07246
75,3,14,1989,33.21631
75,3,14,1990,33.41939
75,3,14,1991,33.51693
75,3,14,1992,33.65437
75,3,14,1993,33.81738
75,3,14,1994,34.06599
75,3,14,1995,34.23349
75,3,14,1996,34.35136
75,3,14,1997,34.61149
75,3,14,1998,34.80814
75,3,14,1999,35.04826
75,3,14,2000,35.35644
75,3,14,2001,35.65324
75,3,14,2002,35.75059
75,3,14,2003,35.85222
75,3,14,2004,36.15347
75,3,14,2005,36.37551
75,3,14,2006,36.66951
75,3,14,2007,36.80693
75,3,14,2008,36.97733
75,3,14,2009,37.03743
75,3,14,2010,37.2623
75,3,14,2011,37.41415
75,3,14,2012,37.48997
75,3,14,2013,37.6206
75,3,14,2014,37.80328
75,3,14,2015,37.85127
75,3,14,2016,38.02431
75,3,14,2017,38.23622
75,3,14,2018,38.38594
75,3,14,2019,38.45066
76,1,14,1950,27.10584
76,1,14,1951,27.1306
76,1,14,1952,27.37418
76,1,14,1953,27.39397
76,1,14,1954,27.47838
76,1,14,1955,27.38825
76,1,14,1956,27.39155
76,1,14,1957,27.54978
76,1,14,1958,27.70599
76,1,14,1959,27.79766
76,1,14,1960,27.41994
76,1,14,1961,27.58654
76,1,14,1962,27.44749
76,1,14,1963,27.33837
76,1,14,1964,27.53314
76,1,14,1965,27.42736
76,1,14,1966,27.43392
76,1,14,1967,27.32235
76,1,14,1968,27.15885
76,1,14,1969,27.15962
76,1,14,1970,27.34293
76,1,14,1971,27.4257
76,1,14,1972,27.50332
76,1,14,1973,27.62679
76,1,14,1974,27.7882
76,1,14,1975,27.78969
76,1,14,1976,27.87642
76,1,14,1977,28.14447
76,1,14,1978,28.22028
76,1,14,1979,28.44287
76,1,14,1980,28.50822
76,1,14,1981,28.71939
76,1,14,1982,28.84817
76,1,14,1983,28.96388
76,1,14,1984,29.16106
76,1,14,1985,29.34716
76,1,14,1986,29.66693
76,1,14,1987,30.03821
76,1,14,1988,30.28664
76,1,14,1989,30.46374
76,1,14,1990,30.7476
76,1,14,1991,30.91685
76,1,14,1992,31.04203
76,1,14,1993,31.08933
76,1,14,1994,31.30233
76,1,14,1995,31.41019
76,1,14,1996,31.64165
76,1,14,1997,31.83375
76,1,14,1998,31.98463
76,1,14,1999,32.11345
76,1,14,2000,32.36927
76,1,14,2001,32.61115
76,1,14,2002,32.72913
76,1,14,2003,32.93241
76,1,14,2004,33.28035
76,1,14,2005,33.50988
76,1,14,2006,33.85012
76,1,14,2007,34.02108
76,1,14,2008,34.09407
76,1,14,2009,34.26146
76,1,14,2010,34.44636
76,1,14,2011,34.63403
76,1,14,2012,34.66202
76,1,14,2013,34.88032
76,1,14,2014,35.22665
76,1,14,2015,35.35679
76,1,14,2016,35.57985
76,1,14,2017,35.64645
76,1,14,2018,35.74235
76,1,14,2019,35.76058
76,2,14,1950,30.49037
76,2,14,1951,30.62689
76,2,14,1952,30.9593
76,2,14,1953,31.11464
76,2,14,1954,31.27417
76,2,14,1955,31.32861
76,2,14,1956,31.44526
76,2,14,1957,31.59503
76,2,14,1958,31.89957
76,2,14,1959,32.03891
76,2,14,1960,31.91404
76,2,14,1961,32.13218
76,2,14,1962,32.07284
76,2,14,1963,32.07164
76,2,14,1964,32.32452
76,2,14,1965,32.33839
76,2,14,1966,32.33751
76,2,14,1967,32.3735
76,2,14,1968,32.2719
76,2,14,1969,32.32459
76,2,14,1970,32.47687
76,2,14,1971,32.6462
76,2,14,1972,32.82116
76,2,14,1973,32.96251
76,2,14,1974,33.09056
76,2,14,1975,33.12227
76,2,14,1976,33.33963
76,2,14,1977,33.68253
76,2,14,1978,33.85651
76,2,14,1979,34.11613
76,2,14,1980,34.26383
76,2,14,1981,34.40412
76,2,14,1982,34.489
76,2,14,1983,34.57308
76,2,14,1984,34.88269
76,2,14,1985,35.09865
76,2,14,1986,35.25106
76,2,14,1987,35.67605
76,2,14,1988,35.96262
76,2,14,1989,36.1058
76,2,14,1990,36.36992
76,2,14,1991,36.58083
76,2,14,1992,36.652
76,2,14,1993,36.74984
76,2,14,1994,36.87558
76,2,14,1995,37.0412
76,2,14,1996,37.18465
76,2,14,1997,37.30704
76,2,14,1998,37.33531
76,2,14,1999,37.51617
76,2,14,2000,37.67108
76,2,14,2001,37.84862
76,2,14,2002,37.8562
76,2,14,2003,37.93
76,2,14,2004,38.23272
76,2,14,2005,38.41729
76,2,14,2006,38.66836
76,2,14,2007,38.73076
76,2,14,2008,38.80901
76,2,14,2009,38.85766
76,2,14,2010,39.03238
76,2,14,2011,39.13136
76,2,14,2012,39.20815
76,2,14,2013,39.28149
76,2,14,2014,39.57642
76,2,14,2015,39.50617
76,2,14,2016,39.75543
76,2,14,2017,39.83926
76,2,14,2018,39.86778
76,2,14,2019,39.87904
76,3,14,1950,28.79457
76,3,14,1951,28.87356
76,3,14,1952,29.17631
76,3,14,1953,29.24667
76,3,14,1954,29.36524
76,3,14,1955,29.34558
76,3,14,1956,29.40309
76,3,14,1957,29.56148
76,3,14,1958,29.79622
76,3,14,1959,29.92141
76,3,14,1960,29.6654
76,3,14,1961,29.85707
76,3,14,1962,29.75216
76,3,14,1963,29.70062
76,3,14,1964,29.92977
76,3,14,1965,29.87572
76,3,14,1966,29.87881
76,3,14,1967,29.82879
76,3,14,1968,29.70386
76,3,14,1969,29.74164
76,3,14,1970,29.90663
76,3,14,1971,30.03257
76,3,14,1972,30.15952
76,3,14,1973,30.29688
76,3,14,1974,30.4469
76,3,14,1975,30.46651
76,3,14,1976,30.61825
76,3,14,1977,30.93229
76,3,14,1978,31.0551
76,3,14,1979,31.30018
76,3,14,1980,31.4075
76,3,14,1981,31.59034
76,3,14,1982,31.70514
76,3,14,1983,31.80831
76,3,14,1984,32.06227
76,3,14,1985,32.26273
76,3,14,1986,32.50859
76,3,14,1987,32.92173
76,3,14,1988,33.189
76,3,14,1989,33.35339
76,3,14,1990,33.63405
76,3,14,1991,33.82133
76,3,14,1992,33.9248
76,3,14,1993,33.99138
76,3,14,1994,34.1624
76,3,14,1995,34.30173
76,3,14,1996,34.51169
76,3,14,1997,34.64808
76,3,14,1998,34.72617
76,3,14,1999,34.88103
76,3,14,2000,35.08656
76,3,14,2001,35.29611
76,3,14,2002,35.35678
76,3,14,2003,35.49577
76,3,14,2004,35.82615
76,3,14,2005,36.02552
76,3,14,2006,36.32278
76,3,14,2007,36.44042
76,3,14,2008,36.50531
76,3,14,2009,36.61814
76,3,14,2010,36.79238
76,3,14,2011,36.93187
76,3,14,2012,36.98061
76,3,14,2013,37.1444
76,3,14,2014,37.46309
76,3,14,2015,37.48059
76,3,14,2016,37.71957
76,3,14,2017,37.79992
76,3,14,2018,37.84518
76,3,14,2019,37.8656
77,1,14,1950,27.19003
77,1,14,1951,27.23183
77,1,14,1952,27.30534
77,1,14,1953,27.37939
77,1,14,1954,27.54959
77,1,14,1955,27.55181
77,1,14,1956,27.66883
77,1,14,1957,27.73674
77,1,14,1958,27.8607
77,1,14,1959,27.95074
77,1,14,1960,27.99066
77,1,14,1961,28.0673
77,1,14,1962,28.12623
77,1,14,1963,28.20823
77,1,14,1964,28.25036
77,1,14,1965,28.32811
77,1,14,1966,28.41634
77,1,14,1967,28.50336
77,1,14,1968,28.55374
77,1,14,1969,28.61515
77,1,14,1970,27.20687
77,1,14,1971,26.44808
77,1,14,1972,26.4056
77,1,14,1973,26.38794
77,1,14,1974,23.08349
77,1,14,1975,26.08131
77,1,14,1976,26.65095
77,1,14,1977,27.36157
77,1,14,1978,27.75353
77,1,14,1979,27.93091
77,1,14,1980,27.75575
77,1,14,1981,28.4584
77,1,14,1982,28.52566
77,1,14,1983,28.67664
77,1,14,1984,29.83299
77,1,14,1985,30.25178
77,1,14,1986,30.81533
77,1,14,1987,31.1549
77,1,14,1988,31.57332
77,1,14,1989,31.65569
77,1,14,1990,31.46765
77,1,14,1991,31.14107
77,1,14,1992,31.09104
77,1,14,1993,31.19051
77,1,14,1994,31.45737
77,1,14,1995,31.56247
77,1,14,1996,31.64618
77,1,14,1997,31.71638
77,1,14,1998,31.68852
77,1,14,1999,31.99056
77,1,14,2000,32.11168
77,1,14,2001,32.36585
77,1,14,2002,32.59585
77,1,14,2003,32.93016
77,1,14,2004,33.00116
77,1,14,2005,32.90552
77,1,14,2006,32.97064
77,1,14,2007,33.0567
77,1,14,2008,33.51147
77,1,14,2009,33.70858
77,1,14,2010,34.05005
77,1,14,2011,34.41824
77,1,14,2012,34.68561
77,1,14,2013,34.83306
77,1,14,2014,34.98678
77,1,14,2015,35.12175
77,1,14,2016,35.52997
77,1,14,2017,36.16402
77,1,14,2018,36.25093
77,1,14,2019,36.33519
77,2,14,1950,31.13299
77,2,14,1951,31.18127
77,2,14,1952,31.24532
77,2,14,1953,31.26696
77,2,14,1954,31.31777
77,2,14,1955,31.31646
77,2,14,1956,31.35513
77,2,14,1957,31.4123
77,2,14,1958,31.44612
77,2,14,1959,31.46876
77,2,14,1960,31.54085
77,2,14,1961,31.58053
77,2,14,1962,31.58955
77,2,14,1963,31.62923
77,2,14,1964,31.61514
77,2,14,1965,31.63515
77,2,14,1966,31.67113
77,2,14,1967,31.71058
77,2,14,1968,31.74461
77,2,14,1969,31.76492
77,2,14,1970,31.76777
77,2,14,1971,31.7977
77,2,14,1972,31.77347
77,2,14,1973,31.77004
77,2,14,1974,29.23198
77,2,14,1975,31.62808
77,2,14,1976,31.56378
77,2,14,1977,31.82385
77,2,14,1978,31.92478
77,2,14,1979,31.98059
77,2,14,1980,31.9283
77,2,14,1981,32.0792
77,2,14,1982,32.09623
77,2,14,1983,32.35134
77,2,14,1984,32.51057
77,2,14,1985,32.80808
77,2,14,1986,32.88854
77,2,14,1987,32.81681
77,2,14,1988,33.08363
77,2,14,1989,33.31906
77,2,14,1990,33.5756
77,2,14,1991,33.69162
77,2,14,1992,33.69581
77,2,14,1993,33.72624
77,2,14,1994,33.87526
77,2,14,1995,34.06771
77,2,14,1996,34.41699
77,2,14,1997,34.69444
77,2,14,1998,34.7638
77,2,14,1999,34.94856
77,2,14,2000,35.41425
77,2,14,2001,35.8219
77,2,14,2002,36.04251
77,2,14,2003,36.23261
77,2,14,2004,36.47339
77,2,14,2005,36.65157
77,2,14,2006,36.76765
77,2,14,2007,36.97954
77,2,14,2008,37.25815
77,2,14,2009,37.69405
77,2,14,2010,37.96934
77,2,14,2011,38.13686
77,2,14,2012,38.31461
77,2,14,2013,38.45297
77,2,14,2014,38.45362
77,2,14,2015,38.56689
77,2,14,2016,38.75419
77,2,14,2017,38.82424
77,2,14,2018,38.95274
77,2,14,2019,39.05429
77,3,14,1950,29.06484
77,3,14,1951,29.0936
77,3,14,1952,29.17906
77,3,14,1953,29.17913
77,3,14,1954,29.31067
77,3,14,1955,29.32424
77,3,14,1956,29.44428
77,3,14,1957,29.48564
77,3,14,1958,29.57916
77,3,14,1959,29.64295
77,3,14,1960,29.69545
77,3,14,1961,29.73294
77,3,14,1962,29.82081
77,3,14,1963,29.87272
77,3,14,1964,29.89622
77,3,14,1965,29.94367
77,3,14,1966,29.96281
77,3,14,1967,30.05886
77,3,14,1968,30.12573
77,3,14,1969,30.15682
77,3,14,1970,29.37057
77,3,14,1971,28.87445
77,3,14,1972,28.84368
77,3,14,1973,28.82109
77,3,14,1974,25.84434
77,3,14,1975,28.60631
77,3,14,1976,28.9671
77,3,14,1977,29.51433
77,3,14,1978,29.76853
77,3,14,1979,29.89958
77,3,14,1980,29.7841
77,3,14,1981,30.19111
77,3,14,1982,30.2049
77,3,14,1983,30.41261
77,3,14,1984,31.07276
77,3,14,1985,31.4012
77,3,14,1986,31.64904
77,3,14,1987,31.7178
77,3,14,1988,32.0682
77,3,14,1989,32.33557
77,3,14,1990,32.46169
77,3,14,1991,32.38777
77,3,14,1992,32.36373
77,3,14,1993,32.46746
77,3,14,1994,32.66734
77,3,14,1995,32.79461
77,3,14,1996,32.99998
77,3,14,1997,33.1657
77,3,14,1998,33.18147
77,3,14,1999,33.43212
77,3,14,2000,33.71039
77,3,14,2001,34.03516
77,3,14,2002,34.25719
77,3,14,2003,34.49493
77,3,14,2004,34.66837
77,3,14,2005,34.71082
77,3,14,2006,34.78756
77,3,14,2007,34.96416
77,3,14,2008,35.3515
77,3,14,2009,35.63621
77,3,14,2010,35.94554
77,3,14,2011,36.24212
77,3,14,2012,36.44986
77,3,14,2013,36.58754
77,3,14,2014,36.67205
77,3,14,2015,36.80613
77,3,14,2016,37.09602
77,3,14,2017,37.38504
77,3,14,2018,37.54249
77,3,14,2019,37.65639
78,1,14,1950,29.86685
78,1,14,1951,30.0584
78,1,14,1952,30.02803
78,1,14,1953,30.1304
78,1,14,1954,30.10958
78,1,14,1955,30.18922
78,1,14,1956,30.16483
78,1,14,1957,29.99691
78,1,14,1958,30.07226
78,1,14,1959,30.08504
78,1,14,1960,29.9791
78,1,14,1961,29.89452
78,1,14,1962,29.68389
78,1,14,1963,29.59235
78,1,14,1964,29.46212
78,1,14,1965,29.35147
78,1,14,1966,29.32369
78,1,14,1967,29.43912
78,1,14,1968,29.64649
78,1,14,1969,29.70358
78,1,14,1970,29.68483
78,1,14,1971,29.61456
78,1,14,1972,29.52136
78,1,14,1973,29.51478
78,1,14,1974,29.52003
78,1,14,1975,29.66179
78,1,14,1976,29.55452
78,1,14,1977,29.81491
78,1,14,1978,29.73697
78,1,14,1979,29.56268
78,1,14,1980,29.46942
78,1,14,1981,29.53419
78,1,14,1982,29.67212
78,1,14,1983,29.65908
78,1,14,1984,29.76628
78,1,14,1985,29.79866
78,1,14,1986,29.91606
78,1,14,1987,29.97687
78,1,14,1988,30.12925
78,1,14,1989,30.08524
78,1,14,1990,30.16622
78,1,14,1991,30.36414
78,1,14,1992,30.43205
78,1,14,1993,30.47814
78,1,14,1994,30.4017
78,1,14,1995,30.52602
78,1,14,1996,30.77929
78,1,14,1997,31.16354
78,1,14,1998,31.45715
78,1,14,1999,31.59235
78,1,14,2000,31.97618
78,1,14,2001,32.07761
78,1,14,2002,32.17545
78,1,14,2003,32.36081
78,1,14,2004,32.62481
78,1,14,2005,32.94962
78,1,14,2006,33.07667
78,1,14,2007,33.28489
78,1,14,2008,33.5604
78,1,14,2009,33.73325
78,1,14,2010,34.01104
78,1,14,2011,34.40926
78,1,14,2012,34.69013
78,1,14,2013,34.90254
78,1,14,2014,35.21583
78,1,14,2015,35.459
78,1,14,2016,35.50579
78,1,14,2017,35.59645
78,1,14,2018,35.65661
78,1,14,2019,35.71627
78,2,14,1950,31.07662
78,2,14,1951,31.33697
78,2,14,1952,31.51665
78,2,14,1953,31.59333
78,2,14,1954,31.86011
78,2,14,1955,32.24149
78,2,14,1956,32.32389
78,2,14,1957,32.3076
78,2,14,1958,32.41503
78,2,14,1959,32.45259
78,2,14,1960,32.56475
78,2,14,1961,32.74702
78,2,14,1962,32.80557
78,2,14,1963,32.82009
78,2,14,1964,33.00247
78,2,14,1965,32.90855
78,2,14,1966,32.98768
78,2,14,1967,33.20259
78,2,14,1968,33.47898
78,2,14,1969,33.64764
78,2,14,1970,33.76877
78,2,14,1971,33.84745
78,2,14,1972,33.93809
78,2,14,1973,34.10926
78,2,14,1974,34.25597
78,2,14,1975,34.31728
78,2,14,1976,34.32709
78,2,14,1977,34.7702
78,2,14,1978,34.76795
78,2,14,1979,34.73183
78,2,14,1980,34.60399
78,2,14,1981,34.69254
78,2,14,1982,34.79391
78,2,14,1983,34.75261
78,2,14,1984,34.78061
78,2,14,1985,34.73535
78,2,14,1986,34.82644
78,2,14,1987,34.86016
78,2,14,1988,34.91313
78,2,14,1989,34.90799
78,2,14,1990,34.87378
78,2,14,1991,34.95117
78,2,14,1992,34.8867
78,2,14,1993,34.80018
78,2,14,1994,34.81709
78,2,14,1995,34.80904
78,2,14,1996,35.06503
78,2,14,1997,35.24385
78,2,14,1998,35.57228
78,2,14,1999,35.47502
78,2,14,2000,35.85807
78,2,14,2001,35.91144
78,2,14,2002,36.02368
78,2,14,2003,36.27524
78,2,14,2004,36.56513
78,2,14,2005,36.80507
78,2,14,2006,36.92931
78,2,14,2007,37.04646
78,2,14,2008,37.29665
78,2,14,2009,37.44224
78,2,14,2010,37.66615
78,2,14,2011,38.00337
78,2,14,2012,38.2585
78,2,14,2013,38.5208
78,2,14,2014,38.78553
78,2,14,2015,38.89484
78,2,14,2016,38.96558
78,2,14,2017,39.023
78,2,14,2018,39.09811
78,2,14,2019,39.165
78,3,14,1950,30.4484
78,3,14,1951,30.67483
78,3,14,1952,30.74863
78,3,14,1953,30.83866
78,3,14,1954,30.96884
78,3,14,1955,31.1889
78,3,14,1956,31.21221
78,3,14,1957,31.12139
78,3,14,1958,31.21924
78,3,14,1959,31.24991
78,3,14,1960,31.25272
78,3,14,1961,31.30295
78,3,14,1962,31.21307
78,3,14,1963,31.17668
78,3,14,1964,31.19362
78,3,14,1965,31.09759
78,3,14,1966,31.11699
78,3,14,1967,31.29783
78,3,14,1968,31.53069
78,3,14,1969,31.64892
78,3,14,1970,31.71206
78,3,14,1971,31.71154
78,3,14,1972,31.6969
78,3,14,1973,31.77325
78,3,14,1974,31.84327
78,3,14,1975,31.9595
78,3,14,1976,31.90228
78,3,14,1977,32.26019
78,3,14,1978,32.22066
78,3,14,1979,32.10584
78,3,14,1980,32.02307
78,3,14,1981,32.08737
78,3,14,1982,32.21738
78,3,14,1983,32.19155
78,3,14,1984,32.26658
78,3,14,1985,32.26671
78,3,14,1986,32.37105
78,3,14,1987,32.43513
78,3,14,1988,32.52857
78,3,14,1989,32.50152
78,3,14,1990,32.5335
78,3,14,1991,32.6802
78,3,14,1992,32.68678
78,3,14,1993,32.66524
78,3,14,1994,32.62007
78,3,14,1995,32.67892
78,3,14,1996,32.93927
78,3,14,1997,33.23971
78,3,14,1998,33.55449
78,3,14,1999,33.57266
78,3,14,2000,33.95528
78,3,14,2001,34.03218
78,3,14,2002,34.13484
78,3,14,2003,34.37508
78,3,14,2004,34.62964
78,3,14,2005,34.90612
78,3,14,2006,35.03271
78,3,14,2007,35.19054
78,3,14,2008,35.45116
78,3,14,2009,35.61357
78,3,14,2010,35.8677
78,3,14,2011,36.23355
78,3,14,2012,36.48223
78,3,14,2013,36.71802
78,3,14,2014,37.00781
78,3,14,2015,37.19079
78,3,14,2016,37.25833
78,3,14,2017,37.34221
78,3,14,2018,37.39193
78,3,14,2019,37.46446
79,1,14,1950,24.44103
79,1,14,1951,24.90077
79,1,14,1952,25.30151
79,1,14,1953,25.36091
79,1,14,1954,25.69801
79,1,14,1955,25.56684
79,1,14,1956,25.72232
79,1,14,1957,25.63124
79,1,14,1958,25.94143
79,1,14,1959,26.05717
79,1,14,1960,25.97874
79,1,14,1961,25.88164
79,1,14,1962,25.6158
79,1,14,1963,25.64649
79,1,14,1964,25.67284
79,1,14,1965,25.53454
79,1,14,1966,25.64552
79,1,14,1967,25.62027
79,1,14,1968,25.5156
79,1,14,1969,25.37822
79,1,14,1970,25.74725
79,1,14,1971,25.70887
79,1,14,1972,26.11773
79,1,14,1973,26.38085
79,1,14,1974,26.35426
79,1,14,1975,26.68962
79,1,14,1976,26.70136
79,1,14,1977,26.80005
79,1,14,1978,27.19515
79,1,14,1979,27.49978
79,1,14,1980,27.80316
79,1,14,1981,28.02359
79,1,14,1982,28.37781
79,1,14,1983,28.53002
79,1,14,1984,28.62311
79,1,14,1985,28.56564
79,1,14,1986,28.81633
79,1,14,1987,29.09351
79,1,14,1988,29.12143
79,1,14,1989,29.40829
79,1,14,1990,29.60682
79,1,14,1991,29.92155
79,1,14,1992,30.10619
79,1,14,1993,30.37573
79,1,14,1994,30.83601
79,1,14,1995,30.92313
79,1,14,1996,31.11309
79,1,14,1997,31.3025
79,1,14,1998,31.43501
79,1,14,1999,31.69474
79,1,14,2000,32.05136
79,1,14,2001,32.35541
79,1,14,2002,32.58193
79,1,14,2003,32.76964
79,1,14,2004,33.00132
79,1,14,2005,33.22682
79,1,14,2006,33.46466
79,1,14,2007,33.63626
79,1,14,2008,33.9254
79,1,14,2009,34.10993
79,1,14,2010,34.29242
79,1,14,2011,34.61178
79,1,14,2012,34.90162
79,1,14,2013,35.13077
79,1,14,2014,35.37676
79,1,14,2015,35.62885
79,1,14,2016,35.72002
79,1,14,2017,35.806
79,1,14,2018,35.93828
79,1,14,2019,36.02887
79,2,14,1950,29.52386
79,2,14,1951,29.73373
79,2,14,1952,29.86354
79,2,14,1953,29.99411
79,2,14,1954,30.32874
79,2,14,1955,30.47556
79,2,14,1956,30.62366
79,2,14,1957,30.56815
79,2,14,1958,30.8634
79,2,14,1959,31.03109
79,2,14,1960,31.04009
79,2,14,1961,30.94881
79,2,14,1962,30.90206
79,2,14,1963,31.05725
79,2,14,1964,31.16322
79,2,14,1965,31.26082
79,2,14,1966,31.3857
79,2,14,1967,31.5862
79,2,14,1968,31.79626
79,2,14,1969,31.96163
79,2,14,1970,32.52153
79,2,14,1971,32.87451
79,2,14,1972,33.05662
79,2,14,1973,33.36437
79,2,14,1974,33.47939
79,2,14,1975,33.82509
79,2,14,1976,34.0472
79,2,14,1977,34.41941
79,2,14,1978,34.70089
79,2,14,1979,34.84188
79,2,14,1980,35.11454
79,2,14,1981,35.32746
79,2,14,1982,35.63213
79,2,14,1983,35.60397
79,2,14,1984,35.82696
79,2,14,1985,35.70933
79,2,14,1986,35.75108
79,2,14,1987,35.80776
79,2,14,1988,35.85533
79,2,14,1989,35.99768
79,2,14,1990,36.13022
79,2,14,1991,36.37415
79,2,14,1992,36.41648
79,2,14,1993,36.53068
79,2,14,1994,36.94358
79,2,14,1995,37.08109
79,2,14,1996,37.28393
79,2,14,1997,37.34298
79,2,14,1998,37.58598
79,2,14,1999,37.77339
79,2,14,2000,37.88319
79,2,14,2001,38.1358
79,2,14,2002,38.21712
79,2,14,2003,38.44263
79,2,14,2004,38.65076
79,2,14,2005,38.93688
79,2,14,2006,39.24821
79,2,14,2007,39.39877
79,2,14,2008,39.53299
79,2,14,2009,39.65503
79,2,14,2010,39.78128
79,2,14,2011,39.96796
79,2,14,2012,40.0156
79,2,14,2013,40.13141
79,2,14,2014,40.28581
79,2,14,2015,40.43826
79,2,14,2016,40.58244
79,2,14,2017,40.64617
79,2,14,2018,40.69548
79,2,14,2019,40.75165
79,3,14,1950,27.10946
79,3,14,1951,27.45754
79,3,14,1952,27.72584
79,3,14,1953,27.81375
79,3,14,1954,28.15809
79,3,14,1955,28.16863
79,3,14,1956,28.31936
79,3,14,1957,28.24361
79,3,14,1958,28.54539
79,3,14,1959,28.68785
79,3,14,1960,28.64332
79,3,14,1961,28.55032
79,3,14,1962,28.3902
79,3,14,1963,28.47823
79,3,14,1964,28.55263
79,3,14,1965,28.52971
79,3,14,1966,28.6538
79,3,14,1967,28.74636
79,3,14,1968,28.79891
79,3,14,1969,28.80215
79,3,14,1970,29.28765
79,3,14,1971,29.42833
79,3,14,1972,29.73598
79,3,14,1973,30.0216
79,3,14,1974,30.05724
79,3,14,1975,30.41586
79,3,14,1976,30.52369
79,3,14,1977,30.75335
79,3,14,1978,31.11423
79,3,14,1979,31.34299
79,3,14,1980,31.63715
79,3,14,1981,31.85611
79,3,14,1982,32.19337
79,3,14,1983,32.2524
79,3,14,1984,32.40817
79,3,14,1985,32.30969
79,3,14,1986,32.46309
79,3,14,1987,32.62737
79,3,14,1988,32.65817
79,3,14,1989,32.89651
79,3,14,1990,33.05455
79,3,14,1991,33.30904
79,3,14,1992,33.41726
79,3,14,1993,33.60287
79,3,14,1994,34.0355
79,3,14,1995,34.13674
79,3,14,1996,34.33208
79,3,14,1997,34.44683
79,3,14,1998,34.62661
79,3,14,1999,34.84827
79,3,14,2000,35.07562
79,3,14,2001,35.35862
79,3,14,2002,35.50003
79,3,14,2003,35.68608
79,3,14,2004,35.90839
79,3,14,2005,36.14545
79,3,14,2006,36.41698
79,3,14,2007,36.55675
79,3,14,2008,36.77394
79,3,14,2009,36.92779
79,3,14,2010,37.09744
79,3,14,2011,37.35043
79,3,14,2012,37.50115
79,3,14,2013,37.67119
79,3,14,2014,37.89482
79,3,14,2015,38.06862
79,3,14,2016,38.18107
79,3,14,2017,38.27531
79,3,14,2018,38.34691
79,3,14,2019,38.42854
80,1,14,1950,27.03285
80,1,14,1951,26.66254
80,1,14,1952,27.14349
80,1,14,1953,26.99157
80,1,14,1954,27.2679
80,1,14,1955,27.26238
80,1,14,1956,27.06359
80,1,14,1957,27.23938
80,1,14,1958,27.88122
80,1,14,1959,27.8245
80,1,14,1960,27.77749
80,1,14,1961,27.85548
80,1,14,1962,27.56973
80,1,14,1963,27.418
80,1,14,1964,27.76356
80,1,14,1965,27.64854
80,1,14,1966,27.79984
80,1,14,1967,27.7735
80,1,14,1968,27.74762
80,1,14,1969,27.65792
80,1,14,1970,28.12352
80,1,14,1971,28.16363
80,1,14,1972,28.25225
80,1,14,1973,28.45258
80,1,14,1974,28.46782
80,1,14,1975,28.36922
80,1,14,1976,28.42931
80,1,14,1977,28.75322
80,1,14,1978,28.94192
80,1,14,1979,29.07627
80,1,14,1980,29.25078
80,1,14,1981,29.40133
80,1,14,1982,29.58011
80,1,14,1983,29.701
80,1,14,1984,29.88847
80,1,14,1985,29.99286
80,1,14,1986,30.21963
80,1,14,1987,30.64379
80,1,14,1988,30.95157
80,1,14,1989,31.12914
80,1,14,1990,31.36269
80,1,14,1991,31.52728
80,1,14,1992,31.71639
80,1,14,1993,31.86084
80,1,14,1994,32.04007
80,1,14,1995,32.11595
80,1,14,1996,32.23563
80,1,14,1997,32.52387
80,1,14,1998,32.5608
80,1,14,1999,32.72407
80,1,14,2000,32.96459
80,1,14,2001,33.12823
80,1,14,2002,33.27655
80,1,14,2003,33.4409
80,1,14,2004,33.96596
80,1,14,2005,34.1202
80,1,14,2006,34.39849
80,1,14,2007,34.63457
80,1,14,2008,34.82296
80,1,14,2009,34.9731
80,1,14,2010,35.16735
80,1,14,2011,35.39074
80,1,14,2012,35.57158
80,1,14,2013,35.83185
80,1,14,2014,36.17078
80,1,14,2015,36.13192
80,1,14,2016,36.44494
80,1,14,2017,36.49885
80,1,14,2018,36.69406
80,1,14,2019,36.68912
80,2,14,1950,31.04953
80,2,14,1951,30.69834
80,2,14,1952,31.28482
80,2,14,1953,31.30159
80,2,14,1954,31.71857
80,2,14,1955,31.86415
80,2,14,1956,31.87079
80,2,14,1957,32.17848
80,2,14,1958,32.68416
80,2,14,1959,32.78647
80,2,14,1960,32.90005
80,2,14,1961,33.15887
80,2,14,1962,32.98838
80,2,14,1963,32.99879
80,2,14,1964,33.38357
80,2,14,1965,33.45489
80,2,14,1966,33.64759
80,2,14,1967,33.72749
80,2,14,1968,33.73261
80,2,14,1969,33.71616
80,2,14,1970,34.056
80,2,14,1971,34.22132
80,2,14,1972,34.39853
80,2,14,1973,34.61067
80,2,14,1974,34.74611
80,2,14,1975,34.82826
80,2,14,1976,35.07494
80,2,14,1977,35.46362
80,2,14,1978,35.66258
80,2,14,1979,35.85923
80,2,14,1980,36.00136
80,2,14,1981,36.14665
80,2,14,1982,36.33597
80,2,14,1983,36.44746
80,2,14,1984,36.71506
80,2,14,1985,36.86887
80,2,14,1986,37.10474
80,2,14,1987,37.47808
80,2,14,1988,37.72844
80,2,14,1989,37.91034
80,2,14,1990,38.11323
80,2,14,1991,38.29326
80,2,14,1992,38.47932
80,2,14,1993,38.57452
80,2,14,1994,38.77642
80,2,14,1995,38.81531
80,2,14,1996,38.86662
80,2,14,1997,39.01776
80,2,14,1998,39.00513
80,2,14,1999,39.09848
80,2,14,2000,39.29347
80,2,14,2001,39.41164
80,2,14,2002,39.46299
80,2,14,2003,39.55717
80,2,14,2004,40.01577
80,2,14,2005,40.21649
80,2,14,2006,40.40426
80,2,14,2007,40.5914
80,2,14,2008,40.64516
80,2,14,2009,40.75743
80,2,14,2010,40.92335
80,2,14,2011,41.0647
80,2,14,2012,41.13509
80,2,14,2013,41.31535
80,2,14,2014,41.52517
80,2,14,2015,41.52467
80,2,14,2016,41.7525
80,2,14,2017,41.83001
80,2,14,2018,41.84528
80,2,14,2019,41.80864
80,3,14,1950,29.13815
80,3,14,1951,28.77364
80,3,14,1952,29.31352
80,3,14,1953,29.24097
80,3,14,1954,29.59744
80,3,14,1955,29.66038
80,3,14,1956,29.55906
80,3,14,1957,29.80657
80,3,14,1958,30.39968
80,3,14,1959,30.41902
80,3,14,1960,30.45131
80,3,14,1961,30.61935
80,3,14,1962,30.3827
80,3,14,1963,30.30608
80,3,14,1964,30.68353
80,3,14,1965,30.64971
80,3,14,1966,30.82081
80,3,14,1967,30.83782
80,3,14,1968,30.81711
80,3,14,1969,30.75931
80,3,14,1970,31.17603
80,3,14,1971,31.27036
80,3,14,1972,31.3994
80,3,14,1973,31.60199
80,3,14,1974,31.66688
80,3,14,1975,31.64517
80,3,14,1976,31.79014
80,3,14,1977,32.15345
80,3,14,1978,32.34708
80,3,14,1979,32.51481
80,3,14,1980,32.67174
80,3,14,1981,32.82225
80,3,14,1982,33.00794
80,3,14,1983,33.12258
80,3,14,1984,33.35087
80,3,14,1985,33.47484
80,3,14,1986,33.7118
80,3,14,1987,34.12433
80,3,14,1988,34.40993
80,3,14,1989,34.59192
80,3,14,1990,34.80969
80,3,14,1991,34.97726
80,3,14,1992,35.16571
80,3,14,1993,35.28518
80,3,14,1994,35.47624
80,3,14,1995,35.5241
80,3,14,1996,35.61123
80,3,14,1997,35.83774
80,3,14,1998,35.84765
80,3,14,1999,35.97526
80,3,14,2000,36.19615
80,3,14,2001,36.33659
80,3,14,2002,36.44087
80,3,14,2003,36.56913
80,3,14,2004,37.07862
80,3,14,2005,37.25322
80,3,14,2006,37.49146
80,3,14,2007,37.70212
80,3,14,2008,37.82617
80,3,14,2009,37.95046
80,3,14,2010,38.13038
80,3,14,2011,38.31118
80,3,14,2012,38.43551
80,3,14,2013,38.65896
80,3,14,2014,38.9355
80,3,14,2015,38.90281
80,3,14,2016,39.18858
80,3,14,2017,39.25702
80,3,14,2018,39.34939
80,3,14,2019,39.33338
81,1,14,1950,26.66339
81,1,14,1951,26.81962
81,1,14,1952,27.03786
81,1,14,1953,27.20677
81,1,14,1954,27.35031
81,1,14,1955,27.57768
81,1,14,1956,27.66557
81,1,14,1957,27.44864
81,1,14,1958,27.69518
81,1,14,1959,27.58466
81,1,14,1960,27.41219
81,1,14,1961,27.51315
81,1,14,1962,27.42664
81,1,14,1963,27.37761
81,1,14,1964,27.48184
81,1,14,1965,27.41623
81,1,14,1966,27.39024
81,1,14,1967,27.33737
81,1,14,1968,27.06475
81,1,14,1969,26.93888
81,1,14,1970,27.15949
81,1,14,1971,27.36928
81,1,14,1972,27.40267
81,1,14,1973,27.53907
81,1,14,1974,27.66318
81,1,14,1975,27.60951
81,1,14,1976,27.83861
81,1,14,1977,28.09149
81,1,14,1978,28.09755
81,1,14,1979,28.2521
81,1,14,1980,28.41078
81,1,14,1981,28.58444
81,1,14,1982,28.75552
81,1,14,1983,28.92369
81,1,14,1984,29.22716
81,1,14,1985,29.36265
81,1,14,1986,29.55731
81,1,14,1987,29.70955
81,1,14,1988,29.81282
81,1,14,1989,29.97733
81,1,14,1990,29.97682
81,1,14,1991,30.15743
81,1,14,1992,30.41194
81,1,14,1993,30.53742
81,1,14,1994,30.76505
81,1,14,1995,30.99311
81,1,14,1996,31.22068
81,1,14,1997,31.5534
81,1,14,1998,31.87031
81,1,14,1999,32.15922
81,1,14,2000,32.43305
81,1,14,2001,32.72264
81,1,14,2002,32.8423
81,1,14,2003,32.98664
81,1,14,2004,33.4227
81,1,14,2005,33.70717
81,1,14,2006,33.95776
81,1,14,2007,34.12863
81,1,14,2008,34.25542
81,1,14,2009,34.38293
81,1,14,2010,34.54426
81,1,14,2011,34.70534
81,1,14,2012,34.77607
81,1,14,2013,34.79805
81,1,14,2014,35.01702
81,1,14,2015,34.91897
81,1,14,2016,35.07003
81,1,14,2017,35.25929
81,1,14,2018,35.37166
81,1,14,2019,35.46093
81,2,14,1950,30.86333
81,2,14,1951,30.99202
81,2,14,1952,31.11887
81,2,14,1953,31.2395
81,2,14,1954,31.35927
81,2,14,1955,31.46322
81,2,14,1956,31.5486
81,2,14,1957,31.51801
81,2,14,1958,31.71257
81,2,14,1959,31.62652
81,2,14,1960,31.56542
81,2,14,1961,31.75688
81,2,14,1962,31.86983
81,2,14,1963,31.96224
81,2,14,1964,32.1919
81,2,14,1965,32.1727
81,2,14,1966,32.21049
81,2,14,1967,32.14766
81,2,14,1968,31.74164
81,2,14,1969,31.62525
81,2,14,1970,31.8342
81,2,14,1971,32.06064
81,2,14,1972,32.26678
81,2,14,1973,32.44296
81,2,14,1974,32.5822
81,2,14,1975,32.67022
81,2,14,1976,32.92614
81,2,14,1977,33.23974
81,2,14,1978,33.34795
81,2,14,1979,33.51388
81,2,14,1980,33.69795
81,2,14,1981,33.83058
81,2,14,1982,34.02516
81,2,14,1983,34.2614
81,2,14,1984,34.53667
81,2,14,1985,34.67077
81,2,14,1986,34.81479
81,2,14,1987,35.04881
81,2,14,1988,35.16561
81,2,14,1989,35.31827
81,2,14,1990,35.44706
81,2,14,1991,35.6536
81,2,14,1992,35.91072
81,2,14,1993,36.01906
81,2,14,1994,36.25322
81,2,14,1995,36.45639
81,2,14,1996,36.62884
81,2,14,1997,36.84941
81,2,14,1998,37.04829
81,2,14,1999,37.27093
81,2,14,2000,37.52906
81,2,14,2001,37.6939
81,2,14,2002,37.71207
81,2,14,2003,37.80624
81,2,14,2004,38.12592
81,2,14,2005,38.33453
81,2,14,2006,38.5116
81,2,14,2007,38.60226
81,2,14,2008,38.63876
81,2,14,2009,38.7683
81,2,14,2010,38.97749
81,2,14,2011,39.09445
81,2,14,2012,39.14796
81,2,14,2013,39.10817
81,2,14,2014,39.28249
81,2,14,2015,39.18538
81,2,14,2016,39.20931
81,2,14,2017,39.35529
81,2,14,2018,39.42819
81,2,14,2019,39.47412
81,3,14,1950,28.83068
81,3,14,1951,28.98956
81,3,14,1952,29.17848
81,3,14,1953,29.34011
81,3,14,1954,29.47478
81,3,14,1955,29.66291
81,3,14,1956,29.74791
81,3,14,1957,29.62051
81,3,14,1958,29.84147
81,3,14,1959,29.76318
81,3,14,1960,29.65538
81,3,14,1961,29.80791
81,3,14,1962,29.82076
81,3,14,1963,29.84518
81,3,14,1964,30.01869
81,3,14,1965,29.98268
81,3,14,1966,29.99398
81,3,14,1967,29.94954
81,3,14,1968,29.62267
81,3,14,1969,29.51174
81,3,14,1970,29.73603
81,3,14,1971,29.95979
81,3,14,1972,30.08126
81,3,14,1973,30.24486
81,3,14,1974,30.38728
81,3,14,1975,30.4084
81,3,14,1976,30.66216
81,3,14,1977,30.95528
81,3,14,1978,31.01505
81,3,14,1979,31.17606
81,3,14,1980,31.34818
81,3,14,1981,31.49927
81,3,14,1982,31.68465
81,3,14,1983,31.88665
81,3,14,1984,32.17579
81,3,14,1985,32.30341
81,3,14,1986,32.46217
81,3,14,1987,32.64772
81,3,14,1988,32.74814
81,3,14,1989,32.90024
81,3,14,1990,32.95009
81,3,14,1991,33.13542
81,3,14,1992,33.386
81,3,14,1993,33.49461
81,3,14,1994,33.71583
81,3,14,1995,33.92441
81,3,14,1996,34.1139
81,3,14,1997,34.38459
81,3,14,1998,34.63096
81,3,14,1999,34.87842
81,3,14,2000,35.12839
81,3,14,2001,35.34153
81,3,14,2002,35.39221
81,3,14,2003,35.49519
81,3,14,2004,35.86638
81,3,14,2005,36.10046
81,3,14,2006,36.3006
81,3,14,2007,36.42238
81,3,14,2008,36.49322
81,3,14,2009,36.6125
81,3,14,2010,36.79903
81,3,14,2011,36.94847
81,3,14,2012,37.01142
81,3,14,2013,37.00046
81,3,14,2014,37.18917
81,3,14,2015,37.07846
81,3,14,2016,37.16885
81,3,14,2017,37.34418
81,3,14,2018,37.43148
81,3,14,2019,37.49543
82,1,14,1950,30.96492
82,1,14,1951,31.02546
82,1,14,1952,31.54016
82,1,14,1953,31.13956
82,1,14,1954,31.69311
82,1,14,1955,31.52587
82,1,14,1956,31.11252
82,1,14,1957,30.98521
82,1,14,1958,31.38605
82,1,14,1959,31.35353
82,1,14,1960,31.39221
82,1,14,1961,31.13459
82,1,14,1962,30.94867
82,1,14,1963,30.94937
82,1,14,1964,30.88463
82,1,14,1965,31.17468
82,1,14,1966,31.26054
82,1,14,1967,31.15606
82,1,14,1968,31.147
82,1,14,1969,31.2504
82,1,14,1970,31.20984
82,1,14,1971,31.35761
82,1,14,1972,31.26607
82,1,14,1973,31.36226
82,1,14,1974,31.52512
82,1,14,1975,31.42016
82,1,14,1976,31.33711
82,1,14,1977,31.33073
82,1,14,1978,31.46996
82,1,14,1979,31.40169
82,1,14,1980,31.33111
82,1,14,1981,31.41266
82,1,14,1982,31.45331
82,1,14,1983,31.42512
82,1,14,1984,31.54848
82,1,14,1985,31.56347
82,1,14,1986,31.82952
82,1,14,1987,31.94295
82,1,14,1988,32.31219
82,1,14,1989,32.51569
82,1,14,1990,32.66724
82,1,14,1991,32.6806
82,1,14,1992,32.68782
82,1,14,1993,32.83149
82,1,14,1994,32.92068
82,1,14,1995,32.97092
82,1,14,1996,33.05842
82,1,14,1997,33.21579
82,1,14,1998,33.2584
82,1,14,1999,33.26273
82,1,14,2000,33.35186
82,1,14,2001,33.52492
82,1,14,2002,33.74048
82,1,14,2003,33.85334
82,1,14,2004,34.00324
82,1,14,2005,34.17822
82,1,14,2006,34.4181
82,1,14,2007,34.34525
82,1,14,2008,34.6638
82,1,14,2009,34.77757
82,1,14,2010,35.02345
82,1,14,2011,34.97625
82,1,14,2012,34.9611
82,1,14,2013,35.22496
82,1,14,2014,35.36131
82,1,14,2015,35.33593
82,1,14,2016,35.43723
82,1,14,2017,35.49254
82,1,14,2018,35.49797
82,1,14,2019,35.48078
82,2,14,1950,33.41662
82,2,14,1951,33.44564
82,2,14,1952,33.82882
82,2,14,1953,33.63669
82,2,14,1954,34.14998
82,2,14,1955,34.02862
82,2,14,1956,33.80734
82,2,14,1957,33.65885
82,2,14,1958,34.05929
82,2,14,1959,34.0564
82,2,14,1960,34.18278
82,2,14,1961,34.02132
82,2,14,1962,33.87716
82,2,14,1963,33.93663
82,2,14,1964,33.96371
82,2,14,1965,34.25916
82,2,14,1966,34.40672
82,2,14,1967,34.23098
82,2,14,1968,34.28195
82,2,14,1969,34.45526
82,2,14,1970,34.56655
82,2,14,1971,34.62105
82,2,14,1972,34.60787
82,2,14,1973,34.71264
82,2,14,1974,34.85296
82,2,14,1975,34.85727
82,2,14,1976,34.82625
82,2,14,1977,34.91171
82,2,14,1978,35.12284
82,2,14,1979,35.19966
82,2,14,1980,35.22168
82,2,14,1981,35.16547
82,2,14,1982,35.24107
82,2,14,1983,35.19349
82,2,14,1984,35.31594
82,2,14,1985,35.39045
82,2,14,1986,35.57012
82,2,14,1987,35.61468
82,2,14,1988,35.99521
82,2,14,1989,36.20655
82,2,14,1990,36.34381
82,2,14,1991,36.45144
82,2,14,1992,36.47024
82,2,14,1993,36.63886
82,2,14,1994,36.73856
82,2,14,1995,36.82587
82,2,14,1996,36.92323
82,2,14,1997,37.057
82,2,14,1998,37.06377
82,2,14,1999,37.10646
82,2,14,2000,37.2667
82,2,14,2001,37.43232
82,2,14,2002,37.52812
82,2,14,2003,37.6573
82,2,14,2004,37.8696
82,2,14,2005,38.10434
82,2,14,2006,38.26704
82,2,14,2007,38.24906
82,2,14,2008,38.4609
82,2,14,2009,38.75753
82,2,14,2010,38.98616
82,2,14,2011,39.09052
82,2,14,2012,39.11219
82,2,14,2013,39.36366
82,2,14,2014,39.56906
82,2,14,2015,39.61932
82,2,14,2016,39.67103
82,2,14,2017,39.74472
82,2,14,2018,39.48565
82,2,14,2019,39.43268
82,3,14,1950,32.25218
82,3,14,1951,32.28051
82,3,14,1952,32.71936
82,3,14,1953,32.43096
82,3,14,1954,32.9638
82,3,14,1955,32.81404
82,3,14,1956,32.49238
82,3,14,1957,32.35627
82,3,14,1958,32.76093
82,3,14,1959,32.73916
82,3,14,1960,32.82106
82,3,14,1961,32.61443
82,3,14,1962,32.44092
82,3,14,1963,32.47616
82,3,14,1964,32.45064
82,3,14,1965,32.74259
82,3,14,1966,32.86063
82,3,14,1967,32.71602
82,3,14,1968,32.73776
82,3,14,1969,32.87342
82,3,14,1970,32.90408
82,3,14,1971,33.00481
82,3,14,1972,32.95031
82,3,14,1973,33.04965
82,3,14,1974,33.204
82,3,14,1975,33.15007
82,3,14,1976,33.09393
82,3,14,1977,33.12867
82,3,14,1978,33.29823
82,3,14,1979,33.29687
82,3,14,1980,33.27437
82,3,14,1981,33.29394
82,3,14,1982,33.34843
82,3,14,1983,33.31212
82,3,14,1984,33.43861
82,3,14,1985,33.47639
82,3,14,1986,33.70017
82,3,14,1987,33.78001
82,3,14,1988,34.15408
82,3,14,1989,34.35468
82,3,14,1990,34.5094
82,3,14,1991,34.55968
82,3,14,1992,34.56938
82,3,14,1993,34.72602
82,3,14,1994,34.81681
82,3,14,1995,34.88703
82,3,14,1996,34.98175
82,3,14,1997,35.12497
82,3,14,1998,35.15458
82,3,14,1999,35.1747
82,3,14,2000,35.29781
82,3,14,2001,35.46992
82,3,14,2002,35.62625
82,3,14,2003,35.74475
82,3,14,2004,35.92988
82,3,14,2005,36.13015
82,3,14,2006,36.33485
82,3,14,2007,36.28498
82,3,14,2008,36.5573
82,3,14,2009,36.76152
82,3,14,2010,36.99516
82,3,14,2011,37.02024
82,3,14,2012,37.02618
82,3,14,2013,37.30775
82,3,14,2014,37.48377
82,3,14,2015,37.47745
82,3,14,2016,37.56332
82,3,14,2017,37.64067
82,3,14,2018,37.50656
82,3,14,2019,37.47285
83,1,14,1950,31.1364
83,1,14,1951,31.21578
83,1,14,1952,31.32684
83,1,14,1953,31.12734
83,1,14,1954,31.24144
83,1,14,1955,31.18407
83,1,14,1956,30.98874
83,1,14,1957,31.03083
83,1,14,1958,31.15937
83,1,14,1959,31.28052
83,1,14,1960,31.34
83,1,14,1961,31.30281
83,1,14,1962,31.40976
83,1,14,1963,31.25083
83,1,14,1964,31.09804
83,1,14,1965,31.02623
83,1,14,1966,30.87857
83,1,14,1967,30.84367
83,1,14,1968,30.83735
83,1,14,1969,30.92378
83,1,14,1970,30.95016
83,1,14,1971,31.1387
83,1,14,1972,31.25472
83,1,14,1973,31.32874
83,1,14,1974,31.49345
83,1,14,1975,31.82419
83,1,14,1976,31.94229
83,1,14,1977,32.10453
83,1,14,1978,32.25309
83,1,14,1979,32.22224
83,1,14,1980,32.11303
83,1,14,1981,31.97727
83,1,14,1982,32.23355
83,1,14,1983,32.40069
83,1,14,1984,32.60683
83,1,14,1985,32.39532
83,1,14,1986,32.41356
83,1,14,1987,32.89809
83,1,14,1988,32.85545
83,1,14,1989,33.22454
83,1,14,1990,33.50736
83,1,14,1991,33.6301
83,1,14,1992,33.81375
83,1,14,1993,34.03801
83,1,14,1994,34.12908
83,1,14,1995,33.70228
83,1,14,1996,34.14151
83,1,14,1997,34.40673
83,1,14,1998,34.64482
83,1,14,1999,35.09801
83,1,14,2000,35.65287
83,1,14,2001,35.733
83,1,14,2002,35.77837
83,1,14,2003,36.13088
83,1,14,2004,36.39754
83,1,14,2005,36.42511
83,1,14,2006,36.32992
83,1,14,2007,36.35392
83,1,14,2008,36.53951
83,1,14,2009,36.60165
83,1,14,2010,36.79092
83,1,14,2011,36.90633
83,1,14,2012,36.93572
83,1,14,2013,37.2346
83,1,14,2014,38.04312
83,1,14,2015,38.05781
83,1,14,2016,38.14178
83,1,14,2017,38.14225
83,1,14,2018,38.28579
83,1,14,2019,38.4172
83,2,14,1950,33.63238
83,2,14,1951,33.68985
83,2,14,1952,33.49274
83,2,14,1953,33.33143
83,2,14,1954,33.49848
83,2,14,1955,33.63629
83,2,14,1956,33.64226
83,2,14,1957,33.61474
83,2,14,1958,33.73228
83,2,14,1959,33.80217
83,2,14,1960,33.93326
83,2,14,1961,34.05668
83,2,14,1962,34.26921
83,2,14,1963,34.53171
83,2,14,1964,34.59669
83,2,14,1965,34.61651
83,2,14,1966,34.67106
83,2,14,1967,34.70835
83,2,14,1968,34.71413
83,2,14,1969,34.51944
83,2,14,1970,34.35528
83,2,14,1971,34.48681
83,2,14,1972,35.24896
83,2,14,1973,35.60503
83,2,14,1974,36.01613
83,2,14,1975,36.37517
83,2,14,1976,36.55624
83,2,14,1977,36.53993
83,2,14,1978,36.54373
83,2,14,1979,36.32339
83,2,14,1980,36.55247
83,2,14,1981,36.78594
83,2,14,1982,36.98332
83,2,14,1983,37.11707
83,2,14,1984,37.25569
83,2,14,1985,37.41691
83,2,14,1986,37.41068
83,2,14,1987,37.39269
83,2,14,1988,37.37896
83,2,14,1989,37.37529
83,2,14,1990,37.36516
83,2,14,1991,37.39092
83,2,14,1992,37.45304
83,2,14,1993,37.47544
83,2,14,1994,37.56674
83,2,14,1995,37.28696
83,2,14,1996,37.81983
83,2,14,1997,37.99242
83,2,14,1998,38.25436
83,2,14,1999,38.57486
83,2,14,2000,38.85192
83,2,14,2001,39.17221
83,2,14,2002,39.47383
83,2,14,2003,39.77156
83,2,14,2004,40.06426
83,2,14,2005,40.35837
83,2,14,2006,40.65363
83,2,14,2007,41.07446
83,2,14,2008,41.42898
83,2,14,2009,41.66201
83,2,14,2010,41.86855
83,2,14,2011,42.07986
83,2,14,2012,42.30019
83,2,14,2013,42.43218
83,2,14,2014,42.52408
83,2,14,2015,42.6869
83,2,14,2016,42.90159
83,2,14,2017,43.13023
83,2,14,2018,43.17631
83,2,14,2019,43.26595
83,3,14,1950,32.43206
83,3,14,1951,32.47295
83,3,14,1952,32.41321
83,3,14,1953,32.21487
83,3,14,1954,32.3303
83,3,14,1955,32.3762
83,3,14,1956,32.25996
83,3,14,1957,32.2332
83,3,14,1958,32.33944
83,3,14,1959,32.43645
83,3,14,1960,32.52123
83,3,14,1961,32.55276
83,3,14,1962,32.72871
83,3,14,1963,32.76862
83,3,14,1964,32.73376
83,3,14,1965,32.72357
83,3,14,1966,32.69187
83,3,14,1967,32.67091
83,3,14,1968,32.67437
83,3,14,1969,32.6183
83,3,14,1970,32.55262
83,3,14,1971,32.70396
83,3,14,1972,33.12672
83,3,14,1973,33.31842
83,3,14,1974,33.61089
83,3,14,1975,33.97043
83,3,14,1976,34.14996
83,3,14,1977,34.27072
83,3,14,1978,34.3418
83,3,14,1979,34.20172
83,3,14,1980,34.20512
83,3,14,1981,34.2131
83,3,14,1982,34.45396
83,3,14,1983,34.63146
83,3,14,1984,34.78626
83,3,14,1985,34.75705
83,3,14,1986,34.76955
83,3,14,1987,35.06889
83,3,14,1988,35.01869
83,3,14,1989,35.20175
83,3,14,1990,35.33826
83,3,14,1991,35.42154
83,3,14,1992,35.5271
83,3,14,1993,35.69982
83,3,14,1994,35.78418
83,3,14,1995,35.42686
83,3,14,1996,35.90755
83,3,14,1997,36.13122
83,3,14,1998,36.40013
83,3,14,1999,36.79841
83,3,14,2000,37.18932
83,3,14,2001,37.38428
83,3,14,2002,37.5262
83,3,14,2003,37.83026
83,3,14,2004,38.08067
83,3,14,2005,38.23925
83,3,14,2006,38.35479
83,3,14,2007,38.55967
83,3,14,2008,38.84815
83,3,14,2009,39.05742
83,3,14,2010,39.25322
83,3,14,2011,39.42365
83,3,14,2012,39.49299
83,3,14,2013,39.75275
83,3,14,2014,40.2728
83,3,14,2015,40.36732
83,3,14,2016,40.47011
83,3,14,2017,40.54058
83,3,14,2018,40.68685
83,3,14,2019,40.80421
84,1,14,1950,27.46756
84,1,14,1951,27.06949
84,1,14,1952,27.90448
84,1,14,1953,28.18029
84,1,14,1954,27.93801
84,1,14,1955,27.90934
84,1,14,1956,28.2167
84,1,14,1957,28.26383
84,1,14,1958,28.27852
84,1,14,1959,28.23851
84,1,14,1960,28.41142
84,1,14,1961,28.15976
84,1,14,1962,28.12001
84,1,14,1963,28.18111
84,1,14,1964,28.20616
84,1,14,1965,28.1221
84,1,14,1966,27.91021
84,1,14,1967,28.23448
84,1,14,1968,28.09445
84,1,14,1969,27.91994
84,1,14,1970,27.8617
84,1,14,1971,28.09092
84,1,14,1972,27.92747
84,1,14,1973,27.86396
84,1,14,1974,27.87225
84,1,14,1975,28.04799
84,1,14,1976,28.12351
84,1,14,1977,28.22881
84,1,14,1978,28.10543
84,1,14,1979,28.0938
84,1,14,1980,28.20936
84,1,14,1981,28.42623
84,1,14,1982,28.60352
84,1,14,1983,28.54883
84,1,14,1984,28.75982
84,1,14,1985,28.73492
84,1,14,1986,28.88326
84,1,14,1987,29.12803
84,1,14,1988,29.41917
84,1,14,1989,29.57954
84,1,14,1990,29.86399
84,1,14,1991,30.04693
84,1,14,1992,30.23915
84,1,14,1993,30.24003
84,1,14,1994,30.51321
84,1,14,1995,30.53017
84,1,14,1996,30.80571
84,1,14,1997,31.02948
84,1,14,1998,31.15469
84,1,14,1999,31.29201
84,1,14,2000,31.66601
84,1,14,2001,32.19947
84,1,14,2002,32.57705
84,1,14,2003,33.07679
84,1,14,2004,33.39893
84,1,14,2005,33.88228
84,1,14,2006,34.19163
84,1,14,2007,34.47646
84,1,14,2008,34.78182
84,1,14,2009,34.9434
84,1,14,2010,35.57327
84,1,14,2011,35.55235
84,1,14,2012,35.73257
84,1,14,2013,35.93938
84,1,14,2014,36.18558
84,1,14,2015,36.38112
84,1,14,2016,36.55875
84,1,14,2017,36.68222
84,1,14,2018,36.81442
84,1,14,2019,36.87516
84,2,14,1950,29.26463
84,2,14,1951,28.94132
84,2,14,1952,29.86484
84,2,14,1953,30.09955
84,2,14,1954,30.07705
84,2,14,1955,30.04791
84,2,14,1956,30.49301
84,2,14,1957,30.56459
84,2,14,1958,30.74324
84,2,14,1959,30.83341
84,2,14,1960,30.95283
84,2,14,1961,31.00827
84,2,14,1962,31.14649
84,2,14,1963,31.28855
84,2,14,1964,31.45381
84,2,14,1965,31.46914
84,2,14,1966,31.34708
84,2,14,1967,31.63224
84,2,14,1968,31.62184
84,2,14,1969,31.57385
84,2,14,1970,31.70706
84,2,14,1971,31.92457
84,2,14,1972,31.81659
84,2,14,1973,31.72977
84,2,14,1974,31.78344
84,2,14,1975,32.04849
84,2,14,1976,32.20145
84,2,14,1977,32.30722
84,2,14,1978,32.44611
84,2,14,1979,32.5697
84,2,14,1980,32.75056
84,2,14,1981,33.003
84,2,14,1982,33.17368
84,2,14,1983,33.2695
84,2,14,1984,33.38844
84,2,14,1985,33.55171
84,2,14,1986,33.53266
84,2,14,1987,33.95989
84,2,14,1988,34.07857
84,2,14,1989,34.32319
84,2,14,1990,34.48223
84,2,14,1991,34.71329
84,2,14,1992,34.76463
84,2,14,1993,34.90529
84,2,14,1994,35.04865
84,2,14,1995,35.10528
84,2,14,1996,35.31036
84,2,14,1997,35.4221
84,2,14,1998,35.63019
84,2,14,1999,35.6781
84,2,14,2000,36.00514
84,2,14,2001,36.46425
84,2,14,2002,36.83425
84,2,14,2003,37.08473
84,2,14,2004,37.4386
84,2,14,2005,37.76169
84,2,14,2006,37.93729
84,2,14,2007,38.28985
84,2,14,2008,38.47997
84,2,14,2009,38.76395
84,2,14,2010,39.11979
84,2,14,2011,39.14599
84,2,14,2012,39.24188
84,2,14,2013,39.35836
84,2,14,2014,39.53357
84,2,14,2015,39.54987
84,2,14,2016,39.73627
84,2,14,2017,39.85549
84,2,14,2018,39.86792
84,2,14,2019,39.95581
84,3,14,1950,28.28312
84,3,14,1951,27.93259
84,3,14,1952,28.80025
84,3,14,1953,29.06561
84,3,14,1954,28.93466
84,3,14,1955,28.91862
84,3,14,1956,29.27327
84,3,14,1957,29.32392
84,3,14,1958,29.41552
84,3,14,1959,29.43293
84,3,14,1960,29.59404
84,3,14,1961,29.48358
84,3,14,1962,29.52382
84,3,14,1963,29.6321
84,3,14,1964,29.71674
84,3,14,1965,29.67899
84,3,14,1966,29.50493
84,3,14,1967,29.81971
84,3,14,1968,29.74396
84,3,14,1969,29.62394
84,3,14,1970,29.65986
84,3,14,1971,29.88293
84,3,14,1972,29.73906
84,3,14,1973,29.67139
84,3,14,1974,29.7081
84,3,14,1975,29.93005
84,3,14,1976,30.0406
84,3,14,1977,30.15077
84,3,14,1978,30.14696
84,3,14,1979,30.19958
84,3,14,1980,30.35795
84,3,14,1981,30.58832
84,3,14,1982,30.7752
84,3,14,1983,30.78744
84,3,14,1984,30.97078
84,3,14,1985,31.01686
84,3,14,1986,31.09613
84,3,14,1987,31.43423
84,3,14,1988,31.65159
84,3,14,1989,31.85722
84,3,14,1990,32.10241
84,3,14,1991,32.29972
84,3,14,1992,32.43635
84,3,14,1993,32.49562
84,3,14,1994,32.72314
84,3,14,1995,32.76077
84,3,14,1996,32.99717
84,3,14,1997,33.17167
84,3,14,1998,33.33494
84,3,14,1999,33.44051
84,3,14,2000,33.79898
84,3,14,2001,34.30222
84,3,14,2002,34.68455
84,3,14,2003,35.06225
84,3,14,2004,35.40825
84,3,14,2005,35.81128
84,3,14,2006,36.06293
84,3,14,2007,36.37466
84,3,14,2008,36.63094
84,3,14,2009,36.83811
84,3,14,2010,37.34597
84,3,14,2011,37.33284
84,3,14,2012,37.46877
84,3,14,2013,37.64191
84,3,14,2014,37.84803
84,3,14,2015,37.95945
84,3,14,2016,38.15866
84,3,14,2017,38.29061
84,3,14,2018,38.34614
84,3,14,2019,38.4315
85,1,14,1950,33.02927
85,1,14,1951,32.10364
85,1,14,1952,31.84106
85,1,14,1953,31.21915
85,1,14,1954,30.00275
85,1,14,1955,30.44266
85,1,14,1956,30.20211
85,1,14,1957,30.2725
85,1,14,1958,30.70849
85,1,14,1959,30.77363
85,1,14,1960,31.06919
85,1,14,1961,30.92424
85,1,14,1962,30.83761
85,1,14,1963,30.60672
85,1,14,1964,30.41149
85,1,14,1965,30.24506
85,1,14,1966,30.11641
85,1,14,1967,29.74607
85,1,14,1968,30.05114
85,1,14,1969,29.98348
85,1,14,1970,29.96321
85,1,14,1971,30.06916
85,1,14,1972,29.98044
85,1,14,1973,29.61778
85,1,14,1974,29.96706
85,1,14,1975,30.19676
85,1,14,1976,30.38495
85,1,14,1977,30.47573
85,1,14,1978,30.55653
85,1,14,1979,30.6875
85,1,14,1980,30.83449
85,1,14,1981,31.03759
85,1,14,1982,31.11303
85,1,14,1983,31.25031
85,1,14,1984,31.43533
85,1,14,1985,31.69071
85,1,14,1986,31.66068
85,1,14,1987,32.04198
85,1,14,1988,32.41534
85,1,14,1989,32.89493
85,1,14,1990,33.15659
85,1,14,1991,32.93091
85,1,14,1992,32.80062
85,1,14,1993,33.08351
85,1,14,1994,33.23666
85,1,14,1995,33.28357
85,1,14,1996,33.55918
85,1,14,1997,33.68496
85,1,14,1998,33.68765
85,1,14,1999,33.98066
85,1,14,2000,34.18225
85,1,14,2001,34.50426
85,1,14,2002,34.60051
85,1,14,2003,34.86449
85,1,14,2004,35.17177
85,1,14,2005,35.45397
85,1,14,2006,35.71805
85,1,14,2007,35.87886
85,1,14,2008,36.1867
85,1,14,2009,36.54587
85,1,14,2010,36.77013
85,1,14,2011,36.84799
85,1,14,2012,36.95446
85,1,14,2013,37.1715
85,1,14,2014,37.18514
85,1,14,2015,37.30111
85,1,14,2016,37.63566
85,1,14,2017,37.74091
85,1,14,2018,37.70779
85,1,14,2019,37.76827
85,2,14,1950,33.53607
85,2,14,1951,32.56792
85,2,14,1952,32.31928
85,2,14,1953,32.05546
85,2,14,1954,31.12818
85,2,14,1955,31.64909
85,2,14,1956,31.7587
85,2,14,1957,32.1845
85,2,14,1958,32.46759
85,2,14,1959,32.4268
85,2,14,1960,32.58641
85,2,14,1961,32.52022
85,2,14,1962,32.11579
85,2,14,1963,32.08314
85,2,14,1964,32.01846
85,2,14,1965,31.91988
85,2,14,1966,32.04992
85,2,14,1967,31.75267
85,2,14,1968,31.97295
85,2,14,1969,31.88786
85,2,14,1970,31.97427
85,2,14,1971,32.06505
85,2,14,1972,31.9731
85,2,14,1973,31.82297
85,2,14,1974,32.12547
85,2,14,1975,32.3937
85,2,14,1976,32.75726
85,2,14,1977,32.85328
85,2,14,1978,33.01901
85,2,14,1979,33.21505
85,2,14,1980,33.34104
85,2,14,1981,33.43706
85,2,14,1982,33.56214
85,2,14,1983,33.784
85,2,14,1984,34.13005
85,2,14,1985,34.37432
85,2,14,1986,34.4707
85,2,14,1987,34.72487
85,2,14,1988,35.19034
85,2,14,1989,35.60733
85,2,14,1990,35.85898
85,2,14,1991,35.74005
85,2,14,1992,35.6598
85,2,14,1993,35.93564
85,2,14,1994,36.07728
85,2,14,1995,36.17909
85,2,14,1996,36.33511
85,2,14,1997,36.54364
85,2,14,1998,36.69498
85,2,14,1999,36.85168
85,2,14,2000,37.17232
85,2,14,2001,37.44645
85,2,14,2002,37.56726
85,2,14,2003,37.83424
85,2,14,2004,38.12981
85,2,14,2005,38.29446
85,2,14,2006,38.54105
85,2,14,2007,38.70154
85,2,14,2008,39.04705
85,2,14,2009,39.36282
85,2,14,2010,39.70276
85,2,14,2011,39.7189
85,2,14,2012,39.96556
85,2,14,2013,40.09927
85,2,14,2014,40.21833
85,2,14,2015,40.45064
85,2,14,2016,40.58184
85,2,14,2017,40.6711
85,2,14,2018,40.60241
85,2,14,2019,40.60147
85,3,14,1950,33.26678
85,3,14,1951,32.30407
85,3,14,1952,32.032
85,3,14,1953,31.5742
85,3,14,1954,30.50032
85,3,14,1955,30.99272
85,3,14,1956,30.91752
85,3,14,1957,31.15464
85,3,14,1958,31.5221
85,3,14,1959,31.5329
85,3,14,1960,31.77072
85,3,14,1961,31.66348
85,3,14,1962,31.43678
85,3,14,1963,31.28584
85,3,14,1964,31.14666
85,3,14,1965,31.01614
85,3,14,1966,31.00934
85,3,14,1967,30.67522
85,3,14,1968,30.93612
85,3,14,1969,30.87009
85,3,14,1970,30.90554
85,3,14,1971,31.01317
85,3,14,1972,30.92334
85,3,14,1973,30.67253
85,3,14,1974,30.99997
85,3,14,1975,31.24678
85,3,14,1976,31.52418
85,3,14,1977,31.61755
85,3,14,1978,31.75468
85,3,14,1979,31.92543
85,3,14,1980,32.06447
85,3,14,1981,32.21901
85,3,14,1982,32.32519
85,3,14,1983,32.50936
85,3,14,1984,32.7776
85,3,14,1985,33.02665
85,3,14,1986,33.05883
85,3,14,1987,33.38376
85,3,14,1988,33.81641
85,3,14,1989,34.26919
85,3,14,1990,34.5215
85,3,14,1991,34.36256
85,3,14,1992,34.24944
85,3,14,1993,34.53932
85,3,14,1994,34.69377
85,3,14,1995,34.76959
85,3,14,1996,34.98293
85,3,14,1997,35.15764
85,3,14,1998,35.23141
85,3,14,1999,35.45924
85,3,14,2000,35.7188
85,3,14,2001,36.02426
85,3,14,2002,36.13477
85,3,14,2003,36.3977
85,3,14,2004,36.70483
85,3,14,2005,36.91016
85,3,14,2006,37.16109
85,3,14,2007,37.32975
85,3,14,2008,37.65235
85,3,14,2009,37.99078
85,3,14,2010,38.27547
85,3,14,2011,38.31811
85,3,14,2012,38.49408
85,3,14,2013,38.67215
85,3,14,2014,38.74177
85,3,14,2015,38.91642
85,3,14,2016,39.16058
85,3,14,2017,39.25946
85,3,14,2018,39.19948
85,3,14,2019,39.23761
86,1,14,1950,28.49594
86,1,14,1951,28.15022
86,1,14,1952,28.23284
86,1,14,1953,28.42489
86,1,14,1954,28.83949
86,1,14,1955,28.80186
86,1,14,1956,28.30037
86,1,14,1957,28.40361
86,1,14,1958,29.00693
86,1,14,1959,29.19117
86,1,14,1960,29.01955
86,1,14,1961,29.02727
86,1,14,1962,28.67333
86,1,14,1963,28.59032
86,1,14,1964,28.89338
86,1,14,1965,28.83137
86,1,14,1966,29.03083
86,1,14,1967,28.91979
86,1,14,1968,28.66375
86,1,14,1969,28.51391
86,1,14,1970,28.87749
86,1,14,1971,29.00195
86,1,14,1972,28.96265
86,1,14,1973,28.86229
86,1,14,1974,28.85275
86,1,14,1975,28.67163
86,1,14,1976,28.71218
86,1,14,1977,28.85342
86,1,14,1978,28.98093
86,1,14,1979,29.12294
86,1,14,1980,29.20652
86,1,14,1981,29.46283
86,1,14,1982,29.71711
86,1,14,1983,29.69523
86,1,14,1984,30.05984
86,1,14,1985,30.27098
86,1,14,1986,30.56194
86,1,14,1987,30.86287
86,1,14,1988,31.1368
86,1,14,1989,31.40151
86,1,14,1990,31.60445
86,1,14,1991,31.72893
86,1,14,1992,31.97732
86,1,14,1993,32.18238
86,1,14,1994,32.32092
86,1,14,1995,32.5585
86,1,14,1996,32.79528
86,1,14,1997,32.98817
86,1,14,1998,33.09151
86,1,14,1999,33.33229
86,1,14,2000,33.68856
86,1,14,2001,33.96544
86,1,14,2002,34.17153
86,1,14,2003,34.2413
86,1,14,2004,34.66388
86,1,14,2005,34.887
86,1,14,2006,35.16312
86,1,14,2007,35.37402
86,1,14,2008,35.54025
86,1,14,2009,35.71822
86,1,14,2010,35.96949
86,1,14,2011,36.12342
86,1,14,2012,36.26897
86,1,14,2013,36.51643
86,1,14,2014,36.71761
86,1,14,2015,36.67638
86,1,14,2016,36.9681
86,1,14,2017,37.0494
86,1,14,2018,37.10475
86,1,14,2019,37.16862
86,2,14,1950,30.89982
86,2,14,1951,30.77073
86,2,14,1952,30.92706
86,2,14,1953,31.18984
86,2,14,1954,31.75238
86,2,14,1955,31.8552
86,2,14,1956,31.53808
86,2,14,1957,31.81215
86,2,14,1958,32.44249
86,2,14,1959,32.70413
86,2,14,1960,32.73418
86,2,14,1961,32.87613
86,2,14,1962,32.65935
86,2,14,1963,32.69242
86,2,14,1964,33.05488
86,2,14,1965,33.06777
86,2,14,1966,33.29462
86,2,14,1967,33.26974
86,2,14,1968,33.13389
86,2,14,1969,33.16736
86,2,14,1970,33.48981
86,2,14,1971,33.71509
86,2,14,1972,33.76662
86,2,14,1973,33.74531
86,2,14,1974,33.91382
86,2,14,1975,33.93617
86,2,14,1976,34.08041
86,2,14,1977,34.34068
86,2,14,1978,34.59212
86,2,14,1979,34.76679
86,2,14,1980,34.85232
86,2,14,1981,35.07449
86,2,14,1982,35.29054
86,2,14,1983,35.32229
86,2,14,1984,35.66631
86,2,14,1985,35.87401
86,2,14,1986,36.09915
86,2,14,1987,36.42487
86,2,14,1988,36.64139
86,2,14,1989,36.89502
86,2,14,1990,37.06215
86,2,14,1991,37.20326
86,2,14,1992,37.43914
86,2,14,1993,37.58271
86,2,14,1994,37.74112
86,2,14,1995,37.93936
86,2,14,1996,38.11755
86,2,14,1997,38.26156
86,2,14,1998,38.2927
86,2,14,1999,38.5273
86,2,14,2000,38.76596
86,2,14,2001,39.01624
86,2,14,2002,39.11153
86,2,14,2003,39.15908
86,2,14,2004,39.56181
86,2,14,2005,39.73651
86,2,14,2006,39.94974
86,2,14,2007,40.04811
86,2,14,2008,40.12559
86,2,14,2009,40.20537
86,2,14,2010,40.41816
86,2,14,2011,40.49556
86,2,14,2012,40.5695
86,2,14,2013,40.76968
86,2,14,2014,40.90222
86,2,14,2015,40.7872
86,2,14,2016,41.05413
86,2,14,2017,41.1548
86,2,14,2018,41.09714
86,2,14,2019,41.10921
86,3,14,1950,29.74127
86,3,14,1951,29.50758
86,3,14,1952,29.62434
86,3,14,1953,29.85336
86,3,14,1954,30.34131
86,3,14,1955,30.37348
86,3,14,1956,29.96209
86,3,14,1957,30.14607
86,3,14,1958,30.76842
86,3,14,1959,30.99177
86,3,14,1960,30.91756
86,3,14,1961,30.99169
86,3,14,1962,30.69933
86,3,14,1963,30.67492
86,3,14,1964,31.01066
86,3,14,1965,30.98543
86,3,14,1966,31.20225
86,3,14,1967,31.13171
86,3,14,1968,30.93476
86,3,14,1969,30.87399
86,3,14,1970,31.22411
86,3,14,1971,31.39964
86,3,14,1972,31.40827
86,3,14,1973,31.34625
86,3,14,1974,31.42275
86,3,14,1975,31.32552
86,3,14,1976,31.41871
86,3,14,1977,31.62419
86,3,14,1978,31.81947
86,3,14,1979,31.98996
86,3,14,1980,32.07434
86,3,14,1981,32.32233
86,3,14,1982,32.56528
86,3,14,1983,32.56419
86,3,14,1984,32.92746
86,3,14,1985,33.13932
86,3,14,1986,33.40591
86,3,14,1987,33.72177
86,3,14,1988,33.97297
86,3,14,1989,34.23589
86,3,14,1990,34.42235
86,3,14,1991,34.55141
86,3,14,1992,34.79849
86,3,14,1993,34.97418
86,3,14,1994,35.12089
86,3,14,1995,35.34217
86,3,14,1996,35.55364
86,3,14,1997,35.72417
86,3,14,1998,35.7938
86,3,14,1999,36.0334
86,3,14,2000,36.33647
86,3,14,2001,36.60408
86,3,14,2002,36.75744
86,3,14,2003,36.81365
86,3,14,2004,37.23285
86,3,14,2005,37.43408
86,3,14,2006,37.67931
86,3,14,2007,37.83183
86,3,14,2008,37.94844
86,3,14,2009,38.07531
86,3,14,2010,38.30548
86,3,14,2011,38.41675
86,3,14,2012,38.52141
86,3,14,2013,38.74381
86,3,14,2014,38.91243
86,3,14,2015,38.82445
86,3,14,2016,39.10001
86,3,14,2017,39.17959
86,3,14,2018,39.165
86,3,14,2019,39.20066
87,1,14,1950,26.85857
87,1,14,1951,26.73025
87,1,14,1952,26.50977
87,1,14,1953,26.53342
87,1,14,1954,26.83537
87,1,14,1955,26.94455
87,1,14,1956,26.9024
87,1,14,1957,26.97678
87,1,14,1958,27.23028
87,1,14,1959,27.26836
87,1,14,1960,27.23043
87,1,14,1961,27.19067
87,1,14,1962,26.97368
87,1,14,1963,26.89806
87,1,14,1964,26.79959
87,1,14,1965,26.82869
87,1,14,1966,26.71489
87,1,14,1967,26.62864
87,1,14,1968,26.58343
87,1,14,1969,26.71026
87,1,14,1970,26.64195
87,1,14,1971,26.77315
87,1,14,1972,26.83345
87,1,14,1973,26.87785
87,1,14,1974,27.0027
87,1,14,1975,27.09792
87,1,14,1976,27.21232
87,1,14,1977,27.39469
87,1,14,1978,27.59819
87,1,14,1979,27.85992
87,1,14,1980,28.08759
87,1,14,1981,28.17586
87,1,14,1982,28.21615
87,1,14,1983,28.41604
87,1,14,1984,28.45297
87,1,14,1985,28.75004
87,1,14,1986,28.98075
87,1,14,1987,29.2477
87,1,14,1988,29.43605
87,1,14,1989,29.74066
87,1,14,1990,30.03763
87,1,14,1991,30.24192
87,1,14,1992,30.62965
87,1,14,1993,30.79985
87,1,14,1994,31.09679
87,1,14,1995,31.2783
87,1,14,1996,31.50118
87,1,14,1997,31.85705
87,1,14,1998,32.01313
87,1,14,1999,32.28945
87,1,14,2000,32.49842
87,1,14,2001,33.03461
87,1,14,2002,33.17552
87,1,14,2003,33.39972
87,1,14,2004,33.45296
87,1,14,2005,33.82894
87,1,14,2006,34.10671
87,1,14,2007,34.54635
87,1,14,2008,34.97476
87,1,14,2009,35.17977
87,1,14,2010,35.48552
87,1,14,2011,35.78935
87,1,14,2012,36.02607
87,1,14,2013,36.41649
87,1,14,2014,36.85213
87,1,14,2015,37.44042
87,1,14,2016,37.81767
87,1,14,2017,37.92893
87,1,14,2018,38.07437
87,1,14,2019,38.14065
87,2,14,1950,29.69167
87,2,14,1951,29.76244
87,2,14,1952,29.88159
87,2,14,1953,30.05381
87,2,14,1954,30.44227
87,2,14,1955,30.79362
87,2,14,1956,30.93517
87,2,14,1957,31.12204
87,2,14,1958,31.15007
87,2,14,1959,31.15265
87,2,14,1960,31.26874
87,2,14,1961,31.36899
87,2,14,1962,31.4037
87,2,14,1963,31.49049
87,2,14,1964,31.62722
87,2,14,1965,31.72408
87,2,14,1966,31.78286
87,2,14,1967,31.95404
87,2,14,1968,32.23197
87,2,14,1969,32.30379
87,2,14,1970,32.36604
87,2,14,1971,32.46324
87,2,14,1972,32.55535
87,2,14,1973,32.73117
87,2,14,1974,32.63434
87,2,14,1975,32.59709
87,2,14,1976,32.87353
87,2,14,1977,33.17088
87,2,14,1978,33.33414
87,2,14,1979,33.5357
87,2,14,1980,33.70301
87,2,14,1981,33.90537
87,2,14,1982,34.13555
87,2,14,1983,34.33943
87,2,14,1984,34.55862
87,2,14,1985,34.7599
87,2,14,1986,35.02417
87,2,14,1987,35.17042
87,2,14,1988,35.49523
87,2,14,1989,35.80854
87,2,14,1990,35.89348
87,2,14,1991,36.02119
87,2,14,1992,36.16939
87,2,14,1993,36.32013
87,2,14,1994,36.57491
87,2,14,1995,36.80053
87,2,14,1996,36.95763
87,2,14,1997,37.12955
87,2,14,1998,37.29372
87,2,14,1999,37.42872
87,2,14,2000,37.53508
87,2,14,2001,37.78765
87,2,14,2002,38.03714
87,2,14,2003,38.35548
87,2,14,2004,38.53214
87,2,14,2005,38.6194
87,2,14,2006,38.79031
87,2,14,2007,38.98813
87,2,14,2008,39.201
87,2,14,2009,39.35438
87,2,14,2010,39.51454
87,2,14,2011,39.7556
87,2,14,2012,40.04707
87,2,14,2013,40.19424
87,2,14,2014,40.56493
87,2,14,2015,40.90802
87,2,14,2016,41.31517
87,2,14,2017,41.42946
87,2,14,2018,41.54364
87,2,14,2019,41.61879
87,3,14,1950,28.28077
87,3,14,1951,28.23555
87,3,14,1952,28.12953
87,3,14,1953,28.21806
87,3,14,1954,28.53648
87,3,14,1955,28.76111
87,3,14,1956,28.81175
87,3,14,1957,28.94971
87,3,14,1958,29.12139
87,3,14,1959,29.17727
87,3,14,1960,29.23933
87,3,14,1961,29.25122
87,3,14,1962,29.13661
87,3,14,1963,29.14911
87,3,14,1964,29.17763
87,3,14,1965,29.22762
87,3,14,1966,29.19045
87,3,14,1967,29.20423
87,3,14,1968,29.29492
87,3,14,1969,29.40519
87,3,14,1970,29.40161
87,3,14,1971,29.52894
87,3,14,1972,29.60431
87,3,14,1973,29.71478
87,3,14,1974,29.76425
87,3,14,1975,29.80582
87,3,14,1976,30.00091
87,3,14,1977,30.24691
87,3,14,1978,30.45761
87,3,14,1979,30.69128
87,3,14,1980,30.89849
87,3,14,1981,31.07249
87,3,14,1982,31.21822
87,3,14,1983,31.43242
87,3,14,1984,31.568
87,3,14,1985,31.82895
87,3,14,1986,32.07449
87,3,14,1987,32.26153
87,3,14,1988,32.47736
87,3,14,1989,32.79669
87,3,14,1990,32.99144
87,3,14,1991,33.17137
87,3,14,1992,33.45655
87,3,14,1993,33.63276
87,3,14,1994,33.90256
87,3,14,1995,34.09395
87,3,14,1996,34.31953
87,3,14,1997,34.61516
87,3,14,1998,34.78757
87,3,14,1999,34.97306
87,3,14,2000,35.12609
87,3,14,2001,35.45535
87,3,14,2002,35.6471
87,3,14,2003,35.90882
87,3,14,2004,36.03999
87,3,14,2005,36.30969
87,3,14,2006,36.53723
87,3,14,2007,36.87962
87,3,14,2008,37.16762
87,3,14,2009,37.32528
87,3,14,2010,37.56638
87,3,14,2011,37.84819
87,3,14,2012,38.11411
87,3,14,2013,38.39519
87,3,14,2014,38.82081
87,3,14,2015,39.26481
87,3,14,2016,39.65203
87,3,14,2017,39.76984
87,3,14,2018,39.87028
87,3,14,2019,39.94763
88,1,14,1950,27.53763
88,1,14,1951,27.40365
88,1,14,1952,27.49677
88,1,14,1953,27.74986
88,1,14,1954,27.7879
88,1,14,1955,27.75265
88,1,14,1956,27.64571
88,1,14,1957,27.62103
88,1,14,1958,27.73445
88,1,14,1959,27.61655
88,1,14,1960,27.52816
88,1,14,1961,27.57213
88,1,14,1962,27.60898
88,1,14,1963,27.53814
88,1,14,1964,27.46962
88,1,14,1965,27.48945
88,1,14,1966,27.61174
88,1,14,1967,27.55152
88,1,14,1968,27.59783
88,1,14,1969,27.65272
88,1,14,1970,27.78751
88,1,14,1971,27.91996
88,1,14,1972,28.00365
88,1,14,1973,28.1088
88,1,14,1974,28.20652
88,1,14,1975,28.25578
88,1,14,1976,28.37958
88,1,14,1977,28.4685
88,1,14,1978,28.31219
88,1,14,1979,28.41531
88,1,14,1980,28.54834
88,1,14,1981,28.71107
88,1,14,1982,28.92761
88,1,14,1983,29.26201
88,1,14,1984,29.60993
88,1,14,1985,30.01825
88,1,14,1986,30.46562
88,1,14,1987,30.81001
88,1,14,1988,31.10549
88,1,14,1989,31.10118
88,1,14,1990,31.45996
88,1,14,1991,31.85125
88,1,14,1992,32.1635
88,1,14,1993,32.42448
88,1,14,1994,32.91331
88,1,14,1995,32.97217
88,1,14,1996,32.9273
88,1,14,1997,32.9268
88,1,14,1998,33.27612
88,1,14,1999,33.47243
88,1,14,2000,33.69498
88,1,14,2001,33.80609
88,1,14,2002,33.86511
88,1,14,2003,34.11939
88,1,14,2004,34.38651
88,1,14,2005,34.49347
88,1,14,2006,34.91585
88,1,14,2007,34.99722
88,1,14,2008,35.11491
88,1,14,2009,35.32884
88,1,14,2010,35.48146
88,1,14,2011,35.60239
88,1,14,2012,35.74832
88,1,14,2013,36.00669
88,1,14,2014,36.31853
88,1,14,2015,37.00918
88,1,14,2016,37.13414
88,1,14,2017,37.24026
88,1,14,2018,37.40319
88,1,14,2019,37.55857
88,2,14,1950,29.40825
88,2,14,1951,29.24424
88,2,14,1952,29.25011
88,2,14,1953,29.5815
88,2,14,1954,29.77317
88,2,14,1955,29.99353
88,2,14,1956,30.08436
88,2,14,1957,30.17551
88,2,14,1958,30.40652
88,2,14,1959,30.39057
88,2,14,1960,30.29161
88,2,14,1961,30.23405
88,2,14,1962,30.30483
88,2,14,1963,30.36614
88,2,14,1964,30.51203
88,2,14,1965,30.59346
88,2,14,1966,30.61457
88,2,14,1967,30.70363
88,2,14,1968,30.78471
88,2,14,1969,30.90885
88,2,14,1970,31.32384
88,2,14,1971,31.45363
88,2,14,1972,31.46611
88,2,14,1973,31.55752
88,2,14,1974,31.65146
88,2,14,1975,31.77512
88,2,14,1976,31.88811
88,2,14,1977,32.01329
88,2,14,1978,32.00669
88,2,14,1979,32.17517
88,2,14,1980,32.2999
88,2,14,1981,32.59099
88,2,14,1982,32.84244
88,2,14,1983,33.13708
88,2,14,1984,33.75942
88,2,14,1985,34.19783
88,2,14,1986,34.63841
88,2,14,1987,35.05067
88,2,14,1988,35.34959
88,2,14,1989,35.60232
88,2,14,1990,35.86439
88,2,14,1991,36.06567
88,2,14,1992,36.18031
88,2,14,1993,36.44949
88,2,14,1994,36.59489
88,2,14,1995,36.81713
88,2,14,1996,37.12016
88,2,14,1997,37.39551
88,2,14,1998,37.4971
88,2,14,1999,37.4582
88,2,14,2000,37.52202
88,2,14,2001,37.74493
88,2,14,2002,37.85133
88,2,14,2003,37.98839
88,2,14,2004,38.40323
88,2,14,2005,39.05929
88,2,14,2006,39.27817
88,2,14,2007,39.55025
88,2,14,2008,39.75725
88,2,14,2009,39.98583
88,2,14,2010,40.38244
88,2,14,2011,40.503
88,2,14,2012,40.65413
88,2,14,2013,40.86433
88,2,14,2014,41.00265
88,2,14,2015,41.05069
88,2,14,2016,41.1538
88,2,14,2017,41.33392
88,2,14,2018,41.53985
88,2,14,2019,41.78505
88,3,14,1950,28.48463
88,3,14,1951,28.31956
88,3,14,1952,28.34815
88,3,14,1953,28.62001
88,3,14,1954,28.72084
88,3,14,1955,28.80063
88,3,14,1956,28.78202
88,3,14,1957,28.81672
88,3,14,1958,29.00083
88,3,14,1959,28.93827
88,3,14,1960,28.8407
88,3,14,1961,28.82738
88,3,14,1962,28.89132
88,3,14,1963,28.89607
88,3,14,1964,28.93793
88,3,14,1965,28.98012
88,3,14,1966,29.04543
88,3,14,1967,29.06193
88,3,14,1968,29.14623
88,3,14,1969,29.23944
88,3,14,1970,29.48834
88,3,14,1971,29.62765
88,3,14,1972,29.68646
88,3,14,1973,29.7651
88,3,14,1974,29.86861
88,3,14,1975,29.95946
88,3,14,1976,30.06828
88,3,14,1977,30.18831
88,3,14,1978,30.12647
88,3,14,1979,30.27121
88,3,14,1980,30.40408
88,3,14,1981,30.60961
88,3,14,1982,30.83272
88,3,14,1983,31.14197
88,3,14,1984,31.6419
88,3,14,1985,32.0989
88,3,14,1986,32.57212
88,3,14,1987,32.93781
88,3,14,1988,33.22454
88,3,14,1989,33.35524
88,3,14,1990,33.67475
88,3,14,1991,33.98138
88,3,14,1992,34.21107
88,3,14,1993,34.46199
88,3,14,1994,34.79898
88,3,14,1995,34.94382
88,3,14,1996,35.04407
88,3,14,1997,35.16639
88,3,14,1998,35.4007
88,3,14,1999,35.48287
88,3,14,2000,35.64651
88,3,14,2001,35.81178
88,3,14,2002,35.91165
88,3,14,2003,36.10378
88,3,14,2004,36.43439
88,3,14,2005,36.77352
88,3,14,2006,37.10085
88,3,14,2007,37.30121
88,3,14,2008,37.47523
88,3,14,2009,37.7252
88,3,14,2010,37.97415
88,3,14,2011,38.11668
88,3,14,2012,38.28514
88,3,14,2013,38.48369
88,3,14,2014,38.70726
88,3,14,2015,39.09526
88,3,14,2016,39.20478
88,3,14,2017,39.36187
88,3,14,2018,39.52966
88,3,14,2019,39.73952
89,1,14,1950,30.35839
89,1,14,1951,30.34582
89,1,14,1952,30.47496
89,1,14,1953,30.18729
89,1,14,1954,30.28147
89,1,14,1955,30.2217
89,1,14,1956,30.18283
89,1,14,1957,30.35885
89,1,14,1958,30.41838
89,1,14,1959,30.33893
89,1,14,1960,30.3137
89,1,14,1961,30.22119
89,1,14,1962,29.82693
89,1,14,1963,29.85753
89,1,14,1964,29.89832
89,1,14,1965,29.77955
89,1,14,1966,29.75401
89,1,14,1967,29.7176
89,1,14,1968,29.57693
89,1,14,1969,29.44522
89,1,14,1970,29.32572
89,1,14,1971,29.36361
89,1,14,1972,29.30818
89,1,14,1973,29.5422
89,1,14,1974,29.6393
89,1,14,1975,29.49133
89,1,14,1976,29.56119
89,1,14,1977,29.81172
89,1,14,1978,29.91523
89,1,14,1979,30.10239
89,1,14,1980,30.13418
89,1,14,1981,30.2699
89,1,14,1982,30.29768
89,1,14,1983,30.42875
89,1,14,1984,30.45928
89,1,14,1985,30.48914
89,1,14,1986,30.53871
89,1,14,1987,30.78728
89,1,14,1988,30.97069
89,1,14,1989,30.95717
89,1,14,1990,31.14361
89,1,14,1991,31.32518
89,1,14,1992,31.42525
89,1,14,1993,31.3592
89,1,14,1994,31.6188
89,1,14,1995,31.72271
89,1,14,1996,31.82736
89,1,14,1997,32.10902
89,1,14,1998,32.236
89,1,14,1999,32.32636
89,1,14,2000,32.51437
89,1,14,2001,32.71954
89,1,14,2002,32.92462
89,1,14,2003,33.17124
89,1,14,2004,33.56366
89,1,14,2005,33.91367
89,1,14,2006,34.23965
89,1,14,2007,34.59889
89,1,14,2008,34.8392
89,1,14,2009,35.05735
89,1,14,2010,35.27021
89,1,14,2011,35.54889
89,1,14,2012,35.66722
89,1,14,2013,35.87181
89,1,14,2014,36.16378
89,1,14,2015,36.17188
89,1,14,2016,36.27481
89,1,14,2017,36.34225
89,1,14,2018,36.41022
89,1,14,2019,36.44334
89,2,14,1950,31.61032
89,2,14,1951,31.73544
89,2,14,1952,31.93921
89,2,14,1953,31.76168
89,2,14,1954,32.20512
89,2,14,1955,32.32733
89,2,14,1956,32.41906
89,2,14,1957,32.68862
89,2,14,1958,32.92852
89,2,14,1959,33.13491
89,2,14,1960,33.24335
89,2,14,1961,33.41645
89,2,14,1962,33.38993
89,2,14,1963,33.55514
89,2,14,1964,33.77434
89,2,14,1965,33.82883
89,2,14,1966,33.86325
89,2,14,1967,34.06476
89,2,14,1968,34.03822
89,2,14,1969,33.98078
89,2,14,1970,34.0513
89,2,14,1971,34.17491
89,2,14,1972,34.33111
89,2,14,1973,34.59801
89,2,14,1974,34.91473
89,2,14,1975,34.99553
89,2,14,1976,35.24126
89,2,14,1977,35.54451
89,2,14,1978,35.71402
89,2,14,1979,35.89003
89,2,14,1980,36.13956
89,2,14,1981,36.21884
89,2,14,1982,36.36775
89,2,14,1983,36.46919
89,2,14,1984,36.5475
89,2,14,1985,36.52246
89,2,14,1986,36.57723
89,2,14,1987,36.80775
89,2,14,1988,36.90998
89,2,14,1989,36.76614
89,2,14,1990,36.91733
89,2,14,1991,36.93695
89,2,14,1992,36.97011
89,2,14,1993,36.88889
89,2,14,1994,36.99212
89,2,14,1995,37.04755
89,2,14,1996,37.04471
89,2,14,1997,37.10707
89,2,14,1998,37.1555
89,2,14,1999,37.09603
89,2,14,2000,37.15672
89,2,14,2001,37.22626
89,2,14,2002,37.27224
89,2,14,2003,37.46491
89,2,14,2004,37.77959
89,2,14,2005,38.02129
89,2,14,2006,38.25314
89,2,14,2007,38.49927
89,2,14,2008,38.62043
89,2,14,2009,38.81936
89,2,14,2010,38.92816
89,2,14,2011,38.97949
89,2,14,2012,39.05202
89,2,14,2013,39.20479
89,2,14,2014,39.32326
89,2,14,2015,39.3059
89,2,14,2016,39.28432
89,2,14,2017,39.39304
89,2,14,2018,39.41884
89,2,14,2019,39.46316
89,3,14,1950,30.99409
89,3,14,1951,31.03175
89,3,14,1952,31.18886
89,3,14,1953,30.95595
89,3,14,1954,31.2293
89,3,14,1955,31.27977
89,3,14,1956,31.28786
89,3,14,1957,31.50286
89,3,14,1958,31.65352
89,3,14,1959,31.7131
89,3,14,1960,31.75456
89,3,14,1961,31.78757
89,3,14,1962,31.57239
89,3,14,1963,31.67775
89,3,14,1964,31.79814
89,3,14,1965,31.76461
89,3,14,1966,31.7816
89,3,14,1967,31.85847
89,3,14,1968,31.77336
89,3,14,1969,31.68499
89,3,14,1970,31.6572
89,3,14,1971,31.74016
89,3,14,1972,31.78947
89,3,14,1973,32.04958
89,3,14,1974,32.25546
89,3,14,1975,32.21355
89,3,14,1976,32.37132
89,3,14,1977,32.66314
89,3,14,1978,32.81868
89,3,14,1979,33.0054
89,3,14,1980,33.13354
89,3,14,1981,33.24857
89,3,14,1982,33.34137
89,3,14,1983,33.47185
89,3,14,1984,33.52558
89,3,14,1985,33.53708
89,3,14,1986,33.59075
89,3,14,1987,33.83985
89,3,14,1988,33.99488
89,3,14,1989,33.92378
89,3,14,1990,34.09275
89,3,14,1991,34.20487
89,3,14,1992,34.27975
89,3,14,1993,34.20146
89,3,14,1994,34.3963
89,3,14,1995,34.4708
89,3,14,1996,34.51715
89,3,14,1997,34.69295
89,3,14,1998,34.77781
89,3,14,1999,34.79645
89,3,14,2000,34.91866
89,3,14,2001,35.04856
89,3,14,2002,35.17636
89,3,14,2003,35.39574
89,3,14,2004,35.75263
89,3,14,2005,36.04977
89,3,14,2006,36.32746
89,3,14,2007,36.63122
89,3,14,2008,36.81323
89,3,14,2009,37.0211
89,3,14,2010,37.17982
89,3,14,2011,37.34571
89,3,14,2012,37.42484
89,3,14,2013,37.60162
89,3,14,2014,37.81852
89,3,14,2015,37.79062
89,3,14,2016,37.82269
89,3,14,2017,37.92102
89,3,14,2018,37.96019
89,3,14,2019,37.99207
90,1,14,1950,31.05065
90,1,14,1951,31.15286
90,1,14,1952,31.41403
90,1,14,1953,31.35968
90,1,14,1954,31.33567
90,1,14,1955,31.36162
90,1,14,1956,31.33358
90,1,14,1957,31.19025
90,1,14,1958,31.04255
90,1,14,1959,30.95175
90,1,14,1960,30.86277
90,1,14,1961,30.66847
90,1,14,1962,30.4765
90,1,14,1963,30.27321
90,1,14,1964,30.39023
90,1,14,1965,30.31122
90,1,14,1966,30.33137
90,1,14,1967,30.2367
90,1,14,1968,30.13958
90,1,14,1969,29.96568
90,1,14,1970,29.98388
90,1,14,1971,30.10362
90,1,14,1972,30.13461
90,1,14,1973,30.15629
90,1,14,1974,30.30423
90,1,14,1975,30.30946
90,1,14,1976,30.42072
90,1,14,1977,30.46493
90,1,14,1978,30.54054
90,1,14,1979,30.47927
90,1,14,1980,30.56115
90,1,14,1981,30.65365
90,1,14,1982,30.7445
90,1,14,1983,30.79801
90,1,14,1984,30.8801
90,1,14,1985,30.7973
90,1,14,1986,30.91527
90,1,14,1987,30.92594
90,1,14,1988,31.11061
90,1,14,1989,31.27248
90,1,14,1990,31.40398
90,1,14,1991,31.69495
90,1,14,1992,31.77738
90,1,14,1993,31.86604
90,1,14,1994,32.14178
90,1,14,1995,32.25438
90,1,14,1996,32.54289
90,1,14,1997,32.73325
90,1,14,1998,32.848
90,1,14,1999,33.085
90,1,14,2000,33.35913
90,1,14,2001,33.61624
90,1,14,2002,33.81379
90,1,14,2003,34.20055
90,1,14,2004,34.54352
90,1,14,2005,34.81044
90,1,14,2006,34.98111
90,1,14,2007,35.09183
90,1,14,2008,35.25857
90,1,14,2009,35.54
90,1,14,2010,35.76633
90,1,14,2011,35.79911
90,1,14,2012,36.10442
90,1,14,2013,36.31396
90,1,14,2014,36.6244
90,1,14,2015,36.88323
90,1,14,2016,37.07392
90,1,14,2017,37.47991
90,1,14,2018,37.56681
90,1,14,2019,37.58879
90,2,14,1950,32.94388
90,2,14,1951,33.33615
90,2,14,1952,33.47235
90,2,14,1953,33.61674
90,2,14,1954,33.65955
90,2,14,1955,33.75958
90,2,14,1956,33.8149
90,2,14,1957,33.84343
90,2,14,1958,33.84095
90,2,14,1959,33.85333
90,2,14,1960,33.93894
90,2,14,1961,33.9836
90,2,14,1962,33.86482
90,2,14,1963,33.68554
90,2,14,1964,33.9614
90,2,14,1965,34.26818
90,2,14,1966,34.41136
90,2,14,1967,34.49903
90,2,14,1968,34.51069
90,2,14,1969,34.52807
90,2,14,1970,34.77592
90,2,14,1971,34.87393
90,2,14,1972,34.96278
90,2,14,1973,35.13872
90,2,14,1974,35.31785
90,2,14,1975,35.45686
90,2,14,1976,35.64557
90,2,14,1977,35.83687
90,2,14,1978,35.89967
90,2,14,1979,35.98006
90,2,14,1980,36.23172
90,2,14,1981,36.34737
90,2,14,1982,36.61624
90,2,14,1983,36.65369
90,2,14,1984,36.72138
90,2,14,1985,36.68313
90,2,14,1986,36.75834
90,2,14,1987,36.7693
90,2,14,1988,36.70877
90,2,14,1989,36.83239
90,2,14,1990,36.92634
90,2,14,1991,37.05268
90,2,14,1992,37.09805
90,2,14,1993,37.10735
90,2,14,1994,37.15684
90,2,14,1995,37.41479
90,2,14,1996,37.55219
90,2,14,1997,37.71114
90,2,14,1998,37.7754
90,2,14,1999,37.8446
90,2,14,2000,37.96105
90,2,14,2001,38.09081
90,2,14,2002,38.16393
90,2,14,2003,38.44784
90,2,14,2004,38.72194
90,2,14,2005,38.91466
90,2,14,2006,39.0427
90,2,14,2007,39.07541
90,2,14,2008,39.26858
90,2,14,2009,39.39337
90,2,14,2010,39.53418
90,2,14,2011,39.55661
90,2,14,2012,39.65089
90,2,14,2013,39.76647
90,2,14,2014,40.10782
90,2,14,2015,40.27194
90,2,14,2016,40.29513
90,2,14,2017,40.44098
90,2,14,2018,40.44927
90,2,14,2019,40.61769
90,3,14,1950,31.98532
90,3,14,1951,32.24358
90,3,14,1952,32.45123
90,3,14,1953,32.48655
90,3,14,1954,32.48411
90,3,14,1955,32.55193
90,3,14,1956,32.56138
90,3,14,1957,32.50127
90,3,14,1958,32.42391
90,3,14,1959,32.38139
90,3,14,1960,32.37325
90,3,14,1961,32.30363
90,3,14,1962,32.1456
90,3,14,1963,31.95995
90,3,14,1964,32.15183
90,3,14,1965,32.2514
90,3,14,1966,32.33845
90,3,14,1967,32.33339
90,3,14,1968,32.28387
90,3,14,1969,32.19515
90,3,14,1970,32.3203
90,3,14,1971,32.44061
90,3,14,1972,32.50295
90,3,14,1973,32.60284
90,3,14,1974,32.75645
90,3,14,1975,32.8351
90,3,14,1976,32.97755
90,3,14,1977,33.10079
90,3,14,1978,33.17575
90,3,14,1979,33.17819
90,3,14,1980,33.33415
90,3,14,1981,33.45586
90,3,14,1982,33.62521
90,3,14,1983,33.67093
90,3,14,1984,33.75261
90,3,14,1985,33.69988
90,3,14,1986,33.79729
90,3,14,1987,33.81213
90,3,14,1988,33.88099
90,3,14,1989,34.0225
90,3,14,1990,34.14776
90,3,14,1991,34.3693
90,3,14,1992,34.43288
90,3,14,1993,34.4875
90,3,14,1994,34.66244
90,3,14,1995,34.84758
90,3,14,1996,35.06497
90,3,14,1997,35.25167
90,3,14,1998,35.33821
90,3,14,1999,35.49617
90,3,14,2000,35.70809
90,3,14,2001,35.89967
90,3,14,2002,36.0317
90,3,14,2003,36.37358
90,3,14,2004,36.68112
90,3,14,2005,36.91535
90,3,14,2006,37.05527
90,3,14,2007,37.12616
90,3,14,2008,37.29431
90,3,14,2009,37.49656
90,3,14,2010,37.68154
90,3,14,2011,37.70732
90,3,14,2012,37.89901
90,3,14,2013,38.0508
90,3,14,2014,38.37453
90,3,14,2015,38.58946
90,3,14,2016,38.6942
90,3,14,2017,38.96028
90,3,14,2018,38.98969
90,3,14,2019,39.08189
91,1,14,1950,27.00731
91,1,14,1951,26.91313
91,1,14,1952,27.41179
91,1,14,1953,27.72786
91,1,14,1954,27.71159
91,1,14,1955,27.26209
91,1,14,1956,26.93058
91,1,14,1957,27.31854
91,1,14,1958,28.18547
91,1,14,1959,28.07336
91,1,14,1960,28.18631
91,1,14,1961,28.02252
91,1,14,1962,28.02445
91,1,14,1963,27.88526
91,1,14,1964,27.7368
91,1,14,1965,27.73374
91,1,14,1966,27.40806
91,1,14,1967,27.55424
91,1,14,1968,27.7113
91,1,14,1969,27.38476
91,1,14,1970,27.81624
91,1,14,1971,27.68778
91,1,14,1972,28.2241
91,1,14,1973,28.16958
91,1,14,1974,27.88194
91,1,14,1975,27.34271
91,1,14,1976,27.51276
91,1,14,1977,28.04018
91,1,14,1978,28.47124
91,1,14,1979,28.86399
91,1,14,1980,28.93368
91,1,14,1981,29.01368
91,1,14,1982,29.38924
91,1,14,1983,29.35886
91,1,14,1984,29.30863
91,1,14,1985,29.48945
91,1,14,1986,29.70998
91,1,14,1987,29.98248
91,1,14,1988,30.04069
91,1,14,1989,30.24399
91,1,14,1990,30.10292
91,1,14,1991,30.13543
91,1,14,1992,30.31334
91,1,14,1993,30.40067
91,1,14,1994,30.85092
91,1,14,1995,30.90547
91,1,14,1996,30.91617
91,1,14,1997,31.26144
91,1,14,1998,31.43574
91,1,14,1999,31.57249
91,1,14,2000,31.88834
91,1,14,2001,32.11257
91,1,14,2002,32.26089
91,1,14,2003,32.44047
91,1,14,2004,32.89617
91,1,14,2005,33.13249
91,1,14,2006,33.35823
91,1,14,2007,33.54343
91,1,14,2008,33.73083
91,1,14,2009,33.92285
91,1,14,2010,34.10998
91,1,14,2011,34.36519
91,1,14,2012,34.52127
91,1,14,2013,34.7116
91,1,14,2014,34.9832
91,1,14,2015,35.15969
91,1,14,2016,35.14163
91,1,14,2017,35.22794
91,1,14,2018,35.46486
91,1,14,2019,35.53081
91,2,14,1950,30.4597
91,2,14,1951,30.625
91,2,14,1952,31.08437
91,2,14,1953,31.33587
91,2,14,1954,31.41359
91,2,14,1955,31.09156
91,2,14,1956,30.77261
91,2,14,1957,31.22016
91,2,14,1958,32.03847
91,2,14,1959,32.03374
91,2,14,1960,32.1078
91,2,14,1961,32.02301
91,2,14,1962,32.14196
91,2,14,1963,32.08663
91,2,14,1964,32.04253
91,2,14,1965,32.08732
91,2,14,1966,31.84146
91,2,14,1967,31.95038
91,2,14,1968,32.01181
91,2,14,1969,31.78815
91,2,14,1970,32.13973
91,2,14,1971,32.09047
91,2,14,1972,32.56121
91,2,14,1973,32.49747
91,2,14,1974,32.41677
91,2,14,1975,32.36983
91,2,14,1976,32.78404
91,2,14,1977,33.0208
91,2,14,1978,33.30931
91,2,14,1979,33.58845
91,2,14,1980,33.79496
91,2,14,1981,33.9585
91,2,14,1982,34.26831
91,2,14,1983,34.32092
91,2,14,1984,34.37905
91,2,14,1985,34.56652
91,2,14,1986,34.80251
91,2,14,1987,34.99887
91,2,14,1988,35.12316
91,2,14,1989,35.27514
91,2,14,1990,35.17785
91,2,14,1991,35.25648
91,2,14,1992,35.54823
91,2,14,1993,35.60099
91,2,14,1994,35.9979
91,2,14,1995,36.09507
91,2,14,1996,36.23425
91,2,14,1997,36.43347
91,2,14,1998,36.6188
91,2,14,1999,36.72778
91,2,14,2000,37.0109
91,2,14,2001,37.28684
91,2,14,2002,37.46244
91,2,14,2003,37.6037
91,2,14,2004,38.08917
91,2,14,2005,38.38982
91,2,14,2006,38.77919
91,2,14,2007,38.86699
91,2,14,2008,39.04651
91,2,14,2009,39.20693
91,2,14,2010,39.44425
91,2,14,2011,39.66835
91,2,14,2012,39.86617
91,2,14,2013,40.05133
91,2,14,2014,40.23221
91,2,14,2015,40.34141
91,2,14,2016,40.41781
91,2,14,2017,40.47454
91,2,14,2018,40.49954
91,2,14,2019,40.54052
91,3,14,1950,28.85608
91,3,14,1951,28.89458
91,3,14,1952,29.3732
91,3,14,1953,29.6608
91,3,14,1954,29.69511
91,3,14,1955,29.31226
91,3,14,1956,28.98245
91,3,14,1957,29.39151
91,3,14,1958,30.23188
91,3,14,1959,30.17489
91,3,14,1960,30.25987
91,3,14,1961,30.13149
91,3,14,1962,30.1876
91,3,14,1963,30.08781
91,3,14,1964,29.98469
91,3,14,1965,30.00008
91,3,14,1966,29.70911
91,3,14,1967,29.838
91,3,14,1968,29.94698
91,3,14,1969,29.67103
91,3,14,1970,30.07216
91,3,14,1971,29.97411
91,3,14,1972,30.47834
91,3,14,1973,30.41409
91,3,14,1974,30.23705
91,3,14,1975,29.9212
91,3,14,1976,30.19821
91,3,14,1977,30.59862
91,3,14,1978,30.96741
91,3,14,1979,31.30301
91,3,14,1980,31.44586
91,3,14,1981,31.55911
91,3,14,1982,31.90616
91,3,14,1983,31.90187
91,3,14,1984,31.90722
91,3,14,1985,32.09042
91,3,14,1986,32.32034
91,3,14,1987,32.559
91,3,14,1988,32.63859
91,3,14,1989,32.81891
91,3,14,1990,32.69174
91,3,14,1991,32.74295
91,3,14,1992,32.97507
91,3,14,1993,33.04838
91,3,14,1994,33.47481
91,3,14,1995,33.54773
91,3,14,1996,33.61751
91,3,14,1997,33.89062
91,3,14,1998,34.07325
91,3,14,1999,34.19663
91,3,14,2000,34.49709
91,3,14,2001,34.74927
91,3,14,2002,34.91007
91,3,14,2003,35.07932
91,3,14,2004,35.56641
91,3,14,2005,35.85089
91,3,14,2006,36.15963
91,3,14,2007,36.28653
91,3,14,2008,36.48237
91,3,14,2009,36.64142
91,3,14,2010,36.85922
91,3,14,2011,37.10381
91,3,14,2012,37.27132
91,3,14,2013,37.46756
91,3,14,2014,37.70664
91,3,14,2015,37.8352
91,3,14,2016,37.86284
91,3,14,2017,37.95246
91,3,14,2018,38.08092
91,3,14,2019,38.13972
92,1,14,1950,26.62214
92,1,14,1951,26.46863
92,1,14,1952,27.60791
92,1,14,1953,27.95451
92,1,14,1954,28.29153
92,1,14,1955,28.11582
92,1,14,1956,27.71318
92,1,14,1957,27.69893
92,1,14,1958,28.6338
92,1,14,1959,28.64077
92,1,14,1960,28.82567
92,1,14,1961,29.01948
92,1,14,1962,28.75397
92,1,14,1963,28.69875
92,1,14,1964,28.96591
92,1,14,1965,29.19036
92,1,14,1966,29.24431
92,1,14,1967,29.24544
92,1,14,1968,29.2155
92,1,14,1969,28.95249
92,1,14,1970,29.26459
92,1,14,1971,29.08642
92,1,14,1972,29.57332
92,1,14,1973,29.52223
92,1,14,1974,29.62643
92,1,14,1975,29.72008
92,1,14,1976,29.87584
92,1,14,1977,30.12262
92,1,14,1978,30.30524
92,1,14,1979,30.57522
92,1,14,1980,30.82835
92,1,14,1981,30.9585
92,1,14,1982,31.19512
92,1,14,1983,31.17617
92,1,14,1984,31.20911
92,1,14,1985,31.19876
92,1,14,1986,31.43868
92,1,14,1987,31.62607
92,1,14,1988,31.66365
92,1,14,1989,31.6949
92,1,14,1990,31.7745
92,1,14,1991,31.89416
92,1,14,1992,32.14119
92,1,14,1993,32.31822
92,1,14,1994,32.49947
92,1,14,1995,32.53557
92,1,14,1996,32.64087
92,1,14,1997,32.97425
92,1,14,1998,33.02454
92,1,14,1999,33.03603
92,1,14,2000,33.39728
92,1,14,2001,33.62784
92,1,14,2002,33.74594
92,1,14,2003,33.8291
92,1,14,2004,34.08374
92,1,14,2005,34.24333
92,1,14,2006,34.5687
92,1,14,2007,34.71037
92,1,14,2008,34.94496
92,1,14,2009,35.23299
92,1,14,2010,35.47548
92,1,14,2011,35.6492
92,1,14,2012,35.77962
92,1,14,2013,36.05413
92,1,14,2014,36.17342
92,1,14,2015,36.12697
92,1,14,2016,36.31039
92,1,14,2017,36.4243
92,1,14,2018,36.64516
92,1,14,2019,36.75833
92,2,14,1950,30.13431
92,2,14,1951,29.94949
92,2,14,1952,30.90801
92,2,14,1953,31.21234
92,2,14,1954,31.52464
92,2,14,1955,31.48455
92,2,14,1956,31.22369
92,2,14,1957,31.30945
92,2,14,1958,32.19363
92,2,14,1959,32.34512
92,2,14,1960,32.52027
92,2,14,1961,32.70806
92,2,14,1962,32.55308
92,2,14,1963,32.62409
92,2,14,1964,32.9532
92,2,14,1965,33.1669
92,2,14,1966,33.27074
92,2,14,1967,33.30018
92,2,14,1968,33.29084
92,2,14,1969,33.09724
92,2,14,1970,33.41915
92,2,14,1971,33.39107
92,2,14,1972,33.78566
92,2,14,1973,33.80996
92,2,14,1974,34.00093
92,2,14,1975,34.23449
92,2,14,1976,34.46677
92,2,14,1977,34.80654
92,2,14,1978,35.08546
92,2,14,1979,35.4515
92,2,14,1980,35.76076
92,2,14,1981,35.98131
92,2,14,1982,36.25388
92,2,14,1983,36.28475
92,2,14,1984,36.48733
92,2,14,1985,36.56527
92,2,14,1986,36.75128
92,2,14,1987,36.97281
92,2,14,1988,37.10788
92,2,14,1989,37.25794
92,2,14,1990,37.37627
92,2,14,1991,37.57862
92,2,14,1992,37.89187
92,2,14,1993,38.06755
92,2,14,1994,38.26963
92,2,14,1995,38.44641
92,2,14,1996,38.5912
92,2,14,1997,38.81539
92,2,14,1998,38.89493
92,2,14,1999,38.96453
92,2,14,2000,39.26486
92,2,14,2001,39.48864
92,2,14,2002,39.59258
92,2,14,2003,39.60739
92,2,14,2004,39.86166
92,2,14,2005,40.01638
92,2,14,2006,40.2868
92,2,14,2007,40.41569
92,2,14,2008,40.54304
92,2,14,2009,40.78628
92,2,14,2010,41.03061
92,2,14,2011,41.10359
92,2,14,2012,41.20104
92,2,14,2013,41.36842
92,2,14,2014,41.4463
92,2,14,2015,41.36661
92,2,14,2016,41.56141
92,2,14,2017,41.6591
92,2,14,2018,41.62701
92,2,14,2019,41.63708
92,3,14,1950,28.45079
92,3,14,1951,28.29527
92,3,14,1952,29.34177
92,3,14,1953,29.67306
92,3,14,1954,29.99497
92,3,14,1955,29.88892
92,3,14,1956,29.55336
92,3,14,1957,29.59092
92,3,14,1958,30.51157
92,3,14,1959,30.58597
92,3,14,1960,30.7741
92,3,14,1961,30.96059
92,3,14,1962,30.74756
92,3,14,1963,30.75122
92,3,14,1964,31.04816
92,3,14,1965,31.26934
92,3,14,1966,31.34476
92,3,14,1967,31.35983
92,3,14,1968,31.33626
92,3,14,1969,31.10153
92,3,14,1970,31.42305
92,3,14,1971,31.31276
92,3,14,1972,31.75916
92,3,14,1973,31.74319
92,3,14,1974,31.88747
92,3,14,1975,32.05279
92,3,14,1976,32.24888
92,3,14,1977,32.54478
92,3,14,1978,32.77678
92,3,14,1979,33.09567
92,3,14,1980,33.378
92,3,14,1981,33.55062
92,3,14,1982,33.80857
92,3,14,1983,33.81135
92,3,14,1984,33.92382
92,3,14,1985,33.95404
92,3,14,1986,34.16845
92,3,14,1987,34.37505
92,3,14,1988,34.45584
92,3,14,1989,34.54368
92,3,14,1990,34.63639
92,3,14,1991,34.79882
92,3,14,1992,35.08465
92,3,14,1993,35.24953
92,3,14,1994,35.43829
92,3,14,1995,35.53681
92,3,14,1996,35.66088
92,3,14,1997,35.9405
92,3,14,1998,35.99966
92,3,14,1999,36.0332
92,3,14,2000,36.37226
92,3,14,2001,36.5986
92,3,14,2002,36.7053
92,3,14,2003,36.75266
92,3,14,2004,37.00805
92,3,14,2005,37.16326
92,3,14,2006,37.466
92,3,14,2007,37.60071
92,3,14,2008,37.78183
92,3,14,2009,38.05327
92,3,14,2010,38.30051
92,3,14,2011,38.42557
92,3,14,2012,38.53873
92,3,14,2013,38.76618
92,3,14,2014,38.86782
92,3,14,2015,38.80244
92,3,14,2016,38.98657
92,3,14,2017,39.10211
92,3,14,2018,39.19145
92,3,14,2019,39.26099
93,1,14,1950,29.83119
93,1,14,1951,29.97809
93,1,14,1952,30.17481
93,1,14,1953,30.20642
93,1,14,1954,30.3275
93,1,14,1955,30.35956
93,1,14,1956,30.34243
93,1,14,1957,30.3034
93,1,14,1958,30.56152
93,1,14,1959,30.60431
93,1,14,1960,30.45188
93,1,14,1961,30.50955
93,1,14,1962,30.41709
93,1,14,1963,30.51737
93,1,14,1964,30.55715
93,1,14,1965,30.58888
93,1,14,1966,30.58491
93,1,14,1967,30.54117
93,1,14,1968,30.50882
93,1,14,1969,30.53453
93,1,14,1970,30.68937
93,1,14,1971,30.59554
93,1,14,1972,30.52085
93,1,14,1973,30.49137
93,1,14,1974,30.44545
93,1,14,1975,30.42235
93,1,14,1976,30.39667
93,1,14,1977,30.50973
93,1,14,1978,30.57136
93,1,14,1979,30.57118
93,1,14,1980,30.69809
93,1,14,1981,30.85162
93,1,14,1982,31.06201
93,1,14,1983,31.26959
93,1,14,1984,31.41734
93,1,14,1985,31.44833
93,1,14,1986,31.61455
93,1,14,1987,31.75049
93,1,14,1988,31.92641
93,1,14,1989,32.24537
93,1,14,1990,32.40851
93,1,14,1991,32.46838
93,1,14,1992,32.7124
93,1,14,1993,32.86473
93,1,14,1994,33.1667
93,1,14,1995,33.30318
93,1,14,1996,33.49081
93,1,14,1997,33.66179
93,1,14,1998,33.85115
93,1,14,1999,34.02911
93,1,14,2000,34.32836
93,1,14,2001,34.50758
93,1,14,2002,34.66183
93,1,14,2003,34.84797
93,1,14,2004,35.02268
93,1,14,2005,35.29608
93,1,14,2006,35.5358
93,1,14,2007,35.76418
93,1,14,2008,36.0007
93,1,14,2009,36.18128
93,1,14,2010,36.35942
93,1,14,2011,36.51801
93,1,14,2012,36.69416
93,1,14,2013,36.89292
93,1,14,2014,37.12759
93,1,14,2015,37.20267
93,1,14,2016,37.36196
93,1,14,2017,37.43465
93,1,14,2018,37.51426
93,1,14,2019,37.54276
93,2,14,1950,31.33301
93,2,14,1951,31.5213
93,2,14,1952,31.79555
93,2,14,1953,31.88227
93,2,14,1954,32.17054
93,2,14,1955,32.38685
93,2,14,1956,32.56256
93,2,14,1957,32.57575
93,2,14,1958,32.79999
93,2,14,1959,33.05536
93,2,14,1960,33.02254
93,2,14,1961,33.22391
93,2,14,1962,33.40473
93,2,14,1963,33.56334
93,2,14,1964,33.77446
93,2,14,1965,33.9312
93,2,14,1966,34.10319
93,2,14,1967,34.18263
93,2,14,1968,34.2012
93,2,14,1969,34.35078
93,2,14,1970,34.71227
93,2,14,1971,34.91649
93,2,14,1972,35.0107
93,2,14,1973,35.14545
93,2,14,1974,35.25718
93,2,14,1975,35.34467
93,2,14,1976,35.50538
93,2,14,1977,35.70523
93,2,14,1978,35.86877
93,2,14,1979,35.91542
93,2,14,1980,35.995
93,2,14,1981,36.20002
93,2,14,1982,36.387
93,2,14,1983,36.6608
93,2,14,1984,36.79707
93,2,14,1985,36.79418
93,2,14,1986,36.93642
93,2,14,1987,37.02149
93,2,14,1988,37.02243
93,2,14,1989,37.31969
93,2,14,1990,37.35412
93,2,14,1991,37.43223
93,2,14,1992,37.50636
93,2,14,1993,37.59875
93,2,14,1994,37.83437
93,2,14,1995,38.01794
93,2,14,1996,38.0707
93,2,14,1997,38.25921
93,2,14,1998,38.31661
93,2,14,1999,38.35201
93,2,14,2000,38.41522
93,2,14,2001,38.49499
93,2,14,2002,38.59224
93,2,14,2003,38.82479
93,2,14,2004,38.97892
93,2,14,2005,39.16101
93,2,14,2006,39.20511
93,2,14,2007,39.29712
93,2,14,2008,39.47435
93,2,14,2009,39.58027
93,2,14,2010,39.71757
93,2,14,2011,39.7699
93,2,14,2012,39.87835
93,2,14,2013,40.00525
93,2,14,2014,40.13967
93,2,14,2015,40.2743
93,2,14,2016,40.26199
93,2,14,2017,40.29439
93,2,14,2018,40.32534
93,2,14,2019,40.50319
93,3,14,1950,30.56773
93,3,14,1951,30.74402
93,3,14,1952,30.97305
93,3,14,1953,31.03243
93,3,14,1954,31.24103
93,3,14,1955,31.35999
93,3,14,1956,31.43787
93,3,14,1957,31.41831
93,3,14,1958,31.66843
93,3,14,1959,31.81348
93,3,14,1960,31.71828
93,3,14,1961,31.84866
93,3,14,1962,31.88322
93,3,14,1963,32.0111
93,3,14,1964,32.13262
93,3,14,1965,32.22862
93,3,14,1966,32.31033
93,3,14,1967,32.32062
93,3,14,1968,32.32142
93,3,14,1969,32.40005
93,3,14,1970,32.65976
93,3,14,1971,32.70391
93,3,14,1972,32.70988
93,3,14,1973,32.7576
93,3,14,1974,32.7876
93,3,14,1975,32.81067
93,3,14,1976,32.87699
93,3,14,1977,33.04201
93,3,14,1978,33.16142
93,3,14,1979,33.17447
93,3,14,1980,33.28992
93,3,14,1981,33.47162
93,3,14,1982,33.68095
93,3,14,1983,33.91868
93,3,14,1984,34.07105
93,3,14,1985,34.09036
93,3,14,1986,34.24639
93,3,14,1987,34.36429
93,3,14,1988,34.46324
93,3,14,1989,34.78539
93,3,14,1990,34.87983
93,3,14,1991,34.95401
93,3,14,1992,35.12114
93,3,14,1993,35.24613
93,3,14,1994,35.521
93,3,14,1995,35.67768
93,3,14,1996,35.80931
93,3,14,1997,35.98317
93,3,14,1998,36.11367
93,3,14,1999,36.21955
93,3,14,2000,36.40741
93,3,14,2001,36.53752
93,3,14,2002,36.6602
93,3,14,2003,36.86509
93,3,14,2004,37.03424
93,3,14,2005,37.26087
93,3,14,2006,37.39743
93,3,14,2007,37.5618
93,3,14,2008,37.7628
93,3,14,2009,37.90094
93,3,14,2010,38.05818
93,3,14,2011,38.16365
93,3,14,2012,38.29895
93,3,14,2013,38.45555
93,3,14,2014,38.63329
93,3,14,2015,38.73776
93,3,14,2016,38.80814
93,3,14,2017,38.85786
93,3,14,2018,38.89279
93,3,14,2019,38.98572
94,1,14,1950,27.92611
94,1,14,1951,27.86553
94,1,14,1952,28.19174
94,1,14,1953,28.11821
94,1,14,1954,28.23674
94,1,14,1955,28.28515
94,1,14,1956,28.30384
94,1,14,1957,28.4304
94,1,14,1958,28.77952
94,1,14,1959,28.81714
94,1,14,1960,28.77056
94,1,14,1961,28.78144
94,1,14,1962,28.6041
94,1,14,1963,28.54382
94,1,14,1964,28.82864
94,1,14,1965,28.93016
94,1,14,1966,29.00079
94,1,14,1967,29.12686
94,1,14,1968,29.08164
94,1,14,1969,29.1311
94,1,14,1970,29.29706
94,1,14,1971,29.52919
94,1,14,1972,29.74875
94,1,14,1973,29.92777
94,1,14,1974,30.08087
94,1,14,1975,30.20145
94,1,14,1976,30.38027
94,1,14,1977,30.50639
94,1,14,1978,30.5534
94,1,14,1979,30.71065
94,1,14,1980,30.76864
94,1,14,1981,30.86748
94,1,14,1982,31.02215
94,1,14,1983,31.18375
94,1,14,1984,31.46153
94,1,14,1985,31.64643
94,1,14,1986,31.8575
94,1,14,1987,32.06469
94,1,14,1988,32.25044
94,1,14,1989,32.34889
94,1,14,1990,32.43845
94,1,14,1991,32.58072
94,1,14,1992,32.90178
94,1,14,1993,33.25398
94,1,14,1994,33.49023
94,1,14,1995,33.32587
94,1,14,1996,33.72057
94,1,14,1997,33.94301
94,1,14,1998,34.06577
94,1,14,1999,34.36979
94,1,14,2000,34.57133
94,1,14,2001,34.88478
94,1,14,2002,35.1407
94,1,14,2003,35.34005
94,1,14,2004,35.69641
94,1,14,2005,35.91652
94,1,14,2006,36.16785
94,1,14,2007,36.38693
94,1,14,2008,36.65361
94,1,14,2009,36.78652
94,1,14,2010,37.0037
94,1,14,2011,37.20038
94,1,14,2012,37.37853
94,1,14,2013,37.52601
94,1,14,2014,37.72967
94,1,14,2015,37.83601
94,1,14,2016,38.12131
94,1,14,2017,38.24638
94,1,14,2018,38.39422
94,1,14,2019,38.4683
94,2,14,1950,30.97159
94,2,14,1951,30.9924
94,2,14,1952,31.27284
94,2,14,1953,31.44216
94,2,14,1954,31.57424
94,2,14,1955,31.62218
94,2,14,1956,31.73939
94,2,14,1957,32.05729
94,2,14,1958,32.45268
94,2,14,1959,32.59797
94,2,14,1960,32.72288
94,2,14,1961,32.90501
94,2,14,1962,32.81085
94,2,14,1963,32.84624
94,2,14,1964,33.16695
94,2,14,1965,33.24629
94,2,14,1966,33.36981
94,2,14,1967,33.63567
94,2,14,1968,33.61585
94,2,14,1969,33.74674
94,2,14,1970,34.0127
94,2,14,1971,34.20776
94,2,14,1972,34.52111
94,2,14,1973,34.80626
94,2,14,1974,35.15945
94,2,14,1975,35.42992
94,2,14,1976,35.63478
94,2,14,1977,35.88455
94,2,14,1978,36.03404
94,2,14,1979,36.1668
94,2,14,1980,36.27214
94,2,14,1981,36.45238
94,2,14,1982,36.6065
94,2,14,1983,36.93615
94,2,14,1984,37.1914
94,2,14,1985,37.3881
94,2,14,1986,37.5898
94,2,14,1987,37.80711
94,2,14,1988,37.95136
94,2,14,1989,38.08722
94,2,14,1990,38.113
94,2,14,1991,38.30097
94,2,14,1992,38.52218
94,2,14,1993,38.67053
94,2,14,1994,38.85627
94,2,14,1995,38.71728
94,2,14,1996,38.85282
94,2,14,1997,38.93587
94,2,14,1998,39.18676
94,2,14,1999,39.29307
94,2,14,2000,39.40895
94,2,14,2001,39.66208
94,2,14,2002,39.72453
94,2,14,2003,39.8026
94,2,14,2004,40.08224
94,2,14,2005,40.30236
94,2,14,2006,40.45543
94,2,14,2007,40.57361
94,2,14,2008,40.67781
94,2,14,2009,40.77632
94,2,14,2010,40.94994
94,2,14,2011,41.17496
94,2,14,2012,41.13755
94,2,14,2013,41.25764
94,2,14,2014,41.4129
94,2,14,2015,41.51305
94,2,14,2016,41.58289
94,2,14,2017,41.7127
94,2,14,2018,41.74458
94,2,14,2019,41.80038
94,3,14,1950,29.49722
94,3,14,1951,29.47546
94,3,14,1952,29.78202
94,3,14,1953,29.83019
94,3,14,1954,29.95544
94,3,14,1955,30.00467
94,3,14,1956,30.07137
94,3,14,1957,30.28893
94,3,14,1958,30.6698
94,3,14,1959,30.76491
94,3,14,1960,30.79778
94,3,14,1961,30.8934
94,3,14,1962,30.75957
94,3,14,1963,30.73785
94,3,14,1964,31.04956
94,3,14,1965,31.14165
94,3,14,1966,31.2375
94,3,14,1967,31.43581
94,3,14,1968,31.39982
94,3,14,1969,31.49917
94,3,14,1970,31.71185
94,3,14,1971,31.92742
94,3,14,1972,32.20256
94,3,14,1973,32.43105
94,3,14,1974,32.68252
94,3,14,1975,32.8796
94,3,14,1976,33.08076
94,3,14,1977,33.26867
94,3,14,1978,33.36892
94,3,14,1979,33.51416
94,3,14,1980,33.59881
94,3,14,1981,33.73381
94,3,14,1982,33.88601
94,3,14,1983,34.1361
94,3,14,1984,34.42838
94,3,14,1985,34.61758
94,3,14,1986,34.80799
94,3,14,1987,35.029
94,3,14,1988,35.2013
94,3,14,1989,35.31202
94,3,14,1990,35.36908
94,3,14,1991,35.53384
94,3,14,1992,35.80597
94,3,14,1993,36.07423
94,3,14,1994,36.28182
94,3,14,1995,36.12509
94,3,14,1996,36.39686
94,3,14,1997,36.55533
94,3,14,1998,36.73429
94,3,14,1999,36.9481
94,3,14,2000,37.11148
94,3,14,2001,37.39306
94,3,14,2002,37.54288
94,3,14,2003,37.68528
94,3,14,2004,37.99671
94,3,14,2005,38.2184
94,3,14,2006,38.41075
94,3,14,2007,38.56856
94,3,14,2008,38.75327
94,3,14,2009,38.85744
94,3,14,2010,39.05296
94,3,14,2011,39.26657
94,3,14,2012,39.33222
94,3,14,2013,39.454
94,3,14,2014,39.62937
94,3,14,2015,39.73998
94,3,14,2016,39.92914
94,3,14,2017,40.05397
94,3,14,2018,40.13386
94,3,14,2019,40.19944
95,1,14,1950,26.65242
95,1,14,1951,26.41872
95,1,14,1952,26.78051
95,1,14,1953,27.07705
95,1,14,1954,27.11616
95,1,14,1955,27.06618
95,1,14,1956,27.09782
95,1,14,1957,27.09703
95,1,14,1958,27.17109
95,1,14,1959,27.22553
95,1,14,1960,27.27923
95,1,14,1961,27.15308
95,1,14,1962,27.09016
95,1,14,1963,27.05782
95,1,14,1964,27.32052
95,1,14,1965,27.36984
95,1,14,1966,27.38159
95,1,14,1967,27.58713
95,1,14,1968,27.43414
95,1,14,1969,27.32587
95,1,14,1970,27.47623
95,1,14,1971,27.63816
95,1,14,1972,27.54172
95,1,14,1973,27.63086
95,1,14,1974,27.77657
95,1,14,1975,27.93562
95,1,14,1976,27.98873
95,1,14,1977,28.20028
95,1,14,1978,28.21212
95,1,14,1979,28.27056
95,1,14,1980,28.56874
95,1,14,1981,28.79289
95,1,14,1982,28.95461
95,1,14,1983,29.12487
95,1,14,1984,29.34903
95,1,14,1985,29.40363
95,1,14,1986,29.58582
95,1,14,1987,29.87732
95,1,14,1988,30.05537
95,1,14,1989,30.25707
95,1,14,1990,30.47519
95,1,14,1991,30.67579
95,1,14,1992,30.89217
95,1,14,1993,30.97302
95,1,14,1994,31.3047
95,1,14,1995,31.4311
95,1,14,1996,31.67812
95,1,14,1997,31.94804
95,1,14,1998,32.12202
95,1,14,1999,32.29575
95,1,14,2000,32.71236
95,1,14,2001,33.02587
95,1,14,2002,33.19075
95,1,14,2003,33.41326
95,1,14,2004,33.80276
95,1,14,2005,34.12728
95,1,14,2006,34.37492
95,1,14,2007,34.63769
95,1,14,2008,34.84633
95,1,14,2009,35.15505
95,1,14,2010,35.39348
95,1,14,2011,35.61509
95,1,14,2012,35.74875
95,1,14,2013,35.77081
95,1,14,2014,35.90945
95,1,14,2015,35.88231
95,1,14,2016,35.94608
95,1,14,2017,36.03276
95,1,14,2018,35.93404
95,1,14,2019,35.95554
95,2,14,1950,30.61244
95,2,14,1951,30.5699
95,2,14,1952,31.11299
95,2,14,1953,31.44838
95,2,14,1954,31.55561
95,2,14,1955,31.57239
95,2,14,1956,31.70868
95,2,14,1957,31.85545
95,2,14,1958,31.9518
95,2,14,1959,32.02629
95,2,14,1960,32.127
95,2,14,1961,32.04354
95,2,14,1962,32.066
95,2,14,1963,32.15607
95,2,14,1964,32.53994
95,2,14,1965,32.62889
95,2,14,1966,32.64259
95,2,14,1967,32.82713
95,2,14,1968,32.71795
95,2,14,1969,32.67944
95,2,14,1970,32.85759
95,2,14,1971,32.98982
95,2,14,1972,32.90489
95,2,14,1973,32.9925
95,2,14,1974,33.10924
95,2,14,1975,33.24284
95,2,14,1976,33.2627
95,2,14,1977,33.49216
95,2,14,1978,33.52567
95,2,14,1979,33.58698
95,2,14,1980,33.81984
95,2,14,1981,33.98666
95,2,14,1982,34.07346
95,2,14,1983,34.24561
95,2,14,1984,34.39938
95,2,14,1985,34.39964
95,2,14,1986,34.57922
95,2,14,1987,34.77134
95,2,14,1988,34.87977
95,2,14,1989,34.95855
95,2,14,1990,35.17861
95,2,14,1991,35.34072
95,2,14,1992,35.48013
95,2,14,1993,35.50858
95,2,14,1994,35.74639
95,2,14,1995,35.83487
95,2,14,1996,35.98776
95,2,14,1997,36.15167
95,2,14,1998,36.25285
95,2,14,1999,36.35363
95,2,14,2000,36.61374
95,2,14,2001,36.90877
95,2,14,2002,37.00478
95,2,14,2003,37.12009
95,2,14,2004,37.45087
95,2,14,2005,37.6851
95,2,14,2006,37.92152
95,2,14,2007,38.09792
95,2,14,2008,38.25887
95,2,14,2009,38.57741
95,2,14,2010,38.74105
95,2,14,2011,38.86201
95,2,14,2012,38.84562
95,2,14,2013,38.88622
95,2,14,2014,38.98301
95,2,14,2015,38.9447
95,2,14,2016,38.98422
95,2,14,2017,39.08442
95,2,14,2018,39.00326
95,2,14,2019,39.01132
95,3,14,1950,28.70808
95,3,14,1951,28.56727
95,3,14,1952,29.02522
95,3,14,1953,29.35017
95,3,14,1954,29.42419
95,3,14,1955,29.40864
95,3,14,1956,29.49414
95,3,14,1957,29.56853
95,3,14,1958,29.65513
95,3,14,1959,29.7222
95,3,14,1960,29.79962
95,3,14,1961,29.69209
95,3,14,1962,29.66901
95,3,14,1963,29.69729
95,3,14,1964,30.02434
95,3,14,1965,30.09151
95,3,14,1966,30.10537
95,3,14,1967,30.30647
95,3,14,1968,30.16327
95,3,14,1969,30.08394
95,3,14,1970,30.25316
95,3,14,1971,30.4032
95,3,14,1972,30.30308
95,3,14,1973,30.39179
95,3,14,1974,30.52326
95,3,14,1975,30.67107
95,3,14,1976,30.70512
95,3,14,1977,30.92582
95,3,14,1978,30.94399
95,3,14,1979,31.00151
95,3,14,1980,31.27089
95,3,14,1981,31.4683
95,3,14,1982,31.59356
95,3,14,1983,31.76538
95,3,14,1984,31.9547
95,3,14,1985,31.97631
95,3,14,1986,32.15841
95,3,14,1987,32.40743
95,3,14,1988,32.54965
95,3,14,1989,32.69381
95,3,14,1990,32.9126
95,3,14,1991,33.08857
95,3,14,1992,33.26682
95,3,14,1993,33.31985
95,3,14,1994,33.60756
95,3,14,1995,33.70913
95,3,14,1996,33.91038
95,3,14,1997,34.12581
95,3,14,1998,34.26081
95,3,14,1999,34.395
95,3,14,2000,34.73627
95,3,14,2001,35.03979
95,3,14,2002,35.16342
95,3,14,2003,35.33195
95,3,14,2004,35.69407
95,3,14,2005,35.96598
95,3,14,2006,36.207
95,3,14,2007,36.42385
95,3,14,2008,36.60592
95,3,14,2009,36.9186
95,3,14,2010,37.11621
95,3,14,2011,37.28331
95,3,14,2012,37.33985
95,3,14,2013,37.36606
95,3,14,2014,37.47933
95,3,14,2015,37.44232
95,3,14,2016,37.48933
95,3,14,2017,37.56767
95,3,14,2018,37.46818
95,3,14,2019,37.47684
96,1,14,1950,25.70494
96,1,14,1951,25.82637
96,1,14,1952,26.34437
96,1,14,1953,26.22428
96,1,14,1954,26.18381
96,1,14,1955,25.90918
96,1,14,1956,26.18115
96,1,14,1957,26.22657
96,1,14,1958,26.5887
96,1,14,1959,26.41311
96,1,14,1960,26.33106
96,1,14,1961,26.64214
96,1,14,1962,26.4368
96,1,14,1963,26.30378
96,1,14,1964,26.33657
96,1,14,1965,26.39487
96,1,14,1966,26.5459
96,1,14,1967,26.49316
96,1,14,1968,26.23175
96,1,14,1969,26.06553
96,1,14,1970,26.39394
96,1,14,1971,26.70817
96,1,14,1972,26.78949
96,1,14,1973,27.11494
96,1,14,1974,27.45435
96,1,14,1975,27.71965
96,1,14,1976,27.60244
96,1,14,1977,27.33764
96,1,14,1978,27.53277
96,1,14,1979,27.66805
96,1,14,1980,27.78629
96,1,14,1981,27.89373
96,1,14,1982,28.18005
96,1,14,1983,27.84684
96,1,14,1984,27.85658
96,1,14,1985,28.51575
96,1,14,1986,28.77707
96,1,14,1987,28.86838
96,1,14,1988,28.84782
96,1,14,1989,28.92876
96,1,14,1990,28.99809
96,1,14,1991,29.28212
96,1,14,1992,29.3649
96,1,14,1993,29.51466
96,1,14,1994,29.74353
96,1,14,1995,29.73923
96,1,14,1996,29.7694
96,1,14,1997,29.91013
96,1,14,1998,29.96364
96,1,14,1999,30.01912
96,1,14,2000,30.37188
96,1,14,2001,30.43813
96,1,14,2002,30.42392
96,1,14,2003,30.49872
96,1,14,2004,30.82979
96,1,14,2005,31.11876
96,1,14,2006,31.3078
96,1,14,2007,31.27993
96,1,14,2008,31.64661
96,1,14,2009,31.80053
96,1,14,2010,31.87604
96,1,14,2011,32.02937
96,1,14,2012,32.13793
96,1,14,2013,32.24616
96,1,14,2014,32.45017
96,1,14,2015,32.45736
96,1,14,2016,32.37269
96,1,14,2017,32.45199
96,1,14,2018,32.6729
96,1,14,2019,32.78768
96,2,14,1950,29.90469
96,2,14,1951,29.9402
96,2,14,1952,30.39202
96,2,14,1953,30.359
96,2,14,1954,30.45324
96,2,14,1955,30.35699
96,2,14,1956,30.75603
96,2,14,1957,30.7485
96,2,14,1958,31.05194
96,2,14,1959,30.97249
96,2,14,1960,31.07467
96,2,14,1961,31.49025
96,2,14,1962,31.49916
96,2,14,1963,31.5252
96,2,14,1964,31.5609
96,2,14,1965,31.63058
96,2,14,1966,31.7791
96,2,14,1967,31.86158
96,2,14,1968,31.79924
96,2,14,1969,31.72006
96,2,14,1970,31.91886
96,2,14,1971,32.10622
96,2,14,1972,32.12326
96,2,14,1973,32.30479
96,2,14,1974,32.445
96,2,14,1975,32.387
96,2,14,1976,32.05468
96,2,14,1977,32.90978
96,2,14,1978,33.27839
96,2,14,1979,33.33882
96,2,14,1980,33.38367
96,2,14,1981,33.63619
96,2,14,1982,33.92733
96,2,14,1983,33.65369
96,2,14,1984,33.66389
96,2,14,1985,34.06886
96,2,14,1986,34.29155
96,2,14,1987,34.35474
96,2,14,1988,34.39474
96,2,14,1989,34.57895
96,2,14,1990,34.71407
96,2,14,1991,34.94977
96,2,14,1992,35.09268
96,2,14,1993,35.24435
96,2,14,1994,35.53618
96,2,14,1995,35.60934
96,2,14,1996,35.71408
96,2,14,1997,35.76942
96,2,14,1998,35.71175
96,2,14,1999,35.72075
96,2,14,2000,36.03356
96,2,14,2001,36.0916
96,2,14,2002,36.13853
96,2,14,2003,36.10023
96,2,14,2004,36.27965
96,2,14,2005,36.50399
96,2,14,2006,36.63845
96,2,14,2007,36.60761
96,2,14,2008,36.95162
96,2,14,2009,37.00376
96,2,14,2010,36.9493
96,2,14,2011,37.00394
96,2,14,2012,37.12093
96,2,14,2013,37.19259
96,2,14,2014,37.29591
96,2,14,2015,37.25879
96,2,14,2016,37.14627
96,2,14,2017,37.1731
96,2,14,2018,37.34973
96,2,14,2019,37.43354
96,3,14,1950,27.63181
96,3,14,1951,27.70835
96,3,14,1952,28.20638
96,3,14,1953,28.12472
96,3,14,1954,28.1429
96,3,14,1955,27.94205
96,3,14,1956,28.27808
96,3,14,1957,28.31726
96,3,14,1958,28.66636
96,3,14,1959,28.52605
96,3,14,1960,28.52983
96,3,14,1961,28.90278
96,3,14,1962,28.78494
96,3,14,1963,28.72312
96,3,14,1964,28.76706
96,3,14,1965,28.83924
96,3,14,1966,29.00263
96,3,14,1967,29.01712
96,3,14,1968,28.84425
96,3,14,1969,28.72473
96,3,14,1970,29.01357
96,3,14,1971,29.2865
96,3,14,1972,29.35156
96,3,14,1973,29.63555
96,3,14,1974,29.88256
96,3,14,1975,30.00692
96,3,14,1976,29.79679
96,3,14,1977,30.04163
96,3,14,1978,30.32347
96,3,14,1979,30.43223
96,3,14,1980,30.52482
96,3,14,1981,30.70426
96,3,14,1982,30.99755
96,3,14,1983,30.69156
96,3,14,1984,30.71123
96,3,14,1985,31.26765
96,3,14,1986,31.52036
96,3,14,1987,31.60062
96,3,14,1988,31.6064
96,3,14,1989,31.74202
96,3,14,1990,31.84644
96,3,14,1991,32.11859
96,3,14,1992,32.2302
96,3,14,1993,32.38435
96,3,14,1994,32.64821
96,3,14,1995,32.68266
96,3,14,1996,32.75129
96,3,14,1997,32.85356
96,3,14,1998,32.85594
96,3,14,1999,32.8928
96,3,14,2000,33.2338
96,3,14,2001,33.30021
96,3,14,2002,33.31414
96,3,14,2003,33.33108
96,3,14,2004,33.59986
96,3,14,2005,33.86096
96,3,14,2006,34.02642
96,3,14,2007,33.99332
96,3,14,2008,34.35287
96,3,14,2009,34.46031
96,3,14,2010,34.4792
96,3,14,2011,34.58628
96,3,14,2012,34.69169
96,3,14,2013,34.78639
96,3,14,2014,34.94982
96,3,14,2015,34.92308
96,3,14,2016,34.82408
96,3,14,2017,34.8722
96,3,14,2018,35.08022
96,3,14,2019,35.18559
97,1,14,1950,26.2374
97,1,14,1951,26.36433
97,1,14,1952,26.68274
97,1,14,1953,26.40753
97,1,14,1954,26.52473
97,1,14,1955,26.18422
97,1,14,1956,26.44905
97,1,14,1957,26.50766
97,1,14,1958,26.8648
97,1,14,1959,26.74377
97,1,14,1960,26.66366
97,1,14,1961,26.8463
97,1,14,1962,26.68506
97,1,14,1963,26.66742
97,1,14,1964,26.5239
97,1,14,1965,26.53315
97,1,14,1966,26.70942
97,1,14,1967,26.63125
97,1,14,1968,26.27493
97,1,14,1969,26.04669
97,1,14,1970,26.40294
97,1,14,1971,26.90591
97,1,14,1972,27.12081
97,1,14,1973,27.35952
97,1,14,1974,27.53282
97,1,14,1975,27.79425
97,1,14,1976,27.72234
97,1,14,1977,27.29435
97,1,14,1978,27.51292
97,1,14,1979,27.62768
97,1,14,1980,27.71807
97,1,14,1981,27.68535
97,1,14,1982,28.05656
97,1,14,1983,27.73667
97,1,14,1984,27.74573
97,1,14,1985,28.44019
97,1,14,1986,28.59653
97,1,14,1987,28.54816
97,1,14,1988,28.5665
97,1,14,1989,28.72596
97,1,14,1990,28.8069
97,1,14,1991,28.9766
97,1,14,1992,28.93615
97,1,14,1993,29.1264
97,1,14,1994,29.39999
97,1,14,1995,29.44316
97,1,14,1996,29.42797
97,1,14,1997,29.44921
97,1,14,1998,29.44153
97,1,14,1999,29.44918
97,1,14,2000,29.7984
97,1,14,2001,29.85529
97,1,14,2002,29.7545
97,1,14,2003,29.83327
97,1,14,2004,30.21551
97,1,14,2005,30.4768
97,1,14,2006,30.61052
97,1,14,2007,30.53302
97,1,14,2008,30.89738
97,1,14,2009,31.12541
97,1,14,2010,31.22113
97,1,14,2011,31.32252
97,1,14,2012,31.40397
97,1,14,2013,31.51197
97,1,14,2014,31.71384
97,1,14,2015,31.67109
97,1,14,2016,31.42744
97,1,14,2017,31.48569
97,1,14,2018,31.7172
97,1,14,2019,31.79866
97,2,14,1950,30.80439
97,2,14,1951,30.85463
97,2,14,1952,31.15193
97,2,14,1953,31.02687
97,2,14,1954,31.22632
97,2,14,1955,31.06727
97,2,14,1956,31.43844
97,2,14,1957,31.50657
97,2,14,1958,31.73299
97,2,14,1959,31.74153
97,2,14,1960,31.94388
97,2,14,1961,32.21949
97,2,14,1962,32.25964
97,2,14,1963,32.33242
97,2,14,1964,32.27004
97,2,14,1965,32.30275
97,2,14,1966,32.47936
97,2,14,1967,32.56567
97,2,14,1968,32.41617
97,2,14,1969,32.33715
97,2,14,1970,32.52944
97,2,14,1971,32.75858
97,2,14,1972,32.78813
97,2,14,1973,32.85371
97,2,14,1974,32.86708
97,2,14,1975,32.62548
97,2,14,1976,32.21972
97,2,14,1977,33.24669
97,2,14,1978,33.65838
97,2,14,1979,33.7405
97,2,14,1980,33.72035
97,2,14,1981,33.82399
97,2,14,1982,34.10308
97,2,14,1983,33.77795
97,2,14,1984,33.76626
97,2,14,1985,34.21895
97,2,14,1986,34.43181
97,2,14,1987,34.46357
97,2,14,1988,34.47938
97,2,14,1989,34.66533
97,2,14,1990,34.7913
97,2,14,1991,34.99804
97,2,14,1992,35.07589
97,2,14,1993,35.25538
97,2,14,1994,35.55657
97,2,14,1995,35.59473
97,2,14,1996,35.66062
97,2,14,1997,35.65476
97,2,14,1998,35.56197
97,2,14,1999,35.52627
97,2,14,2000,35.81115
97,2,14,2001,35.85897
97,2,14,2002,35.85592
97,2,14,2003,35.79087
97,2,14,2004,35.99267
97,2,14,2005,36.22102
97,2,14,2006,36.30939
97,2,14,2007,36.22663
97,2,14,2008,36.54928
97,2,14,2009,36.59467
97,2,14,2010,36.52725
97,2,14,2011,36.56969
97,2,14,2012,36.66875
97,2,14,2013,36.70517
97,2,14,2014,36.76279
97,2,14,2015,36.66845
97,2,14,2016,36.41161
97,2,14,2017,36.44684
97,2,14,2018,36.64477
97,2,14,2019,36.71783
97,3,14,1950,28.27453
97,3,14,1951,28.3642
97,3,14,1952,28.67866
97,3,14,1953,28.46922
97,3,14,1954,28.62271
97,3,14,1955,28.35731
97,3,14,1956,28.68082
97,3,14,1957,28.76999
97,3,14,1958,29.08984
97,3,14,1959,29.01384
97,3,14,1960,29.05045
97,3,14,1961,29.28626
97,3,14,1962,29.21697
97,3,14,1963,29.24439
97,3,14,1964,29.14187
97,3,14,1965,29.17189
97,3,14,1966,29.3704
97,3,14,1967,29.37086
97,3,14,1968,29.1072
97,3,14,1969,28.94904
97,3,14,1970,29.25985
97,3,14,1971,29.67192
97,3,14,1972,29.82215
97,3,14,1973,30.0151
97,3,14,1974,30.11177
97,3,14,1975,30.15338
97,3,14,1976,29.93469
97,3,14,1977,30.15889
97,3,14,1978,30.46997
97,3,14,1979,30.57847
97,3,14,1980,30.63221
97,3,14,1981,30.66171
97,3,14,1982,31.00683
97,3,14,1983,30.68304
97,3,14,1984,30.6879
97,3,14,1985,31.29212
97,3,14,1986,31.48026
97,3,14,1987,31.46839
97,3,14,1988,31.48567
97,3,14,1989,31.67109
97,3,14,1990,31.77499
97,3,14,1991,31.97059
97,3,14,1992,31.98422
97,3,14,1993,32.17893
97,3,14,1994,32.47248
97,3,14,1995,32.5125
97,3,14,1996,32.53943
97,3,14,1997,32.55382
97,3,14,1998,32.50144
97,3,14,1999,32.49435
97,3,14,2000,32.82715
97,3,14,2001,32.88086
97,3,14,2002,32.82422
97,3,14,2003,32.83381
97,3,14,2004,33.1385
97,3,14,2005,33.39601
97,3,14,2006,33.50318
97,3,14,2007,33.41713
97,3,14,2008,33.76967
97,3,14,2009,33.91572
97,3,14,2010,33.94404
97,3,14,2011,34.01109
97,3,14,2012,34.09107
97,3,14,2013,34.1674
97,3,14,2014,34.31713
97,3,14,2015,34.23041
97,3,14,2016,33.96679
97,3,14,2017,34.00521
97,3,14,2018,34.23263
97,3,14,2019,34.32435
98,1,14,1950,23.41854
98,1,14,1951,23.46382
98,1,14,1952,24.7497
98,1,14,1953,24.91422
98,1,14,1954,24.44046
98,1,14,1955,24.19515
98,1,14,1956,24.55994
98,1,14,1957,24.58573
98,1,14,1958,25.05683
98,1,14,1959,24.78763
98,1,14,1960,24.48904
98,1,14,1961,25.29168
98,1,14,1962,24.8155
98,1,14,1963,24.31766
98,1,14,1964,24.97702
98,1,14,1965,25.2902
98,1,14,1966,25.42332
98,1,14,1967,25.48208
98,1,14,1968,25.45821
98,1,14,1969,25.53962
98,1,14,1970,25.88247
98,1,14,1971,25.76753
98,1,14,1972,25.42444
98,1,14,1973,26.11931
98,1,14,1974,27.09755
98,1,14,1975,27.38277
98,1,14,1976,27.17821
98,1,14,1977,27.39839
98,1,14,1978,27.44904
98,1,14,1979,27.68314
98,1,14,1980,28.03875
98,1,14,1981,28.55128
98,1,14,1982,28.50994
98,1,14,1983,28.10318
98,1,14,1984,28.18192
98,1,14,1985,28.82711
98,1,14,1986,29.50671
98,1,14,1987,30.19648
98,1,14,1988,30.08472
98,1,14,1989,29.78679
98,1,14,1990,29.82512
98,1,14,1991,30.48855
98,1,14,1992,31.04354
98,1,14,1993,31.09406
98,1,14,1994,31.17321
98,1,14,1995,31.01091
98,1,14,1996,31.0784
98,1,14,1997,31.5624
98,1,14,1998,31.85809
98,1,14,1999,32.0188
98,1,14,2000,32.38705
98,1,14,2001,32.41423
98,1,14,2002,32.66084
98,1,14,2003,32.71427
98,1,14,2004,32.8757
98,1,14,2005,33.21332
98,1,14,2006,33.52721
98,1,14,2007,33.68879
98,1,14,2008,33.98872
98,1,14,2009,33.87514
98,1,14,2010,33.86226
98,1,14,2011,34.18905
98,1,14,2012,34.3507
98,1,14,2013,34.418
98,1,14,2014,34.58677
98,1,14,2015,34.73688
98,1,14,2016,35.06654
98,1,14,2017,35.16214
98,1,14,2018,35.28072
98,1,14,2019,35.37622
98,2,14,1950,26.99067
98,2,14,1951,26.93936
98,2,14,1952,27.81916
98,2,14,1953,27.86444
98,2,14,1954,27.77657
98,2,14,1955,27.81138
98,2,14,1956,28.14384
98,2,14,1957,27.92639
98,2,14,1958,28.41693
98,2,14,1959,28.17543
98,2,14,1960,27.92359
98,2,14,1961,28.71791
98,2,14,1962,28.59817
98,2,14,1963,28.44958
98,2,14,1964,28.81092
98,2,14,1965,28.98136
98,2,14,1966,29.13146
98,2,14,1967,29.27871
98,2,14,1968,29.28788
98,2,14,1969,29.22503
98,2,14,1970,29.45981
98,2,14,1971,29.67177
98,2,14,1972,29.64566
98,2,14,1973,30.14692
98,2,14,1974,30.6629
98,2,14,1975,31.01096
98,2,14,1976,30.85363
98,2,14,1977,31.39724
98,2,14,1978,31.7454
98,2,14,1979,31.74153
98,2,14,1980,32.04237
98,2,14,1981,32.63852
98,2,14,1982,32.94708
98,2,14,1983,32.87764
98,2,14,1984,33.05253
98,2,14,1985,33.31562
98,2,14,1986,33.67564
98,2,14,1987,33.88652
98,2,14,1988,34.04217
98,2,14,1989,34.17078
98,2,14,1990,34.33505
98,2,14,1991,34.71146
98,2,14,1992,35.01513
98,2,14,1993,35.18081
98,2,14,1994,35.42232
98,2,14,1995,35.60024
98,2,14,1996,35.8548
98,2,14,1997,36.10638
98,2,14,1998,36.19303
98,2,14,1999,36.32181
98,2,14,2000,36.71255
98,2,14,2001,36.78953
98,2,14,2002,37.02737
98,2,14,2003,37.03999
98,2,14,2004,37.14048
98,2,14,2005,37.35958
98,2,14,2006,37.58136
98,2,14,2007,37.72354
98,2,14,2008,38.08195
98,2,14,2009,38.06634
98,2,14,2010,37.99647
98,2,14,2011,38.17026
98,2,14,2012,38.31431
98,2,14,2013,38.45361
98,2,14,2014,38.67834
98,2,14,2015,38.77697
98,2,14,2016,39.04321
98,2,14,2017,38.9822
98,2,14,2018,39.03975
98,2,14,2019,39.10746
98,3,14,1950,25.1566
98,3,14,1951,25.13859
98,3,14,1952,26.23999
98,3,14,1953,26.35128
98,3,14,1954,26.04429
98,3,14,1955,25.93612
98,3,14,1956,26.28961
98,3,14,1957,26.20084
98,3,14,1958,26.67621
98,3,14,1959,26.42025
98,3,14,1960,26.15619
98,3,14,1961,26.95924
98,3,14,1962,26.64775
98,3,14,1963,26.32061
98,3,14,1964,26.8398
98,3,14,1965,27.09156
98,3,14,1966,27.23705
98,3,14,1967,27.33711
98,3,14,1968,27.33906
98,3,14,1969,27.34576
98,3,14,1970,27.64271
98,3,14,1971,27.6894
98,3,14,1972,27.4937
98,3,14,1973,28.11008
98,3,14,1974,28.87376
98,3,14,1975,29.18853
98,3,14,1976,29.00172
98,3,14,1977,29.38223
98,3,14,1978,29.58118
98,3,14,1979,29.69944
98,3,14,1980,30.03683
98,3,14,1981,30.60025
98,3,14,1982,30.72293
98,3,14,1983,30.46377
98,3,14,1984,30.60164
98,3,14,1985,31.07267
98,3,14,1986,31.60889
98,3,14,1987,32.06044
98,3,14,1988,32.07953
98,3,14,1989,31.98976
98,3,14,1990,32.08981
98,3,14,1991,32.62132
98,3,14,1992,33.05687
98,3,14,1993,33.17248
98,3,14,1994,33.32479
98,3,14,1995,33.3307
98,3,14,1996,33.48323
98,3,14,1997,33.86284
98,3,14,1998,34.05281
98,3,14,1999,34.19923
98,3,14,2000,34.58109
98,3,14,2001,34.62714
98,3,14,2002,34.87342
98,3,14,2003,34.90374
98,3,14,2004,35.03834
98,3,14,2005,35.31717
98,3,14,2006,35.58873
98,3,14,2007,35.74226
98,3,14,2008,36.06891
98,3,14,2009,35.99573
98,3,14,2010,35.9607
98,3,14,2011,36.21808
98,3,14,2012,36.37098
98,3,14,2013,36.47225
98,3,14,2014,36.67576
98,3,14,2015,36.79581
98,3,14,2016,37.1115
98,3,14,2017,37.14353
98,3,14,2018,37.22192
98,3,14,2019,37.31412
99,1,14,1950,26.9983
99,1,14,1951,27.2048
99,1,14,1952,27.37785
99,1,14,1953,27.81326
99,1,14,1954,27.60895
99,1,14,1955,27.50065
99,1,14,1956,27.82237
99,1,14,1957,27.81231
99,1,14,1958,27.93048
99,1,14,1959,27.56696
99,1,14,1960,27.97084
99,1,14,1961,28.13119
99,1,14,1962,28.16443
99,1,14,1963,28.00244
99,1,14,1964,27.94318
99,1,14,1965,27.84975
99,1,14,1966,27.82807
99,1,14,1967,27.70876
99,1,14,1968,27.68428
99,1,14,1969,27.52482
99,1,14,1970,27.63811
99,1,14,1971,27.3874
99,1,14,1972,27.4023
99,1,14,1973,27.63844
99,1,14,1974,27.81608
99,1,14,1975,28.05347
99,1,14,1976,27.84934
99,1,14,1977,27.87339
99,1,14,1978,28.15542
99,1,14,1979,28.25742
99,1,14,1980,28.10134
99,1,14,1981,28.48941
99,1,14,1982,28.75253
99,1,14,1983,28.5298
99,1,14,1984,28.35211
99,1,14,1985,28.75519
99,1,14,1986,28.87684
99,1,14,1987,28.6879
99,1,14,1988,28.55453
99,1,14,1989,28.81914
99,1,14,1990,28.9023
99,1,14,1991,29.17879
99,1,14,1992,29.0737
99,1,14,1993,29.01364
99,1,14,1994,29.19299
99,1,14,1995,29.19045
99,1,14,1996,29.35293
99,1,14,1997,29.58907
99,1,14,1998,29.55038
99,1,14,1999,29.60517
99,1,14,2000,29.86895
99,1,14,2001,30.08834
99,1,14,2002,30.0919
99,1,14,2003,30.08322
99,1,14,2004,30.23674
99,1,14,2005,30.47488
99,1,14,2006,30.76796
99,1,14,2007,30.60162
99,1,14,2008,31.0897
99,1,14,2009,31.30867
99,1,14,2010,31.39679
99,1,14,2011,31.41653
99,1,14,2012,31.49665
99,1,14,2013,31.71192
99,1,14,2014,31.98938
99,1,14,2015,32.06086
99,1,14,2016,32.23476
99,1,14,2017,32.2798
99,1,14,2018,32.32209
99,1,14,2019,32.34189
99,2,14,1950,31.14813
99,2,14,1951,31.24562
99,2,14,1952,31.49205
99,2,14,1953,31.80917
99,2,14,1954,31.71014
99,2,14,1955,31.67101
99,2,14,1956,32.44931
99,2,14,1957,32.48077
99,2,14,1958,32.66361
99,2,14,1959,32.41109
99,2,14,1960,32.73915
99,2,14,1961,33.04861
99,2,14,1962,32.93616
99,2,14,1963,32.91524
99,2,14,1964,32.80685
99,2,14,1965,32.88228
99,2,14,1966,32.87921
99,2,14,1967,32.71033
99,2,14,1968,32.97421
99,2,14,1969,32.82601
99,2,14,1970,32.98015
99,2,14,1971,32.88044
99,2,14,1972,32.91271
99,2,14,1973,33.11935
99,2,14,1974,33.26259
99,2,14,1975,33.62455
99,2,14,1976,33.61046
99,2,14,1977,33.79658
99,2,14,1978,33.91743
99,2,14,1979,34.03965
99,2,14,1980,33.9858
99,2,14,1981,34.50152
99,2,14,1982,34.74555
99,2,14,1983,34.60657
99,2,14,1984,34.45072
99,2,14,1985,34.81503
99,2,14,1986,34.80643
99,2,14,1987,34.73598
99,2,14,1988,34.7201
99,2,14,1989,35.02677
99,2,14,1990,35.18526
99,2,14,1991,35.29263
99,2,14,1992,35.49392
99,2,14,1993,35.47718
99,2,14,1994,35.76249
99,2,14,1995,35.84922
99,2,14,1996,35.98452
99,2,14,1997,36.04218
99,2,14,1998,35.86163
99,2,14,1999,35.94512
99,2,14,2000,36.24334
99,2,14,2001,36.37746
99,2,14,2002,36.35919
99,2,14,2003,36.34235
99,2,14,2004,36.39119
99,2,14,2005,36.52088
99,2,14,2006,36.8363
99,2,14,2007,36.68601
99,2,14,2008,37.02147
99,2,14,2009,37.33911
99,2,14,2010,37.38793
99,2,14,2011,37.22925
99,2,14,2012,37.29487
99,2,14,2013,37.44981
99,2,14,2014,37.54406
99,2,14,2015,37.49639
99,2,14,2016,37.58678
99,2,14,2017,37.6449
99,2,14,2018,37.7493
99,2,14,2019,37.792
99,3,14,1950,28.9378
99,3,14,1951,29.09539
99,3,14,1952,29.3088
99,3,14,1953,29.68998
99,3,14,1954,29.52092
99,3,14,1955,29.45
99,3,14,1956,29.97227
99,3,14,1957,29.97752
99,3,14,1958,30.13252
99,3,14,1959,29.82116
99,3,14,1960,30.18949
99,3,14,1961,30.43457
99,3,14,1962,30.40055
99,3,14,1963,30.30216
99,3,14,1964,30.22124
99,3,14,1965,30.19452
99,3,14,1966,30.19343
99,3,14,1967,30.0573
99,3,14,1968,30.16022
99,3,14,1969,30.02876
99,3,14,1970,30.15814
99,3,14,1971,29.97305
99,3,14,1972,30.00919
99,3,14,1973,30.23867
99,3,14,1974,30.40747
99,3,14,1975,30.70812
99,3,14,1976,30.59232
99,3,14,1977,30.69972
99,3,14,1978,30.93302
99,3,14,1979,31.04804
99,3,14,1980,30.93656
99,3,14,1981,31.40511
99,3,14,1982,31.66582
99,3,14,1983,31.49138
99,3,14,1984,31.33223
99,3,14,1985,31.74202
99,3,14,1986,31.81348
99,3,14,1987,31.66983
99,3,14,1988,31.5824
99,3,14,1989,31.87016
99,3,14,1990,32.00244
99,3,14,1991,32.19288
99,3,14,1992,32.23492
99,3,14,1993,32.18959
99,3,14,1994,32.42532
99,3,14,1995,32.46469
99,3,14,1996,32.62635
99,3,14,1997,32.79138
99,3,14,1998,32.68501
99,3,14,1999,32.76572
99,3,14,2000,33.05174
99,3,14,2001,33.23993
99,3,14,2002,33.24482
99,3,14,2003,33.2245
99,3,14,2004,33.33
99,3,14,2005,33.5447
99,3,14,2006,33.87994
99,3,14,2007,33.70136
99,3,14,2008,34.1084
99,3,14,2009,34.39272
99,3,14,2010,34.47946
99,3,14,2011,34.42765
99,3,14,2012,34.48361
99,3,14,2013,34.66432
99,3,14,2014,34.84911
99,3,14,2015,34.87989
99,3,14,2016,34.99952
99,3,14,2017,35.05546
99,3,14,2018,35.1342
99,3,14,2019,35.18589
100,1,14,1950,26.77895
100,1,14,1951,26.8201
100,1,14,1952,26.90141
100,1,14,1953,27.04628
100,1,14,1954,27.45529
100,1,14,1955,27.45478
100,1,14,1956,27.40684
100,1,14,1957,27.24482
100,1,14,1958,27.36867
100,1,14,1959,27.41134
100,1,14,1960,27.35986
100,1,14,1961,27.53484
100,1,14,1962,27.42609
100,1,14,1963,27.30056
100,1,14,1964,27.41164
100,1,14,1965,27.42435
100,1,14,1966,27.35898
100,1,14,1967,27.46065
100,1,14,1968,27.30301
100,1,14,1969,27.44712
100,1,14,1970,27.62765
100,1,14,1971,27.79476
100,1,14,1972,27.76457
100,1,14,1973,27.9029
100,1,14,1974,28.25131
100,1,14,1975,28.57287
100,1,14,1976,28.8005
100,1,14,1977,28.99108
100,1,14,1978,29.16975
100,1,14,1979,29.38305
100,1,14,1980,29.41069
100,1,14,1981,29.62324
100,1,14,1982,29.86232
100,1,14,1983,29.97639
100,1,14,1984,30.08083
100,1,14,1985,30.14755
100,1,14,1986,30.30495
100,1,14,1987,30.46544
100,1,14,1988,30.60245
100,1,14,1989,30.82785
100,1,14,1990,31.10941
100,1,14,1991,31.26532
100,1,14,1992,31.4281
100,1,14,1993,31.39016
100,1,14,1994,31.48637
100,1,14,1995,31.55737
100,1,14,1996,31.83169
100,1,14,1997,32.1331
100,1,14,1998,32.27144
100,1,14,1999,32.34071
100,1,14,2000,32.51124
100,1,14,2001,32.6633
100,1,14,2002,32.78148
100,1,14,2003,32.98054
100,1,14,2004,33.31448
100,1,14,2005,33.41917
100,1,14,2006,33.66015
100,1,14,2007,33.89085
100,1,14,2008,34.02885
100,1,14,2009,34.23761
100,1,14,2010,34.45504
100,1,14,2011,34.53368
100,1,14,2012,34.63213
100,1,14,2013,34.68701
100,1,14,2014,34.73847
100,1,14,2015,34.7497
100,1,14,2016,34.69736
100,1,14,2017,34.76348
100,1,14,2018,34.59662
100,1,14,2019,34.63807
100,2,14,1950,30.97047
100,2,14,1951,31.10393
100,2,14,1952,31.29729
100,2,14,1953,31.52071
100,2,14,1954,31.93671
100,2,14,1955,32.05345
100,2,14,1956,32.06952
100,2,14,1957,31.97534
100,2,14,1958,32.14572
100,2,14,1959,32.2985
100,2,14,1960,32.37026
100,2,14,1961,32.55704
100,2,14,1962,32.51592
100,2,14,1963,32.50343
100,2,14,1964,32.68724
100,2,14,1965,32.80535
100,2,14,1966,32.88344
100,2,14,1967,33.02597
100,2,14,1968,32.9724
100,2,14,1969,33.18405
100,2,14,1970,33.38735
100,2,14,1971,33.58191
100,2,14,1972,33.66795
100,2,14,1973,33.81557
100,2,14,1974,34.20487
100,2,14,1975,34.57926
100,2,14,1976,34.81819
100,2,14,1977,35.02116
100,2,14,1978,35.17378
100,2,14,1979,35.3767
100,2,14,1980,35.32935
100,2,14,1981,35.47453
100,2,14,1982,35.63861
100,2,14,1983,35.65039
100,2,14,1984,35.69691
100,2,14,1985,35.72405
100,2,14,1986,35.82148
100,2,14,1987,35.89001
100,2,14,1988,35.94997
100,2,14,1989,36.16131
100,2,14,1990,36.37685
100,2,14,1991,36.47357
100,2,14,1992,36.5816
100,2,14,1993,36.47528
100,2,14,1994,36.4818
100,2,14,1995,36.48408
100,2,14,1996,36.56401
100,2,14,1997,36.65056
100,2,14,1998,36.69883
100,2,14,1999,36.64682
100,2,14,2000,36.70374
100,2,14,2001,36.74923
100,2,14,2002,36.84699
100,2,14,2003,36.99516
100,2,14,2004,37.24321
100,2,14,2005,37.35375
100,2,14,2006,37.54887
100,2,14,2007,37.74444
100,2,14,2008,37.8605
100,2,14,2009,38.01663
100,2,14,2010,38.20473
100,2,14,2011,38.23429
100,2,14,2012,38.32131
100,2,14,2013,38.38473
100,2,14,2014,38.39936
100,2,14,2015,38.41745
100,2,14,2016,38.46036
100,2,14,2017,38.63294
100,2,14,2018,38.69524
100,2,14,2019,38.58044
100,3,14,1950,28.75688
100,3,14,1951,28.84515
100,3,14,1952,28.98086
100,3,14,1953,29.16701
100,3,14,1954,29.58546
100,3,14,1955,29.64233
100,3,14,1956,29.62571
100,3,14,1957,29.49917
100,3,14,1958,29.6495
100,3,14,1959,29.74865
100,3,14,1960,29.75692
100,3,14,1961,29.94972
100,3,14,1962,29.8762
100,3,14,1963,29.80947
100,3,14,1964,29.96386
100,3,14,1965,30.03527
100,3,14,1966,30.04357
100,3,14,1967,30.17708
100,3,14,1968,30.07396
100,3,14,1969,30.26403
100,3,14,1970,30.46847
100,3,14,1971,30.6619
100,3,14,1972,30.69431
100,3,14,1973,30.84679
100,3,14,1974,31.22958
100,3,14,1975,31.59005
100,3,14,1976,31.83449
100,3,14,1977,32.0412
100,3,14,1978,32.21687
100,3,14,1979,32.43254
100,3,14,1980,32.43047
100,3,14,1981,32.61764
100,3,14,1982,32.82858
100,3,14,1983,32.89866
100,3,14,1984,32.97704
100,3,14,1985,33.02572
100,3,14,1986,33.15653
100,3,14,1987,33.27578
100,3,14,1988,33.37607
100,3,14,1989,33.59803
100,3,14,1990,33.85101
100,3,14,1991,33.97959
100,3,14,1992,34.11604
100,3,14,1993,34.0362
100,3,14,1994,34.08519
100,3,14,1995,34.11919
100,3,14,1996,34.29792
100,3,14,1997,34.49472
100,3,14,1998,34.58546
100,3,14,1999,34.58738
100,3,14,2000,34.69771
100,3,14,2001,34.79338
100,3,14,2002,34.89697
100,3,14,2003,35.06771
100,3,14,2004,35.35935
100,3,14,2005,35.46147
100,3,14,2006,35.67749
100,3,14,2007,35.88871
100,3,14,2008,36.01346
100,3,14,2009,36.19488
100,3,14,2010,36.39364
100,3,14,2011,36.44402
100,3,14,2012,36.5318
100,3,14,2013,36.58803
100,3,14,2014,36.61846
100,3,14,2015,36.62896
100,3,14,2016,36.62045
100,3,14,2017,36.73948
100,3,14,2018,36.66471
100,3,14,2019,36.61995
101,1,14,1950,28.36236
101,1,14,1951,28.42373
101,1,14,1952,28.4953
101,1,14,1953,28.59733
101,1,14,1954,28.77336
101,1,14,1955,28.72896
101,1,14,1956,28.69834
101,1,14,1957,28.61403
101,1,14,1958,28.71304
101,1,14,1959,28.72508
101,1,14,1960,28.76858
101,1,14,1961,28.81789
101,1,14,1962,28.83506
101,1,14,1963,28.80302
101,1,14,1964,28.83011
101,1,14,1965,28.82686
101,1,14,1966,28.84549
101,1,14,1967,28.88432
101,1,14,1968,28.93019
101,1,14,1969,28.96624
101,1,14,1970,29.03491
101,1,14,1971,29.11245
101,1,14,1972,29.09807
101,1,14,1973,29.11474
101,1,14,1974,29.19177
101,1,14,1975,29.29269
101,1,14,1976,29.44559
101,1,14,1977,29.59458
101,1,14,1978,29.81605
101,1,14,1979,30.04448
101,1,14,1980,30.23693
101,1,14,1981,30.4173
101,1,14,1982,30.58692
101,1,14,1983,30.76556
101,1,14,1984,30.97278
101,1,14,1985,31.03473
101,1,14,1986,31.20969
101,1,14,1987,31.39362
101,1,14,1988,31.53613
101,1,14,1989,31.72691
101,1,14,1990,31.98176
101,1,14,1991,32.17818
101,1,14,1992,32.3538
101,1,14,1993,32.43154
101,1,14,1994,32.62175
101,1,14,1995,32.70421
101,1,14,1996,32.95318
101,1,14,1997,33.1775
101,1,14,1998,33.36277
101,1,14,1999,33.58122
101,1,14,2000,33.89588
101,1,14,2001,34.17024
101,1,14,2002,34.40054
101,1,14,2003,34.6029
101,1,14,2004,34.9037
101,1,14,2005,35.15717
101,1,14,2006,35.46328
101,1,14,2007,35.61292
101,1,14,2008,35.81922
101,1,14,2009,36.10233
101,1,14,2010,36.38166
101,1,14,2011,36.6679
101,1,14,2012,36.77487
101,1,14,2013,36.9122
101,1,14,2014,36.97631
101,1,14,2015,37.12437
101,1,14,2016,37.20224
101,1,14,2017,37.28289
101,1,14,2018,37.0661
101,1,14,2019,37.03935
101,2,14,1950,31.36667
101,2,14,1951,31.51082
101,2,14,1952,31.76082
101,2,14,1953,31.92699
101,2,14,1954,32.23777
101,2,14,1955,32.36678
101,2,14,1956,32.41597
101,2,14,1957,32.48955
101,2,14,1958,32.73458
101,2,14,1959,32.74411
101,2,14,1960,32.93584
101,2,14,1961,33.12588
101,2,14,1962,33.20459
101,2,14,1963,33.29659
101,2,14,1964,33.51835
101,2,14,1965,33.65141
101,2,14,1966,33.84111
101,2,14,1967,34.02993
101,2,14,1968,34.15595
101,2,14,1969,34.31528
101,2,14,1970,34.50342
101,2,14,1971,34.69769
101,2,14,1972,34.71118
101,2,14,1973,34.81832
101,2,14,1974,34.96051
101,2,14,1975,35.10865
101,2,14,1976,35.42252
101,2,14,1977,35.5866
101,2,14,1978,35.87452
101,2,14,1979,36.00826
101,2,14,1980,36.1606
101,2,14,1981,36.29418
101,2,14,1982,36.38347
101,2,14,1983,36.53038
101,2,14,1984,36.65964
101,2,14,1985,36.63932
101,2,14,1986,36.74554
101,2,14,1987,36.85334
101,2,14,1988,37.00787
101,2,14,1989,37.14232
101,2,14,1990,37.31691
101,2,14,1991,37.42888
101,2,14,1992,37.51007
101,2,14,1993,37.50194
101,2,14,1994,37.53342
101,2,14,1995,37.64638
101,2,14,1996,37.7257
101,2,14,1997,37.84723
101,2,14,1998,37.96578
101,2,14,1999,38.18678
101,2,14,2000,38.35839
101,2,14,2001,38.52543
101,2,14,2002,38.61336
101,2,14,2003,38.77291
101,2,14,2004,38.95875
101,2,14,2005,39.12871
101,2,14,2006,39.3695
101,2,14,2007,39.50096
101,2,14,2008,39.66788
101,2,14,2009,39.88774
101,2,14,2010,40.0746
101,2,14,2011,40.22791
101,2,14,2012,40.34913
101,2,14,2013,40.45953
101,2,14,2014,40.47961
101,2,14,2015,40.58242
101,2,14,2016,40.66068
101,2,14,2017,40.74427
101,2,14,2018,40.58573
101,2,14,2019,40.56401
101,3,14,1950,29.741
101,3,14,1951,29.83932
101,3,14,1952,29.98121
101,3,14,1953,30.11322
101,3,14,1954,30.36051
101,3,14,1955,30.39352
101,3,14,1956,30.39749
101,3,14,1957,30.38376
101,3,14,1958,30.54647
101,3,14,1959,30.56229
101,3,14,1960,30.67935
101,3,14,1961,30.79657
101,3,14,1962,30.85025
101,3,14,1963,30.88115
101,3,14,1964,31.00478
101,3,14,1965,31.06722
101,3,14,1966,31.17569
101,3,14,1967,31.29216
101,3,14,1968,31.38613
101,3,14,1969,31.48855
101,3,14,1970,31.62566
101,3,14,1971,31.76192
101,3,14,1972,31.7745
101,3,14,1973,31.84236
101,3,14,1974,31.96006
101,3,14,1975,32.10393
101,3,14,1976,32.33402
101,3,14,1977,32.50409
101,3,14,1978,32.76541
101,3,14,1979,32.96372
101,3,14,1980,33.15254
101,3,14,1981,33.3197
101,3,14,1982,33.46075
101,3,14,1983,33.63229
101,3,14,1984,33.81035
101,3,14,1985,33.8395
101,3,14,1986,33.98806
101,3,14,1987,34.14216
101,3,14,1988,34.29435
101,3,14,1989,34.46442
101,3,14,1990,34.68585
101,3,14,1991,34.84827
101,3,14,1992,34.98107
101,3,14,1993,35.0204
101,3,14,1994,35.13149
101,3,14,1995,35.23098
101,3,14,1996,35.40612
101,3,14,1997,35.59405
101,3,14,1998,35.74056
101,3,14,1999,35.9504
101,3,14,2000,36.19764
101,3,14,2001,36.42253
101,3,14,2002,36.5849
101,3,14,2003,36.76401
101,3,14,2004,37.00892
101,3,14,2005,37.22598
101,3,14,2006,37.49412
101,3,14,2007,37.63297
101,3,14,2008,37.815
101,3,14,2009,38.06104
101,3,14,2010,38.29156
101,3,14,2011,38.50698
101,3,14,2012,38.61715
101,3,14,2013,38.73529
101,3,14,2014,38.77364
101,3,14,2015,38.89903
101,3,14,2016,38.98471
101,3,14,2017,39.06846
101,3,14,2018,38.86621
101,3,14,2019,38.84195
102,1,14,1950,26.65243
102,1,14,1951,26.69231
102,1,14,1952,26.77317
102,1,14,1953,26.92053
102,1,14,1954,27.34955
102,1,14,1955,27.35363
102,1,14,1956,27.30262
102,1,14,1957,27.134
102,1,14,1958,27.26059
102,1,14,1959,27.30506
102,1,14,1960,27.24468
102,1,14,1961,27.42958
102,1,14,1962,27.31104
102,1,14,1963,27.17773
102,1,14,1964,27.29538
102,1,14,1965,27.30803
102,1,14,1966,27.23477
102,1,14,1967,27.34068
102,1,14,1968,27.16658
102,1,14,1969,27.31831
102,1,14,1970,27.50578
102,1,14,1971,27.68074
102,1,14,1972,27.64825
102,1,14,1973,27.79693
102,1,14,1974,28.1687
102,1,14,1975,28.5098
102,1,14,1976,28.74383
102,1,14,1977,28.93824
102,1,14,1978,29.1104
102,1,14,1979,29.32182
102,1,14,1980,29.33407
102,1,14,1981,29.54889
102,1,14,1982,29.79208
102,1,14,1983,29.89854
102,1,14,1984,29.99285
102,1,14,1985,30.0599
102,1,14,1986,30.2148
102,1,14,1987,30.37047
102,1,14,1988,30.50677
102,1,14,1989,30.73385
102,1,14,1990,31.01667
102,1,14,1991,31.16654
102,1,14,1992,31.32707
102,1,14,1993,31.27817
102,1,14,1994,31.36281
102,1,14,1995,31.42987
102,1,14,1996,31.70626
102,1,14,1997,32.01652
102,1,14,1998,32.14994
102,1,14,1999,32.20212
102,1,14,2000,32.35732
102,1,14,2001,32.4952
102,1,14,2002,32.60157
102,1,14,2003,32.80029
102,1,14,2004,33.13661
102,1,14,2005,33.22559
102,1,14,2006,33.45982
102,1,14,2007,33.698
102,1,14,2008,33.82764
102,1,14,2009,34.02846
102,1,14,2010,34.23885
102,1,14,2011,34.29513
102,1,14,2012,34.39317
102,1,14,2013,34.43987
102,1,14,2014,34.48901
102,1,14,2015,34.48677
102,1,14,2016,34.42021
102,1,14,2017,34.48757
102,1,14,2018,34.32749
102,1,14,2019,34.37891
102,2,14,1950,30.94597
102,2,14,1951,31.07924
102,2,14,1952,31.26634
102,2,14,1953,31.49526
102,2,14,1954,31.9187
102,2,14,1955,32.03427
102,2,14,1956,32.04611
102,2,14,1957,31.93934
102,2,14,1958,32.10417
102,2,14,1959,32.26671
102,2,14,1960,32.33015
102,2,14,1961,32.51392
102,2,14,1962,32.46412
102,2,14,1963,32.44484
102,2,14,1964,32.62527
102,2,14,1965,32.74175
102,2,14,1966,32.81085
102,2,14,1967,32.94903
102,2,14,1968,32.88127
102,2,14,1969,33.0968
102,2,14,1970,33.30093
102,2,14,1971,33.49455
102,2,14,1972,33.58445
102,2,14,1973,33.73573
102,2,14,1974,34.14312
102,2,14,1975,34.53684
102,2,14,1976,34.7686
102,2,14,1977,34.9727
102,2,14,1978,35.11572
102,2,14,1979,35.32359
102,2,14,1980,35.25944
102,2,14,1981,35.4039
102,2,14,1982,35.57344
102,2,14,1983,35.57397
102,2,14,1984,35.61263
102,2,14,1985,35.6414
102,2,14,1986,35.73659
102,2,14,1987,35.80075
102,2,14,1988,35.85062
102,2,14,1989,36.06742
102,2,14,1990,36.285
102,2,14,1991,36.37978
102,2,14,1992,36.48759
102,2,14,1993,36.3709
102,2,14,1994,36.3727
102,2,14,1995,36.36532
102,2,14,1996,36.44374
102,2,14,1997,36.52664
102,2,14,1998,36.56752
102,2,14,1999,36.48814
102,2,14,2000,36.5331
102,2,14,2001,36.56583
102,2,14,2002,36.66209
102,2,14,2003,36.80881
102,2,14,2004,37.06092
102,2,14,2005,37.16514
102,2,14,2006,37.35588
102,2,14,2007,37.55541
102,2,14,2008,37.6662
102,2,14,2009,37.81547
102,2,14,2010,38.00309
102,2,14,2011,38.01918
102,2,14,2012,38.10231
102,2,14,2013,38.15968
102,2,14,2014,38.17369
102,2,14,2015,38.18248
102,2,14,2016,38.2217
102,2,14,2017,38.4053
102,2,14,2018,38.49167
102,2,14,2019,38.36528
102,3,14,1950,28.68388
102,3,14,1951,28.76945
102,3,14,1952,28.90365
102,3,14,1953,29.09368
102,3,14,1954,29.52811
102,3,14,1955,29.58585
102,3,14,1956,29.56694
102,3,14,1957,29.43063
102,3,14,1958,29.58145
102,3,14,1959,29.68571
102,3,14,1960,29.6839
102,3,14,1961,29.88167
102,3,14,1962,29.7986
102,3,14,1963,29.72387
102,3,14,1964,29.88039
102,3,14,1965,29.95218
102,3,14,1966,29.95263
102,3,14,1967,30.08637
102,3,14,1968,29.96653
102,3,14,1969,30.16257
102,3,14,1970,30.37195
102,3,14,1971,30.56816
102,3,14,1972,30.6023
102,3,14,1973,30.76134
102,3,14,1974,31.16697
102,3,14,1975,31.54736
102,3,14,1976,31.79125
102,3,14,1977,32.0008
102,3,14,1978,32.16778
102,3,14,1979,32.38557
102,3,14,1980,32.36484
102,3,14,1981,32.55344
102,3,14,1982,32.76882
102,3,14,1983,32.82827
102,3,14,1984,32.89706
102,3,14,1985,32.94713
102,3,14,1986,33.07595
102,3,14,1987,33.18893
102,3,14,1988,33.28447
102,3,14,1989,33.50924
102,3,14,1990,33.76343
102,3,14,1991,33.88702
102,3,14,1992,34.02209
102,3,14,1993,33.93058
102,3,14,1994,33.9715
102,3,14,1995,34.00037
102,3,14,1996,34.17812
102,3,14,1997,34.37662
102,3,14,1998,34.4602
102,3,14,1999,34.44063
102,3,14,2000,34.53588
102,3,14,2001,34.61826
102,3,14,2002,34.71529
102,3,14,2003,34.88397
102,3,14,2004,35.1777
102,3,14,2005,35.26951
102,3,14,2006,35.47954
102,3,14,2007,35.69656
102,3,14,2008,35.81479
102,3,14,2009,35.98928
102,3,14,2010,36.18319
102,3,14,2011,36.21589
102,3,14,2012,36.30257
102,3,14,2013,36.35189
102,3,14,2014,36.38112
102,3,14,2015,36.37903
102,3,14,2016,36.3613
102,3,14,2017,36.4855
102,3,14,2018,36.42561
102,3,14,2019,36.37772
103,1,14,1950,23.82595
103,1,14,1951,23.95883
103,1,14,1952,24.26888
103,1,14,1953,24.51299
103,1,14,1954,24.83133
103,1,14,1955,24.96813
103,1,14,1956,25.03733
103,1,14,1957,25.12337
103,1,14,1958,25.34387
103,1,14,1959,25.53694
103,1,14,1960,25.78471
103,1,14,1961,25.99442
103,1,14,1962,26.2182
103,1,14,1963,26.27809
103,1,14,1964,26.54003
103,1,14,1965,26.54442
103,1,14,1966,26.67511
103,1,14,1967,26.77192
103,1,14,1968,26.84864
103,1,14,1969,26.93784
103,1,14,1970,26.93536
103,1,14,1971,27.50468
103,1,14,1972,27.5702
103,1,14,1973,27.62642
103,1,14,1974,27.72444
103,1,14,1975,28.02164
103,1,14,1976,28.06264
103,1,14,1977,28.3884
103,1,14,1978,28.71964
103,1,14,1979,28.74222
103,1,14,1980,28.78971
103,1,14,1981,28.9525
103,1,14,1982,29.07381
103,1,14,1983,29.04353
103,1,14,1984,29.07214
103,1,14,1985,28.96104
103,1,14,1986,29.30718
103,1,14,1987,29.4738
103,1,14,1988,29.52361
103,1,14,1989,29.78649
103,1,14,1990,30.01912
103,1,14,1991,30.23324
103,1,14,1992,30.32155
103,1,14,1993,30.30321
103,1,14,1994,30.49988
103,1,14,1995,30.71339
103,1,14,1996,30.8852
103,1,14,1997,31.1481
103,1,14,1998,31.13546
103,1,14,1999,31.31502
103,1,14,2000,31.57373
103,1,14,2001,31.71342
103,1,14,2002,31.6944
103,1,14,2003,31.8073
103,1,14,2004,31.96778
103,1,14,2005,32.19927
103,1,14,2006,32.32868
103,1,14,2007,32.51689
103,1,14,2008,32.46266
103,1,14,2009,32.4189
103,1,14,2010,32.3221
103,1,14,2011,32.76957
103,1,14,2012,32.86088
103,1,14,2013,32.89343
103,1,14,2014,33.05025
103,1,14,2015,33.14396
103,1,14,2016,33.21895
103,1,14,2017,33.41415
103,1,14,2018,33.77527
103,1,14,2019,33.98421
103,2,14,1950,27.1811
103,2,14,1951,27.33734
103,2,14,1952,27.64359
103,2,14,1953,27.77402
103,2,14,1954,28.22442
103,2,14,1955,28.3861
103,2,14,1956,28.46519
103,2,14,1957,28.4713
103,2,14,1958,28.75658
103,2,14,1959,28.86082
103,2,14,1960,29.10394
103,2,14,1961,29.35914
103,2,14,1962,29.5352
103,2,14,1963,29.522
103,2,14,1964,29.78606
103,2,14,1965,29.82121
103,2,14,1966,29.90386
103,2,14,1967,30.07435
103,2,14,1968,30.13335
103,2,14,1969,30.21683
103,2,14,1970,30.31326
103,2,14,1971,30.82413
103,2,14,1972,30.92016
103,2,14,1973,31.02746
103,2,14,1974,31.281
103,2,14,1975,31.50701
103,2,14,1976,31.60225
103,2,14,1977,31.94403
103,2,14,1978,32.05475
103,2,14,1979,32.14084
103,2,14,1980,32.25262
103,2,14,1981,32.28717
103,2,14,1982,32.50487
103,2,14,1983,32.53328
103,2,14,1984,32.54108
103,2,14,1985,32.46451
103,2,14,1986,32.77775
103,2,14,1987,32.9622
103,2,14,1988,33.09734
103,2,14,1989,33.37413
103,2,14,1990,33.61439
103,2,14,1991,33.85348
103,2,14,1992,33.91336
103,2,14,1993,33.94326
103,2,14,1994,34.07032
103,2,14,1995,34.15316
103,2,14,1996,34.33434
103,2,14,1997,34.6322
103,2,14,1998,34.77639
103,2,14,1999,34.99391
103,2,14,2000,35.28066
103,2,14,2001,35.46064
103,2,14,2002,35.53742
103,2,14,2003,35.59816
103,2,14,2004,35.7663
103,2,14,2005,35.9505
103,2,14,2006,36.17018
103,2,14,2007,36.33991
103,2,14,2008,36.38813
103,2,14,2009,36.36132
103,2,14,2010,36.22138
103,2,14,2011,36.60542
103,2,14,2012,36.72433
103,2,14,2013,36.71869
103,2,14,2014,36.7657
103,2,14,2015,36.89222
103,2,14,2016,36.99251
103,2,14,2017,37.21169
103,2,14,2018,37.48203
103,2,14,2019,37.66301
103,3,14,1950,25.33747
103,3,14,1951,25.49292
103,3,14,1952,25.79668
103,3,14,1953,25.99181
103,3,14,1954,26.36033
103,3,14,1955,26.48933
103,3,14,1956,26.5682
103,3,14,1957,26.63462
103,3,14,1958,26.88418
103,3,14,1959,27.03289
103,3,14,1960,27.26912
103,3,14,1961,27.49767
103,3,14,1962,27.69996
103,3,14,1963,27.74556
103,3,14,1964,28.01576
103,3,14,1965,28.0189
103,3,14,1966,28.14216
103,3,14,1967,28.27148
103,3,14,1968,28.33351
103,3,14,1969,28.42658
103,3,14,1970,28.47468
103,3,14,1971,29.0005
103,3,14,1972,29.09809
103,3,14,1973,29.18944
103,3,14,1974,29.36538
103,3,14,1975,29.61989
103,3,14,1976,29.69962
103,3,14,1977,30.05655
103,3,14,1978,30.30393
103,3,14,1979,30.36556
103,3,14,1980,30.46051
103,3,14,1981,30.5583
103,3,14,1982,30.72043
103,3,14,1983,30.72739
103,3,14,1984,30.73853
103,3,14,1985,30.65214
103,3,14,1986,30.98777
103,3,14,1987,31.16719
103,3,14,1988,31.25949
103,3,14,1989,31.53934
103,3,14,1990,31.78365
103,3,14,1991,32.00447
103,3,14,1992,32.08679
103,3,14,1993,32.0932
103,3,14,1994,32.26163
103,3,14,1995,32.41581
103,3,14,1996,32.58875
103,3,14,1997,32.87187
103,3,14,1998,32.93421
103,3,14,1999,33.13904
103,3,14,2000,33.41863
103,3,14,2001,33.57717
103,3,14,2002,33.61076
103,3,14,2003,33.69314
103,3,14,2004,33.86167
103,3,14,2005,34.07442
103,3,14,2006,34.24774
103,3,14,2007,34.43005
103,3,14,2008,34.42516
103,3,14,2009,34.38859
103,3,14,2010,34.27804
103,3,14,2011,34.70743
103,3,14,2012,34.80567
103,3,14,2013,34.82007
103,3,14,2014,34.92585
103,3,14,2015,35.05165
103,3,14,2016,35.14239
103,3,14,2017,35.35146
103,3,14,2018,35.65477
103,3,14,2019,35.79052
104,1,14,1950,26.42482
104,1,14,1951,26.54247
104,1,14,1952,26.84753
104,1,14,1953,27.35134
104,1,14,1954,27.47303
104,1,14,1955,27.50121
104,1,14,1956,27.51903
104,1,14,1957,27.71176
104,1,14,1958,27.80541
104,1,14,1959,27.58412
104,1,14,1960,28.14548
104,1,14,1961,27.92024
104,1,14,1962,27.99729
104,1,14,1963,27.96263
104,1,14,1964,28.39115
104,1,14,1965,28.33751
104,1,14,1966,28.57058
104,1,14,1967,28.60048
104,1,14,1968,28.60745
104,1,14,1969,28.79564
104,1,14,1970,28.84221
104,1,14,1971,29.20727
104,1,14,1972,29.37503
104,1,14,1973,29.36442
104,1,14,1974,29.49465
104,1,14,1975,29.73497
104,1,14,1976,29.64284
104,1,14,1977,29.56664
104,1,14,1978,29.7926
104,1,14,1979,29.85484
104,1,14,1980,30.06522
104,1,14,1981,30.12389
104,1,14,1982,30.26528
104,1,14,1983,30.29157
104,1,14,1984,30.14402
104,1,14,1985,30.08352
104,1,14,1986,30.37051
104,1,14,1987,30.44132
104,1,14,1988,30.44098
104,1,14,1989,30.57351
104,1,14,1990,30.65543
104,1,14,1991,30.89669
104,1,14,1992,30.89902
104,1,14,1993,30.75237
104,1,14,1994,30.79483
104,1,14,1995,30.94297
104,1,14,1996,31.03727
104,1,14,1997,31.20522
104,1,14,1998,31.15622
104,1,14,1999,31.23349
104,1,14,2000,31.55993
104,1,14,2001,31.60044
104,1,14,2002,31.9968
104,1,14,2003,31.99573
104,1,14,2004,31.8552
104,1,14,2005,31.97029
104,1,14,2006,32.33184
104,1,14,2007,32.44533
104,1,14,2008,32.41762
104,1,14,2009,32.44886
104,1,14,2010,29.71501
104,1,14,2011,32.69599
104,1,14,2012,32.61505
104,1,14,2013,32.46804
104,1,14,2014,32.35793
104,1,14,2015,32.26799
104,1,14,2016,32.33241
104,1,14,2017,32.47682
104,1,14,2018,33.00154
104,1,14,2019,33.30566
104,2,14,1950,28.55199
104,2,14,1951,28.67533
104,2,14,1952,28.98756
104,2,14,1953,29.47278
104,2,14,1954,29.65027
104,2,14,1955,29.71576
104,2,14,1956,29.82281
104,2,14,1957,29.9521
104,2,14,1958,30.12588
104,2,14,1959,30.0717
104,2,14,1960,30.49916
104,2,14,1961,30.52259
104,2,14,1962,30.4479
104,2,14,1963,30.60105
104,2,14,1964,30.98202
104,2,14,1965,30.91473
104,2,14,1966,31.00048
104,2,14,1967,31.04779
104,2,14,1968,31.12269
104,2,14,1969,31.2603
104,2,14,1970,31.50499
104,2,14,1971,31.7705
104,2,14,1972,31.94354
104,2,14,1973,31.98852
104,2,14,1974,32.09058
104,2,14,1975,32.35915
104,2,14,1976,32.30414
104,2,14,1977,32.2465
104,2,14,1978,32.56011
104,2,14,1979,32.66869
104,2,14,1980,32.83129
104,2,14,1981,32.90286
104,2,14,1982,32.97488
104,2,14,1983,33.07498
104,2,14,1984,32.93896
104,2,14,1985,32.90081
104,2,14,1986,33.20546
104,2,14,1987,33.23554
104,2,14,1988,33.20704
104,2,14,1989,33.45311
104,2,14,1990,33.45775
104,2,14,1991,33.65354
104,2,14,1992,33.66669
104,2,14,1993,33.58005
104,2,14,1994,33.76692
104,2,14,1995,33.92927
104,2,14,1996,34.0244
104,2,14,1997,34.36978
104,2,14,1998,34.43694
104,2,14,1999,34.65822
104,2,14,2000,34.76881
104,2,14,2001,34.74284
104,2,14,2002,35.14291
104,2,14,2003,34.99806
104,2,14,2004,34.89535
104,2,14,2005,35.07736
104,2,14,2006,35.5446
104,2,14,2007,35.6534
104,2,14,2008,35.65148
104,2,14,2009,35.72643
104,2,14,2010,33.44359
104,2,14,2011,35.909
104,2,14,2012,35.96111
104,2,14,2013,35.86964
104,2,14,2014,35.83047
104,2,14,2015,35.83589
104,2,14,2016,35.95015
104,2,14,2017,36.09555
104,2,14,2018,36.43245
104,2,14,2019,36.63868
104,3,14,1950,27.4313
104,3,14,1951,27.54545
104,3,14,1952,27.86596
104,3,14,1953,28.36905
104,3,14,1954,28.51902
104,3,14,1955,28.56369
104,3,14,1956,28.6099
104,3,14,1957,28.76088
104,3,14,1958,28.90349
104,3,14,1959,28.7497
104,3,14,1960,29.25226
104,3,14,1961,29.15369
104,3,14,1962,29.16421
104,3,14,1963,29.22033
104,3,14,1964,29.61413
104,3,14,1965,29.57183
104,3,14,1966,29.71633
104,3,14,1967,29.74938
104,3,14,1968,29.78578
104,3,14,1969,29.95654
104,3,14,1970,30.0884
104,3,14,1971,30.40929
104,3,14,1972,30.58506
104,3,14,1973,30.59875
104,3,14,1974,30.719
104,3,14,1975,30.95492
104,3,14,1976,30.89137
104,3,14,1977,30.78623
104,3,14,1978,31.09257
104,3,14,1979,31.14215
104,3,14,1980,31.34138
104,3,14,1981,31.39214
104,3,14,1982,31.52774
104,3,14,1983,31.56089
104,3,14,1984,31.42023
104,3,14,1985,31.38118
104,3,14,1986,31.66603
104,3,14,1987,31.72911
104,3,14,1988,31.72431
104,3,14,1989,31.93176
104,3,14,1990,31.98562
104,3,14,1991,32.23194
104,3,14,1992,32.23702
104,3,14,1993,32.13893
104,3,14,1994,32.25815
104,3,14,1995,32.39548
104,3,14,1996,32.48092
104,3,14,1997,32.71252
104,3,14,1998,32.71131
104,3,14,1999,32.86909
104,3,14,2000,33.09373
104,3,14,2001,33.09172
104,3,14,2002,33.45283
104,3,14,2003,33.39166
104,3,14,2004,33.30612
104,3,14,2005,33.44733
104,3,14,2006,33.89685
104,3,14,2007,33.9855
104,3,14,2008,33.99882
104,3,14,2009,34.04218
104,3,14,2010,31.52365
104,3,14,2011,34.23888
104,3,14,2012,34.24949
104,3,14,2013,34.13622
104,3,14,2014,34.05077
104,3,14,2015,33.99814
104,3,14,2016,34.11208
104,3,14,2017,34.27727
104,3,14,2018,34.71072
104,3,14,2019,34.96657
105,1,14,1950,23.04741
105,1,14,1951,23.26
105,1,14,1952,23.55913
105,1,14,1953,23.89445
105,1,14,1954,24.15944
105,1,14,1955,24.44307
105,1,14,1956,24.81085
105,1,14,1957,25.1715
105,1,14,1958,25.54283
105,1,14,1959,25.85445
105,1,14,1960,25.93413
105,1,14,1961,26.54118
105,1,14,1962,27.30537
105,1,14,1963,27.32561
105,1,14,1964,27.04304
105,1,14,1965,27.17777
105,1,14,1966,27.33048
105,1,14,1967,27.12783
105,1,14,1968,27.18883
105,1,14,1969,27.27781
105,1,14,1970,27.31405
105,1,14,1971,27.71031
105,1,14,1972,28.13324
105,1,14,1973,28.39688
105,1,14,1974,28.4343
105,1,14,1975,28.33423
105,1,14,1976,28.38002
105,1,14,1977,28.7371
105,1,14,1978,29.16388
105,1,14,1979,29.63685
105,1,14,1980,29.88905
105,1,14,1981,30.19322
105,1,14,1982,30.65875
105,1,14,1983,30.67876
105,1,14,1984,29.75346
105,1,14,1985,29.80402
105,1,14,1986,29.76817
105,1,14,1987,29.81059
105,1,14,1988,29.85427
105,1,14,1989,29.78258
105,1,14,1990,29.59416
105,1,14,1991,29.56139
105,1,14,1992,29.57292
105,1,14,1993,29.09101
105,1,14,1994,29.0905
105,1,14,1995,29.00727
105,1,14,1996,30.83748
105,1,14,1997,30.60838
105,1,14,1998,31.76023
105,1,14,1999,31.91902
105,1,14,2000,31.99141
105,1,14,2001,32.30937
105,1,14,2002,32.66452
105,1,14,2003,32.88146
105,1,14,2004,32.95656
105,1,14,2005,33.09421
105,1,14,2006,32.8095
105,1,14,2007,30.57676
105,1,14,2008,30.58355
105,1,14,2009,32.19086
105,1,14,2010,32.48637
105,1,14,2011,32.62424
105,1,14,2012,32.84689
105,1,14,2013,33.1288
105,1,14,2014,33.00518
105,1,14,2015,33.1418
105,1,14,2016,33.38412
105,1,14,2017,33.63654
105,1,14,2018,33.8759
105,1,14,2019,33.98505
105,2,14,1950,29.13801
105,2,14,1951,29.15957
105,2,14,1952,29.16356
105,2,14,1953,29.27304
105,2,14,1954,29.43441
105,2,14,1955,29.63037
105,2,14,1956,29.73866
105,2,14,1957,29.81384
105,2,14,1958,30.05202
105,2,14,1959,30.4076
105,2,14,1960,30.68161
105,2,14,1961,30.89149
105,2,14,1962,30.92408
105,2,14,1963,30.97161
105,2,14,1964,31.3278
105,2,14,1965,31.7807
105,2,14,1966,31.91903
105,2,14,1967,31.9931
105,2,14,1968,32.17182
105,2,14,1969,32.30222
105,2,14,1970,32.33878
105,2,14,1971,32.50127
105,2,14,1972,32.71523
105,2,14,1973,33.0029
105,2,14,1974,33.19742
105,2,14,1975,33.30866
105,2,14,1976,33.48454
105,2,14,1977,33.72803
105,2,14,1978,33.97922
105,2,14,1979,34.35742
105,2,14,1980,34.73073
105,2,14,1981,35.09578
105,2,14,1982,35.54307
105,2,14,1983,36.06946
105,2,14,1984,36.27233
105,2,14,1985,36.49196
105,2,14,1986,36.72053
105,2,14,1987,36.91161
105,2,14,1988,36.93638
105,2,14,1989,36.71959
105,2,14,1990,36.17144
105,2,14,1991,35.69915
105,2,14,1992,35.61861
105,2,14,1993,34.78209
105,2,14,1994,34.75027
105,2,14,1995,34.74619
105,2,14,1996,34.72313
105,2,14,1997,34.21361
105,2,14,1998,34.95657
105,2,14,1999,35.0045
105,2,14,2000,35.12204
105,2,14,2001,35.23367
105,2,14,2002,35.35425
105,2,14,2003,35.52014
105,2,14,2004,35.57084
105,2,14,2005,35.67909
105,2,14,2006,35.78036
105,2,14,2007,35.89227
105,2,14,2008,35.9717
105,2,14,2009,36.04009
105,2,14,2010,36.03844
105,2,14,2011,35.98915
105,2,14,2012,35.95225
105,2,14,2013,35.85561
105,2,14,2014,35.73087
105,2,14,2015,35.77345
105,2,14,2016,35.71674
105,2,14,2017,35.68875
105,2,14,2018,35.66876
105,2,14,2019,35.71282
105,3,14,1950,26.46878
105,3,14,1951,26.59384
105,3,14,1952,26.75066
105,3,14,1953,26.93412
105,3,14,1954,27.15128
105,3,14,1955,27.38815
105,3,14,1956,27.62829
105,3,14,1957,27.7987
105,3,14,1958,28.13556
105,3,14,1959,28.47392
105,3,14,1960,28.66326
105,3,14,1961,29.11603
105,3,14,1962,29.51295
105,3,14,1963,29.50629
105,3,14,1964,29.50602
105,3,14,1965,29.78229
105,3,14,1966,29.87314
105,3,14,1967,29.7563
105,3,14,1968,29.87309
105,3,14,1969,29.98047
105,3,14,1970,30.06592
105,3,14,1971,30.37666
105,3,14,1972,30.71994
105,3,14,1973,30.97747
105,3,14,1974,31.06837
105,3,14,1975,31.0805
105,3,14,1976,31.1598
105,3,14,1977,31.39692
105,3,14,1978,31.72467
105,3,14,1979,32.12427
105,3,14,1980,32.41204
105,3,14,1981,32.79347
105,3,14,1982,33.28254
105,3,14,1983,33.50886
105,3,14,1984,33.00673
105,3,14,1985,33.08456
105,3,14,1986,33.10768
105,3,14,1987,33.14149
105,3,14,1988,33.19022
105,3,14,1989,33.04596
105,3,14,1990,32.70061
105,3,14,1991,32.50123
105,3,14,1992,32.48669
105,3,14,1993,31.87489
105,3,14,1994,31.89563
105,3,14,1995,31.83728
105,3,14,1996,32.74882
105,3,14,1997,32.32107
105,3,14,1998,33.22504
105,3,14,1999,33.33622
105,3,14,2000,33.40679
105,3,14,2001,33.63967
105,3,14,2002,33.86502
105,3,14,2003,34.0574
105,3,14,2004,34.15423
105,3,14,2005,34.25463
105,3,14,2006,34.13886
105,3,14,2007,33.10791
105,3,14,2008,33.17393
105,3,14,2009,33.93222
105,3,14,2010,34.04267
105,3,14,2011,34.07078
105,3,14,2012,34.15078
105,3,14,2013,34.23829
105,3,14,2014,34.17422
105,3,14,2015,34.27674
105,3,14,2016,34.38824
105,3,14,2017,34.56549
105,3,14,2018,34.73365
105,3,14,2019,34.88885
106,1,14,1950,26.11906
106,1,14,1951,26.19468
106,1,14,1952,26.33158
106,1,14,1953,26.45864
106,1,14,1954,26.57558
106,1,14,1955,26.71889
106,1,14,1956,26.86702
106,1,14,1957,27.1261
106,1,14,1958,27.18316
106,1,14,1959,27.19462
106,1,14,1960,27.33905
106,1,14,1961,27.71926
106,1,14,1962,27.88557
106,1,14,1963,27.97106
106,1,14,1964,28.45932
106,1,14,1965,27.57602
106,1,14,1966,27.65783
106,1,14,1967,27.08476
106,1,14,1968,27.01866
106,1,14,1969,26.96414
106,1,14,1970,26.59034
106,1,14,1971,26.23137
106,1,14,1972,26.414
106,1,14,1973,26.73099
106,1,14,1974,27.23717
106,1,14,1975,27.62192
106,1,14,1976,27.53025
106,1,14,1977,27.37526
106,1,14,1978,27.46915
106,1,14,1979,27.51555
106,1,14,1980,27.5971
106,1,14,1981,27.6239
106,1,14,1982,27.97504
106,1,14,1983,28.2995
106,1,14,1984,28.53127
106,1,14,1985,28.36215
106,1,14,1986,28.08289
106,1,14,1987,28.01967
106,1,14,1988,28.37337
106,1,14,1989,28.41074
106,1,14,1990,28.71103
106,1,14,1991,28.85935
106,1,14,1992,28.97525
106,1,14,1993,28.87985
106,1,14,1994,28.99123
106,1,14,1995,29.21888
106,1,14,1996,29.21101
106,1,14,1997,29.73988
106,1,14,1998,29.84512
106,1,14,1999,29.41292
106,1,14,2000,29.84616
106,1,14,2001,29.72878
106,1,14,2002,30.29866
106,1,14,2003,30.74534
106,1,14,2004,30.71345
106,1,14,2005,31.25182
106,1,14,2006,31.02291
106,1,14,2007,31.45312
106,1,14,2008,31.26099
106,1,14,2009,31.22314
106,1,14,2010,31.24599
106,1,14,2011,31.40235
106,1,14,2012,31.40334
106,1,14,2013,32.02315
106,1,14,2014,32.07224
106,1,14,2015,31.99545
106,1,14,2016,32.2956
106,1,14,2017,32.57943
106,1,14,2018,32.63257
106,1,14,2019,32.46735
106,2,14,1950,30.12318
106,2,14,1951,30.23249
106,2,14,1952,30.34025
106,2,14,1953,30.43301
106,2,14,1954,30.47397
106,2,14,1955,30.61037
106,2,14,1956,30.71623
106,2,14,1957,30.85185
106,2,14,1958,30.88046
106,2,14,1959,30.96936
106,2,14,1960,31.04087
106,2,14,1961,31.57592
106,2,14,1962,31.71189
106,2,14,1963,31.77288
106,2,14,1964,32.38341
106,2,14,1965,32.13711
106,2,14,1966,31.58949
106,2,14,1967,30.86232
106,2,14,1968,30.76567
106,2,14,1969,30.91272
106,2,14,1970,31.34732
106,2,14,1971,31.74698
106,2,14,1972,31.8923
106,2,14,1973,31.77587
106,2,14,1974,32.24219
106,2,14,1975,32.98903
106,2,14,1976,32.9943
106,2,14,1977,32.82636
106,2,14,1978,32.89933
106,2,14,1979,32.95019
106,2,14,1980,32.82145
106,2,14,1981,32.6452
106,2,14,1982,33.37908
106,2,14,1983,34.20279
106,2,14,1984,34.22771
106,2,14,1985,33.96737
106,2,14,1986,33.7446
106,2,14,1987,33.7685
106,2,14,1988,33.74986
106,2,14,1989,33.8967
106,2,14,1990,34.18545
106,2,14,1991,34.47945
106,2,14,1992,34.59301
106,2,14,1993,34.54276
106,2,14,1994,34.53343
106,2,14,1995,34.7895
106,2,14,1996,34.15704
106,2,14,1997,34.62525
106,2,14,1998,34.83706
106,2,14,1999,34.36139
106,2,14,2000,34.60698
106,2,14,2001,34.57561
106,2,14,2002,34.77014
106,2,14,2003,34.8652
106,2,14,2004,34.82983
106,2,14,2005,35.48792
106,2,14,2006,35.57427
106,2,14,2007,36.06676
106,2,14,2008,35.97032
106,2,14,2009,35.50047
106,2,14,2010,35.644
106,2,14,2011,35.52791
106,2,14,2012,35.74832
106,2,14,2013,35.60566
106,2,14,2014,36.02073
106,2,14,2015,36.19753
106,2,14,2016,36.51435
106,2,14,2017,36.74817
106,2,14,2018,36.91475
106,2,14,2019,36.97253
106,3,14,1950,28.27682
106,3,14,1951,28.41311
106,3,14,1952,28.48135
106,3,14,1953,28.62689
106,3,14,1954,28.69693
106,3,14,1955,28.78503
106,3,14,1956,28.93257
106,3,14,1957,29.10883
106,3,14,1958,29.18108
106,3,14,1959,29.24707
106,3,14,1960,29.3579
106,3,14,1961,29.75898
106,3,14,1962,29.91989
106,3,14,1963,30.01211
106,3,14,1964,30.57172
106,3,14,1965,29.93565
106,3,14,1966,29.71462
106,3,14,1967,28.98002
106,3,14,1968,28.91702
106,3,14,1969,28.98864
106,3,14,1970,29.01382
106,3,14,1971,29.02992
106,3,14,1972,29.15749
106,3,14,1973,29.20676
106,3,14,1974,29.66958
106,3,14,1975,30.25361
106,3,14,1976,30.20542
106,3,14,1977,30.09995
106,3,14,1978,30.19176
106,3,14,1979,30.27343
106,3,14,1980,30.23831
106,3,14,1981,30.1449
106,3,14,1982,30.62918
106,3,14,1983,31.18567
106,3,14,1984,31.34074
106,3,14,1985,31.15208
106,3,14,1986,30.91812
106,3,14,1987,30.89011
106,3,14,1988,31.08454
106,3,14,1989,31.15102
106,3,14,1990,31.46833
106,3,14,1991,31.68867
106,3,14,1992,31.75508
106,3,14,1993,31.69571
106,3,14,1994,31.76749
106,3,14,1995,31.98677
106,3,14,1996,31.7184
106,3,14,1997,32.2233
106,3,14,1998,32.32973
106,3,14,1999,31.78414
106,3,14,2000,32.16304
106,3,14,2001,32.10905
106,3,14,2002,32.55144
106,3,14,2003,32.84274
106,3,14,2004,32.84025
106,3,14,2005,33.42334
106,3,14,2006,33.28261
106,3,14,2007,33.73235
106,3,14,2008,33.54793
106,3,14,2009,33.27308
106,3,14,2010,33.33891
106,3,14,2011,33.3599
106,3,14,2012,33.52467
106,3,14,2013,33.81654
106,3,14,2014,34.0853
106,3,14,2015,34.17409
106,3,14,2016,34.4723
106,3,14,2017,34.68529
106,3,14,2018,34.86301
106,3,14,2019,34.79057
107,1,14,1950,26.50689
107,1,14,1951,26.32779
107,1,14,1952,26.27365
107,1,14,1953,26.73629
107,1,14,1954,27.20507
107,1,14,1955,27.17755
107,1,14,1956,27.56557
107,1,14,1957,27.6816
107,1,14,1958,27.9498
107,1,14,1959,28.12141
107,1,14,1960,28.06628
107,1,14,1961,27.95909
107,1,14,1962,27.98869
107,1,14,1963,28.13879
107,1,14,1964,28.24564
107,1,14,1965,28.31889
107,1,14,1966,28.29234
107,1,14,1967,28.37585
107,1,14,1968,28.43082
107,1,14,1969,28.42852
107,1,14,1970,28.42857
107,1,14,1971,28.40525
107,1,14,1972,28.36561
107,1,14,1973,28.29871
107,1,14,1974,28.22539
107,1,14,1975,28.37736
107,1,14,1976,28.33562
107,1,14,1977,28.79524
107,1,14,1978,29.24213
107,1,14,1979,29.61998
107,1,14,1980,30.26176
107,1,14,1981,30.86733
107,1,14,1982,31.23745
107,1,14,1983,31.11297
107,1,14,1984,31.06193
107,1,14,1985,30.95459
107,1,14,1986,31.50852
107,1,14,1987,31.23744
107,1,14,1988,31.19763
107,1,14,1989,31.31897
107,1,14,1990,31.23418
107,1,14,1991,31.39931
107,1,14,1992,31.1755
107,1,14,1993,31.00708
107,1,14,1994,30.70116
107,1,14,1995,30.685
107,1,14,1996,30.78261
107,1,14,1997,30.85997
107,1,14,1998,31.43328
107,1,14,1999,32.28181
107,1,14,2000,32.3611
107,1,14,2001,32.71776
107,1,14,2002,32.3782
107,1,14,2003,32.22208
107,1,14,2004,32.12027
107,1,14,2005,32.44497
107,1,14,2006,32.56994
107,1,14,2007,32.81252
107,1,14,2008,33.11383
107,1,14,2009,33.71155
107,1,14,2010,33.83909
107,1,14,2011,34.04353
107,1,14,2012,34.22771
107,1,14,2013,34.34706
107,1,14,2014,34.53739
107,1,14,2015,34.78336
107,1,14,2016,34.98861
107,1,14,2017,35.11837
107,1,14,2018,34.98176
107,1,14,2019,34.45072
107,2,14,1950,30.44496
107,2,14,1951,30.53249
107,2,14,1952,30.69819
107,2,14,1953,30.87132
107,2,14,1954,31.23765
107,2,14,1955,31.22046
107,2,14,1956,31.61432
107,2,14,1957,31.82965
107,2,14,1958,31.97528
107,2,14,1959,32.10478
107,2,14,1960,31.9873
107,2,14,1961,31.83878
107,2,14,1962,31.99213
107,2,14,1963,32.16914
107,2,14,1964,32.21242
107,2,14,1965,32.28658
107,2,14,1966,32.30483
107,2,14,1967,32.30605
107,2,14,1968,32.12635
107,2,14,1969,31.79165
107,2,14,1970,31.99456
107,2,14,1971,32.15519
107,2,14,1972,32.21884
107,2,14,1973,32.25101
107,2,14,1974,32.28268
107,2,14,1975,32.20764
107,2,14,1976,32.1997
107,2,14,1977,32.59014
107,2,14,1978,32.98716
107,2,14,1979,33.4885
107,2,14,1980,33.87904
107,2,14,1981,34.1761
107,2,14,1982,34.44177
107,2,14,1983,34.7089
107,2,14,1984,34.77238
107,2,14,1985,34.73404
107,2,14,1986,34.72509
107,2,14,1987,34.65181
107,2,14,1988,34.69557
107,2,14,1989,34.71083
107,2,14,1990,34.71711
107,2,14,1991,35.02013
107,2,14,1992,34.982
107,2,14,1993,35.1192
107,2,14,1994,35.39928
107,2,14,1995,35.58521
107,2,14,1996,35.75957
107,2,14,1997,35.82796
107,2,14,1998,35.77626
107,2,14,1999,35.61535
107,2,14,2000,35.28374
107,2,14,2001,35.44633
107,2,14,2002,35.22312
107,2,14,2003,35.02535
107,2,14,2004,35.06789
107,2,14,2005,35.32376
107,2,14,2006,35.47905
107,2,14,2007,35.48774
107,2,14,2008,35.51503
107,2,14,2009,35.45897
107,2,14,2010,35.49296
107,2,14,2011,35.42068
107,2,14,2012,35.66975
107,2,14,2013,35.73626
107,2,14,2014,35.87142
107,2,14,2015,36.0348
107,2,14,2016,36.21222
107,2,14,2017,36.36593
107,2,14,2018,36.57303
107,2,14,2019,36.6321
107,3,14,1950,28.85404
107,3,14,1951,28.83591
107,3,14,1952,28.90209
107,3,14,1953,29.22297
107,3,14,1954,29.60516
107,3,14,1955,29.58605
107,3,14,1956,29.97256
107,3,14,1957,30.13671
107,3,14,1958,30.33359
107,3,14,1959,30.49317
107,3,14,1960,30.39589
107,3,14,1961,30.22585
107,3,14,1962,30.33803
107,3,14,1963,30.4681
107,3,14,1964,30.50727
107,3,14,1965,30.57275
107,3,14,1966,30.566
107,3,14,1967,30.58472
107,3,14,1968,30.46515
107,3,14,1969,30.2833
107,3,14,1970,30.36344
107,3,14,1971,30.45567
107,3,14,1972,30.43837
107,3,14,1973,30.43829
107,3,14,1974,30.40759
107,3,14,1975,30.40716
107,3,14,1976,30.3772
107,3,14,1977,30.79592
107,3,14,1978,31.16931
107,3,14,1979,31.6507
107,3,14,1980,32.14215
107,3,14,1981,32.61448
107,3,14,1982,32.9872
107,3,14,1983,33.08706
107,3,14,1984,33.04217
107,3,14,1985,32.93457
107,3,14,1986,33.14658
107,3,14,1987,32.96407
107,3,14,1988,32.9896
107,3,14,1989,33.03043
107,3,14,1990,32.9739
107,3,14,1991,33.19601
107,3,14,1992,33.06983
107,3,14,1993,33.0556
107,3,14,1994,33.04778
107,3,14,1995,33.11152
107,3,14,1996,33.25964
107,3,14,1997,33.3141
107,3,14,1998,33.57155
107,3,14,1999,33.90109
107,3,14,2000,33.76962
107,3,14,2001,34.03068
107,3,14,2002,33.74935
107,3,14,2003,33.58236
107,3,14,2004,33.56141
107,3,14,2005,33.86668
107,3,14,2006,33.99013
107,3,14,2007,34.09967
107,3,14,2008,34.26912
107,3,14,2009,34.53579
107,3,14,2010,34.6036
107,3,14,2011,34.63306
107,3,14,2012,34.86331
107,3,14,2013,35.00557
107,3,14,2014,35.22292
107,3,14,2015,35.45176
107,3,14,2016,35.61336
107,3,14,2017,35.76731
107,3,14,2018,35.811
107,3,14,2019,35.60605
108,1,14,1950,26.95291
108,1,14,1951,26.90862
108,1,14,1952,27.22991
108,1,14,1953,27.67468
108,1,14,1954,27.97438
108,1,14,1955,28.30068
108,1,14,1956,28.8202
108,1,14,1957,29.32549
108,1,14,1958,29.9435
108,1,14,1959,30.47797
108,1,14,1960,31.13572
108,1,14,1961,28.92456
108,1,14,1962,31.72078
108,1,14,1963,31.99692
108,1,14,1964,32.27687
108,1,14,1965,32.3553
108,1,14,1966,32.35244
108,1,14,1967,32.47844
108,1,14,1968,32.68017
108,1,14,1969,32.76217
108,1,14,1970,32.87709
108,1,14,1971,33.16282
108,1,14,1972,33.26298
108,1,14,1973,33.1816
108,1,14,1974,33.16553
108,1,14,1975,32.97511
108,1,14,1976,32.57421
108,1,14,1977,32.55753
108,1,14,1978,32.19132
108,1,14,1979,32.70377
108,1,14,1980,32.72645
108,1,14,1981,33.33471
108,1,14,1982,33.5133
108,1,14,1983,33.30748
108,1,14,1984,33.00633
108,1,14,1985,33.20022
108,1,14,1986,33.50073
108,1,14,1987,33.72306
108,1,14,1988,33.91981
108,1,14,1989,33.57237
108,1,14,1990,33.63526
108,1,14,1991,33.91346
108,1,14,1992,33.86925
108,1,14,1993,33.71669
108,1,14,1994,33.22625
108,1,14,1995,32.93626
108,1,14,1996,32.2354
108,1,14,1997,31.20918
108,1,14,1998,30.08009
108,1,14,1999,29.26433
108,1,14,2000,29.01145
108,1,14,2001,30.07384
108,1,14,2002,31.07916
108,1,14,2003,31.40689
108,1,14,2004,31.47698
108,1,14,2005,31.80108
108,1,14,2006,32.01381
108,1,14,2007,32.37171
108,1,14,2008,32.76627
108,1,14,2009,32.73199
108,1,14,2010,32.69458
108,1,14,2011,32.95996
108,1,14,2012,33.19908
108,1,14,2013,33.14318
108,1,14,2014,32.83474
108,1,14,2015,32.5573
108,1,14,2016,32.9771
108,1,14,2017,33.34299
108,1,14,2018,33.32361
108,1,14,2019,33.48049
108,2,14,1950,30.18211
108,2,14,1951,30.54587
108,2,14,1952,31.02897
108,2,14,1953,31.34824
108,2,14,1954,31.7354
108,2,14,1955,33.47466
108,2,14,1956,34.4133
108,2,14,1957,34.06927
108,2,14,1958,33.82255
108,2,14,1959,34.36703
108,2,14,1960,34.83635
108,2,14,1961,32.13025
108,2,14,1962,34.00062
108,2,14,1963,33.75824
108,2,14,1964,33.88246
108,2,14,1965,34.13637
108,2,14,1966,34.28564
108,2,14,1967,34.32125
108,2,14,1968,34.32031
108,2,14,1969,34.08167
108,2,14,1970,33.88284
108,2,14,1971,33.92484
108,2,14,1972,33.97033
108,2,14,1973,34.13069
108,2,14,1974,34.49029
108,2,14,1975,34.827
108,2,14,1976,34.89348
108,2,14,1977,35.00151
108,2,14,1978,35.22742
108,2,14,1979,35.46841
108,2,14,1980,35.29326
108,2,14,1981,35.34937
108,2,14,1982,35.30899
108,2,14,1983,35.36103
108,2,14,1984,35.47418
108,2,14,1985,35.41133
108,2,14,1986,35.54895
108,2,14,1987,35.62992
108,2,14,1988,35.23577
108,2,14,1989,35.09761
108,2,14,1990,34.7743
108,2,14,1991,35.5626
108,2,14,1992,36.08976
108,2,14,1993,35.88549
108,2,14,1994,35.57752
108,2,14,1995,35.26164
108,2,14,1996,34.66908
108,2,14,1997,34.23655
108,2,14,1998,34.0426
108,2,14,1999,33.97707
108,2,14,2000,33.61698
108,2,14,2001,34.11448
108,2,14,2002,34.44314
108,2,14,2003,34.54352
108,2,14,2004,34.56255
108,2,14,2005,34.7829
108,2,14,2006,34.51982
108,2,14,2007,34.82238
108,2,14,2008,35.32669
108,2,14,2009,35.36586
108,2,14,2010,35.36936
108,2,14,2011,35.55337
108,2,14,2012,35.84939
108,2,14,2013,35.91338
108,2,14,2014,35.93028
108,2,14,2015,36.30174
108,2,14,2016,36.63494
108,2,14,2017,36.93746
108,2,14,2018,36.90827
108,2,14,2019,37.11152
108,3,14,1950,28.38017
108,3,14,1951,28.4863
108,3,14,1952,28.84891
108,3,14,1953,29.19071
108,3,14,1954,29.51632
108,3,14,1955,30.27001
108,3,14,1956,31.01057
108,3,14,1957,31.25853
108,3,14,1958,31.57658
108,3,14,1959,32.19455
108,3,14,1960,32.84079
108,3,14,1961,30.42258
108,3,14,1962,32.85523
108,3,14,1963,32.84307
108,3,14,1964,33.02241
108,3,14,1965,33.17717
108,3,14,1966,33.26631
108,3,14,1967,33.37722
108,3,14,1968,33.45962
108,3,14,1969,33.38178
108,3,14,1970,33.33761
108,3,14,1971,33.47999
108,3,14,1972,33.56259
108,3,14,1973,33.59093
108,3,14,1974,33.73784
108,3,14,1975,33.76895
108,3,14,1976,33.55966
108,3,14,1977,33.55876
108,3,14,1978,33.47196
108,3,14,1979,33.83079
108,3,14,1980,33.73419
108,3,14,1981,34.08917
108,3,14,1982,34.17531
108,3,14,1983,34.13629
108,3,14,1984,34.06438
108,3,14,1985,34.13906
108,3,14,1986,34.42386
108,3,14,1987,34.57786
108,3,14,1988,34.42933
108,3,14,1989,34.16127
108,3,14,1990,34.00443
108,3,14,1991,34.5243
108,3,14,1992,34.72351
108,3,14,1993,34.54822
108,3,14,1994,34.16656
108,3,14,1995,33.89511
108,3,14,1996,33.23446
108,3,14,1997,32.45243
108,3,14,1998,31.7249
108,3,14,1999,31.20867
108,3,14,2000,30.90329
108,3,14,2001,31.78602
108,3,14,2002,32.51549
108,3,14,2003,32.74714
108,3,14,2004,32.79094
108,3,14,2005,33.06526
108,3,14,2006,33.10268
108,3,14,2007,33.46275
108,3,14,2008,33.94626
108,3,14,2009,33.90248
108,3,14,2010,33.81178
108,3,14,2011,34.06127
108,3,14,2012,34.32792
108,3,14,2013,34.31054
108,3,14,2014,34.15968
108,3,14,2015,34.16995
108,3,14,2016,34.61203
108,3,14,2017,34.93896
108,3,14,2018,34.98063
108,3,14,2019,35.17698
109,1,14,1950,30.29484
109,1,14,1951,30.27265
109,1,14,1952,30.19645
109,1,14,1953,30.39245
109,1,14,1954,30.24003
109,1,14,1955,30.36818
109,1,14,1956,30.07382
109,1,14,1957,29.79183
109,1,14,1958,29.28218
109,1,14,1959,28.61754
109,1,14,1960,29.68861
109,1,14,1961,29.35606
109,1,14,1962,29.29901
109,1,14,1963,29.3936
109,1,14,1964,29.93814
109,1,14,1965,29.74502
109,1,14,1966,29.94059
109,1,14,1967,30.09827
109,1,14,1968,30.1322
109,1,14,1969,30.59503
109,1,14,1970,30.40406
109,1,14,1971,31.20958
109,1,14,1972,31.75365
109,1,14,1973,31.60084
109,1,14,1974,31.51466
109,1,14,1975,31.79403
109,1,14,1976,31.65146
109,1,14,1977,31.33855
109,1,14,1978,31.57583
109,1,14,1979,31.60938
109,1,14,1980,31.76482
109,1,14,1981,31.88781
109,1,14,1982,32.30885
109,1,14,1983,32.38195
109,1,14,1984,32.22811
109,1,14,1985,32.09385
109,1,14,1986,32.342
109,1,14,1987,32.51253
109,1,14,1988,32.23513
109,1,14,1989,32.42109
109,1,14,1990,32.27046
109,1,14,1991,32.36815
109,1,14,1992,32.24492
109,1,14,1993,32.03818
109,1,14,1994,31.97662
109,1,14,1995,32.27912
109,1,14,1996,32.50202
109,1,14,1997,32.59971
109,1,14,1998,32.67602
109,1,14,1999,32.72766
109,1,14,2000,33.0923
109,1,14,2001,33.15718
109,1,14,2002,33.7204
109,1,14,2003,33.64734
109,1,14,2004,33.53954
109,1,14,2005,33.34304
109,1,14,2006,33.8563
109,1,14,2007,33.92234
109,1,14,2008,33.94962
109,1,14,2009,33.81456
109,1,14,2010,33.72884
109,1,14,2011,34.43229
109,1,14,2012,34.08534
109,1,14,2013,34.04715
109,1,14,2014,33.87978
109,1,14,2015,33.57193
109,1,14,2016,33.55107
109,1,14,2017,33.21109
109,1,14,2018,34.30578
109,1,14,2019,35.35577
109,2,14,1950,32.84325
109,2,14,1951,32.76983
109,2,14,1952,32.76465
109,2,14,1953,32.95825
109,2,14,1954,32.81701
109,2,14,1955,32.87702
109,2,14,1956,32.62854
109,2,14,1957,32.34399
109,2,14,1958,31.97646
109,2,14,1959,31.33395
109,2,14,1960,31.91016
109,2,14,1961,31.87794
109,2,14,1962,31.65437
109,2,14,1963,31.67112
109,2,14,1964,32.19395
109,2,14,1965,31.98254
109,2,14,1966,32.07221
109,2,14,1967,32.0967
109,2,14,1968,32.29738
109,2,14,1969,32.42483
109,2,14,1970,32.723
109,2,14,1971,33.30782
109,2,14,1972,33.72166
109,2,14,1973,33.73941
109,2,14,1974,33.58053
109,2,14,1975,33.94896
109,2,14,1976,33.9104
109,2,14,1977,33.73077
109,2,14,1978,34.11307
109,2,14,1979,34.11482
109,2,14,1980,34.33483
109,2,14,1981,34.46749
109,2,14,1982,34.78442
109,2,14,1983,34.95975
109,2,14,1984,34.75664
109,2,14,1985,34.6319
109,2,14,1986,35.04022
109,2,14,1987,35.01608
109,2,14,1988,34.94896
109,2,14,1989,35.36543
109,2,14,1990,34.94108
109,2,14,1991,35.12077
109,2,14,1992,34.95419
109,2,14,1993,34.92605
109,2,14,1994,35.16999
109,2,14,1995,35.20519
109,2,14,1996,35.28984
109,2,14,1997,35.70688
109,2,14,1998,35.79703
109,2,14,1999,36.02086
109,2,14,2000,36.27479
109,2,14,2001,36.20377
109,2,14,2002,36.86302
109,2,14,2003,36.65806
109,2,14,2004,36.66277
109,2,14,2005,36.59894
109,2,14,2006,37.17804
109,2,14,2007,37.18807
109,2,14,2008,36.97767
109,2,14,2009,37.13727
109,2,14,2010,37.1828
109,2,14,2011,37.6832
109,2,14,2012,37.64822
109,2,14,2013,37.57645
109,2,14,2014,37.5169
109,2,14,2015,37.31518
109,2,14,2016,37.491
109,2,14,2017,37.2924
109,2,14,2018,38.19161
109,2,14,2019,39.08506
109,3,14,1950,31.39693
109,3,14,1951,31.27221
109,3,14,1952,31.3076
109,3,14,1953,31.50468
109,3,14,1954,31.35866
109,3,14,1955,31.46149
109,3,14,1956,31.18697
109,3,14,1957,30.82707
109,3,14,1958,30.39122
109,3,14,1959,29.75631
109,3,14,1960,30.61794
109,3,14,1961,30.41985
109,3,14,1962,30.29114
109,3,14,1963,30.363
109,3,14,1964,30.93238
109,3,14,1965,30.69198
109,3,14,1966,30.83827
109,3,14,1967,30.94149
109,3,14,1968,31.05555
109,3,14,1969,31.37449
109,3,14,1970,31.39514
109,3,14,1971,32.09883
109,3,14,1972,32.64373
109,3,14,1973,32.52281
109,3,14,1974,32.40371
109,3,14,1975,32.74079
109,3,14,1976,32.64169
109,3,14,1977,32.39367
109,3,14,1978,32.70029
109,3,14,1979,32.72369
109,3,14,1980,32.9043
109,3,14,1981,33.04727
109,3,14,1982,33.42564
109,3,14,1983,33.55693
109,3,14,1984,33.37499
109,3,14,1985,33.2582
109,3,14,1986,33.57825
109,3,14,1987,33.67471
109,3,14,1988,33.48784
109,3,14,1989,33.83428
109,3,14,1990,33.52112
109,3,14,1991,33.70174
109,3,14,1992,33.51125
109,3,14,1993,33.38893
109,3,14,1994,33.47896
109,3,14,1995,33.66582
109,3,14,1996,33.82757
109,3,14,1997,34.06859
109,3,14,1998,34.16688
109,3,14,1999,34.29256
109,3,14,2000,34.61075
109,3,14,2001,34.61705
109,3,14,2002,35.22323
109,3,14,2003,35.09431
109,3,14,2004,35.04413
109,3,14,2005,34.91624
109,3,14,2006,35.45125
109,3,14,2007,35.4858
109,3,14,2008,35.4124
109,3,14,2009,35.4123
109,3,14,2010,35.38118
109,3,14,2011,35.995
109,3,14,2012,35.8004
109,3,14,2013,35.75475
109,3,14,2014,35.64219
109,3,14,2015,35.36422
109,3,14,2016,35.45517
109,3,14,2017,35.16353
109,3,14,2018,36.09423
109,3,14,2019,37.22834
110,1,14,1950,23.45981
110,1,14,1951,23.84289
110,1,14,1952,24.18738
110,1,14,1953,24.72692
110,1,14,1954,25.20495
110,1,14,1955,25.633
110,1,14,1956,26.13099
110,1,14,1957,26.69257
110,1,14,1958,27.13221
110,1,14,1959,27.54324
110,1,14,1960,27.88441
110,1,14,1961,28.18914
110,1,14,1962,28.48609
110,1,14,1963,28.64104
110,1,14,1964,28.81808
110,1,14,1965,28.92894
110,1,14,1966,28.90055
110,1,14,1967,30.29622
110,1,14,1968,30.72746
110,1,14,1969,30.86454
110,1,14,1970,30.96705
110,1,14,1971,31.14086
110,1,14,1972,31.33705
110,1,14,1973,31.53311
110,1,14,1974,31.71249
110,1,14,1975,31.97438
110,1,14,1976,32.10106
110,1,14,1977,32.19579
110,1,14,1978,32.4749
110,1,14,1979,32.32146
110,1,14,1980,33.06003
110,1,14,1981,32.93242
110,1,14,1982,32.99804
110,1,14,1983,33.16837
110,1,14,1984,32.37562
110,1,14,1985,30.01975
110,1,14,1986,29.81252
110,1,14,1987,29.66893
110,1,14,1988,29.55683
110,1,14,1989,29.48737
110,1,14,1990,29.35034
110,1,14,1991,29.46627
110,1,14,1992,29.50512
110,1,14,1993,29.58423
110,1,14,1994,29.67875
110,1,14,1995,29.83132
110,1,14,1996,29.95084
110,1,14,1997,30.31713
110,1,14,1998,30.53194
110,1,14,1999,30.84868
110,1,14,2000,30.87482
110,1,14,2001,31.03616
110,1,14,2002,31.14891
110,1,14,2003,31.21801
110,1,14,2004,31.32181
110,1,14,2005,31.44003
110,1,14,2006,31.49078
110,1,14,2007,31.44063
110,1,14,2008,31.595
110,1,14,2009,31.6837
110,1,14,2010,31.54975
110,1,14,2011,31.60117
110,1,14,2012,31.44156
110,1,14,2013,31.42232
110,1,14,2014,31.41534
110,1,14,2015,30.8806
110,1,14,2016,31.65273
110,1,14,2017,30.65449
110,1,14,2018,31.6772
110,1,14,2019,31.72373
110,2,14,1950,27.29932
110,2,14,1951,27.6485
110,2,14,1952,27.95369
110,2,14,1953,28.3398
110,2,14,1954,28.6605
110,2,14,1955,29.02777
110,2,14,1956,30.5019
110,2,14,1957,31.23274
110,2,14,1958,31.6197
110,2,14,1959,31.9954
110,2,14,1960,32.3662
110,2,14,1961,32.66969
110,2,14,1962,32.93436
110,2,14,1963,33.12962
110,2,14,1964,33.36332
110,2,14,1965,33.36927
110,2,14,1966,33.09629
110,2,14,1967,31.60229
110,2,14,1968,31.67974
110,2,14,1969,31.6863
110,2,14,1970,31.76534
110,2,14,1971,31.8605
110,2,14,1972,32.06231
110,2,14,1973,32.24236
110,2,14,1974,32.35639
110,2,14,1975,32.44318
110,2,14,1976,32.53807
110,2,14,1977,32.53387
110,2,14,1978,32.6113
110,2,14,1979,32.26656
110,2,14,1980,32.66443
110,2,14,1981,32.78224
110,2,14,1982,32.83448
110,2,14,1983,32.98975
110,2,14,1984,33.0032
110,2,14,1985,33.12944
110,2,14,1986,33.25064
110,2,14,1987,33.31679
110,2,14,1988,33.31224
110,2,14,1989,33.27032
110,2,14,1990,33.16426
110,2,14,1991,33.18557
110,2,14,1992,34.09133
110,2,14,1993,34.44738
110,2,14,1994,34.58814
110,2,14,1995,34.75209
110,2,14,1996,34.85267
110,2,14,1997,34.96552
110,2,14,1998,34.99208
110,2,14,1999,34.83319
110,2,14,2000,34.8968
110,2,14,2001,34.90899
110,2,14,2002,34.73721
110,2,14,2003,34.70001
110,2,14,2004,35.01792
110,2,14,2005,35.16863
110,2,14,2006,35.08428
110,2,14,2007,35.0583
110,2,14,2008,35.17417
110,2,14,2009,35.1718
110,2,14,2010,35.10492
110,2,14,2011,35.09349
110,2,14,2012,35.11755
110,2,14,2013,35.0613
110,2,14,2014,35.02981
110,2,14,2015,34.64362
110,2,14,2016,35.20325
110,2,14,2017,34.37837
110,2,14,2018,35.18253
110,2,14,2019,35.19738
110,3,14,1950,25.50685
110,3,14,1951,25.88207
110,3,14,1952,26.22246
110,3,14,1953,26.68543
110,3,14,1954,27.10628
110,3,14,1955,27.51862
110,3,14,1956,28.5122
110,3,14,1957,29.1288
110,3,14,1958,29.59835
110,3,14,1959,30.02305
110,3,14,1960,30.35957
110,3,14,1961,30.64701
110,3,14,1962,30.89085
110,3,14,1963,31.09717
110,3,14,1964,31.33423
110,3,14,1965,31.40906
110,3,14,1966,31.26874
110,3,14,1967,31.06058
110,3,14,1968,31.25845
110,3,14,1969,31.29846
110,3,14,1970,31.36498
110,3,14,1971,31.42673
110,3,14,1972,31.59029
110,3,14,1973,31.74849
110,3,14,1974,31.81003
110,3,14,1975,31.87107
110,3,14,1976,31.94479
110,3,14,1977,31.9271
110,3,14,1978,32.11168
110,3,14,1979,31.86253
110,3,14,1980,32.39133
110,3,14,1981,32.40462
110,3,14,1982,32.4626
110,3,14,1983,32.59344
110,3,14,1984,32.28845
110,3,14,1985,31.37191
110,3,14,1986,31.4408
110,3,14,1987,31.4225
110,3,14,1988,31.42568
110,3,14,1989,31.44672
110,3,14,1990,31.35424
110,3,14,1991,31.49896
110,3,14,1992,31.96721
110,3,14,1993,32.16451
110,3,14,1994,32.268
110,3,14,1995,32.33265
110,3,14,1996,32.40164
110,3,14,1997,32.66475
110,3,14,1998,32.80052
110,3,14,1999,32.82475
110,3,14,2000,32.85213
110,3,14,2001,32.89226
110,3,14,2002,32.80375
110,3,14,2003,32.76979
110,3,14,2004,32.94604
110,3,14,2005,33.03473
110,3,14,2006,32.97345
110,3,14,2007,32.91432
110,3,14,2008,33.09083
110,3,14,2009,33.16114
110,3,14,2010,33.09765
110,3,14,2011,33.09728
110,3,14,2012,33.09179
110,3,14,2013,33.12102
110,3,14,2014,33.13057
110,3,14,2015,32.63107
110,3,14,2016,33.33137
110,3,14,2017,32.39487
110,3,14,2018,33.35652
110,3,14,2019,33.37551
111,1,14,1950,29.08442
111,1,14,1951,30.70468
111,1,14,1952,31.33124
111,1,14,1953,33.02793
111,1,14,1954,34.40056
111,1,14,1955,33.72348
111,1,14,1956,34.02448
111,1,14,1957,34.10585
111,1,14,1958,34.71042
111,1,14,1959,33.55962
111,1,14,1960,33.1625
111,1,14,1961,32.05475
111,1,14,1962,33.26028
111,1,14,1963,33.05983
111,1,14,1964,33.76874
111,1,14,1965,33.25145
111,1,14,1966,33.63619
111,1,14,1967,32.83795
111,1,14,1968,32.36529
111,1,14,1969,32.4385
111,1,14,1970,32.93813
111,1,14,1971,33.06756
111,1,14,1972,33.29642
111,1,14,1973,33.67635
111,1,14,1974,33.46084
111,1,14,1975,33.40215
111,1,14,1976,33.72325
111,1,14,1977,34.25557
111,1,14,1978,34.7705
111,1,14,1979,33.97876
111,1,14,1980,34.02867
111,1,14,1981,33.96991
111,1,14,1982,33.67214
111,1,14,1983,33.52464
111,1,14,1984,33.42556
111,1,14,1985,33.47953
111,1,14,1986,34.12535
111,1,14,1987,34.14197
111,1,14,1988,34.16301
111,1,14,1989,34.60925
111,1,14,1990,34.73382
111,1,14,1991,35.33223
111,1,14,1992,35.92891
111,1,14,1993,36.36879
111,1,14,1994,36.30592
111,1,14,1995,35.86824
111,1,14,1996,35.22263
111,1,14,1997,34.79211
111,1,14,1998,34.39336
111,1,14,1999,34.00919
111,1,14,2000,34.21776
111,1,14,2001,34.47974
111,1,14,2002,34.24214
111,1,14,2003,33.73001
111,1,14,2004,33.21793
111,1,14,2005,33.29944
111,1,14,2006,33.71612
111,1,14,2007,34.11559
111,1,14,2008,34.3484
111,1,14,2009,34.28336
111,1,14,2010,34.01185
111,1,14,2011,33.44299
111,1,14,2012,32.57617
111,1,14,2013,31.93681
111,1,14,2014,31.66812
111,1,14,2015,31.38125
111,1,14,2016,31.66063
111,1,14,2017,32.58305
111,1,14,2018,33.03006
111,1,14,2019,33.17174
111,2,14,1950,29.91448
111,2,14,1951,29.77353
111,2,14,1952,30.40885
111,2,14,1953,31.6762
111,2,14,1954,31.66835
111,2,14,1955,31.27999
111,2,14,1956,31.24739
111,2,14,1957,31.27002
111,2,14,1958,32.46411
111,2,14,1959,32.41929
111,2,14,1960,33.1317
111,2,14,1961,33.0506
111,2,14,1962,33.62292
111,2,14,1963,34.65924
111,2,14,1964,35.39213
111,2,14,1965,34.94766
111,2,14,1966,35.12624
111,2,14,1967,34.68739
111,2,14,1968,34.51638
111,2,14,1969,34.62303
111,2,14,1970,34.94807
111,2,14,1971,35.00261
111,2,14,1972,35.03886
111,2,14,1973,35.14276
111,2,14,1974,35.12174
111,2,14,1975,35.25429
111,2,14,1976,35.42274
111,2,14,1977,35.76702
111,2,14,1978,35.99583
111,2,14,1979,35.42362
111,2,14,1980,35.51303
111,2,14,1981,35.49473
111,2,14,1982,35.40673
111,2,14,1983,35.45209
111,2,14,1984,35.37609
111,2,14,1985,35.56197
111,2,14,1986,36.23221
111,2,14,1987,36.2612
111,2,14,1988,36.32649
111,2,14,1989,36.64133
111,2,14,1990,37.04895
111,2,14,1991,37.4472
111,2,14,1992,37.69319
111,2,14,1993,37.78825
111,2,14,1994,38.19239
111,2,14,1995,38.44869
111,2,14,1996,38.61636
111,2,14,1997,38.62511
111,2,14,1998,38.75805
111,2,14,1999,39.29909
111,2,14,2000,39.06423
111,2,14,2001,38.99396
111,2,14,2002,39.26051
111,2,14,2003,38.59881
111,2,14,2004,37.65016
111,2,14,2005,37.39901
111,2,14,2006,37.94096
111,2,14,2007,38.29978
111,2,14,2008,38.27893
111,2,14,2009,37.88206
111,2,14,2010,37.46048
111,2,14,2011,37.10475
111,2,14,2012,36.65129
111,2,14,2013,36.25063
111,2,14,2014,35.95495
111,2,14,2015,35.86353
111,2,14,2016,36.07438
111,2,14,2017,36.69261
111,2,14,2018,37.04528
111,2,14,2019,37.1224
111,3,14,1950,29.35529
111,3,14,1951,30.01593
111,3,14,1952,30.6628
111,3,14,1953,32.10399
111,3,14,1954,32.67566
111,3,14,1955,32.19202
111,3,14,1956,32.32282
111,3,14,1957,32.44019
111,3,14,1958,33.37038
111,3,14,1959,32.83929
111,3,14,1960,33.13247
111,3,14,1961,32.44824
111,3,14,1962,33.35841
111,3,14,1963,33.72357
111,3,14,1964,34.46622
111,3,14,1965,33.81489
111,3,14,1966,34.01079
111,3,14,1967,33.32761
111,3,14,1968,33.01643
111,3,14,1969,33.15022
111,3,14,1970,33.59377
111,3,14,1971,33.64642
111,3,14,1972,33.79659
111,3,14,1973,34.04642
111,3,14,1974,33.9641
111,3,14,1975,33.96366
111,3,14,1976,34.19077
111,3,14,1977,34.62324
111,3,14,1978,34.91326
111,3,14,1979,34.33914
111,3,14,1980,34.41295
111,3,14,1981,34.4048
111,3,14,1982,34.25507
111,3,14,1983,34.12321
111,3,14,1984,34.07614
111,3,14,1985,34.31763
111,3,14,1986,34.80285
111,3,14,1987,34.78351
111,3,14,1988,35.00626
111,3,14,1989,35.52718
111,3,14,1990,35.76196
111,3,14,1991,36.09267
111,3,14,1992,36.63816
111,3,14,1993,37.07513
111,3,14,1994,37.15409
111,3,14,1995,36.87941
111,3,14,1996,36.60543
111,3,14,1997,36.39413
111,3,14,1998,36.22938
111,3,14,1999,36.08881
111,3,14,2000,36.25077
111,3,14,2001,36.28457
111,3,14,2002,36.2012
111,3,14,2003,35.66865
111,3,14,2004,35.04293
111,3,14,2005,35.08974
111,3,14,2006,35.69733
111,3,14,2007,36.11365
111,3,14,2008,36.28874
111,3,14,2009,36.03478
111,3,14,2010,35.68328
111,3,14,2011,35.08529
111,3,14,2012,34.22506
111,3,14,2013,33.7241
111,3,14,2014,33.4168
111,3,14,2015,33.22047
111,3,14,2016,33.57121
111,3,14,2017,34.56764
111,3,14,2018,34.97169
111,3,14,2019,35.09015
112,1,14,1950,27.18863
112,1,14,1951,27.30637
112,1,14,1952,27.3723
112,1,14,1953,27.95535
112,1,14,1954,28.28803
112,1,14,1955,28.29497
112,1,14,1956,28.24382
112,1,14,1957,28.64991
112,1,14,1958,28.77771
112,1,14,1959,28.87813
112,1,14,1960,28.76363
112,1,14,1961,28.75508
112,1,14,1962,29.01853
112,1,14,1963,28.73501
112,1,14,1964,28.82912
112,1,14,1965,28.90243
112,1,14,1966,28.52095
112,1,14,1967,28.58935
112,1,14,1968,28.81396
112,1,14,1969,29.18108
112,1,14,1970,29.37242
112,1,14,1971,29.65596
112,1,14,1972,30.25812
112,1,14,1973,30.94845
112,1,14,1974,31.48224
112,1,14,1975,31.6866
112,1,14,1976,31.71535
112,1,14,1977,31.4184
112,1,14,1978,31.36455
112,1,14,1979,31.40084
112,1,14,1980,31.11082
112,1,14,1981,30.74999
112,1,14,1982,30.29252
112,1,14,1983,27.69663
112,1,14,1984,29.66856
112,1,14,1985,29.4453
112,1,14,1986,29.34991
112,1,14,1987,29.17927
112,1,14,1988,28.69261
112,1,14,1989,28.03836
112,1,14,1990,27.35574
112,1,14,1991,27.56581
112,1,14,1992,27.66473
112,1,14,1993,27.81487
112,1,14,1994,27.92289
112,1,14,1995,28.17275
112,1,14,1996,28.53517
112,1,14,1997,28.8288
112,1,14,1998,28.8816
112,1,14,1999,28.04878
112,1,14,2000,27.96813
112,1,14,2001,27.92574
112,1,14,2002,27.80609
112,1,14,2003,27.7804
112,1,14,2004,27.64418
112,1,14,2005,28.00207
112,1,14,2006,28.22413
112,1,14,2007,28.30333
112,1,14,2008,28.27453
112,1,14,2009,28.39462
112,1,14,2010,28.44612
112,1,14,2011,28.74122
112,1,14,2012,30.0146
112,1,14,2013,29.97462
112,1,14,2014,29.91228
112,1,14,2015,29.9507
112,1,14,2016,29.52419
112,1,14,2017,29.72973
112,1,14,2018,29.89185
112,1,14,2019,30.04454
112,2,14,1950,30.1081
112,2,14,1951,30.40239
112,2,14,1952,30.52839
112,2,14,1953,30.84202
112,2,14,1954,31.36454
112,2,14,1955,31.47932
112,2,14,1956,31.63543
112,2,14,1957,32.30757
112,2,14,1958,32.60068
112,2,14,1959,32.94224
112,2,14,1960,33.22536
112,2,14,1961,33.46941
112,2,14,1962,32.54506
112,2,14,1963,32.56959
112,2,14,1964,32.85592
112,2,14,1965,32.84808
112,2,14,1966,32.51546
112,2,14,1967,32.52551
112,2,14,1968,32.70109
112,2,14,1969,32.99461
112,2,14,1970,33.12488
112,2,14,1971,33.75302
112,2,14,1972,34.2942
112,2,14,1973,34.6867
112,2,14,1974,34.90916
112,2,14,1975,35.02239
112,2,14,1976,34.87668
112,2,14,1977,34.58792
112,2,14,1978,34.55691
112,2,14,1979,34.59542
112,2,14,1980,34.47617
112,2,14,1981,34.22064
112,2,14,1982,34.02963
112,2,14,1983,31.74095
112,2,14,1984,33.50108
112,2,14,1985,33.37958
112,2,14,1986,33.25661
112,2,14,1987,32.62585
112,2,14,1988,32.4325
112,2,14,1989,32.23833
112,2,14,1990,31.97172
112,2,14,1991,32.30645
112,2,14,1992,32.21935
112,2,14,1993,32.00114
112,2,14,1994,32.22202
112,2,14,1995,32.55724
112,2,14,1996,33.07038
112,2,14,1997,33.52035
112,2,14,1998,33.92387
112,2,14,1999,34.69068
112,2,14,2000,34.85768
112,2,14,2001,34.97744
112,2,14,2002,34.96819
112,2,14,2003,35.07536
112,2,14,2004,35.03871
112,2,14,2005,35.16747
112,2,14,2006,35.03217
112,2,14,2007,34.85135
112,2,14,2008,34.62447
112,2,14,2009,34.30208
112,2,14,2010,34.15831
112,2,14,2011,34.05306
112,2,14,2012,33.95601
112,2,14,2013,33.92735
112,2,14,2014,33.91779
112,2,14,2015,34.06785
112,2,14,2016,33.85188
112,2,14,2017,33.94762
112,2,14,2018,34.04441
112,2,14,2019,34.17956
112,3,14,1950,28.93568
112,3,14,1951,29.1124
112,3,14,1952,29.17909
112,3,14,1953,29.57519
112,3,14,1954,30.01752
112,3,14,1955,30.11948
112,3,14,1956,30.23499
112,3,14,1957,30.79225
112,3,14,1958,31.04556
112,3,14,1959,31.26546
112,3,14,1960,31.39541
112,3,14,1961,31.4972
112,3,14,1962,31.02245
112,3,14,1963,31.00193
112,3,14,1964,31.21982
112,3,14,1965,31.19772
112,3,14,1966,30.81939
112,3,14,1967,30.8801
112,3,14,1968,31.10356
112,3,14,1969,31.39237
112,3,14,1970,31.5668
112,3,14,1971,32.04447
112,3,14,1972,32.64602
112,3,14,1973,33.12979
112,3,14,1974,33.4392
112,3,14,1975,33.55577
112,3,14,1976,33.44085
112,3,14,1977,33.1745
112,3,14,1978,33.12027
112,3,14,1979,33.16798
112,3,14,1980,32.96757
112,3,14,1981,32.63958
112,3,14,1982,32.35472
112,3,14,1983,29.84177
112,3,14,1984,31.71476
112,3,14,1985,31.50808
112,3,14,1986,31.38887
112,3,14,1987,31.01982
112,3,14,1988,30.67533
112,3,14,1989,30.19791
112,3,14,1990,29.6669
112,3,14,1991,29.89682
112,3,14,1992,29.86627
112,3,14,1993,29.82914
112,3,14,1994,30.00803
112,3,14,1995,30.27668
112,3,14,1996,30.70338
112,3,14,1997,31.08921
112,3,14,1998,31.31498
112,3,14,1999,31.14286
112,3,14,2000,31.16348
112,3,14,2001,31.21862
112,3,14,2002,31.20229
112,3,14,2003,31.24565
112,3,14,2004,31.12507
112,3,14,2005,31.43017
112,3,14,2006,31.52642
112,3,14,2007,31.50143
112,3,14,2008,31.38299
112,3,14,2009,31.32093
112,3,14,2010,31.29251
112,3,14,2011,31.44898
112,3,14,2012,31.98969
112,3,14,2013,31.99425
112,3,14,2014,31.96287
112,3,14,2015,31.95334
112,3,14,2016,31.6009
112,3,14,2017,31.76035
112,3,14,2018,31.92178
112,3,14,2019,32.07568
113,1,14,1950,22.65268
113,1,14,1951,22.86911
113,1,14,1952,23.10934
113,1,14,1953,23.38028
113,1,14,1954,23.58176
113,1,14,1955,23.80807
113,1,14,1956,24.13636
113,1,14,1957,24.38507
113,1,14,1958,24.8707
113,1,14,1959,24.92981
113,1,14,1960,25.31396
113,1,14,1961,25.62475
113,1,14,1962,25.64393
113,1,14,1963,25.68975
113,1,14,1964,25.90707
113,1,14,1965,26.16511
113,1,14,1966,26.38753
113,1,14,1967,26.37943
113,1,14,1968,26.35127
113,1,14,1969,26.32043
113,1,14,1970,26.43996
113,1,14,1971,26.35994
113,1,14,1972,25.94411
113,1,14,1973,25.72275
113,1,14,1974,25.45548
113,1,14,1975,25.51501
113,1,14,1976,25.81898
113,1,14,1977,25.57956
113,1,14,1978,24.79946
113,1,14,1979,25.6905
113,1,14,1980,25.91598
113,1,14,1981,25.81285
113,1,14,1982,25.8155
113,1,14,1983,25.66767
113,1,14,1984,25.22363
113,1,14,1985,25.52192
113,1,14,1986,25.32463
113,1,14,1987,25.03885
113,1,14,1988,25.2399
113,1,14,1989,24.30198
113,1,14,1990,24.64511
113,1,14,1991,25.15144
113,1,14,1992,25.44872
113,1,14,1993,25.13026
113,1,14,1994,25.41752
113,1,14,1995,25.1471
113,1,14,1996,25.19215
113,1,14,1997,25.58231
113,1,14,1998,25.83715
113,1,14,1999,26.36167
113,1,14,2000,26.56896
113,1,14,2001,26.27715
113,1,14,2002,26.24736
113,1,14,2003,26.5562
113,1,14,2004,26.48625
113,1,14,2005,26.53401
113,1,14,2006,26.82278
113,1,14,2007,26.79588
113,1,14,2008,26.68458
113,1,14,2009,27.01297
113,1,14,2010,27.02421
113,1,14,2011,27.00837
113,1,14,2012,27.01996
113,1,14,2013,27.14863
113,1,14,2014,27.26691
113,1,14,2015,27.71452
113,1,14,2016,28.08953
113,1,14,2017,28.36188
113,1,14,2018,28.6024
113,1,14,2019,28.67234
113,2,14,1950,26.30821
113,2,14,1951,26.65611
113,2,14,1952,26.77843
113,2,14,1953,26.77066
113,2,14,1954,26.77396
113,2,14,1955,26.97867
113,2,14,1956,27.29462
113,2,14,1957,27.39714
113,2,14,1958,27.73081
113,2,14,1959,27.96513
113,2,14,1960,28.49639
113,2,14,1961,28.95475
113,2,14,1962,28.91024
113,2,14,1963,29.03446
113,2,14,1964,29.40829
113,2,14,1965,29.39353
113,2,14,1966,29.53855
113,2,14,1967,29.43264
113,2,14,1968,29.30397
113,2,14,1969,29.39745
113,2,14,1970,29.85973
113,2,14,1971,29.46972
113,2,14,1972,29.38049
113,2,14,1973,28.89734
113,2,14,1974,28.68178
113,2,14,1975,28.83641
113,2,14,1976,28.66283
113,2,14,1977,28.74108
113,2,14,1978,28.74115
113,2,14,1979,28.87768
113,2,14,1980,29.15103
113,2,14,1981,29.37448
113,2,14,1982,29.52785
113,2,14,1983,29.65703
113,2,14,1984,29.42226
113,2,14,1985,29.55091
113,2,14,1986,29.32819
113,2,14,1987,29.39193
113,2,14,1988,29.33221
113,2,14,1989,28.33504
113,2,14,1990,28.41494
113,2,14,1991,28.75697
113,2,14,1992,29.15835
113,2,14,1993,28.52672
113,2,14,1994,28.74898
113,2,14,1995,28.72263
113,2,14,1996,28.74921
113,2,14,1997,29.23103
113,2,14,1998,29.47304
113,2,14,1999,30.16554
113,2,14,2000,29.74952
113,2,14,2001,29.6268
113,2,14,2002,29.53405
113,2,14,2003,29.54051
113,2,14,2004,29.66241
113,2,14,2005,29.97169
113,2,14,2006,30.46652
113,2,14,2007,30.51045
113,2,14,2008,30.54997
113,2,14,2009,31.05922
113,2,14,2010,30.82602
113,2,14,2011,30.73507
113,2,14,2012,30.87325
113,2,14,2013,31.19402
113,2,14,2014,31.45893
113,2,14,2015,31.67846
113,2,14,2016,31.86262
113,2,14,2017,32.23754
113,2,14,2018,32.30831
113,2,14,2019,32.45353
113,3,14,1950,24.48384
113,3,14,1951,24.7665
113,3,14,1952,24.7613
113,3,14,1953,24.81424
113,3,14,1954,24.93519
113,3,14,1955,25.11156
113,3,14,1956,25.34407
113,3,14,1957,25.54088
113,3,14,1958,25.95599
113,3,14,1959,26.09997
113,3,14,1960,26.512
113,3,14,1961,26.91789
113,3,14,1962,26.98773
113,3,14,1963,27.19207
113,3,14,1964,27.47133
113,3,14,1965,27.76601
113,3,14,1966,27.78732
113,3,14,1967,27.73983
113,3,14,1968,27.62098
113,3,14,1969,27.45544
113,3,14,1970,27.71904
113,3,14,1971,27.61247
113,3,14,1972,27.43308
113,3,14,1973,27.2079
113,3,14,1974,26.97051
113,3,14,1975,27.10546
113,3,14,1976,27.17625
113,3,14,1977,26.95928
113,3,14,1978,26.46566
113,3,14,1979,27.03557
113,3,14,1980,27.3348
113,3,14,1981,27.49047
113,3,14,1982,27.58183
113,3,14,1983,27.54558
113,3,14,1984,27.08112
113,3,14,1985,27.34137
113,3,14,1986,27.18852
113,3,14,1987,27.1104
113,3,14,1988,27.18902
113,3,14,1989,26.04687
113,3,14,1990,26.28149
113,3,14,1991,26.71484
113,3,14,1992,27.034
113,3,14,1993,26.69544
113,3,14,1994,26.90842
113,3,14,1995,26.67344
113,3,14,1996,26.57312
113,3,14,1997,26.91012
113,3,14,1998,27.16182
113,3,14,1999,27.84667
113,3,14,2000,27.80033
113,3,14,2001,27.63551
113,3,14,2002,27.68432
113,3,14,2003,27.70068
113,3,14,2004,27.79572
113,3,14,2005,27.92074
113,3,14,2006,28.26944
113,3,14,2007,28.2952
113,3,14,2008,28.23288
113,3,14,2009,28.59831
113,3,14,2010,28.49598
113,3,14,2011,28.60365
113,3,14,2012,28.66848
113,3,14,2013,29.02018
113,3,14,2014,29.28521
113,3,14,2015,29.61109
113,3,14,2016,29.90924
113,3,14,2017,30.16559
113,3,14,2018,30.40319
113,3,14,2019,30.55106
114,1,14,1950,21.50587
114,1,14,1951,21.59065
114,1,14,1952,21.69548
114,1,14,1953,21.72456
114,1,14,1954,21.76897
114,1,14,1955,21.97211
114,1,14,1956,22.08112
114,1,14,1957,22.17117
114,1,14,1958,22.21092
114,1,14,1959,22.36053
114,1,14,1960,22.54296
114,1,14,1961,22.64379
114,1,14,1962,22.78906
114,1,14,1963,22.07398
114,1,14,1964,22.79043
114,1,14,1965,22.87562
114,1,14,1966,23.01011
114,1,14,1967,23.15887
114,1,14,1968,23.19251
114,1,14,1969,23.31804
114,1,14,1970,23.30126
114,1,14,1971,23.34422
114,1,14,1972,23.45682
114,1,14,1973,23.56102
114,1,14,1974,23.71174
114,1,14,1975,23.79042
114,1,14,1976,23.96104
114,1,14,1977,24.15537
114,1,14,1978,24.11055
114,1,14,1979,24.1356
114,1,14,1980,24.28555
114,1,14,1981,24.43101
114,1,14,1982,24.5472
114,1,14,1983,24.62595
114,1,14,1984,24.68128
114,1,14,1985,24.7974
114,1,14,1986,24.85997
114,1,14,1987,25.00547
114,1,14,1988,25.17662
114,1,14,1989,25.27003
114,1,14,1990,25.45364
114,1,14,1991,25.6031
114,1,14,1992,25.78948
114,1,14,1993,25.53138
114,1,14,1994,25.85664
114,1,14,1995,26.0893
114,1,14,1996,26.39019
114,1,14,1997,26.58947
114,1,14,1998,26.84905
114,1,14,1999,27.13262
114,1,14,2000,27.26755
114,1,14,2001,27.51594
114,1,14,2002,27.74537
114,1,14,2003,27.87444
114,1,14,2004,27.63675
114,1,14,2005,28.26169
114,1,14,2006,28.53
114,1,14,2007,28.69549
114,1,14,2008,28.79942
114,1,14,2009,29.02126
114,1,14,2010,17.30423
114,1,14,2011,28.96894
114,1,14,2012,29.09411
114,1,14,2013,29.21952
114,1,14,2014,29.30778
114,1,14,2015,29.36764
114,1,14,2016,29.4859
114,1,14,2017,29.71733
114,1,14,2018,29.88442
114,1,14,2019,30.01722
114,2,14,1950,25.49764
114,2,14,1951,25.5083
114,2,14,1952,25.53969
114,2,14,1953,25.68665
114,2,14,1954,25.67338
114,2,14,1955,25.79977
114,2,14,1956,25.8531
114,2,14,1957,25.92198
114,2,14,1958,25.94233
114,2,14,1959,26.01323
114,2,14,1960,26.08513
114,2,14,1961,26.08026
114,2,14,1962,26.16672
114,2,14,1963,25.56715
114,2,14,1964,26.19146
114,2,14,1965,26.20075
114,2,14,1966,26.19663
114,2,14,1967,26.25836
114,2,14,1968,26.25141
114,2,14,1969,26.26369
114,2,14,1970,26.25004
114,2,14,1971,26.26869
114,2,14,1972,26.34505
114,2,14,1973,26.38399
114,2,14,1974,26.43602
114,2,14,1975,26.4972
114,2,14,1976,26.62389
114,2,14,1977,26.63669
114,2,14,1978,26.69868
114,2,14,1979,26.74038
114,2,14,1980,26.716
114,2,14,1981,26.71953
114,2,14,1982,26.68393
114,2,14,1983,26.64988
114,2,14,1984,26.62623
114,2,14,1985,26.63263
114,2,14,1986,26.54777
114,2,14,1987,26.5476
114,2,14,1988,26.5131
114,2,14,1989,26.45693
114,2,14,1990,26.52778
114,2,14,1991,26.5385
114,2,14,1992,26.60086
114,2,14,1993,26.48745
114,2,14,1994,26.32608
114,2,14,1995,26.59265
114,2,14,1996,26.76334
114,2,14,1997,26.91397
114,2,14,1998,27.05657
114,2,14,1999,27.18694
114,2,14,2000,27.31309
114,2,14,2001,27.27672
114,2,14,2002,27.39243
114,2,14,2003,27.42711
114,2,14,2004,27.21047
114,2,14,2005,27.51158
114,2,14,2006,27.75723
114,2,14,2007,28.07911
114,2,14,2008,28.34795
114,2,14,2009,28.72578
114,2,14,2010,20.37086
114,2,14,2011,28.988
114,2,14,2012,29.19811
114,2,14,2013,29.42305
114,2,14,2014,29.60254
114,2,14,2015,29.74992
114,2,14,2016,29.94441
114,2,14,2017,30.18873
114,2,14,2018,30.36377
114,2,14,2019,30.45087
114,3,14,1950,23.39295
114,3,14,1951,23.45144
114,3,14,1952,23.54582
114,3,14,1953,23.61109
114,3,14,1954,23.59885
114,3,14,1955,23.80633
114,3,14,1956,23.898
114,3,14,1957,23.98852
114,3,14,1958,24.02909
114,3,14,1959,24.17061
114,3,14,1960,24.2761
114,3,14,1961,24.32396
114,3,14,1962,24.40909
114,3,14,1963,23.77758
114,3,14,1964,24.43788
114,3,14,1965,24.52115
114,3,14,1966,24.54753
114,3,14,1967,24.64742
114,3,14,1968,24.6786
114,3,14,1969,24.72645
114,3,14,1970,24.74261
114,3,14,1971,24.78582
114,3,14,1972,24.83872
114,3,14,1973,24.89107
114,3,14,1974,24.9764
114,3,14,1975,24.99433
114,3,14,1976,25.04697
114,3,14,1977,25.1786
114,3,14,1978,25.18114
114,3,14,1979,25.20485
114,3,14,1980,25.23352
114,3,14,1981,25.25222
114,3,14,1982,25.31665
114,3,14,1983,25.30736
114,3,14,1984,25.30265
114,3,14,1985,25.34612
114,3,14,1986,25.35499
114,3,14,1987,25.45708
114,3,14,1988,25.59287
114,3,14,1989,25.67131
114,3,14,1990,25.8229
114,3,14,1991,25.93776
114,3,14,1992,26.07073
114,3,14,1993,25.9315
114,3,14,1994,26.11084
114,3,14,1995,26.28312
114,3,14,1996,26.48857
114,3,14,1997,26.62356
114,3,14,1998,26.80141
114,3,14,1999,26.94795
114,3,14,2000,26.9714
114,3,14,2001,27.04153
114,3,14,2002,27.10095
114,3,14,2003,27.23312
114,3,14,2004,26.97744
114,3,14,2005,27.43407
114,3,14,2006,27.65058
114,3,14,2007,27.92574
114,3,14,2008,28.12742
114,3,14,2009,28.41319
114,3,14,2010,18.70494
114,3,14,2011,28.64282
114,3,14,2012,28.92928
114,3,14,2013,29.18079
114,3,14,2014,29.39756
114,3,14,2015,29.48789
114,3,14,2016,29.63892
114,3,14,2017,29.94114
114,3,14,2018,30.14881
114,3,14,2019,30.22706
115,1,14,1950,24.22144
115,1,14,1951,24.28751
115,1,14,1952,24.85318
115,1,14,1953,25.69078
115,1,14,1954,26.08538
115,1,14,1955,26.48609
115,1,14,1956,26.9804
115,1,14,1957,27.59928
115,1,14,1958,27.97908
115,1,14,1959,27.92325
115,1,14,1960,27.99024
115,1,14,1961,27.8428
115,1,14,1962,27.11767
115,1,14,1963,28.06269
115,1,14,1964,28.14505
115,1,14,1965,28.26985
115,1,14,1966,28.78184
115,1,14,1967,29.1895
115,1,14,1968,29.4975
115,1,14,1969,30.14202
115,1,14,1970,30.42098
115,1,14,1971,30.10589
115,1,14,1972,31.10722
115,1,14,1973,31.18758
115,1,14,1974,31.61685
115,1,14,1975,31.4945
115,1,14,1976,31.21104
115,1,14,1977,30.30646
115,1,14,1978,31.6726
115,1,14,1979,32.0661
115,1,14,1980,32.53628
115,1,14,1981,32.15404
115,1,14,1982,32.83318
115,1,14,1983,31.65613
115,1,14,1984,31.2384
115,1,14,1985,31.57171
115,1,14,1986,32.20873
115,1,14,1987,31.50711
115,1,14,1988,32.86578
115,1,14,1989,32.86066
115,1,14,1990,33.36529
115,1,14,1991,34.63045
115,1,14,1992,34.6821
115,1,14,1993,34.43595
115,1,14,1994,34.33452
115,1,14,1995,34.09381
115,1,14,1996,34.1023
115,1,14,1997,33.61812
115,1,14,1998,32.81217
115,1,14,1999,32.03062
115,1,14,2000,32.50357
115,1,14,2001,32.57826
115,1,14,2002,33.36519
115,1,14,2003,33.86153
115,1,14,2004,34.34463
115,1,14,2005,35.01251
115,1,14,2006,34.64996
115,1,14,2007,33.21517
115,1,14,2008,31.59716
115,1,14,2009,30.34473
115,1,14,2010,32.59489
115,1,14,2011,31.5866
115,1,14,2012,33.54012
115,1,14,2013,33.71457
115,1,14,2014,33.0585
115,1,14,2015,33.4873
115,1,14,2016,34.13766
115,1,14,2017,34.4926
115,1,14,2018,34.81092
115,1,14,2019,35.09785
115,2,14,1950,27.07957
115,2,14,1951,27.05745
115,2,14,1952,27.85004
115,2,14,1953,28.52734
115,2,14,1954,28.99521
115,2,14,1955,29.61557
115,2,14,1956,30.13123
115,2,14,1957,30.90391
115,2,14,1958,30.96078
115,2,14,1959,30.80615
115,2,14,1960,30.97557
115,2,14,1961,30.96007
115,2,14,1962,30.15651
115,2,14,1963,31.05687
115,2,14,1964,31.34241
115,2,14,1965,31.28978
115,2,14,1966,31.71361
115,2,14,1967,32.025
115,2,14,1968,32.23085
115,2,14,1969,32.78649
115,2,14,1970,33.11291
115,2,14,1971,33.10171
115,2,14,1972,33.79566
115,2,14,1973,34.09159
115,2,14,1974,34.21363
115,2,14,1975,34.08988
115,2,14,1976,33.78611
115,2,14,1977,33.08882
115,2,14,1978,34.1719
115,2,14,1979,34.85038
115,2,14,1980,35.32525
115,2,14,1981,34.79344
115,2,14,1982,34.83049
115,2,14,1983,34.17865
115,2,14,1984,33.80357
115,2,14,1985,33.90748
115,2,14,1986,34.45614
115,2,14,1987,34.29869
115,2,14,1988,34.76602
115,2,14,1989,35.12413
115,2,14,1990,35.49444
115,2,14,1991,36.18712
115,2,14,1992,36.50362
115,2,14,1993,36.62345
115,2,14,1994,36.89103
115,2,14,1995,37.2681
115,2,14,1996,37.42547
115,2,14,1997,37.23392
115,2,14,1998,37.14074
115,2,14,1999,36.30177
115,2,14,2000,35.81221
115,2,14,2001,35.62082
115,2,14,2002,36.06856
115,2,14,2003,36.58889
115,2,14,2004,36.85659
115,2,14,2005,37.57081
115,2,14,2006,37.91203
115,2,14,2007,37.81804
115,2,14,2008,37.98179
115,2,14,2009,37.58799
115,2,14,2010,37.72061
115,2,14,2011,37.71374
115,2,14,2012,37.55717
115,2,14,2013,37.46277
115,2,14,2014,36.5617
115,2,14,2015,36.9589
115,2,14,2016,37.65478
115,2,14,2017,37.91642
115,2,14,2018,38.05002
115,2,14,2019,37.85032
115,3,14,1950,25.6105
115,3,14,1951,25.66768
115,3,14,1952,26.3255
115,3,14,1953,27.079
115,3,14,1954,27.5093
115,3,14,1955,28.03969
115,3,14,1956,28.53103
115,3,14,1957,29.22459
115,3,14,1958,29.46568
115,3,14,1959,29.35538
115,3,14,1960,29.47834
115,3,14,1961,29.45969
115,3,14,1962,28.59989
115,3,14,1963,29.52377
115,3,14,1964,29.70003
115,3,14,1965,29.74316
115,3,14,1966,30.15884
115,3,14,1967,30.57159
115,3,14,1968,30.80415
115,3,14,1969,31.43054
115,3,14,1970,31.72255
115,3,14,1971,31.54673
115,3,14,1972,32.43105
115,3,14,1973,32.68389
115,3,14,1974,32.96033
115,3,14,1975,32.74339
115,3,14,1976,32.39617
115,3,14,1977,31.65265
115,3,14,1978,32.96211
115,3,14,1979,33.49683
115,3,14,1980,33.89287
115,3,14,1981,33.42652
115,3,14,1982,33.77083
115,3,14,1983,32.86094
115,3,14,1984,32.44351
115,3,14,1985,32.68163
115,3,14,1986,33.27611
115,3,14,1987,32.84536
115,3,14,1988,33.75299
115,3,14,1989,33.92217
115,3,14,1990,34.36617
115,3,14,1991,35.36936
115,3,14,1992,35.62907
115,3,14,1993,35.56292
115,3,14,1994,35.64103
115,3,14,1995,35.69994
115,3,14,1996,35.78917
115,3,14,1997,35.42616
115,3,14,1998,34.83701
115,3,14,1999,34.03529
115,3,14,2000,34.06631
115,3,14,2001,34.02763
115,3,14,2002,34.63499
115,3,14,2003,35.13663
115,3,14,2004,35.5281
115,3,14,2005,36.30168
115,3,14,2006,36.21317
115,3,14,2007,35.42145
115,3,14,2008,34.51191
115,3,14,2009,33.52113
115,3,14,2010,34.94724
115,3,14,2011,34.34525
115,3,14,2012,35.42561
115,3,14,2013,35.46412
115,3,14,2014,34.69763
115,3,14,2015,35.13263
115,3,14,2016,35.87579
115,3,14,2017,36.17454
115,3,14,2018,36.41545
115,3,14,2019,36.47266
116,1,14,1950,27.15477
116,1,14,1951,27.12078
116,1,14,1952,26.16345
116,1,14,1953,26.4554
116,1,14,1954,26.95036
116,1,14,1955,26.8583
116,1,14,1956,26.39727
116,1,14,1957,26.67547
116,1,14,1958,27.20524
116,1,14,1959,27.8571
116,1,14,1960,28.34438
116,1,14,1961,28.82976
116,1,14,1962,29.11979
116,1,14,1963,29.25278
116,1,14,1964,29.49066
116,1,14,1965,29.45654
116,1,14,1966,29.57776
116,1,14,1967,29.80916
116,1,14,1968,29.87315
116,1,14,1969,29.61676
116,1,14,1970,29.30319
116,1,14,1971,28.97933
116,1,14,1972,28.64066
116,1,14,1973,28.7277
116,1,14,1974,28.54318
116,1,14,1975,28.08977
116,1,14,1976,27.86598
116,1,14,1977,28.28062
116,1,14,1978,28.90611
116,1,14,1979,29.19164
116,1,14,1980,28.84207
116,1,14,1981,28.74012
116,1,14,1982,28.60498
116,1,14,1983,28.36376
116,1,14,1984,28.43636
116,1,14,1985,28.47493
116,1,14,1986,28.53295
116,1,14,1987,28.32693
116,1,14,1988,28.28441
116,1,14,1989,28.45809
116,1,14,1990,28.44307
116,1,14,1991,28.66371
116,1,14,1992,28.88123
116,1,14,1993,29.10598
116,1,14,1994,29.24472
116,1,14,1995,29.50938
116,1,14,1996,29.62539
116,1,14,1997,29.92522
116,1,14,1998,30.34005
116,1,14,1999,30.65116
116,1,14,2000,30.78055
116,1,14,2001,30.797
116,1,14,2002,30.90766
116,1,14,2003,31.09551
116,1,14,2004,31.29059
116,1,14,2005,31.63617
116,1,14,2006,31.96761
116,1,14,2007,32.06592
116,1,14,2008,32.19812
116,1,14,2009,32.36116
116,1,14,2010,32.58978
116,1,14,2011,33.06365
116,1,14,2012,33.20183
116,1,14,2013,32.77817
116,1,14,2014,32.72737
116,1,14,2015,32.87262
116,1,14,2016,32.44914
116,1,14,2017,32.51675
116,1,14,2018,32.60224
116,1,14,2019,32.80601
116,2,14,1950,26.54763
116,2,14,1951,26.68378
116,2,14,1952,27.00117
116,2,14,1953,27.43851
116,2,14,1954,27.8538
116,2,14,1955,28.18402
116,2,14,1956,28.45266
116,2,14,1957,28.70755
116,2,14,1958,29.08021
116,2,14,1959,29.46291
116,2,14,1960,29.87219
116,2,14,1961,30.28113
116,2,14,1962,30.68434
116,2,14,1963,30.93332
116,2,14,1964,31.21414
116,2,14,1965,31.34014
116,2,14,1966,31.46358
116,2,14,1967,31.57433
116,2,14,1968,31.64902
116,2,14,1969,31.59533
116,2,14,1970,31.66462
116,2,14,1971,31.41791
116,2,14,1972,31.29649
116,2,14,1973,31.65576
116,2,14,1974,31.92027
116,2,14,1975,31.38235
116,2,14,1976,31.09878
116,2,14,1977,31.86076
116,2,14,1978,32.71079
116,2,14,1979,32.69679
116,2,14,1980,32.2249
116,2,14,1981,32.46547
116,2,14,1982,32.4897
116,2,14,1983,32.27457
116,2,14,1984,32.25995
116,2,14,1985,32.0882
116,2,14,1986,31.96791
116,2,14,1987,31.87956
116,2,14,1988,31.85811
116,2,14,1989,31.92221
116,2,14,1990,31.9085
116,2,14,1991,31.95747
116,2,14,1992,31.86503
116,2,14,1993,32.01307
116,2,14,1994,32.41783
116,2,14,1995,32.72427
116,2,14,1996,33.31365
116,2,14,1997,33.99607
116,2,14,1998,34.36217
116,2,14,1999,34.63284
116,2,14,2000,35.01531
116,2,14,2001,35.24787
116,2,14,2002,35.47174
116,2,14,2003,35.66907
116,2,14,2004,35.83252
116,2,14,2005,36.02165
116,2,14,2006,36.27979
116,2,14,2007,37.1447
116,2,14,2008,37.5074
116,2,14,2009,37.80619
116,2,14,2010,38.07709
116,2,14,2011,38.09956
116,2,14,2012,38.04574
116,2,14,2013,37.80264
116,2,14,2014,37.77548
116,2,14,2015,37.79925
116,2,14,2016,37.15695
116,2,14,2017,37.19229
116,2,14,2018,37.28501
116,2,14,2019,37.42909
116,3,14,1950,26.73445
116,3,14,1951,26.76502
116,3,14,1952,26.58538
116,3,14,1953,26.89913
116,3,14,1954,27.33315
116,3,14,1955,27.51802
116,3,14,1956,27.50412
116,3,14,1957,27.72015
116,3,14,1958,28.14845
116,3,14,1959,28.58857
116,3,14,1960,29.01528
116,3,14,1961,29.4896
116,3,14,1962,29.8885
116,3,14,1963,30.15371
116,3,14,1964,30.4228
116,3,14,1965,30.50726
116,3,14,1966,30.63285
116,3,14,1967,30.75408
116,3,14,1968,30.78302
116,3,14,1969,30.65863
116,3,14,1970,30.59976
116,3,14,1971,30.307
116,3,14,1972,30.08257
116,3,14,1973,30.24539
116,3,14,1974,30.25902
116,3,14,1975,29.74221
116,3,14,1976,29.48439
116,3,14,1977,30.04184
116,3,14,1978,30.80293
116,3,14,1979,30.93881
116,3,14,1980,30.48742
116,3,14,1981,30.55168
116,3,14,1982,30.51737
116,3,14,1983,30.26096
116,3,14,1984,30.2968
116,3,14,1985,30.23074
116,3,14,1986,30.20575
116,3,14,1987,30.04481
116,3,14,1988,30.00783
116,3,14,1989,30.15668
116,3,14,1990,30.17602
116,3,14,1991,30.35007
116,3,14,1992,30.40772
116,3,14,1993,30.57234
116,3,14,1994,30.7917
116,3,14,1995,31.0618
116,3,14,1996,31.36979
116,3,14,1997,31.84248
116,3,14,1998,32.24742
116,3,14,1999,32.54753
116,3,14,2000,32.77223
116,3,14,2001,32.88832
116,3,14,2002,33.00792
116,3,14,2003,33.19367
116,3,14,2004,33.3972
116,3,14,2005,33.67596
116,3,14,2006,33.97611
116,3,14,2007,34.4343
116,3,14,2008,34.659
116,3,14,2009,34.87304
116,3,14,2010,35.15058
116,3,14,2011,35.42791
116,3,14,2012,35.47271
116,3,14,2013,35.18597
116,3,14,2014,35.08868
116,3,14,2015,35.17853
116,3,14,2016,34.66518
116,3,14,2017,34.7866
116,3,14,2018,34.93043
116,3,14,2019,35.07287
117,1,14,1950,24.73772
117,1,14,1951,25.09087
117,1,14,1952,25.72163
117,1,14,1953,26.30925
117,1,14,1954,26.86515
117,1,14,1955,26.29575
117,1,14,1956,27.76988
117,1,14,1957,28.084
117,1,14,1958,28.28346
117,1,14,1959,28.48518
117,1,14,1960,28.66204
117,1,14,1961,28.75252
117,1,14,1962,28.77491
117,1,14,1963,28.75049
117,1,14,1964,28.82215
117,1,14,1965,28.78045
117,1,14,1966,28.81825
117,1,14,1967,28.72843
117,1,14,1968,28.69604
117,1,14,1969,28.64574
117,1,14,1970,28.5166
117,1,14,1971,28.42716
117,1,14,1972,28.19174
117,1,14,1973,28.30469
117,1,14,1974,28.49058
117,1,14,1975,28.50233
117,1,14,1976,28.52054
117,1,14,1977,28.6818
117,1,14,1978,29.0303
117,1,14,1979,29.15871
117,1,14,1980,29.15705
117,1,14,1981,29.40647
117,1,14,1982,29.58568
117,1,14,1983,29.52606
117,1,14,1984,29.47049
117,1,14,1985,29.66229
117,1,14,1986,29.71104
117,1,14,1987,29.50214
117,1,14,1988,29.73966
117,1,14,1989,30.05968
117,1,14,1990,30.00824
117,1,14,1991,30.04835
117,1,14,1992,29.99876
117,1,14,1993,30.02434
117,1,14,1994,30.22717
117,1,14,1995,30.12017
117,1,14,1996,29.88848
117,1,14,1997,30.10893
117,1,14,1998,30.16938
117,1,14,1999,30.08841
117,1,14,2000,29.98123
117,1,14,2001,30.56538
117,1,14,2002,30.54887
117,1,14,2003,30.81017
117,1,14,2004,30.90117
117,1,14,2005,31.5177
117,1,14,2006,31.70426
117,1,14,2007,31.86101
117,1,14,2008,31.74919
117,1,14,2009,31.79319
117,1,14,2010,31.65192
117,1,14,2011,31.69423
117,1,14,2012,31.39469
117,1,14,2013,31.0418
117,1,14,2014,30.93176
117,1,14,2015,30.83301
117,1,14,2016,30.99335
117,1,14,2017,31.21279
117,1,14,2018,31.35155
117,1,14,2019,31.49243
117,2,14,1950,30.19203
117,2,14,1951,30.60704
117,2,14,1952,31.05242
117,2,14,1953,31.69375
117,2,14,1954,32.32214
117,2,14,1955,31.75244
117,2,14,1956,33.24792
117,2,14,1957,33.63691
117,2,14,1958,33.38303
117,2,14,1959,30.717
117,2,14,1960,31.00953
117,2,14,1961,31.24227
117,2,14,1962,31.47697
117,2,14,1963,31.5561
117,2,14,1964,31.58037
117,2,14,1965,31.63922
117,2,14,1966,31.63482
117,2,14,1967,31.60197
117,2,14,1968,31.55297
117,2,14,1969,31.52205
117,2,14,1970,31.48107
117,2,14,1971,31.40877
117,2,14,1972,31.51814
117,2,14,1973,31.62727
117,2,14,1974,31.72388
117,2,14,1975,31.77502
117,2,14,1976,31.93178
117,2,14,1977,32.01099
117,2,14,1978,32.08366
117,2,14,1979,32.28959
117,2,14,1980,32.31556
117,2,14,1981,32.393
117,2,14,1982,32.41649
117,2,14,1983,32.33841
117,2,14,1984,32.22429
117,2,14,1985,32.28536
117,2,14,1986,32.29368
117,2,14,1987,32.28806
117,2,14,1988,32.32697
117,2,14,1989,32.30412
117,2,14,1990,31.97229
117,2,14,1991,32.04804
117,2,14,1992,31.92584
117,2,14,1993,31.9358
117,2,14,1994,31.89455
117,2,14,1995,32.64084
117,2,14,1996,32.92485
117,2,14,1997,33.24204
117,2,14,1998,33.36802
117,2,14,1999,33.46065
117,2,14,2000,33.53833
117,2,14,2001,33.88671
117,2,14,2002,34.04618
117,2,14,2003,34.35975
117,2,14,2004,34.57079
117,2,14,2005,34.76778
117,2,14,2006,35.1747
117,2,14,2007,35.25186
117,2,14,2008,34.91334
117,2,14,2009,34.58503
117,2,14,2010,34.26843
117,2,14,2011,33.9062
117,2,14,2012,33.80088
117,2,14,2013,33.72681
117,2,14,2014,33.58559
117,2,14,2015,33.72592
117,2,14,2016,33.93876
117,2,14,2017,34.07699
117,2,14,2018,34.2391
117,2,14,2019,34.42105
117,3,14,1950,27.7192
117,3,14,1951,28.12083
117,3,14,1952,28.71022
117,3,14,1953,29.25796
117,3,14,1954,29.82672
117,3,14,1955,29.28034
117,3,14,1956,30.89136
117,3,14,1957,31.30821
117,3,14,1958,31.3047
117,3,14,1959,29.85929
117,3,14,1960,30.08845
117,3,14,1961,30.21423
117,3,14,1962,30.2847
117,3,14,1963,30.33703
117,3,14,1964,30.42409
117,3,14,1965,30.46696
117,3,14,1966,30.4975
117,3,14,1967,30.44463
117,3,14,1968,30.38356
117,3,14,1969,30.32697
117,3,14,1970,30.21305
117,3,14,1971,30.0466
117,3,14,1972,30.06213
117,3,14,1973,30.23054
117,3,14,1974,30.40468
117,3,14,1975,30.45623
117,3,14,1976,30.53781
117,3,14,1977,30.66546
117,3,14,1978,30.87248
117,3,14,1979,31.0258
117,3,14,1980,30.97789
117,3,14,1981,31.13819
117,3,14,1982,31.1401
117,3,14,1983,30.98902
117,3,14,1984,30.8601
117,3,14,1985,30.9642
117,3,14,1986,30.96086
117,3,14,1987,30.86983
117,3,14,1988,31.00334
117,3,14,1989,31.1436
117,3,14,1990,31.00075
117,3,14,1991,31.09381
117,3,14,1992,30.99253
117,3,14,1993,31.00001
117,3,14,1994,31.02186
117,3,14,1995,31.31299
117,3,14,1996,31.29727
117,3,14,1997,31.53697
117,3,14,1998,31.6231
117,3,14,1999,31.64617
117,3,14,2000,31.63378
117,3,14,2001,32.0813
117,3,14,2002,32.12394
117,3,14,2003,32.40708
117,3,14,2004,32.53297
117,3,14,2005,32.9784
117,3,14,2006,33.23595
117,3,14,2007,33.39223
117,3,14,2008,33.16047
117,3,14,2009,33.06406
117,3,14,2010,32.89588
117,3,14,2011,32.70009
117,3,14,2012,32.46499
117,3,14,2013,32.19747
117,3,14,2014,32.08032
117,3,14,2015,32.10265
117,3,14,2016,32.25236
117,3,14,2017,32.53754
117,3,14,2018,32.69221
117,3,14,2019,32.84938
118,1,14,1950,23.85486
118,1,14,1951,24.31083
118,1,14,1952,24.92765
118,1,14,1953,25.14808
118,1,14,1954,26.08713
118,1,14,1955,26.89427
118,1,14,1956,27.24845
118,1,14,1957,27.42454
118,1,14,1958,27.81382
118,1,14,1959,28.08403
118,1,14,1960,28.33037
118,1,14,1961,28.11319
118,1,14,1962,27.83735
118,1,14,1963,27.92531
118,1,14,1964,28.26298
118,1,14,1965,27.97911
118,1,14,1966,28.06978
118,1,14,1967,28.15238
118,1,14,1968,28.5336
118,1,14,1969,28.60332
118,1,14,1970,28.40877
118,1,14,1971,28.35046
118,1,14,1972,28.4322
118,1,14,1973,28.90344
118,1,14,1974,28.82128
118,1,14,1975,28.4285
118,1,14,1976,28.32403
118,1,14,1977,28.25508
118,1,14,1978,28.14977
118,1,14,1979,28.32055
118,1,14,1980,28.4613
118,1,14,1981,29.25756
118,1,14,1982,29.49935
118,1,14,1983,29.72413
118,1,14,1984,29.83252
118,1,14,1985,30.38614
118,1,14,1986,31.23998
118,1,14,1987,31.65633
118,1,14,1988,31.49966
118,1,14,1989,30.03011
118,1,14,1990,30.12913
118,1,14,1991,29.7155
118,1,14,1992,29.38325
118,1,14,1993,28.44246
118,1,14,1994,29.23411
118,1,14,1995,31.26828
118,1,14,1996,31.75919
118,1,14,1997,31.47107
118,1,14,1998,30.57902
118,1,14,1999,30.10388
118,1,14,2000,29.62205
118,1,14,2001,29.38144
118,1,14,2002,29.30008
118,1,14,2003,29.23991
118,1,14,2004,29.55217
118,1,14,2005,29.89658
118,1,14,2006,30.45738
118,1,14,2007,30.67668
118,1,14,2008,30.68731
118,1,14,2009,31.02351
118,1,14,2010,30.94025
118,1,14,2011,31.36837
118,1,14,2012,31.64287
118,1,14,2013,31.16188
118,1,14,2014,30.66743
118,1,14,2015,30.78091
118,1,14,2016,31.13905
118,1,14,2017,31.45262
118,1,14,2018,31.83645
118,1,14,2019,32.23004
118,2,14,1950,27.12497
118,2,14,1951,27.40287
118,2,14,1952,27.65485
118,2,14,1953,27.70936
118,2,14,1954,27.95614
118,2,14,1955,28.1269
118,2,14,1956,28.32024
118,2,14,1957,28.54017
118,2,14,1958,28.9311
118,2,14,1959,29.36476
118,2,14,1960,29.70228
118,2,14,1961,29.95925
118,2,14,1962,30.30183
118,2,14,1963,30.54311
118,2,14,1964,30.84195
118,2,14,1965,31.22792
118,2,14,1966,31.74674
118,2,14,1967,32.00398
118,2,14,1968,32.238
118,2,14,1969,32.47366
118,2,14,1970,32.61146
118,2,14,1971,32.59615
118,2,14,1972,32.7173
118,2,14,1973,32.64559
118,2,14,1974,32.5068
118,2,14,1975,32.4074
118,2,14,1976,32.1299
118,2,14,1977,32.16951
118,2,14,1978,32.38091
118,2,14,1979,32.39109
118,2,14,1980,32.28296
118,2,14,1981,32.30714
118,2,14,1982,32.62501
118,2,14,1983,32.92921
118,2,14,1984,33.10486
118,2,14,1985,33.17874
118,2,14,1986,33.39545
118,2,14,1987,33.85097
118,2,14,1988,34.03147
118,2,14,1989,33.46413
118,2,14,1990,33.11
118,2,14,1991,32.93597
118,2,14,1992,32.85636
118,2,14,1993,32.72038
118,2,14,1994,33.68562
118,2,14,1995,35.26788
118,2,14,1996,35.38505
118,2,14,1997,35.62941
118,2,14,1998,35.39091
118,2,14,1999,34.59374
118,2,14,2000,34.18416
118,2,14,2001,33.91674
118,2,14,2002,33.71016
118,2,14,2003,34.11723
118,2,14,2004,34.19867
118,2,14,2005,34.78613
118,2,14,2006,34.99253
118,2,14,2007,35.41093
118,2,14,2008,35.63194
118,2,14,2009,35.67246
118,2,14,2010,35.97901
118,2,14,2011,36.1672
118,2,14,2012,36.20901
118,2,14,2013,36.09684
118,2,14,2014,35.88822
118,2,14,2015,35.58242
118,2,14,2016,35.69684
118,2,14,2017,35.94064
118,2,14,2018,36.07106
118,2,14,2019,36.27064
118,3,14,1950,25.19589
118,3,14,1951,25.58029
118,3,14,1952,26.07178
118,3,14,1953,26.23212
118,3,14,1954,26.88344
118,3,14,1955,27.38706
118,3,14,1956,27.66258
118,3,14,1957,27.92278
118,3,14,1958,28.33028
118,3,14,1959,28.73027
118,3,14,1960,28.98067
118,3,14,1961,28.98788
118,3,14,1962,29.00559
118,3,14,1963,29.11497
118,3,14,1964,29.41379
118,3,14,1965,29.40623
118,3,14,1966,29.67115
118,3,14,1967,29.8583
118,3,14,1968,30.24696
118,3,14,1969,30.4618
118,3,14,1970,30.36953
118,3,14,1971,30.32111
118,3,14,1972,30.34249
118,3,14,1973,30.54098
118,3,14,1974,30.39832
118,3,14,1975,30.20399
118,3,14,1976,30.04858
118,3,14,1977,30.04226
118,3,14,1978,30.07073
118,3,14,1979,30.19209
118,3,14,1980,30.23567
118,3,14,1981,30.66323
118,3,14,1982,30.91371
118,3,14,1983,31.17094
118,3,14,1984,31.34216
118,3,14,1985,31.6703
118,3,14,1986,32.26097
118,3,14,1987,32.75078
118,3,14,1988,32.75488
118,3,14,1989,31.63054
118,3,14,1990,31.49138
118,3,14,1991,31.14499
118,3,14,1992,30.9832
118,3,14,1993,30.39851
118,3,14,1994,31.25562
118,3,14,1995,33.13101
118,3,14,1996,33.45585
118,3,14,1997,33.41389
118,3,14,1998,32.76059
118,3,14,1999,32.15529
118,3,14,2000,31.68521
118,3,14,2001,31.43197
118,3,14,2002,31.31006
118,3,14,2003,31.48188
118,3,14,2004,31.6858
118,3,14,2005,32.15703
118,3,14,2006,32.60918
118,3,14,2007,32.88909
118,3,14,2008,33.00308
118,3,14,2009,33.19641
118,3,14,2010,33.32153
118,3,14,2011,33.62021
118,3,14,2012,33.79625
118,3,14,2013,33.4601
118,3,14,2014,33.09186
118,3,14,2015,33.10113
118,3,14,2016,33.29458
118,3,14,2017,33.59692
118,3,14,2018,33.95231
118,3,14,2019,34.29169
119,1,14,1950,23.22922
119,1,14,1951,23.1735
119,1,14,1952,23.84964
119,1,14,1953,24.89116
119,1,14,1954,25.0454
119,1,14,1955,24.06664
119,1,14,1956,24.87128
119,1,14,1957,24.5896
119,1,14,1958,25.08333
119,1,14,1959,24.79812
119,1,14,1960,25.65254
119,1,14,1961,25.69842
119,1,14,1962,25.68993
119,1,14,1963,25.98773
119,1,14,1964,25.69558
119,1,14,1965,25.76657
119,1,14,1966,26.0785
119,1,14,1967,26.08434
119,1,14,1968,26.00897
119,1,14,1969,25.8326
119,1,14,1970,25.83158
119,1,14,1971,25.77873
119,1,14,1972,25.76352
119,1,14,1973,25.44287
119,1,14,1974,26.56299
119,1,14,1975,26.63024
119,1,14,1976,25.68675
119,1,14,1977,25.84258
119,1,14,1978,27.04532
119,1,14,1979,26.88276
119,1,14,1980,26.59451
119,1,14,1981,27.33425
119,1,14,1982,26.42549
119,1,14,1983,27.16034
119,1,14,1984,26.98738
119,1,14,1985,26.92308
119,1,14,1986,27.56709
119,1,14,1987,27.34275
119,1,14,1988,27.70734
119,1,14,1989,27.52951
119,1,14,1990,28.05831
119,1,14,1991,28.35405
119,1,14,1992,28.10282
119,1,14,1993,27.87603
119,1,14,1994,27.66946
119,1,14,1995,28.62536
119,1,14,1996,27.94086
119,1,14,1997,28.79835
119,1,14,1998,28.46688
119,1,14,1999,28.33173
119,1,14,2000,29.10641
119,1,14,2001,29.12375
119,1,14,2002,29.45641
119,1,14,2003,29.33025
119,1,14,2004,29.74429
119,1,14,2005,30.03963
119,1,14,2006,30.80479
119,1,14,2007,30.97095
119,1,14,2008,30.5288
119,1,14,2009,31.36414
119,1,14,2010,31.60851
119,1,14,2011,32.08429
119,1,14,2012,32.67451
119,1,14,2013,33.64421
119,1,14,2014,34.24627
119,1,14,2015,34.47797
119,1,14,2016,34.45095
119,1,14,2017,34.67488
119,1,14,2018,34.67809
119,1,14,2019,34.64111
119,2,14,1950,25.15587
119,2,14,1951,25.49672
119,2,14,1952,26.13487
119,2,14,1953,26.66465
119,2,14,1954,27.368
119,2,14,1955,27.72877
119,2,14,1956,28.03403
119,2,14,1957,27.66132
119,2,14,1958,28.02854
119,2,14,1959,28.0426
119,2,14,1960,29.45224
119,2,14,1961,28.92001
119,2,14,1962,29.26018
119,2,14,1963,29.36228
119,2,14,1964,28.89948
119,2,14,1965,28.83613
119,2,14,1966,29.26301
119,2,14,1967,28.84058
119,2,14,1968,28.70635
119,2,14,1969,28.66682
119,2,14,1970,28.77626
119,2,14,1971,28.78859
119,2,14,1972,28.67303
119,2,14,1973,28.45518
119,2,14,1974,29.39395
119,2,14,1975,29.43983
119,2,14,1976,29.21397
119,2,14,1977,29.30691
119,2,14,1978,30.03585
119,2,14,1979,30.15465
119,2,14,1980,29.93682
119,2,14,1981,30.1431
119,2,14,1982,30.02974
119,2,14,1983,30.63055
119,2,14,1984,30.20609
119,2,14,1985,30.16182
119,2,14,1986,30.5408
119,2,14,1987,30.63445
119,2,14,1988,30.36355
119,2,14,1989,30.67594
119,2,14,1990,31.27643
119,2,14,1991,31.44557
119,2,14,1992,31.55564
119,2,14,1993,31.21142
119,2,14,1994,31.29185
119,2,14,1995,31.48499
119,2,14,1996,31.84542
119,2,14,1997,32.20998
119,2,14,1998,31.9933
119,2,14,1999,32.04643
119,2,14,2000,32.73394
119,2,14,2001,33.06712
119,2,14,2002,33.63047
119,2,14,2003,33.49564
119,2,14,2004,33.92632
119,2,14,2005,34.49021
119,2,14,2006,34.60299
119,2,14,2007,34.85874
119,2,14,2008,34.91712
119,2,14,2009,35.38528
119,2,14,2010,35.76588
119,2,14,2011,36.25605
119,2,14,2012,36.71378
119,2,14,2013,37.25658
119,2,14,2014,37.71576
119,2,14,2015,38.0768
119,2,14,2016,38.14508
119,2,14,2017,38.25807
119,2,14,2018,38.19852
119,2,14,2019,38.25622
119,3,14,1950,24.08316
119,3,14,1951,24.229
119,3,14,1952,24.97665
119,3,14,1953,25.66329
119,3,14,1954,26.09564
119,3,14,1955,25.72546
119,3,14,1956,26.31799
119,3,14,1957,25.98013
119,3,14,1958,26.54618
119,3,14,1959,26.24735
119,3,14,1960,27.38763
119,3,14,1961,27.19869
119,3,14,1962,27.3479
119,3,14,1963,27.5375
119,3,14,1964,27.15472
119,3,14,1965,27.16814
119,3,14,1966,27.55024
119,3,14,1967,27.35023
119,3,14,1968,27.26493
119,3,14,1969,27.10349
119,3,14,1970,27.15253
119,3,14,1971,27.12543
119,3,14,1972,27.11448
119,3,14,1973,26.81954
119,3,14,1974,27.85112
119,3,14,1975,27.89267
119,3,14,1976,27.26967
119,3,14,1977,27.40989
119,3,14,1978,28.40972
119,3,14,1979,28.37579
119,3,14,1980,28.11372
119,3,14,1981,28.61856
119,3,14,1982,28.06998
119,3,14,1983,28.74962
119,3,14,1984,28.46198
119,3,14,1985,28.40283
119,3,14,1986,28.92065
119,3,14,1987,28.84686
119,3,14,1988,28.93458
119,3,14,1989,28.96756
119,3,14,1990,29.53088
119,3,14,1991,29.77408
119,3,14,1992,29.67413
119,3,14,1993,29.39809
119,3,14,1994,29.3162
119,3,14,1995,29.93837
119,3,14,1996,29.69885
119,3,14,1997,30.34385
119,3,14,1998,30.06319
119,3,14,1999,30.0432
119,3,14,2000,30.76166
119,3,14,2001,31.02177
119,3,14,2002,31.36966
119,3,14,2003,31.2338
119,3,14,2004,31.65668
119,3,14,2005,32.03041
119,3,14,2006,32.54334
119,3,14,2007,32.76456
119,3,14,2008,32.53825
119,3,14,2009,33.24145
119,3,14,2010,33.52613
119,3,14,2011,34.01782
119,3,14,2012,34.53256
119,3,14,2013,35.16524
119,3,14,2014,35.7163
119,3,14,2015,36.25728
119,3,14,2016,36.23692
119,3,14,2017,36.24378
119,3,14,2018,36.20974
119,3,14,2019,36.45543
120,1,14,1950,23.90495
120,1,14,1951,23.90848
120,1,14,1952,24.5487
120,1,14,1953,24.89811
120,1,14,1954,25.26494
120,1,14,1955,25.48213
120,1,14,1956,25.68327
120,1,14,1957,25.60173
120,1,14,1958,25.96411
120,1,14,1959,26.33194
120,1,14,1960,26.42663
120,1,14,1961,26.75128
120,1,14,1962,27.04462
120,1,14,1963,27.64859
120,1,14,1964,28.8178
120,1,14,1965,28.48064
120,1,14,1966,28.57458
120,1,14,1967,28.64353
120,1,14,1968,28.88198
120,1,14,1969,28.91226
120,1,14,1970,27.00614
120,1,14,1971,29.9077
120,1,14,1972,30.47598
120,1,14,1973,30.29111
120,1,14,1974,30.52578
120,1,14,1975,31.13144
120,1,14,1976,31.27798
120,1,14,1977,31.69683
120,1,14,1978,32.08189
120,1,14,1979,31.88056
120,1,14,1980,31.38661
120,1,14,1981,31.61969
120,1,14,1982,32.01659
120,1,14,1983,31.31105
120,1,14,1984,31.81307
120,1,14,1985,31.44055
120,1,14,1986,31.92487
120,1,14,1987,32.31166
120,1,14,1988,32.20228
120,1,14,1989,32.28009
120,1,14,1990,31.87592
120,1,14,1991,32.28593
120,1,14,1992,32.51048
120,1,14,1993,32.6832
120,1,14,1994,33.12195
120,1,14,1995,33.36078
120,1,14,1996,33.53247
120,1,14,1997,33.79098
120,1,14,1998,33.83828
120,1,14,1999,34.08165
120,1,14,2000,34.18876
120,1,14,2001,34.47539
120,1,14,2002,34.62413
120,1,14,2003,34.60884
120,1,14,2004,34.68988
120,1,14,2005,34.83144
120,1,14,2006,34.9636
120,1,14,2007,35.18571
120,1,14,2008,35.16623
120,1,14,2009,34.79801
120,1,14,2010,34.81927
120,1,14,2011,35.07776
120,1,14,2012,35.11225
120,1,14,2013,35.29291
120,1,14,2014,35.55472
120,1,14,2015,35.97115
120,1,14,2016,36.27733
120,1,14,2017,36.58532
120,1,14,2018,36.86377
120,1,14,2019,37.00465
120,2,14,1950,26.65772
120,2,14,1951,26.70595
120,2,14,1952,27.27621
120,2,14,1953,27.47299
120,2,14,1954,27.82906
120,2,14,1955,28.07275
120,2,14,1956,28.05618
120,2,14,1957,27.91845
120,2,14,1958,28.29574
120,2,14,1959,28.48757
120,2,14,1960,28.68491
120,2,14,1961,28.9677
120,2,14,1962,29.26533
120,2,14,1963,29.67062
120,2,14,1964,30.52031
120,2,14,1965,30.30392
120,2,14,1966,30.37691
120,2,14,1967,30.53094
120,2,14,1968,30.68815
120,2,14,1969,30.8189
120,2,14,1970,29.30756
120,2,14,1971,31.56244
120,2,14,1972,31.80137
120,2,14,1973,31.85335
120,2,14,1974,32.10254
120,2,14,1975,32.5208
120,2,14,1976,32.74728
120,2,14,1977,33.0182
120,2,14,1978,32.88676
120,2,14,1979,33.34412
120,2,14,1980,33.03009
120,2,14,1981,32.37621
120,2,14,1982,33.00522
120,2,14,1983,33.36588
120,2,14,1984,33.44504
120,2,14,1985,33.1659
120,2,14,1986,33.37739
120,2,14,1987,33.69553
120,2,14,1988,33.74067
120,2,14,1989,34.08709
120,2,14,1990,34.40932
120,2,14,1991,34.37744
120,2,14,1992,34.2802
120,2,14,1993,34.49304
120,2,14,1994,34.40563
120,2,14,1995,34.45548
120,2,14,1996,34.98268
120,2,14,1997,35.20686
120,2,14,1998,35.34655
120,2,14,1999,35.78828
120,2,14,2000,35.89042
120,2,14,2001,36.44367
120,2,14,2002,36.27777
120,2,14,2003,36.14093
120,2,14,2004,36.4409
120,2,14,2005,36.50407
120,2,14,2006,36.71523
120,2,14,2007,37.03196
120,2,14,2008,37.06756
120,2,14,2009,36.67764
120,2,14,2010,36.73186
120,2,14,2011,37.11878
120,2,14,2012,36.98963
120,2,14,2013,36.95411
120,2,14,2014,37.21084
120,2,14,2015,37.60019
120,2,14,2016,38.01235
120,2,14,2017,38.15883
120,2,14,2018,38.36898
120,2,14,2019,38.54857
120,3,14,1950,25.27409
120,3,14,1951,25.30436
120,3,14,1952,25.8433
120,3,14,1953,26.20539
120,3,14,1954,26.5389
120,3,14,1955,26.78714
120,3,14,1956,26.84994
120,3,14,1957,26.76063
120,3,14,1958,27.10049
120,3,14,1959,27.26068
120,3,14,1960,27.47708
120,3,14,1961,27.87234
120,3,14,1962,28.10166
120,3,14,1963,28.6665
120,3,14,1964,29.68504
120,3,14,1965,29.40403
120,3,14,1966,29.47882
120,3,14,1967,29.59726
120,3,14,1968,29.73895
120,3,14,1969,29.8848
120,3,14,1970,28.13807
120,3,14,1971,30.72747
120,3,14,1972,31.13927
120,3,14,1973,31.06572
120,3,14,1974,31.30269
120,3,14,1975,31.7254
120,3,14,1976,31.84866
120,3,14,1977,32.22678
120,3,14,1978,32.4562
120,3,14,1979,32.61536
120,3,14,1980,32.19119
120,3,14,1981,31.94132
120,3,14,1982,32.4784
120,3,14,1983,32.32697
120,3,14,1984,32.6195
120,3,14,1985,32.29418
120,3,14,1986,32.64362
120,3,14,1987,32.99445
120,3,14,1988,32.95976
120,3,14,1989,33.16487
120,3,14,1990,33.11799
120,3,14,1991,33.33029
120,3,14,1992,33.3405
120,3,14,1993,33.3792
120,3,14,1994,33.66189
120,3,14,1995,33.85017
120,3,14,1996,34.12522
120,3,14,1997,34.31295
120,3,14,1998,34.46872
120,3,14,1999,34.88499
120,3,14,2000,35.03639
120,3,14,2001,35.40512
120,3,14,2002,35.42943
120,3,14,2003,35.30692
120,3,14,2004,35.53186
120,3,14,2005,35.56816
120,3,14,2006,35.79952
120,3,14,2007,35.97574
120,3,14,2008,35.94041
120,3,14,2009,35.60539
120,3,14,2010,35.73922
120,3,14,2011,36.10197
120,3,14,2012,35.95535
120,3,14,2013,35.97656
120,3,14,2014,36.3012
120,3,14,2015,36.72414
120,3,14,2016,37.17947
120,3,14,2017,37.38176
120,3,14,2018,37.61083
120,3,14,2019,37.80473
121,1,14,1950,21.1802
121,1,14,1951,21.37203
121,1,14,1952,21.51517
121,1,14,1953,21.95419
121,1,14,1954,22.39285
121,1,14,1955,22.78824
121,1,14,1956,22.99762
121,1,14,1957,23.2046
121,1,14,1958,23.41948
121,1,14,1959,23.4085
121,1,14,1960,23.39186
121,1,14,1961,23.46525
121,1,14,1962,23.58286
121,1,14,1963,23.78802
121,1,14,1964,23.96335
121,1,14,1965,24.09852
121,1,14,1966,24.28313
121,1,14,1967,24.5856
121,1,14,1968,24.87127
121,1,14,1969,24.98689
121,1,14,1970,25.1292
121,1,14,1971,25.30346
121,1,14,1972,25.57726
121,1,14,1973,25.75977
121,1,14,1974,25.82514
121,1,14,1975,26.01395
121,1,14,1976,26.07575
121,1,14,1977,26.21063
121,1,14,1978,26.45469
121,1,14,1979,26.79611
121,1,14,1980,26.89249
121,1,14,1981,27.03566
121,1,14,1982,27.13632
121,1,14,1983,26.94413
121,1,14,1984,27.36982
121,1,14,1985,27.4931
121,1,14,1986,27.71869
121,1,14,1987,27.86914
121,1,14,1988,27.77143
121,1,14,1989,28.08793
121,1,14,1990,28.25447
121,1,14,1991,28.51178
121,1,14,1992,28.93403
121,1,14,1993,29.17106
121,1,14,1994,29.57027
121,1,14,1995,29.6766
121,1,14,1996,29.8935
121,1,14,1997,29.82613
121,1,14,1998,29.71669
121,1,14,1999,29.81816
121,1,14,2000,30.00214
121,1,14,2001,30.24107
121,1,14,2002,30.47964
121,1,14,2003,30.64609
121,1,14,2004,31.05491
121,1,14,2005,31.313
121,1,14,2006,31.51028
121,1,14,2007,31.73453
121,1,14,2008,31.84733
121,1,14,2009,31.94663
121,1,14,2010,31.98837
121,1,14,2011,32.0932
121,1,14,2012,32.21798
121,1,14,2013,32.2987
121,1,14,2014,32.42004
121,1,14,2015,32.52414
121,1,14,2016,32.62203
121,1,14,2017,32.65029
121,1,14,2018,32.73574
121,1,14,2019,32.7447
121,2,14,1950,24.50204
121,2,14,1951,24.65176
121,2,14,1952,24.79344
121,2,14,1953,25.07087
121,2,14,1954,25.3692
121,2,14,1955,25.75078
121,2,14,1956,25.96155
121,2,14,1957,26.14939
121,2,14,1958,26.37346
121,2,14,1959,26.40401
121,2,14,1960,26.47534
121,2,14,1961,26.55395
121,2,14,1962,26.66959
121,2,14,1963,26.88084
121,2,14,1964,27.00865
121,2,14,1965,27.15881
121,2,14,1966,27.32685
121,2,14,1967,27.52139
121,2,14,1968,27.67272
121,2,14,1969,27.82041
121,2,14,1970,27.90598
121,2,14,1971,27.98981
121,2,14,1972,28.0953
121,2,14,1973,28.21509
121,2,14,1974,28.31994
121,2,14,1975,28.43608
121,2,14,1976,28.56766
121,2,14,1977,28.58037
121,2,14,1978,28.59093
121,2,14,1979,28.74295
121,2,14,1980,28.97457
121,2,14,1981,29.03909
121,2,14,1982,28.99083
121,2,14,1983,29.02434
121,2,14,1984,29.18636
121,2,14,1985,29.41089
121,2,14,1986,29.51141
121,2,14,1987,29.51315
121,2,14,1988,29.63814
121,2,14,1989,29.69476
121,2,14,1990,29.8388
121,2,14,1991,29.9526
121,2,14,1992,29.95306
121,2,14,1993,30.04265
121,2,14,1994,30.15676
121,2,14,1995,30.29031
121,2,14,1996,30.48453
121,2,14,1997,30.64907
121,2,14,1998,30.88823
121,2,14,1999,31.08629
121,2,14,2000,31.24052
121,2,14,2001,31.50697
121,2,14,2002,31.64244
121,2,14,2003,31.90181
121,2,14,2004,32.0652
121,2,14,2005,32.16991
121,2,14,2006,32.3714
121,2,14,2007,32.41049
121,2,14,2008,32.48216
121,2,14,2009,32.5644
121,2,14,2010,32.60035
121,2,14,2011,32.65974
121,2,14,2012,32.79895
121,2,14,2013,32.87072
121,2,14,2014,32.91782
121,2,14,2015,33.01461
121,2,14,2016,33.09954
121,2,14,2017,33.13884
121,2,14,2018,33.24079
121,2,14,2019,33.24715
121,3,14,1950,22.756
121,3,14,1951,22.94862
121,3,14,1952,23.09989
121,3,14,1953,23.47805
121,3,14,1954,23.85678
121,3,14,1955,24.27664
121,3,14,1956,24.48427
121,3,14,1957,24.6602
121,3,14,1958,24.8313
121,3,14,1959,24.84699
121,3,14,1960,24.94294
121,3,14,1961,25.03052
121,3,14,1962,25.13931
121,3,14,1963,25.36059
121,3,14,1964,25.496
121,3,14,1965,25.66721
121,3,14,1966,25.83772
121,3,14,1967,26.04931
121,3,14,1968,26.25682
121,3,14,1969,26.43175
121,3,14,1970,26.55351
121,3,14,1971,26.65607
121,3,14,1972,26.8227
121,3,14,1973,26.94903
121,3,14,1974,27.08019
121,3,14,1975,27.22118
121,3,14,1976,27.37092
121,3,14,1977,27.4067
121,3,14,1978,27.51934
121,3,14,1979,27.70731
121,3,14,1980,27.87098
121,3,14,1981,27.99863
121,3,14,1982,28.09153
121,3,14,1983,27.98213
121,3,14,1984,28.26509
121,3,14,1985,28.39864
121,3,14,1986,28.51302
121,3,14,1987,28.56823
121,3,14,1988,28.64938
121,3,14,1989,28.8537
121,3,14,1990,29.06424
121,3,14,1991,29.23631
121,3,14,1992,29.4245
121,3,14,1993,29.52775
121,3,14,1994,29.76036
121,3,14,1995,29.88295
121,3,14,1996,30.09708
121,3,14,1997,30.19294
121,3,14,1998,30.32376
121,3,14,1999,30.43516
121,3,14,2000,30.59318
121,3,14,2001,30.82415
121,3,14,2002,31.01695
121,3,14,2003,31.27359
121,3,14,2004,31.57668
121,3,14,2005,31.75078
121,3,14,2006,31.94902
121,3,14,2007,32.04854
121,3,14,2008,32.14466
121,3,14,2009,32.26065
121,3,14,2010,32.28408
121,3,14,2011,32.37549
121,3,14,2012,32.50883
121,3,14,2013,32.6003
121,3,14,2014,32.68574
121,3,14,2015,32.77335
121,3,14,2016,32.846
121,3,14,2017,32.91094
121,3,14,2018,32.98104
121,3,14,2019,32.99789
122,1,14,1950,29.32926
122,1,14,1951,29.68108
122,1,14,1952,29.66397
122,1,14,1953,29.4425
122,1,14,1954,28.51789
122,1,14,1955,28.19158
122,1,14,1956,28.25061
122,1,14,1957,28.33265
122,1,14,1958,28.18104
122,1,14,1959,29.11072
122,1,14,1960,28.4675
122,1,14,1961,28.87589
122,1,14,1962,28.93425
122,1,14,1963,28.95569
122,1,14,1964,29.83339
122,1,14,1965,29.69321
122,1,14,1966,29.54634
122,1,14,1967,29.57973
122,1,14,1968,29.83232
122,1,14,1969,29.31557
122,1,14,1970,29.82911
122,1,14,1971,29.92011
122,1,14,1972,30.14964
122,1,14,1973,29.83081
122,1,14,1974,29.69402
122,1,14,1975,30.18594
122,1,14,1976,30.54078
122,1,14,1977,30.85834
122,1,14,1978,30.7189
122,1,14,1979,31.10329
122,1,14,1980,30.86246
122,1,14,1981,31.64697
122,1,14,1982,31.68044
122,1,14,1983,31.34574
122,1,14,1984,31.68748
122,1,14,1985,31.87641
122,1,14,1986,32.44159
122,1,14,1987,31.62949
122,1,14,1988,31.98342
122,1,14,1989,32.22941
122,1,14,1990,32.68956
122,1,14,1991,32.00392
122,1,14,1992,32.55094
122,1,14,1993,32.94294
122,1,14,1994,33.31118
122,1,14,1995,33.80674
122,1,14,1996,33.61894
122,1,14,1997,34.27764
122,1,14,1998,34.10003
122,1,14,1999,34.00042
122,1,14,2000,34.21629
122,1,14,2001,34.82976
122,1,14,2002,34.63657
122,1,14,2003,34.48438
122,1,14,2004,34.32199
122,1,14,2005,33.88786
122,1,14,2006,33.82675
122,1,14,2007,33.9347
122,1,14,2008,33.85629
122,1,14,2009,34.10978
122,1,14,2010,34.17618
122,1,14,2011,34.22927
122,1,14,2012,34.34808
122,1,14,2013,34.35676
122,1,14,2014,34.49766
122,1,14,2015,34.72561
122,1,14,2016,34.556
122,1,14,2017,34.82203
122,1,14,2018,35.42615
122,1,14,2019,36.04155
122,2,14,1950,30.32447
122,2,14,1951,30.7634
122,2,14,1952,30.72594
122,2,14,1953,30.31091
122,2,14,1954,29.78366
122,2,14,1955,30.20053
122,2,14,1956,29.54273
122,2,14,1957,29.38213
122,2,14,1958,29.6844
122,2,14,1959,29.70964
122,2,14,1960,29.70791
122,2,14,1961,30.16426
122,2,14,1962,29.94708
122,2,14,1963,29.8357
122,2,14,1964,30.25671
122,2,14,1965,30.35316
122,2,14,1966,30.42728
122,2,14,1967,30.77228
122,2,14,1968,30.91493
122,2,14,1969,30.80194
122,2,14,1970,30.76639
122,2,14,1971,31.32655
122,2,14,1972,31.16867
122,2,14,1973,31.2766
122,2,14,1974,31.59219
122,2,14,1975,31.75926
122,2,14,1976,32.26356
122,2,14,1977,33.41806
122,2,14,1978,33.54315
122,2,14,1979,33.70717
122,2,14,1980,33.64517
122,2,14,1981,33.60864
122,2,14,1982,33.68083
122,2,14,1983,33.38565
122,2,14,1984,33.80051
122,2,14,1985,34.09892
122,2,14,1986,33.90981
122,2,14,1987,33.76381
122,2,14,1988,34.16271
122,2,14,1989,34.70287
122,2,14,1990,34.69413
122,2,14,1991,34.56155
122,2,14,1992,34.75402
122,2,14,1993,35.16495
122,2,14,1994,35.62155
122,2,14,1995,36.01732
122,2,14,1996,36.01095
122,2,14,1997,36.5241
122,2,14,1998,36.54216
122,2,14,1999,36.70092
122,2,14,2000,36.80882
122,2,14,2001,38.22906
122,2,14,2002,37.15382
122,2,14,2003,36.74463
122,2,14,2004,36.84962
122,2,14,2005,36.57578
122,2,14,2006,36.43099
122,2,14,2007,36.48184
122,2,14,2008,36.52658
122,2,14,2009,36.60938
122,2,14,2010,36.64499
122,2,14,2011,37.09597
122,2,14,2012,36.71281
122,2,14,2013,36.66619
122,2,14,2014,36.7636
122,2,14,2015,37.04998
122,2,14,2016,36.98607
122,2,14,2017,37.21216
122,2,14,2018,37.65511
122,2,14,2019,38.1122
122,3,14,1950,29.83243
122,3,14,1951,30.16203
122,3,14,1952,30.20542
122,3,14,1953,29.79956
122,3,14,1954,29.10416
122,3,14,1955,29.134
122,3,14,1956,28.83701
122,3,14,1957,28.80271
122,3,14,1958,28.85753
122,3,14,1959,29.34121
122,3,14,1960,29.01531
122,3,14,1961,29.44515
122,3,14,1962,29.36983
122,3,14,1963,29.32414
122,3,14,1964,29.97061
122,3,14,1965,30.0113
122,3,14,1966,29.97176
122,3,14,1967,30.101
122,3,14,1968,30.30845
122,3,14,1969,29.98618
122,3,14,1970,30.2284
122,3,14,1971,30.55461
122,3,14,1972,30.59699
122,3,14,1973,30.4964
122,3,14,1974,30.5756
122,3,14,1975,30.90515
122,3,14,1976,31.33496
122,3,14,1977,31.98987
122,3,14,1978,32.00003
122,3,14,1979,32.30242
122,3,14,1980,32.16236
122,3,14,1981,32.5449
122,3,14,1982,32.578
122,3,14,1983,32.32701
122,3,14,1984,32.67839
122,3,14,1985,32.92299
122,3,14,1986,33.11397
122,3,14,1987,32.67917
122,3,14,1988,33.01058
122,3,14,1989,33.40628
122,3,14,1990,33.68568
122,3,14,1991,33.26823
122,3,14,1992,33.59623
122,3,14,1993,34.0045
122,3,14,1994,34.45819
122,3,14,1995,34.8585
122,3,14,1996,34.77124
122,3,14,1997,35.35825
122,3,14,1998,35.27702
122,3,14,1999,35.29451
122,3,14,2000,35.45949
122,3,14,2001,36.30219
122,3,14,2002,35.66866
122,3,14,2003,35.3687
122,3,14,2004,35.28282
122,3,14,2005,34.96633
122,3,14,2006,34.95632
122,3,14,2007,35.01388
122,3,14,2008,34.98427
122,3,14,2009,35.07892
122,3,14,2010,35.12958
122,3,14,2011,35.44805
122,3,14,2012,35.35124
122,3,14,2013,35.32027
122,3,14,2014,35.41224
122,3,14,2015,35.5869
122,3,14,2016,35.60404
122,3,14,2017,36.02647
122,3,14,2018,36.46423
122,3,14,2019,37.09394
123,1,14,1950,24.78694
123,1,14,1951,24.41034
123,1,14,1952,25.29757
123,1,14,1953,25.73526
123,1,14,1954,26.1112
123,1,14,1955,26.3156
123,1,14,1956,26.55324
123,1,14,1957,26.14646
123,1,14,1958,26.95757
123,1,14,1959,27.28593
123,1,14,1960,27.58256
123,1,14,1961,28.11424
123,1,14,1962,28.52423
123,1,14,1963,29.41979
123,1,14,1964,31.20487
123,1,14,1965,30.69215
123,1,14,1966,30.75808
123,1,14,1967,30.59713
123,1,14,1968,30.83016
123,1,14,1969,31.03084
123,1,14,1970,27.05934
123,1,14,1971,32.42004
123,1,14,1972,33.22497
123,1,14,1973,32.95109
123,1,14,1974,33.55627
123,1,14,1975,34.27171
123,1,14,1976,34.37051
123,1,14,1977,35.04992
123,1,14,1978,35.56023
123,1,14,1979,34.65943
123,1,14,1980,33.82943
123,1,14,1981,33.76535
123,1,14,1982,34.45997
123,1,14,1983,33.40835
123,1,14,1984,33.86865
123,1,14,1985,33.07912
123,1,14,1986,33.67996
123,1,14,1987,34.82464
123,1,14,1988,34.34739
123,1,14,1989,34.16701
123,1,14,1990,33.07223
123,1,14,1991,34.15035
123,1,14,1992,34.27479
123,1,14,1993,34.31873
123,1,14,1994,34.83248
123,1,14,1995,34.77894
123,1,14,1996,35.16697
123,1,14,1997,35.31701
123,1,14,1998,35.56635
123,1,14,1999,36.06752
123,1,14,2000,36.03982
123,1,14,2001,36.50331
123,1,14,2002,36.78618
123,1,14,2003,36.88086
123,1,14,2004,37.21191
123,1,14,2005,37.54312
123,1,14,2006,37.78008
123,1,14,2007,38.11045
123,1,14,2008,38.17477
123,1,14,2009,37.29237
123,1,14,2010,37.08
123,1,14,2011,37.20103
123,1,14,2012,37.30851
123,1,14,2013,37.59075
123,1,14,2014,38.19419
123,1,14,2015,38.63674
123,1,14,2016,39.29971
123,1,14,2017,39.88876
123,1,14,2018,39.93041
123,1,14,2019,40.05542
123,2,14,1950,27.35533
123,2,14,1951,27.20943
123,2,14,1952,27.88979
123,2,14,1953,28.25496
123,2,14,1954,28.65499
123,2,14,1955,28.74633
123,2,14,1956,28.77055
123,2,14,1957,28.53989
123,2,14,1958,29.08899
123,2,14,1959,29.36604
123,2,14,1960,29.70729
123,2,14,1961,30.14145
123,2,14,1962,30.48186
123,2,14,1963,31.27218
123,2,14,1964,32.64252
123,2,14,1965,32.17947
123,2,14,1966,32.32341
123,2,14,1967,32.22013
123,2,14,1968,32.47126
123,2,14,1969,32.58978
123,2,14,1970,29.67601
123,2,14,1971,33.64954
123,2,14,1972,34.0404
123,2,14,1973,33.96878
123,2,14,1974,34.28395
123,2,14,1975,34.99328
123,2,14,1976,35.02633
123,2,14,1977,35.02688
123,2,14,1978,34.66102
123,2,14,1979,35.4422
123,2,14,1980,34.6873
123,2,14,1981,33.41891
123,2,14,1982,34.65891
123,2,14,1983,35.41163
123,2,14,1984,35.23081
123,2,14,1985,34.50577
123,2,14,1986,34.92189
123,2,14,1987,35.56301
123,2,14,1988,35.46554
123,2,14,1989,35.73395
123,2,14,1990,36.22907
123,2,14,1991,36.23799
123,2,14,1992,35.95422
123,2,14,1993,36.11867
123,2,14,1994,35.70525
123,2,14,1995,35.47706
123,2,14,1996,36.36133
123,2,14,1997,36.53309
123,2,14,1998,36.68076
123,2,14,1999,37.32697
123,2,14,2000,37.38112
123,2,14,2001,37.89792
123,2,14,2002,38.16309
123,2,14,2003,38.00408
123,2,14,2004,38.53607
123,2,14,2005,38.78942
123,2,14,2006,39.25653
123,2,14,2007,39.98473
123,2,14,2008,39.93847
123,2,14,2009,39.00691
123,2,14,2010,38.85456
123,2,14,2011,39.01764
123,2,14,2012,39.22799
123,2,14,2013,39.3735
123,2,14,2014,39.73272
123,2,14,2015,40.36631
123,2,14,2016,40.95691
123,2,14,2017,41.2079
123,2,14,2018,41.44274
123,2,14,2019,41.54038
123,3,14,1950,26.09392
123,3,14,1951,25.81965
123,3,14,1952,26.54566
123,3,14,1953,27.03105
123,3,14,1954,27.41381
123,3,14,1955,27.55936
123,3,14,1956,27.64554
123,3,14,1957,27.36643
123,3,14,1958,27.95374
123,3,14,1959,27.95361
123,3,14,1960,28.48123
123,3,14,1961,29.15157
123,3,14,1962,29.44594
123,3,14,1963,30.39386
123,3,14,1964,31.95013
123,3,14,1965,31.45105
123,3,14,1966,31.5424
123,3,14,1967,31.42155
123,3,14,1968,31.60173
123,3,14,1969,31.81934
123,3,14,1970,28.37364
123,3,14,1971,33.03808
123,3,14,1972,33.6361
123,3,14,1973,33.45603
123,3,14,1974,33.90923
123,3,14,1975,34.39789
123,3,14,1976,34.32977
123,3,14,1977,34.66562
123,3,14,1978,34.97756
123,3,14,1979,35.02863
123,3,14,1980,34.23635
123,3,14,1981,33.53294
123,3,14,1982,34.52133
123,3,14,1983,34.39242
123,3,14,1984,34.53329
123,3,14,1985,33.77817
123,3,14,1986,34.29016
123,3,14,1987,35.17039
123,3,14,1988,34.89101
123,3,14,1989,34.95005
123,3,14,1990,34.61077
123,3,14,1991,35.16759
123,3,14,1992,34.98859
123,3,14,1993,34.7402
123,3,14,1994,35.05044
123,3,14,1995,35.01411
123,3,14,1996,35.52881
123,3,14,1997,35.5021
123,3,14,1998,35.86659
123,3,14,1999,36.63731
123,3,14,2000,36.709
123,3,14,2001,37.0627
123,3,14,2002,37.46381
123,3,14,2003,37.35721
123,3,14,2004,37.87696
123,3,14,2005,38.02117
123,3,14,2006,38.51627
123,3,14,2007,38.7233
123,3,14,2008,38.61132
123,3,14,2009,37.83648
123,3,14,2010,37.95882
123,3,14,2011,38.11511
123,3,14,2012,38.02645
123,3,14,2013,38.11988
123,3,14,2014,38.65484
123,3,14,2015,39.36174
123,3,14,2016,40.14333
123,3,14,2017,40.50245
123,3,14,2018,40.70382
123,3,14,2019,40.81222
124,1,14,1950,25.43604
124,1,14,1951,25.51403
124,1,14,1952,25.96297
124,1,14,1953,26.12952
124,1,14,1954,26.80528
124,1,14,1955,26.7912
124,1,14,1956,26.73837
124,1,14,1957,26.71262
124,1,14,1958,26.95206
124,1,14,1959,27.06163
124,1,14,1960,27.37012
124,1,14,1961,27.67351
124,1,14,1962,27.87904
124,1,14,1963,27.71914
124,1,14,1964,27.79791
124,1,14,1965,27.7665
124,1,14,1966,27.91758
124,1,14,1967,27.95088
124,1,14,1968,27.92873
124,1,14,1969,27.91413
124,1,14,1970,28.07388
124,1,14,1971,28.7227
124,1,14,1972,28.50432
124,1,14,1973,28.48009
124,1,14,1974,28.43595
124,1,14,1975,28.78231
124,1,14,1976,28.7096
124,1,14,1977,29.26463
124,1,14,1978,29.8701
124,1,14,1979,29.80956
124,1,14,1980,29.89567
124,1,14,1981,29.99263
124,1,14,1982,29.91307
124,1,14,1983,30.14741
124,1,14,1984,30.38534
124,1,14,1985,30.0196
124,1,14,1986,30.58103
124,1,14,1987,30.61926
124,1,14,1988,30.64545
124,1,14,1989,30.83296
124,1,14,1990,31.14196
124,1,14,1991,31.11294
124,1,14,1992,31.17058
124,1,14,1993,31.31048
124,1,14,1994,31.44051
124,1,14,1995,31.66831
124,1,14,1996,31.83646
124,1,14,1997,32.06314
124,1,14,1998,31.99205
124,1,14,1999,32.16519
124,1,14,2000,32.53516
124,1,14,2001,32.65943
124,1,14,2002,32.31983
124,1,14,2003,32.53615
124,1,14,2004,32.82751
124,1,14,2005,32.95141
124,1,14,2006,33.01692
124,1,14,2007,33.23036
124,1,14,2008,32.99864
124,1,14,2009,32.92468
124,1,14,2010,33.25398
124,1,14,2011,33.50436
124,1,14,2012,33.50271
124,1,14,2013,33.48237
124,1,14,2014,33.66778
124,1,14,2015,33.80541
124,1,14,2016,33.7417
124,1,14,2017,34.07997
124,1,14,2018,34.29455
124,1,14,2019,34.78921
124,2,14,1950,26.60691
124,2,14,1951,26.68379
124,2,14,1952,27.02258
124,2,14,1953,27.00798
124,2,14,1954,27.87047
124,2,14,1955,27.98234
124,2,14,1956,28.16303
124,2,14,1957,28.11363
124,2,14,1958,28.46383
124,2,14,1959,28.59176
124,2,14,1960,28.83152
124,2,14,1961,29.24417
124,2,14,1962,29.46975
124,2,14,1963,29.13237
124,2,14,1964,29.37707
124,2,14,1965,29.4266
124,2,14,1966,29.50054
124,2,14,1967,29.75521
124,2,14,1968,29.67405
124,2,14,1969,29.71846
124,2,14,1970,30.1733
124,2,14,1971,30.61637
124,2,14,1972,30.6058
124,2,14,1973,30.68877
124,2,14,1974,31.10081
124,2,14,1975,31.3836
124,2,14,1976,31.47743
124,2,14,1977,32.2474
124,2,14,1978,32.81758
124,2,14,1979,32.84527
124,2,14,1980,32.95769
124,2,14,1981,32.67467
124,2,14,1982,32.62333
124,2,14,1983,32.66933
124,2,14,1984,32.81989
124,2,14,1985,32.60598
124,2,14,1986,33.08889
124,2,14,1987,33.21949
124,2,14,1988,33.42411
124,2,14,1989,33.5715
124,2,14,1990,33.86981
124,2,14,1991,34.02077
124,2,14,1992,34.10226
124,2,14,1993,34.23168
124,2,14,1994,34.35731
124,2,14,1995,34.40767
124,2,14,1996,34.54283
124,2,14,1997,34.79216
124,2,14,1998,34.96013
124,2,14,1999,35.12755
124,2,14,2000,35.60888
124,2,14,2001,35.75878
124,2,14,2002,35.76515
124,2,14,2003,35.8406
124,2,14,2004,36.08002
124,2,14,2005,36.16268
124,2,14,2006,36.39148
124,2,14,2007,36.60028
124,2,14,2008,36.59967
124,2,14,2009,36.56193
124,2,14,2010,36.73038
124,2,14,2011,36.9492
124,2,14,2012,37.03802
124,2,14,2013,36.97524
124,2,14,2014,36.8475
124,2,14,2015,37.0305
124,2,14,2016,37.07964
124,2,14,2017,37.45287
124,2,14,2018,37.73933
124,2,14,2019,38.04805
124,3,14,1950,25.99516
124,3,14,1951,26.06917
124,3,14,1952,26.45053
124,3,14,1953,26.51805
124,3,14,1954,27.29069
124,3,14,1955,27.34227
124,3,14,1956,27.41387
124,3,14,1957,27.38277
124,3,14,1958,27.67555
124,3,14,1959,27.80539
124,3,14,1960,28.07754
124,3,14,1961,28.43836
124,3,14,1962,28.6524
124,3,14,1963,28.40524
124,3,14,1964,28.568
124,3,14,1965,28.57282
124,3,14,1966,28.68887
124,3,14,1967,28.82605
124,3,14,1968,28.77286
124,3,14,1969,28.78573
124,3,14,1970,29.09069
124,3,14,1971,29.63799
124,3,14,1972,29.52176
124,3,14,1973,29.54626
124,3,14,1974,29.72228
124,3,14,1975,30.03819
124,3,14,1976,30.04785
124,3,14,1977,30.70611
124,3,14,1978,31.27931
124,3,14,1979,31.28811
124,3,14,1980,31.38665
124,3,14,1981,31.29572
124,3,14,1982,31.24244
124,3,14,1983,31.38551
124,3,14,1984,31.5798
124,3,14,1985,31.27759
124,3,14,1986,31.80709
124,3,14,1987,31.8986
124,3,14,1988,32.00757
124,3,14,1989,32.17781
124,3,14,1990,32.48195
124,3,14,1991,32.54337
124,3,14,1992,32.61472
124,3,14,1993,32.75788
124,3,14,1994,32.87625
124,3,14,1995,33.02026
124,3,14,1996,33.16575
124,3,14,1997,33.41177
124,3,14,1998,33.46766
124,3,14,1999,33.63271
124,3,14,2000,34.05677
124,3,14,2001,34.20528
124,3,14,2002,34.02805
124,3,14,2003,34.18972
124,3,14,2004,34.45495
124,3,14,2005,34.56272
124,3,14,2006,34.70802
124,3,14,2007,34.92067
124,3,14,2008,34.79791
124,3,14,2009,34.7434
124,3,14,2010,34.99587
124,3,14,2011,35.23376
124,3,14,2012,35.27663
124,3,14,2013,35.2253
124,3,14,2014,35.26863
124,3,14,2015,35.4502
124,3,14,2016,35.44931
124,3,14,2017,35.80378
124,3,14,2018,36.06962
124,3,14,2019,36.37909
125,1,14,1950,26.50197
125,1,14,1951,26.70596
125,1,14,1952,27.56585
125,1,14,1953,27.45892
125,1,14,1954,27.84007
125,1,14,1955,27.47023
125,1,14,1956,27.07549
125,1,14,1957,27.24203
125,1,14,1958,27.36363
125,1,14,1959,27.31823
125,1,14,1960,27.44997
125,1,14,1961,27.08599
125,1,14,1962,27.31677
125,1,14,1963,27.77916
125,1,14,1964,27.78936
125,1,14,1965,27.52335
125,1,14,1966,27.71739
125,1,14,1967,27.61774
125,1,14,1968,28.11615
125,1,14,1969,29.23204
125,1,14,1970,30.4384
125,1,14,1971,30.17449
125,1,14,1972,29.31723
125,1,14,1973,28.9295
125,1,14,1974,28.82233
125,1,14,1975,29.34372
125,1,14,1976,29.50436
125,1,14,1977,30.23441
125,1,14,1978,31.46371
125,1,14,1979,32.05954
125,1,14,1980,32.29713
125,1,14,1981,31.64199
125,1,14,1982,30.66986
125,1,14,1983,30.74094
125,1,14,1984,31.15606
125,1,14,1985,29.32905
125,1,14,1986,30.76734
125,1,14,1987,30.73058
125,1,14,1988,31.10089
125,1,14,1989,31.31886
125,1,14,1990,31.94427
125,1,14,1991,31.47829
125,1,14,1992,31.55331
125,1,14,1993,31.97748
125,1,14,1994,32.30833
125,1,14,1995,32.66131
125,1,14,1996,32.66538
125,1,14,1997,33.37389
125,1,14,1998,33.75938
125,1,14,1999,33.66635
125,1,14,2000,33.73721
125,1,14,2001,33.71641
125,1,14,2002,32.24924
125,1,14,2003,33.81352
125,1,14,2004,34.10797
125,1,14,2005,35.03596
125,1,14,2006,35.06952
125,1,14,2007,35.64789
125,1,14,2008,35.72263
125,1,14,2009,35.35828
125,1,14,2010,35.6772
125,1,14,2011,36.27411
125,1,14,2012,36.49389
125,1,14,2013,36.79584
125,1,14,2014,37.36759
125,1,14,2015,37.26833
125,1,14,2016,37.24082
125,1,14,2017,38.67093
125,1,14,2018,39.64708
125,1,14,2019,39.83008
125,2,14,1950,26.42997
125,2,14,1951,26.7612
125,2,14,1952,27.39545
125,2,14,1953,27.30138
125,2,14,1954,27.93934
125,2,14,1955,28.02257
125,2,14,1956,28.09983
125,2,14,1957,28.22344
125,2,14,1958,28.63036
125,2,14,1959,28.51112
125,2,14,1960,28.54648
125,2,14,1961,28.60779
125,2,14,1962,28.80854
125,2,14,1963,28.84344
125,2,14,1964,28.9731
125,2,14,1965,28.89641
125,2,14,1966,29.07173
125,2,14,1967,29.12735
125,2,14,1968,29.56352
125,2,14,1969,30.29555
125,2,14,1970,31.50123
125,2,14,1971,31.31376
125,2,14,1972,30.63312
125,2,14,1973,30.3627
125,2,14,1974,30.43133
125,2,14,1975,30.81057
125,2,14,1976,31.03095
125,2,14,1977,31.62656
125,2,14,1978,32.8575
125,2,14,1979,33.44475
125,2,14,1980,33.796
125,2,14,1981,33.62873
125,2,14,1982,32.79362
125,2,14,1983,32.80634
125,2,14,1984,33.02773
125,2,14,1985,31.76667
125,2,14,1986,33.18188
125,2,14,1987,33.22289
125,2,14,1988,33.61825
125,2,14,1989,33.70129
125,2,14,1990,34.23979
125,2,14,1991,34.26058
125,2,14,1992,34.42007
125,2,14,1993,34.65367
125,2,14,1994,34.85626
125,2,14,1995,35.14787
125,2,14,1996,35.42331
125,2,14,1997,36.08362
125,2,14,1998,36.52507
125,2,14,1999,36.68636
125,2,14,2000,36.90876
125,2,14,2001,37.071
125,2,14,2002,37.14297
125,2,14,2003,37.26859
125,2,14,2004,37.56912
125,2,14,2005,37.90523
125,2,14,2006,38.05013
125,2,14,2007,38.35277
125,2,14,2008,38.60295
125,2,14,2009,38.87358
125,2,14,2010,39.07426
125,2,14,2011,39.58995
125,2,14,2012,39.83293
125,2,14,2013,40.01527
125,2,14,2014,39.93107
125,2,14,2015,39.96568
125,2,14,2016,40.0984
125,2,14,2017,41.22259
125,2,14,2018,41.92564
125,2,14,2019,42.1278
125,3,14,1950,26.41315
125,3,14,1951,26.65283
125,3,14,1952,27.38206
125,3,14,1953,27.30117
125,3,14,1954,27.82832
125,3,14,1955,27.71398
125,3,14,1956,27.55499
125,3,14,1957,27.70086
125,3,14,1958,27.93143
125,3,14,1959,27.86374
125,3,14,1960,27.95527
125,3,14,1961,27.80547
125,3,14,1962,28.02445
125,3,14,1963,28.2823
125,3,14,1964,28.35071
125,3,14,1965,28.18141
125,3,14,1966,28.37128
125,3,14,1967,28.33905
125,3,14,1968,28.80677
125,3,14,1969,29.72297
125,3,14,1970,30.93074
125,3,14,1971,30.71355
125,3,14,1972,29.94859
125,3,14,1973,29.61356
125,3,14,1974,29.60019
125,3,14,1975,30.05659
125,3,14,1976,30.2474
125,3,14,1977,30.90939
125,3,14,1978,32.04656
125,3,14,1979,32.76581
125,3,14,1980,33.05798
125,3,14,1981,32.46041
125,3,14,1982,31.69273
125,3,14,1983,31.74287
125,3,14,1984,32.06103
125,3,14,1985,30.50281
125,3,14,1986,31.91467
125,3,14,1987,31.91959
125,3,14,1988,32.30979
125,3,14,1989,32.46755
125,3,14,1990,33.05107
125,3,14,1991,32.82448
125,3,14,1992,32.94499
125,3,14,1993,33.28105
125,3,14,1994,33.57555
125,3,14,1995,33.88274
125,3,14,1996,34.01265
125,3,14,1997,34.70137
125,3,14,1998,35.10874
125,3,14,1999,35.1459
125,3,14,2000,35.29419
125,3,14,2001,35.3713
125,3,14,2002,34.61859
125,3,14,2003,35.53394
125,3,14,2004,35.83365
125,3,14,2005,36.48652
125,3,14,2006,36.57544
125,3,14,2007,37.02254
125,3,14,2008,37.19299
125,3,14,2009,37.1298
125,3,14,2010,37.39895
125,3,14,2011,37.96212
125,3,14,2012,38.20347
125,3,14,2013,38.44883
125,3,14,2014,38.69306
125,3,14,2015,38.66074
125,3,14,2016,38.71255
125,3,14,2017,39.91709
125,3,14,2018,40.86407
125,3,14,2019,41.05864
126,1,14,1950,27.03591
126,1,14,1951,28.88035
126,1,14,1952,28.98187
126,1,14,1953,29.0755
126,1,14,1954,29.41859
126,1,14,1955,29.12281
126,1,14,1956,29.61441
126,1,14,1957,28.96906
126,1,14,1958,29.87648
126,1,14,1959,29.51093
126,1,14,1960,30.25502
126,1,14,1961,30.57896
126,1,14,1962,30.35252
126,1,14,1963,30.6055
126,1,14,1964,30.06428
126,1,14,1965,29.94089
126,1,14,1966,30.50411
126,1,14,1967,30.71056
126,1,14,1968,30.5511
126,1,14,1969,30.58055
126,1,14,1970,30.76368
126,1,14,1971,31.31989
126,1,14,1972,31.18487
126,1,14,1973,31.76675
126,1,14,1974,31.61467
126,1,14,1975,32.06777
126,1,14,1976,32.39207
126,1,14,1977,32.77788
126,1,14,1978,33.23133
126,1,14,1979,32.8461
126,1,14,1980,32.63569
126,1,14,1981,33.64562
126,1,14,1982,33.54388
126,1,14,1983,33.90879
126,1,14,1984,33.34581
126,1,14,1985,33.36363
126,1,14,1986,33.71109
126,1,14,1987,33.67145
126,1,14,1988,33.8758
126,1,14,1989,33.42352
126,1,14,1990,33.90338
126,1,14,1991,33.95515
126,1,14,1992,33.68587
126,1,14,1993,33.92398
126,1,14,1994,33.56924
126,1,14,1995,33.32304
126,1,14,1996,33.87327
126,1,14,1997,33.85328
126,1,14,1998,34.14629
126,1,14,1999,33.81152
126,1,14,2000,34.26863
126,1,14,2001,34.36319
126,1,14,2002,34.73358
126,1,14,2003,34.75898
126,1,14,2004,34.68349
126,1,14,2005,35.613
126,1,14,2006,35.10123
126,1,14,2007,36.20612
126,1,14,2008,36.08304
126,1,14,2009,36.5127
126,1,14,2010,35.17653
126,1,14,2011,35.86712
126,1,14,2012,36.1177
126,1,14,2013,36.17987
126,1,14,2014,36.16749
126,1,14,2015,35.89655
126,1,14,2016,35.62028
126,1,14,2017,36.90497
126,1,14,2018,37.40887
126,1,14,2019,37.82774
126,2,14,1950,27.78119
126,2,14,1951,29.12874
126,2,14,1952,29.00246
126,2,14,1953,29.0675
126,2,14,1954,29.8717
126,2,14,1955,30.98203
126,2,14,1956,31.09439
126,2,14,1957,30.70761
126,2,14,1958,31.41073
126,2,14,1959,30.78053
126,2,14,1960,31.55855
126,2,14,1961,32.03581
126,2,14,1962,31.58866
126,2,14,1963,31.55471
126,2,14,1964,31.29167
126,2,14,1965,31.80039
126,2,14,1966,31.93406
126,2,14,1967,31.682
126,2,14,1968,31.91237
126,2,14,1969,32.37169
126,2,14,1970,31.90435
126,2,14,1971,32.68292
126,2,14,1972,33.10272
126,2,14,1973,33.27686
126,2,14,1974,33.6273
126,2,14,1975,34.06284
126,2,14,1976,34.51134
126,2,14,1977,35.49864
126,2,14,1978,35.40687
126,2,14,1979,35.75558
126,2,14,1980,35.91235
126,2,14,1981,35.99482
126,2,14,1982,35.94917
126,2,14,1983,36.22497
126,2,14,1984,36.03727
126,2,14,1985,36.02647
126,2,14,1986,36.20616
126,2,14,1987,36.62673
126,2,14,1988,36.6784
126,2,14,1989,36.70856
126,2,14,1990,37.05332
126,2,14,1991,36.9547
126,2,14,1992,37.22316
126,2,14,1993,37.27211
126,2,14,1994,36.88056
126,2,14,1995,36.69342
126,2,14,1996,37.15008
126,2,14,1997,37.37566
126,2,14,1998,37.24615
126,2,14,1999,37.4387
126,2,14,2000,37.71815
126,2,14,2001,37.66496
126,2,14,2002,38.28454
126,2,14,2003,38.22072
126,2,14,2004,38.30807
126,2,14,2005,38.89407
126,2,14,2006,38.91646
126,2,14,2007,40.14583
126,2,14,2008,40.09885
126,2,14,2009,40.29972
126,2,14,2010,39.80981
126,2,14,2011,40.23651
126,2,14,2012,40.24563
126,2,14,2013,40.23722
126,2,14,2014,40.34382
126,2,14,2015,40.22572
126,2,14,2016,39.84598
126,2,14,2017,40.64679
126,2,14,2018,41.35709
126,2,14,2019,41.62782
126,3,14,1950,27.25288
126,3,14,1951,28.98433
126,3,14,1952,28.84884
126,3,14,1953,28.93616
126,3,14,1954,29.55088
126,3,14,1955,29.91485
126,3,14,1956,30.22065
126,3,14,1957,29.6931
126,3,14,1958,30.48969
126,3,14,1959,30.02003
126,3,14,1960,30.77829
126,3,14,1961,31.19573
126,3,14,1962,30.84789
126,3,14,1963,30.93262
126,3,14,1964,30.53932
126,3,14,1965,30.71529
126,3,14,1966,31.10912
126,3,14,1967,31.1231
126,3,14,1968,31.14324
126,3,14,1969,31.36493
126,3,14,1970,31.23424
126,3,14,1971,31.89788
126,3,14,1972,32.03155
126,3,14,1973,32.40525
126,3,14,1974,32.49144
126,3,14,1975,32.94429
126,3,14,1976,33.31015
126,3,14,1977,33.97132
126,3,14,1978,34.17674
126,3,14,1979,34.15418
126,3,14,1980,34.12616
126,3,14,1981,34.7075
126,3,14,1982,34.6437
126,3,14,1983,34.94224
126,3,14,1984,34.56674
126,3,14,1985,34.57991
126,3,14,1986,34.8312
126,3,14,1987,35.00699
126,3,14,1988,35.24878
126,3,14,1989,34.92458
126,3,14,1990,35.44577
126,3,14,1991,35.32621
126,3,14,1992,35.31442
126,3,14,1993,35.562
126,3,14,1994,35.11125
126,3,14,1995,34.88984
126,3,14,1996,35.39221
126,3,14,1997,35.50037
126,3,14,1998,35.6101
126,3,14,1999,35.49554
126,3,14,2000,35.89308
126,3,14,2001,35.9272
126,3,14,2002,36.40309
126,3,14,2003,36.41479
126,3,14,2004,36.42134
126,3,14,2005,37.18101
126,3,14,2006,36.92218
126,3,14,2007,38.07204
126,3,14,2008,38.00704
126,3,14,2009,38.31882
126,3,14,2010,37.36125
126,3,14,2011,37.96515
126,3,14,2012,38.11257
126,3,14,2013,38.16545
126,3,14,2014,38.20435
126,3,14,2015,38.004
126,3,14,2016,37.74878
126,3,14,2017,38.72857
126,3,14,2018,39.33997
126,3,14,2019,39.78724
127,1,14,1950,25.1457
127,1,14,1951,25.0256
127,1,14,1952,25.51046
127,1,14,1953,25.86985
127,1,14,1954,26.00972
127,1,14,1955,26.18529
127,1,14,1956,26.51746
127,1,14,1957,26.82279
127,1,14,1958,27.07423
127,1,14,1959,27.94233
127,1,14,1960,28.81688
127,1,14,1961,28.43957
127,1,14,1962,28.45681
127,1,14,1963,29.48071
127,1,14,1964,29.22201
127,1,14,1965,29.10765
127,1,14,1966,29.31697
127,1,14,1967,29.65828
127,1,14,1968,29.11573
127,1,14,1969,28.18873
127,1,14,1970,27.63922
127,1,14,1971,29.70542
127,1,14,1972,28.80154
127,1,14,1973,29.55971
127,1,14,1974,28.91607
127,1,14,1975,29.46449
127,1,14,1976,30.36109
127,1,14,1977,30.02994
127,1,14,1978,30.86644
127,1,14,1979,29.79229
127,1,14,1980,31.6765
127,1,14,1981,30.13304
127,1,14,1982,31.05212
127,1,14,1983,30.26695
127,1,14,1984,29.47287
127,1,14,1985,30.46173
127,1,14,1986,31.02236
127,1,14,1987,31.45398
127,1,14,1988,31.45815
127,1,14,1989,31.34396
127,1,14,1990,31.80208
127,1,14,1991,31.81427
127,1,14,1992,31.62905
127,1,14,1993,31.41202
127,1,14,1994,31.36416
127,1,14,1995,31.30107
127,1,14,1996,32.1304
127,1,14,1997,31.74481
127,1,14,1998,30.4793
127,1,14,1999,31.75763
127,1,14,2000,31.61649
127,1,14,2001,31.92573
127,1,14,2002,32.6934
127,1,14,2003,32.04919
127,1,14,2004,31.52405
127,1,14,2005,31.29808
127,1,14,2006,31.13456
127,1,14,2007,31.45692
127,1,14,2008,31.95946
127,1,14,2009,31.51086
127,1,14,2010,32.69172
127,1,14,2011,32.4941
127,1,14,2012,33.06351
127,1,14,2013,32.91463
127,1,14,2014,31.81019
127,1,14,2015,32.90161
127,1,14,2016,34.18589
127,1,14,2017,34.84929
127,1,14,2018,35.14721
127,1,14,2019,35.19028
127,2,14,1950,26.15219
127,2,14,1951,26.00969
127,2,14,1952,25.9576
127,2,14,1953,26.43227
127,2,14,1954,26.84231
127,2,14,1955,27.25029
127,2,14,1956,27.80478
127,2,14,1957,27.82042
127,2,14,1958,27.92752
127,2,14,1959,28.20279
127,2,14,1960,29.19442
127,2,14,1961,29.40061
127,2,14,1962,29.54308
127,2,14,1963,29.69647
127,2,14,1964,30.18917
127,2,14,1965,30.34887
127,2,14,1966,30.13702
127,2,14,1967,31.00178
127,2,14,1968,29.9953
127,2,14,1969,29.68513
127,2,14,1970,29.95108
127,2,14,1971,31.42479
127,2,14,1972,31.29433
127,2,14,1973,31.78972
127,2,14,1974,32.02498
127,2,14,1975,32.11821
127,2,14,1976,32.85286
127,2,14,1977,32.97254
127,2,14,1978,33.64648
127,2,14,1979,33.81822
127,2,14,1980,34.67635
127,2,14,1981,33.95885
127,2,14,1982,34.29358
127,2,14,1983,33.19979
127,2,14,1984,34.0101
127,2,14,1985,35.20197
127,2,14,1986,35.44981
127,2,14,1987,35.48204
127,2,14,1988,35.67577
127,2,14,1989,36.27156
127,2,14,1990,36.09285
127,2,14,1991,36.50349
127,2,14,1992,36.33505
127,2,14,1993,36.23491
127,2,14,1994,36.06746
127,2,14,1995,36.90236
127,2,14,1996,36.58332
127,2,14,1997,36.56312
127,2,14,1998,36.55412
127,2,14,1999,36.95824
127,2,14,2000,37.43265
127,2,14,2001,37.15357
127,2,14,2002,37.65364
127,2,14,2003,37.54277
127,2,14,2004,37.43806
127,2,14,2005,37.50437
127,2,14,2006,37.78556
127,2,14,2007,37.79786
127,2,14,2008,38.04211
127,2,14,2009,37.48107
127,2,14,2010,37.86719
127,2,14,2011,37.67729
127,2,14,2012,37.89371
127,2,14,2013,37.26829
127,2,14,2014,37.0196
127,2,14,2015,38.03877
127,2,14,2016,39.12464
127,2,14,2017,39.38046
127,2,14,2018,39.50561
127,2,14,2019,39.6414
127,3,14,1950,25.64335
127,3,14,1951,25.45336
127,3,14,1952,25.65715
127,3,14,1953,26.07509
127,3,14,1954,26.35351
127,3,14,1955,26.7137
127,3,14,1956,27.0759
127,3,14,1957,27.31907
127,3,14,1958,27.42856
127,3,14,1959,27.98549
127,3,14,1960,28.91675
127,3,14,1961,28.83242
127,3,14,1962,28.91443
127,3,14,1963,29.49926
127,3,14,1964,29.6256
127,3,14,1965,29.6639
127,3,14,1966,29.65626
127,3,14,1967,30.25149
127,3,14,1968,29.48616
127,3,14,1969,28.87329
127,3,14,1970,28.72068
127,3,14,1971,30.57106
127,3,14,1972,29.98209
127,3,14,1973,30.59772
127,3,14,1974,30.39276
127,3,14,1975,30.72115
127,3,14,1976,31.53681
127,3,14,1977,31.4143
127,3,14,1978,32.18616
127,3,14,1979,31.70965
127,3,14,1980,33.0219
127,3,14,1981,32.0541
127,3,14,1982,32.57931
127,3,14,1983,31.52341
127,3,14,1984,31.65298
127,3,14,1985,32.69383
127,3,14,1986,33.12541
127,3,14,1987,33.41616
127,3,14,1988,33.52025
127,3,14,1989,33.7388
127,3,14,1990,33.89008
127,3,14,1991,34.10026
127,3,14,1992,33.94502
127,3,14,1993,33.85373
127,3,14,1994,33.75264
127,3,14,1995,34.03684
127,3,14,1996,34.34868
127,3,14,1997,34.13123
127,3,14,1998,33.43179
127,3,14,1999,34.32541
127,3,14,2000,34.47088
127,3,14,2001,34.5143
127,3,14,2002,35.23784
127,3,14,2003,34.77861
127,3,14,2004,34.4642
127,3,14,2005,34.38701
127,3,14,2006,34.41482
127,3,14,2007,34.62341
127,3,14,2008,35.01986
127,3,14,2009,34.60267
127,3,14,2010,35.346
127,3,14,2011,35.18066
127,3,14,2012,35.58954
127,3,14,2013,35.22268
127,3,14,2014,34.51816
127,3,14,2015,35.45553
127,3,14,2016,36.69378
127,3,14,2017,37.32237
127,3,14,2018,37.46296
127,3,14,2019,37.63642
128,1,14,1950,23.57781
128,1,14,1951,24.30171
128,1,14,1952,23.7217
128,1,14,1953,23.41787
128,1,14,1954,23.993
128,1,14,1955,23.78016
128,1,14,1956,23.20599
128,1,14,1957,23.64417
128,1,14,1958,23.9465
128,1,14,1959,25.16257
128,1,14,1960,25.05515
128,1,14,1961,26.31828
128,1,14,1962,25.21396
128,1,14,1963,25.24896
128,1,14,1964,25.29542
128,1,14,1965,25.40453
128,1,14,1966,25.05675
128,1,14,1967,25.60138
128,1,14,1968,24.91125
128,1,14,1969,23.77082
128,1,14,1970,24.11017
128,1,14,1971,25.56
128,1,14,1972,26.42606
128,1,14,1973,26.58631
128,1,14,1974,25.7501
128,1,14,1975,25.91724
128,1,14,1976,22.91155
128,1,14,1977,27.94857
128,1,14,1978,28.3984
128,1,14,1979,28.62344
128,1,14,1980,28.1242
128,1,14,1981,29.09783
128,1,14,1982,27.80287
128,1,14,1983,28.27146
128,1,14,1984,29.03573
128,1,14,1985,28.27864
128,1,14,1986,28.19814
128,1,14,1987,28.00946
128,1,14,1988,28.16026
128,1,14,1989,28.80033
128,1,14,1990,28.47339
128,1,14,1991,28.09289
128,1,14,1992,27.98225
128,1,14,1993,27.94033
128,1,14,1994,28.25666
128,1,14,1995,29.1491
128,1,14,1996,29.85645
128,1,14,1997,29.79898
128,1,14,1998,29.7175
128,1,14,1999,30.17878
128,1,14,2000,30.42985
128,1,14,2001,30.35904
128,1,14,2002,30.78343
128,1,14,2003,31.01286
128,1,14,2004,31.26675
128,1,14,2005,31.14479
128,1,14,2006,31.39305
128,1,14,2007,31.81624
128,1,14,2008,31.78266
128,1,14,2009,31.83848
128,1,14,2010,31.90931
128,1,14,2011,32.07966
128,1,14,2012,32.19351
128,1,14,2013,32.31141
128,1,14,2014,32.26309
128,1,14,2015,32.34212
128,1,14,2016,32.55844
128,1,14,2017,32.93106
128,1,14,2018,33.26984
128,1,14,2019,33.80132
128,2,14,1950,23.44102
128,2,14,1951,24.16868
128,2,14,1952,23.23224
128,2,14,1953,22.79804
128,2,14,1954,24.01392
128,2,14,1955,23.73966
128,2,14,1956,23.72074
128,2,14,1957,23.74548
128,2,14,1958,23.72779
128,2,14,1959,24.66389
128,2,14,1960,24.76472
128,2,14,1961,25.4468
128,2,14,1962,25.01804
128,2,14,1963,25.26489
128,2,14,1964,25.59574
128,2,14,1965,25.60347
128,2,14,1966,25.37292
128,2,14,1967,26.4726
128,2,14,1968,25.52501
128,2,14,1969,24.80932
128,2,14,1970,25.5298
128,2,14,1971,26.76791
128,2,14,1972,27.61972
128,2,14,1973,28.04754
128,2,14,1974,27.56363
128,2,14,1975,27.8287
128,2,14,1976,24.94354
128,2,14,1977,29.79854
128,2,14,1978,30.14797
128,2,14,1979,29.24485
128,2,14,1980,30.58046
128,2,14,1981,30.56564
128,2,14,1982,29.9739
128,2,14,1983,29.98551
128,2,14,1984,30.5664
128,2,14,1985,29.81163
128,2,14,1986,30.03642
128,2,14,1987,30.24316
128,2,14,1988,30.49714
128,2,14,1989,30.54927
128,2,14,1990,30.3927
128,2,14,1991,30.08285
128,2,14,1992,29.85482
128,2,14,1993,30.02606
128,2,14,1994,30.50015
128,2,14,1995,31.61867
128,2,14,1996,32.37678
128,2,14,1997,32.30455
128,2,14,1998,32.34101
128,2,14,1999,32.77992
128,2,14,2000,32.97558
128,2,14,2001,33.33313
128,2,14,2002,33.66918
128,2,14,2003,33.73941
128,2,14,2004,33.93532
128,2,14,2005,33.95514
128,2,14,2006,34.13128
128,2,14,2007,34.37104
128,2,14,2008,34.51833
128,2,14,2009,34.53971
128,2,14,2010,34.50911
128,2,14,2011,34.61829
128,2,14,2012,34.84575
128,2,14,2013,34.88653
128,2,14,2014,34.93522
128,2,14,2015,35.02114
128,2,14,2016,35.1833
128,2,14,2017,35.45648
128,2,14,2018,35.83344
128,2,14,2019,36.09501
128,3,14,1950,23.49539
128,3,14,1951,24.21689
128,3,14,1952,23.40127
128,3,14,1953,23.0402
128,3,14,1954,23.93347
128,3,14,1955,23.70479
128,3,14,1956,23.41845
128,3,14,1957,23.64773
128,3,14,1958,23.78551
128,3,14,1959,24.85262
128,3,14,1960,24.86164
128,3,14,1961,25.82188
128,3,14,1962,25.05671
128,3,14,1963,25.20568
128,3,14,1964,25.39746
128,3,14,1965,25.46239
128,3,14,1966,25.17361
128,3,14,1967,25.98568
128,3,14,1968,25.17738
128,3,14,1969,24.23133
128,3,14,1970,24.78753
128,3,14,1971,26.07443
128,3,14,1972,26.92716
128,3,14,1973,27.06236
128,3,14,1974,26.55784
128,3,14,1975,26.77446
128,3,14,1976,23.87926
128,3,14,1977,28.77831
128,3,14,1978,29.16628
128,3,14,1979,28.83922
128,3,14,1980,29.24874
128,3,14,1981,29.55877
128,3,14,1982,28.6997
128,3,14,1983,29.1011
128,3,14,1984,29.66077
128,3,14,1985,28.67735
128,3,14,1986,28.81892
128,3,14,1987,29.01543
128,3,14,1988,29.22742
128,3,14,1989,29.50845
128,3,14,1990,29.03192
128,3,14,1991,28.76235
128,3,14,1992,28.79368
128,3,14,1993,28.92259
128,3,14,1994,29.14209
128,3,14,1995,30.08144
128,3,14,1996,30.88184
128,3,14,1997,30.87429
128,3,14,1998,31.02689
128,3,14,1999,31.30398
128,3,14,2000,31.44706
128,3,14,2001,31.56094
128,3,14,2002,31.87095
128,3,14,2003,32.23042
128,3,14,2004,32.40567
128,3,14,2005,32.3764
128,3,14,2006,32.58893
128,3,14,2007,32.84156
128,3,14,2008,33.02382
128,3,14,2009,32.94964
128,3,14,2010,32.94117
128,3,14,2011,33.03199
128,3,14,2012,33.14018
128,3,14,2013,33.27119
128,3,14,2014,33.26609
128,3,14,2015,33.32202
128,3,14,2016,33.65767
128,3,14,2017,34.00209
128,3,14,2018,34.53064
128,3,14,2019,35.03494
129,1,14,1950,24.52798
129,1,14,1951,24.61362
129,1,14,1952,24.2841
129,1,14,1953,24.24717
129,1,14,1954,23.93529
129,1,14,1955,23.18944
129,1,14,1956,23.33448
129,1,14,1957,23.6319
129,1,14,1958,23.80779
129,1,14,1959,24.24868
129,1,14,1960,24.95622
129,1,14,1961,25.58332
129,1,14,1962,26.137
129,1,14,1963,26.6348
129,1,14,1964,27.26606
129,1,14,1965,27.91336
129,1,14,1966,28.22752
129,1,14,1967,28.60295
129,1,14,1968,28.87433
129,1,14,1969,28.62638
129,1,14,1970,29.17498
129,1,14,1971,29.74406
129,1,14,1972,29.9482
129,1,14,1973,29.246
129,1,14,1974,28.08908
129,1,14,1975,31.39329
129,1,14,1976,32.0283
129,1,14,1977,32.54959
129,1,14,1978,33.14066
129,1,14,1979,33.6288
129,1,14,1980,34.68667
129,1,14,1981,35.0207
129,1,14,1982,35.69386
129,1,14,1983,35.79185
129,1,14,1984,35.39684
129,1,14,1985,35.06221
129,1,14,1986,34.54129
129,1,14,1987,34.22222
129,1,14,1988,33.19574
129,1,14,1989,33.37802
129,1,14,1990,32.95568
129,1,14,1991,33.17501
129,1,14,1992,33.43517
129,1,14,1993,33.55362
129,1,14,1994,33.74828
129,1,14,1995,34.02007
129,1,14,1996,34.07779
129,1,14,1997,34.17161
129,1,14,1998,31.45598
129,1,14,1999,34.21058
129,1,14,2000,34.23884
129,1,14,2001,34.46865
129,1,14,2002,34.50374
129,1,14,2003,34.3281
129,1,14,2004,34.33704
129,1,14,2005,34.53217
129,1,14,2006,34.52666
129,1,14,2007,34.43597
129,1,14,2008,34.16578
129,1,14,2009,33.93226
129,1,14,2010,33.28451
129,1,14,2011,32.39364
129,1,14,2012,30.30788
129,1,14,2013,30.33891
129,1,14,2014,30.51939
129,1,14,2015,30.50335
129,1,14,2016,30.8474
129,1,14,2017,30.76223
129,1,14,2018,30.62649
129,1,14,2019,30.40349
129,2,14,1950,25.39116
129,2,14,1951,25.66572
129,2,14,1952,25.34355
129,2,14,1953,25.46843
129,2,14,1954,25.64942
129,2,14,1955,25.15775
129,2,14,1956,25.39818
129,2,14,1957,25.64416
129,2,14,1958,26.16158
129,2,14,1959,26.79904
129,2,14,1960,27.27571
129,2,14,1961,27.72236
129,2,14,1962,28.08814
129,2,14,1963,28.50304
129,2,14,1964,28.87015
129,2,14,1965,29.24314
129,2,14,1966,29.41882
129,2,14,1967,29.69766
129,2,14,1968,29.9581
129,2,14,1969,29.57659
129,2,14,1970,30.02448
129,2,14,1971,30.27125
129,2,14,1972,30.48665
129,2,14,1973,30.27885
129,2,14,1974,29.76253
129,2,14,1975,32.6687
129,2,14,1976,33.39837
129,2,14,1977,33.86874
129,2,14,1978,34.43061
129,2,14,1979,34.87891
129,2,14,1980,35.10454
129,2,14,1981,33.65008
129,2,14,1982,33.9248
129,2,14,1983,34.90415
129,2,14,1984,34.66844
129,2,14,1985,34.8048
129,2,14,1986,34.80837
129,2,14,1987,36.13571
129,2,14,1988,36.23554
129,2,14,1989,35.61132
129,2,14,1990,35.92441
129,2,14,1991,36.52107
129,2,14,1992,35.67194
129,2,14,1993,36.04118
129,2,14,1994,36.35047
129,2,14,1995,34.60139
129,2,14,1996,33.72728
129,2,14,1997,33.86385
129,2,14,1998,32.03562
129,2,14,1999,33.91563
129,2,14,2000,33.90049
129,2,14,2001,33.88026
129,2,14,2002,33.7486
129,2,14,2003,33.88003
129,2,14,2004,33.84224
129,2,14,2005,34.02899
129,2,14,2006,34.04563
129,2,14,2007,34.08137
129,2,14,2008,33.94629
129,2,14,2009,33.76275
129,2,14,2010,33.3437
129,2,14,2011,32.85781
129,2,14,2012,32.35184
129,2,14,2013,32.49576
129,2,14,2014,32.57709
129,2,14,2015,32.52873
129,2,14,2016,32.65301
129,2,14,2017,32.65985
129,2,14,2018,32.6565
129,2,14,2019,32.60165
129,3,14,1950,24.95744
129,3,14,1951,25.07414
129,3,14,1952,24.61313
129,3,14,1953,24.59428
129,3,14,1954,24.45779
129,3,14,1955,23.80125
129,3,14,1956,23.8946
129,3,14,1957,24.22253
129,3,14,1958,24.57135
129,3,14,1959,25.27061
129,3,14,1960,26.02198
129,3,14,1961,26.62429
129,3,14,1962,26.979
129,3,14,1963,27.37758
129,3,14,1964,27.82861
129,3,14,1965,28.38251
129,3,14,1966,28.67952
129,3,14,1967,29.14902
129,3,14,1968,29.35435
129,3,14,1969,28.8921
129,3,14,1970,29.33268
129,3,14,1971,29.76582
129,3,14,1972,29.89557
129,3,14,1973,29.46957
129,3,14,1974,28.65567
129,3,14,1975,31.75464
129,3,14,1976,32.47632
129,3,14,1977,32.94423
129,3,14,1978,33.53731
129,3,14,1979,33.98704
129,3,14,1980,34.57055
129,3,14,1981,33.88945
129,3,14,1982,34.24471
129,3,14,1983,35.04059
129,3,14,1984,34.66063
129,3,14,1985,34.46563
129,3,14,1986,34.19358
129,3,14,1987,34.83027
129,3,14,1988,34.24483
129,3,14,1989,34.08655
129,3,14,1990,34.12291
129,3,14,1991,34.5465
129,3,14,1992,34.36589
129,3,14,1993,34.61347
129,3,14,1994,34.76766
129,3,14,1995,33.85827
129,3,14,1996,33.29118
129,3,14,1997,33.34304
129,3,14,1998,31.26989
129,3,14,1999,33.5483
129,3,14,2000,33.86961
129,3,14,2001,33.92066
129,3,14,2002,33.95272
129,3,14,2003,33.96931
129,3,14,2004,34.01708
129,3,14,2005,34.18898
129,3,14,2006,34.14097
129,3,14,2007,34.04175
129,3,14,2008,33.85764
129,3,14,2009,33.56085
129,3,14,2010,33.00932
129,3,14,2011,32.19647
129,3,14,2012,30.6934
129,3,14,2013,30.72007
129,3,14,2014,30.79599
129,3,14,2015,30.8663
129,3,14,2016,31.23775
129,3,14,2017,31.36425
129,3,14,2018,31.44838
129,3,14,2019,31.50603
130,1,14,1950,25.07555
130,1,14,1951,25.02296
130,1,14,1952,25.49386
130,1,14,1953,25.76151
130,1,14,1954,26.86116
130,1,14,1955,27.04101
130,1,14,1956,27.09607
130,1,14,1957,26.94765
130,1,14,1958,27.15559
130,1,14,1959,27.06209
130,1,14,1960,27.39776
130,1,14,1961,27.86136
130,1,14,1962,28.25965
130,1,14,1963,27.71637
130,1,14,1964,27.89908
130,1,14,1965,27.87375
130,1,14,1966,28.07535
130,1,14,1967,28.05565
130,1,14,1968,27.95471
130,1,14,1969,27.78852
130,1,14,1970,27.57429
130,1,14,1971,28.42207
130,1,14,1972,28.35697
130,1,14,1973,28.31855
130,1,14,1974,28.39725
130,1,14,1975,28.60911
130,1,14,1976,28.67672
130,1,14,1977,28.7365
130,1,14,1978,29.30894
130,1,14,1979,29.01787
130,1,14,1980,29.06541
130,1,14,1981,29.40359
130,1,14,1982,29.583
130,1,14,1983,29.91083
130,1,14,1984,30.14367
130,1,14,1985,30.20696
130,1,14,1986,30.58201
130,1,14,1987,30.72633
130,1,14,1988,30.57484
130,1,14,1989,30.73569
130,1,14,1990,31.01587
130,1,14,1991,31.23055
130,1,14,1992,31.29205
130,1,14,1993,31.41345
130,1,14,1994,31.57585
130,1,14,1995,31.63202
130,1,14,1996,31.75633
130,1,14,1997,31.80435
130,1,14,1998,31.86949
130,1,14,1999,32.20563
130,1,14,2000,32.53313
130,1,14,2001,32.78374
130,1,14,2002,32.6814
130,1,14,2003,32.64326
130,1,14,2004,32.94676
130,1,14,2005,32.82259
130,1,14,2006,33.07778
130,1,14,2007,33.28878
130,1,14,2008,32.82236
130,1,14,2009,32.74894
130,1,14,2010,32.91439
130,1,14,2011,33.15492
130,1,14,2012,33.23481
130,1,14,2013,32.90131
130,1,14,2014,32.94039
130,1,14,2015,32.97978
130,1,14,2016,32.68587
130,1,14,2017,32.74663
130,1,14,2018,32.66329
130,1,14,2019,34.14023
130,2,14,1950,26.66304
130,2,14,1951,26.51858
130,2,14,1952,27.00524
130,2,14,1953,26.98766
130,2,14,1954,28.11395
130,2,14,1955,28.26466
130,2,14,1956,28.53099
130,2,14,1957,28.40784
130,2,14,1958,28.74784
130,2,14,1959,28.83729
130,2,14,1960,29.01592
130,2,14,1961,29.5572
130,2,14,1962,29.97332
130,2,14,1963,29.2758
130,2,14,1964,29.62445
130,2,14,1965,29.65249
130,2,14,1966,29.77125
130,2,14,1967,29.98618
130,2,14,1968,29.85495
130,2,14,1969,29.87674
130,2,14,1970,29.96057
130,2,14,1971,30.53038
130,2,14,1972,30.71324
130,2,14,1973,30.81692
130,2,14,1974,31.53789
130,2,14,1975,31.74108
130,2,14,1976,32.0882
130,2,14,1977,32.5404
130,2,14,1978,32.96717
130,2,14,1979,32.87965
130,2,14,1980,32.69071
130,2,14,1981,32.33586
130,2,14,1982,32.50827
130,2,14,1983,32.48334
130,2,14,1984,32.57822
130,2,14,1985,32.65068
130,2,14,1986,32.84773
130,2,14,1987,33.00119
130,2,14,1988,33.12631
130,2,14,1989,33.26476
130,2,14,1990,33.55046
130,2,14,1991,33.77962
130,2,14,1992,33.8551
130,2,14,1993,33.88691
130,2,14,1994,34.02396
130,2,14,1995,33.92302
130,2,14,1996,34.05665
130,2,14,1997,34.19388
130,2,14,1998,34.4154
130,2,14,1999,34.66027
130,2,14,2000,35.03171
130,2,14,2001,35.21612
130,2,14,2002,35.21416
130,2,14,2003,35.2128
130,2,14,2004,35.42393
130,2,14,2005,35.37843
130,2,14,2006,35.64289
130,2,14,2007,35.81327
130,2,14,2008,35.71425
130,2,14,2009,35.56748
130,2,14,2010,35.83103
130,2,14,2011,36.0779
130,2,14,2012,36.11888
130,2,14,2013,35.91108
130,2,14,2014,35.86126
130,2,14,2015,35.97936
130,2,14,2016,35.87305
130,2,14,2017,36.06069
130,2,14,2018,36.12614
130,2,14,2019,37.20869
130,3,14,1950,25.81669
130,3,14,1951,25.72044
130,3,14,1952,26.18928
130,3,14,1953,26.29275
130,3,14,1954,27.39332
130,3,14,1955,27.57222
130,3,14,1956,27.75746
130,3,14,1957,27.6299
130,3,14,1958,27.91823
130,3,14,1959,27.92678
130,3,14,1960,28.18584
130,3,14,1961,28.68228
130,3,14,1962,29.08471
130,3,14,1963,28.46979
130,3,14,1964,28.72995
130,3,14,1965,28.73795
130,3,14,1966,28.89968
130,3,14,1967,28.99589
130,3,14,1968,28.87564
130,3,14,1969,28.80034
130,3,14,1970,28.72178
130,3,14,1971,29.44012
130,3,14,1972,29.48939
130,3,14,1973,29.51686
130,3,14,1974,29.89957
130,3,14,1975,30.09284
130,3,14,1976,30.27573
130,3,14,1977,30.53849
130,3,14,1978,31.04005
130,3,14,1979,30.82116
130,3,14,1980,30.79406
130,3,14,1981,30.84571
130,3,14,1982,31.01673
130,3,14,1983,31.17483
130,3,14,1984,31.33716
130,3,14,1985,31.40271
130,3,14,1986,31.69009
130,3,14,1987,31.84107
130,3,14,1988,31.8279
130,3,14,1989,31.9823
130,3,14,1990,32.26989
130,3,14,1991,32.4917
130,3,14,1992,32.56216
130,3,14,1993,32.64221
130,3,14,1994,32.78847
130,3,14,1995,32.76622
130,3,14,1996,32.89441
130,3,14,1997,32.99031
130,3,14,1998,33.13735
130,3,14,1999,33.43549
130,3,14,2000,33.78395
130,3,14,2001,34.00057
130,3,14,2002,33.94852
130,3,14,2003,33.93209
130,3,14,2004,34.18948
130,3,14,2005,34.10338
130,3,14,2006,34.36561
130,3,14,2007,34.55634
130,3,14,2008,34.27479
130,3,14,2009,34.16867
130,3,14,2010,34.37866
130,3,14,2011,34.62257
130,3,14,2012,34.68813
130,3,14,2013,34.41662
130,3,14,2014,34.41463
130,3,14,2015,34.49249
130,3,14,2016,34.29205
130,3,14,2017,34.42029
130,3,14,2018,34.41247
130,3,14,2019,35.35396
131,1,14,1950,25.91626
131,1,14,1951,25.80983
131,1,14,1952,25.85832
131,1,14,1953,26.7322
131,1,14,1954,26.99966
131,1,14,1955,27.42937
131,1,14,1956,28.11246
131,1,14,1957,27.45709
131,1,14,1958,27.31891
131,1,14,1959,27.10904
131,1,14,1960,27.13483
131,1,14,1961,28.48675
131,1,14,1962,28.76504
131,1,14,1963,28.48164
131,1,14,1964,27.46922
131,1,14,1965,27.42561
131,1,14,1966,27.98228
131,1,14,1967,27.56705
131,1,14,1968,25.98909
131,1,14,1969,25.28741
131,1,14,1970,27.41386
131,1,14,1971,28.19361
131,1,14,1972,24.81435
131,1,14,1973,27.87919
131,1,14,1974,28.38884
131,1,14,1975,28.53727
131,1,14,1976,28.23403
131,1,14,1977,28.45801
131,1,14,1978,29.26561
131,1,14,1979,29.43655
131,1,14,1980,31.51858
131,1,14,1981,31.75289
131,1,14,1982,31.74681
131,1,14,1983,30.19624
131,1,14,1984,29.83313
131,1,14,1985,29.79272
131,1,14,1986,29.4557
131,1,14,1987,27.86087
131,1,14,1988,29.8939
131,1,14,1989,31.60859
131,1,14,1990,31.73998
131,1,14,1991,30.77419
131,1,14,1992,30.99488
131,1,14,1993,31.04063
131,1,14,1994,30.934
131,1,14,1995,31.08116
131,1,14,1996,30.4728
131,1,14,1997,31.0805
131,1,14,1998,29.65027
131,1,14,1999,31.24411
131,1,14,2000,31.68958
131,1,14,2001,31.54276
131,1,14,2002,31.20993
131,1,14,2003,30.76697
131,1,14,2004,30.8078
131,1,14,2005,30.41453
131,1,14,2006,30.99395
131,1,14,2007,30.70508
131,1,14,2008,30.55574
131,1,14,2009,30.69066
131,1,14,2010,30.79923
131,1,14,2011,30.6067
131,1,14,2012,30.52827
131,1,14,2013,30.53472
131,1,14,2014,30.5289
131,1,14,2015,30.89814
131,1,14,2016,30.62248
131,1,14,2017,30.80879
131,1,14,2018,31.69118
131,1,14,2019,32.53683
131,2,14,1950,27.66883
131,2,14,1951,28.61175
131,2,14,1952,28.89306
131,2,14,1953,29.05317
131,2,14,1954,29.71857
131,2,14,1955,29.71569
131,2,14,1956,29.85547
131,2,14,1957,29.89475
131,2,14,1958,29.94073
131,2,14,1959,28.92848
131,2,14,1960,29.15698
131,2,14,1961,29.98637
131,2,14,1962,30.10918
131,2,14,1963,30.19532
131,2,14,1964,30.94599
131,2,14,1965,30.83865
131,2,14,1966,30.98009
131,2,14,1967,30.57174
131,2,14,1968,29.09319
131,2,14,1969,28.31233
131,2,14,1970,30.34506
131,2,14,1971,31.34665
131,2,14,1972,28.83227
131,2,14,1973,31.90445
131,2,14,1974,31.92274
131,2,14,1975,32.26117
131,2,14,1976,32.19228
131,2,14,1977,32.71557
131,2,14,1978,33.93134
131,2,14,1979,33.74934
131,2,14,1980,35.28455
131,2,14,1981,35.5224
131,2,14,1982,35.51858
131,2,14,1983,37.18903
131,2,14,1984,37.76374
131,2,14,1985,38.30521
131,2,14,1986,38.22788
131,2,14,1987,37.29619
131,2,14,1988,37.6586
131,2,14,1989,38.40052
131,2,14,1990,39.29811
131,2,14,1991,38.49674
131,2,14,1992,38.65746
131,2,14,1993,38.55214
131,2,14,1994,38.74113
131,2,14,1995,34.80249
131,2,14,1996,34.29317
131,2,14,1997,34.79342
131,2,14,1998,33.73637
131,2,14,1999,35.34943
131,2,14,2000,35.44847
131,2,14,2001,34.9812
131,2,14,2002,34.79836
131,2,14,2003,34.97711
131,2,14,2004,34.76357
131,2,14,2005,34.59021
131,2,14,2006,35.30835
131,2,14,2007,34.75693
131,2,14,2008,34.84789
131,2,14,2009,34.9554
131,2,14,2010,34.95991
131,2,14,2011,35.18824
131,2,14,2012,35.41704
131,2,14,2013,35.43157
131,2,14,2014,35.29468
131,2,14,2015,35.45381
131,2,14,2016,35.4298
131,2,14,2017,35.47938
131,2,14,2018,36.13402
131,2,14,2019,36.62678
131,3,14,1950,26.72395
131,3,14,1951,27.12849
131,3,14,1952,27.27804
131,3,14,1953,27.80675
131,3,14,1954,28.27604
131,3,14,1955,28.49997
131,3,14,1956,28.90495
131,3,14,1957,28.5919
131,3,14,1958,28.54844
131,3,14,1959,27.92103
131,3,14,1960,28.07969
131,3,14,1961,29.14808
131,3,14,1962,29.35394
131,3,14,1963,29.2515
131,3,14,1964,29.09326
131,3,14,1965,29.03055
131,3,14,1966,29.49402
131,3,14,1967,28.96506
131,3,14,1968,27.44502
131,3,14,1969,26.77423
131,3,14,1970,28.55001
131,3,14,1971,29.38053
131,3,14,1972,26.70112
131,3,14,1973,29.78132
131,3,14,1974,30.07758
131,3,14,1975,30.30265
131,3,14,1976,30.09329
131,3,14,1977,30.50106
131,3,14,1978,31.45748
131,3,14,1979,31.38123
131,3,14,1980,33.32625
131,3,14,1981,33.53695
131,3,14,1982,33.55183
131,3,14,1983,33.42835
131,3,14,1984,33.29541
131,3,14,1985,33.27101
131,3,14,1986,33.2352
131,3,14,1987,31.91604
131,3,14,1988,33.39745
131,3,14,1989,34.76426
131,3,14,1990,35.18782
131,3,14,1991,34.31261
131,3,14,1992,34.49273
131,3,14,1993,34.47155
131,3,14,1994,34.49571
131,3,14,1995,32.95473
131,3,14,1996,32.28759
131,3,14,1997,32.8709
131,3,14,1998,31.60264
131,3,14,1999,33.21972
131,3,14,2000,33.56068
131,3,14,2001,33.2597
131,3,14,2002,32.94401
131,3,14,2003,32.78231
131,3,14,2004,32.68144
131,3,14,2005,32.39385
131,3,14,2006,33.08706
131,3,14,2007,32.66983
131,3,14,2008,32.68034
131,3,14,2009,32.82061
131,3,14,2010,32.87836
131,3,14,2011,32.88681
131,3,14,2012,32.92918
131,3,14,2013,32.94305
131,3,14,2014,32.88974
131,3,14,2015,33.10109
131,3,14,2016,33.01598
131,3,14,2017,33.08902
131,3,14,2018,33.8849
131,3,14,2019,34.64918
132,1,14,1950,28.76078
132,1,14,1951,29.37707
132,1,14,1952,29.08528
132,1,14,1953,28.98425
132,1,14,1954,29.37919
132,1,14,1955,29.24932
132,1,14,1956,28.48881
132,1,14,1957,29.36689
132,1,14,1958,30.47617
132,1,14,1959,30.96656
132,1,14,1960,30.83287
132,1,14,1961,30.96716
132,1,14,1962,30.96981
132,1,14,1963,31.1671
132,1,14,1964,31.02671
132,1,14,1965,30.97519
132,1,14,1966,31.28831
132,1,14,1967,31.33121
132,1,14,1968,31.11082
132,1,14,1969,30.96347
132,1,14,1970,30.62424
132,1,14,1971,31.45732
132,1,14,1972,31.73681
132,1,14,1973,31.92811
132,1,14,1974,31.74123
132,1,14,1975,32.19865
132,1,14,1976,32.75944
132,1,14,1977,33.62417
132,1,14,1978,33.85616
132,1,14,1979,33.81122
132,1,14,1980,33.57799
132,1,14,1981,34.03549
132,1,14,1982,33.72151
132,1,14,1983,33.91941
132,1,14,1984,34.55453
132,1,14,1985,34.16091
132,1,14,1986,34.15411
132,1,14,1987,34.63573
132,1,14,1988,34.67231
132,1,14,1989,35.0416
132,1,14,1990,34.85971
132,1,14,1991,34.91773
132,1,14,1992,34.84148
132,1,14,1993,34.16348
132,1,14,1994,34.60153
132,1,14,1995,34.31222
132,1,14,1996,34.96027
132,1,14,1997,34.67389
132,1,14,1998,34.82756
132,1,14,1999,34.84883
132,1,14,2000,35.63396
132,1,14,2001,35.61263
132,1,14,2002,35.61021
132,1,14,2003,35.39744
132,1,14,2004,35.80324
132,1,14,2005,35.72195
132,1,14,2006,35.64652
132,1,14,2007,36.03417
132,1,14,2008,35.87574
132,1,14,2009,35.82764
132,1,14,2010,35.87884
132,1,14,2011,36.01859
132,1,14,2012,35.8634
132,1,14,2013,36.14922
132,1,14,2014,36.14501
132,1,14,2015,36.28464
132,1,14,2016,36.38791
132,1,14,2017,37.4988
132,1,14,2018,38.50705
132,1,14,2019,39.05072
132,2,14,1950,31.13135
132,2,14,1951,31.86888
132,2,14,1952,31.57009
132,2,14,1953,31.03717
132,2,14,1954,31.47925
132,2,14,1955,30.85519
132,2,14,1956,30.76931
132,2,14,1957,31.12929
132,2,14,1958,32.38043
132,2,14,1959,32.45555
132,2,14,1960,32.76937
132,2,14,1961,32.88014
132,2,14,1962,32.96827
132,2,14,1963,33.0894
132,2,14,1964,33.21283
132,2,14,1965,32.85095
132,2,14,1966,32.92844
132,2,14,1967,33.65653
132,2,14,1968,32.9171
132,2,14,1969,32.70855
132,2,14,1970,32.23667
132,2,14,1971,32.80914
132,2,14,1972,33.49083
132,2,14,1973,34.16169
132,2,14,1974,34.6985
132,2,14,1975,34.41332
132,2,14,1976,35.22702
132,2,14,1977,35.62028
132,2,14,1978,36.38695
132,2,14,1979,36.47908
132,2,14,1980,36.72708
132,2,14,1981,37.15303
132,2,14,1982,36.61613
132,2,14,1983,36.78489
132,2,14,1984,36.98141
132,2,14,1985,36.90068
132,2,14,1986,37.39012
132,2,14,1987,37.57047
132,2,14,1988,37.59507
132,2,14,1989,38.05443
132,2,14,1990,37.99986
132,2,14,1991,38.47495
132,2,14,1992,38.15189
132,2,14,1993,38.43081
132,2,14,1994,38.66737
132,2,14,1995,39.03178
132,2,14,1996,38.90714
132,2,14,1997,38.45596
132,2,14,1998,38.44387
132,2,14,1999,39.1818
132,2,14,2000,39.48098
132,2,14,2001,39.66825
132,2,14,2002,39.57722
132,2,14,2003,39.50324
132,2,14,2004,39.31566
132,2,14,2005,39.31938
132,2,14,2006,39.51143
132,2,14,2007,39.82129
132,2,14,2008,39.93827
132,2,14,2009,39.96058
132,2,14,2010,40.03431
132,2,14,2011,40.07097
132,2,14,2012,40.16746
132,2,14,2013,39.80003
132,2,14,2014,40.0343
132,2,14,2015,40.1847
132,2,14,2016,40.32574
132,2,14,2017,41.26472
132,2,14,2018,41.76437
132,2,14,2019,42.24211
132,3,14,1950,29.85458
132,3,14,1951,30.54138
132,3,14,1952,30.12299
132,3,14,1953,29.77713
132,3,14,1954,30.19271
132,3,14,1955,29.84867
132,3,14,1956,29.38694
132,3,14,1957,30.048
132,3,14,1958,31.2122
132,3,14,1959,31.51152
132,3,14,1960,31.59773
132,3,14,1961,31.72445
132,3,14,1962,31.7765
132,3,14,1963,31.92869
132,3,14,1964,31.93106
132,3,14,1965,31.73861
132,3,14,1966,31.9223
132,3,14,1967,32.28747
132,3,14,1968,31.86744
132,3,14,1969,31.69448
132,3,14,1970,31.26316
132,3,14,1971,31.98921
132,3,14,1972,32.46843
132,3,14,1973,32.86733
132,3,14,1974,32.98672
132,3,14,1975,33.11928
132,3,14,1976,33.79935
132,3,14,1977,34.41677
132,3,14,1978,34.91887
132,3,14,1979,34.93305
132,3,14,1980,34.93307
132,3,14,1981,35.37166
132,3,14,1982,34.99377
132,3,14,1983,35.13087
132,3,14,1984,35.58632
132,3,14,1985,35.32939
132,3,14,1986,35.55368
132,3,14,1987,35.8861
132,3,14,1988,35.96047
132,3,14,1989,36.45768
132,3,14,1990,36.24005
132,3,14,1991,36.46082
132,3,14,1992,36.31428
132,3,14,1993,36.02296
132,3,14,1994,36.40768
132,3,14,1995,36.36494
132,3,14,1996,36.72121
132,3,14,1997,36.3665
132,3,14,1998,36.47221
132,3,14,1999,36.77703
132,3,14,2000,37.36778
132,3,14,2001,37.45695
132,3,14,2002,37.39968
132,3,14,2003,37.25941
132,3,14,2004,37.42949
132,3,14,2005,37.38438
132,3,14,2006,37.51617
132,3,14,2007,37.78592
132,3,14,2008,37.76168
132,3,14,2009,37.74139
132,3,14,2010,37.79437
132,3,14,2011,37.90153
132,3,14,2012,37.86766
132,3,14,2013,37.84465
132,3,14,2014,37.95345
132,3,14,2015,38.1166
132,3,14,2016,38.23532
132,3,14,2017,39.34847
132,3,14,2018,40.12849
132,3,14,2019,40.64505
133,1,14,1950,26.96593
133,1,14,1951,27.03656
133,1,14,1952,27.31482
133,1,14,1953,27.84528
133,1,14,1954,27.3198
133,1,14,1955,27.30178
133,1,14,1956,27.46127
133,1,14,1957,27.1684
133,1,14,1958,27.4931
133,1,14,1959,27.9508
133,1,14,1960,28.42649
133,1,14,1961,28.75748
133,1,14,1962,28.81166
133,1,14,1963,28.38986
133,1,14,1964,28.47858
133,1,14,1965,28.48603
133,1,14,1966,28.30068
133,1,14,1967,28.42073
133,1,14,1968,28.39704
133,1,14,1969,28.24844
133,1,14,1970,28.42063
133,1,14,1971,28.50607
133,1,14,1972,28.56981
133,1,14,1973,28.39001
133,1,14,1974,28.52975
133,1,14,1975,28.62827
133,1,14,1976,28.83363
133,1,14,1977,29.10101
133,1,14,1978,29.287
133,1,14,1979,29.55534
133,1,14,1980,29.28311
133,1,14,1981,29.67941
133,1,14,1982,29.68033
133,1,14,1983,30.05152
133,1,14,1984,30.11114
133,1,14,1985,30.30327
133,1,14,1986,30.71389
133,1,14,1987,30.5275
133,1,14,1988,30.59575
133,1,14,1989,30.54771
133,1,14,1990,30.87447
133,1,14,1991,30.80095
133,1,14,1992,30.80556
133,1,14,1993,30.55274
133,1,14,1994,30.42941
133,1,14,1995,31.38286
133,1,14,1996,31.28169
133,1,14,1997,31.86368
133,1,14,1998,31.44094
133,1,14,1999,30.34153
133,1,14,2000,31.45752
133,1,14,2001,31.3667
133,1,14,2002,31.17993
133,1,14,2003,30.53764
133,1,14,2004,31.22555
133,1,14,2005,31.15588
133,1,14,2006,30.51895
133,1,14,2007,30.20757
133,1,14,2008,30.05057
133,1,14,2009,30.34096
133,1,14,2010,31.75443
133,1,14,2011,31.99694
133,1,14,2012,31.78142
133,1,14,2013,32.32044
133,1,14,2014,33.05758
133,1,14,2015,34.5408
133,1,14,2016,34.94271
133,1,14,2017,35.20243
133,1,14,2018,35.1576
133,1,14,2019,34.53744
133,2,14,1950,29.74115
133,2,14,1951,29.66558
133,2,14,1952,29.62716
133,2,14,1953,29.89061
133,2,14,1954,29.77632
133,2,14,1955,30.00326
133,2,14,1956,29.89486
133,2,14,1957,29.53265
133,2,14,1958,29.95633
133,2,14,1959,30.22309
133,2,14,1960,30.85157
133,2,14,1961,31.08961
133,2,14,1962,30.88614
133,2,14,1963,30.66194
133,2,14,1964,30.47132
133,2,14,1965,30.73868
133,2,14,1966,30.74902
133,2,14,1967,30.93986
133,2,14,1968,30.98439
133,2,14,1969,30.5616
133,2,14,1970,31.29176
133,2,14,1971,31.30783
133,2,14,1972,31.41105
133,2,14,1973,31.34736
133,2,14,1974,31.68195
133,2,14,1975,31.67556
133,2,14,1976,31.71145
133,2,14,1977,32.41749
133,2,14,1978,32.65482
133,2,14,1979,32.7147
133,2,14,1980,32.67558
133,2,14,1981,32.9774
133,2,14,1982,33.15049
133,2,14,1983,33.56058
133,2,14,1984,33.47784
133,2,14,1985,33.50184
133,2,14,1986,34.1135
133,2,14,1987,33.98674
133,2,14,1988,34.27185
133,2,14,1989,34.48356
133,2,14,1990,34.58695
133,2,14,1991,34.73902
133,2,14,1992,34.96481
133,2,14,1993,35.46863
133,2,14,1994,35.20762
133,2,14,1995,36.06325
133,2,14,1996,35.83629
133,2,14,1997,36.25131
133,2,14,1998,36.5359
133,2,14,1999,35.29613
133,2,14,2000,36.94546
133,2,14,2001,37.02601
133,2,14,2002,36.58
133,2,14,2003,36.88151
133,2,14,2004,37.48416
133,2,14,2005,37.70328
133,2,14,2006,37.90019
133,2,14,2007,38.10469
133,2,14,2008,37.98739
133,2,14,2009,38.10859
133,2,14,2010,38.08222
133,2,14,2011,37.99694
133,2,14,2012,38.14799
133,2,14,2013,38.29422
133,2,14,2014,37.58066
133,2,14,2015,38.70252
133,2,14,2016,39.06392
133,2,14,2017,39.49035
133,2,14,2018,39.63157
133,2,14,2019,39.2439
133,3,14,1950,28.36023
133,3,14,1951,28.35096
133,3,14,1952,28.4664
133,3,14,1953,28.87827
133,3,14,1954,28.54786
133,3,14,1955,28.64121
133,3,14,1956,28.67048
133,3,14,1957,28.33668
133,3,14,1958,28.71937
133,3,14,1959,29.05848
133,3,14,1960,29.6157
133,3,14,1961,29.89907
133,3,14,1962,29.8196
133,3,14,1963,29.53332
133,3,14,1964,29.47543
133,3,14,1965,29.61284
133,3,14,1966,29.52405
133,3,14,1967,29.67574
133,3,14,1968,29.68456
133,3,14,1969,29.3628
133,3,14,1970,29.80121
133,3,14,1971,29.85393
133,3,14,1972,29.97313
133,3,14,1973,29.79968
133,3,14,1974,30.03119
133,3,14,1975,30.12807
133,3,14,1976,30.22001
133,3,14,1977,30.68798
133,3,14,1978,30.89561
133,3,14,1979,31.109
133,3,14,1980,30.91467
133,3,14,1981,31.26956
133,3,14,1982,31.38848
133,3,14,1983,31.78222
133,3,14,1984,31.73455
133,3,14,1985,31.85514
133,3,14,1986,32.36237
133,3,14,1987,32.2423
133,3,14,1988,32.41448
133,3,14,1989,32.49208
133,3,14,1990,32.71854
133,3,14,1991,32.71741
133,3,14,1992,32.83498
133,3,14,1993,32.91389
133,3,14,1994,32.69804
133,3,14,1995,33.65553
133,3,14,1996,33.49162
133,3,14,1997,33.99776
133,3,14,1998,33.89616
133,3,14,1999,32.74746
133,3,14,2000,34.11197
133,3,14,2001,34.10343
133,3,14,2002,33.802
133,3,14,2003,33.56561
133,3,14,2004,34.2278
133,3,14,2005,34.28385
133,3,14,2006,33.99299
133,3,14,2007,33.88468
133,3,14,2008,33.75357
133,3,14,2009,33.99621
133,3,14,2010,34.8373
133,3,14,2011,34.93951
133,3,14,2012,34.86969
133,3,14,2013,35.27521
133,3,14,2014,35.30909
133,3,14,2015,36.65922
133,3,14,2016,37.04453
133,3,14,2017,37.38483
133,3,14,2018,37.42544
133,3,14,2019,36.90568
134,1,14,1950,22.28624
134,1,14,1951,22.4344
134,1,14,1952,22.65874
134,1,14,1953,22.79819
134,1,14,1954,23.0396
134,1,14,1955,23.18983
134,1,14,1956,23.33476
134,1,14,1957,23.49804
134,1,14,1958,23.64129
134,1,14,1959,23.8313
134,1,14,1960,24.05128
134,1,14,1961,24.17851
134,1,14,1962,24.46087
134,1,14,1963,24.64739
134,1,14,1964,24.77671
134,1,14,1965,24.93904
134,1,14,1966,25.10507
134,1,14,1967,25.21439
134,1,14,1968,25.4499
134,1,14,1969,25.53486
134,1,14,1970,25.71967
134,1,14,1971,25.83924
134,1,14,1972,26.06148
134,1,14,1973,26.18721
134,1,14,1974,26.31319
134,1,14,1975,26.49261
134,1,14,1976,26.63774
134,1,14,1977,26.9005
134,1,14,1978,27.11534
134,1,14,1979,27.22982
134,1,14,1980,27.30767
134,1,14,1981,27.51775
134,1,14,1982,27.68846
134,1,14,1983,27.59349
134,1,14,1984,27.41272
134,1,14,1985,27.52406
134,1,14,1986,27.70317
134,1,14,1987,27.95642
134,1,14,1988,28.01578
134,1,14,1989,28.404
134,1,14,1990,28.7359
134,1,14,1991,29.08505
134,1,14,1992,29.17747
134,1,14,1993,29.06688
134,1,14,1994,29.29605
134,1,14,1995,29.55347
134,1,14,1996,29.70421
134,1,14,1997,30.0142
134,1,14,1998,30.07351
134,1,14,1999,30.23532
134,1,14,2000,30.40822
134,1,14,2001,30.53976
134,1,14,2002,30.70032
134,1,14,2003,30.76018
134,1,14,2004,30.86441
134,1,14,2005,31.21408
134,1,14,2006,31.37421
134,1,14,2007,31.53877
134,1,14,2008,31.62716
134,1,14,2009,31.70388
134,1,14,2010,31.76313
134,1,14,2011,31.84928
134,1,14,2012,32.09322
134,1,14,2013,32.2223
134,1,14,2014,32.39449
134,1,14,2015,32.47199
134,1,14,2016,32.37586
134,1,14,2017,32.71288
134,1,14,2018,32.96878
134,1,14,2019,33.11856
134,2,14,1950,27.94832
134,2,14,1951,28.07876
134,2,14,1952,28.23915
134,2,14,1953,28.3893
134,2,14,1954,28.52212
134,2,14,1955,28.68923
134,2,14,1956,28.7572
134,2,14,1957,28.85619
134,2,14,1958,29.0458
134,2,14,1959,29.14786
134,2,14,1960,29.34523
134,2,14,1961,29.50615
134,2,14,1962,29.68856
134,2,14,1963,29.88717
134,2,14,1964,29.97978
134,2,14,1965,30.10426
134,2,14,1966,30.15948
134,2,14,1967,30.31431
134,2,14,1968,30.45235
134,2,14,1969,30.56202
134,2,14,1970,30.66644
134,2,14,1971,30.87131
134,2,14,1972,30.99947
134,2,14,1973,31.18969
134,2,14,1974,31.3022
134,2,14,1975,31.40425
134,2,14,1976,31.53275
134,2,14,1977,31.75363
134,2,14,1978,31.88974
134,2,14,1979,31.95526
134,2,14,1980,31.93959
134,2,14,1981,32.11102
134,2,14,1982,32.32053
134,2,14,1983,32.21953
134,2,14,1984,32.11023
134,2,14,1985,32.17777
134,2,14,1986,32.35735
134,2,14,1987,32.58005
134,2,14,1988,32.70583
134,2,14,1989,33.06663
134,2,14,1990,33.32218
134,2,14,1991,33.69395
134,2,14,1992,33.813
134,2,14,1993,33.72828
134,2,14,1994,33.89493
134,2,14,1995,34.03704
134,2,14,1996,34.18848
134,2,14,1997,34.51469
134,2,14,1998,34.64982
134,2,14,1999,34.87554
134,2,14,2000,35.1067
134,2,14,2001,35.2822
134,2,14,2002,35.41186
134,2,14,2003,35.56004
134,2,14,2004,35.69597
134,2,14,2005,36.00385
134,2,14,2006,36.12837
134,2,14,2007,36.25695
134,2,14,2008,36.38811
134,2,14,2009,36.43294
134,2,14,2010,36.51258
134,2,14,2011,36.56303
134,2,14,2012,36.75417
134,2,14,2013,36.864
134,2,14,2014,37.00645
134,2,14,2015,37.02102
134,2,14,2016,36.99288
134,2,14,2017,37.24744
134,2,14,2018,37.42774
134,2,14,2019,37.603
134,3,14,1950,24.49942
134,3,14,1951,24.67159
134,3,14,1952,24.89789
134,3,14,1953,25.02369
134,3,14,1954,25.22037
134,3,14,1955,25.33364
134,3,14,1956,25.49132
134,3,14,1957,25.67305
134,3,14,1958,25.79939
134,3,14,1959,26.01019
134,3,14,1960,26.20671
134,3,14,1961,26.36515
134,3,14,1962,26.59832
134,3,14,1963,26.78046
134,3,14,1964,26.90933
134,3,14,1965,27.06655
134,3,14,1966,27.19721
134,3,14,1967,27.3578
134,3,14,1968,27.49706
134,3,14,1969,27.63681
134,3,14,1970,27.78785
134,3,14,1971,27.8989
134,3,14,1972,28.14264
134,3,14,1973,28.31301
134,3,14,1974,28.47353
134,3,14,1975,28.62027
134,3,14,1976,28.78446
134,3,14,1977,29.06698
134,3,14,1978,29.28793
134,3,14,1979,29.41333
134,3,14,1980,29.47177
134,3,14,1981,29.67628
134,3,14,1982,29.85998
134,3,14,1983,29.76177
134,3,14,1984,29.61195
134,3,14,1985,29.72956
134,3,14,1986,29.90313
134,3,14,1987,30.14683
134,3,14,1988,30.24742
134,3,14,1989,30.64364
134,3,14,1990,30.95221
134,3,14,1991,31.31979
134,3,14,1992,31.43438
134,3,14,1993,31.33702
134,3,14,1994,31.5417
134,3,14,1995,31.75049
134,3,14,1996,31.89414
134,3,14,1997,32.2227
134,3,14,1998,32.32398
134,3,14,1999,32.50667
134,3,14,2000,32.72744
134,3,14,2001,32.88516
134,3,14,2002,33.02692
134,3,14,2003,33.1264
134,3,14,2004,33.25686
134,3,14,2005,33.59615
134,3,14,2006,33.73746
134,3,14,2007,33.89602
134,3,14,2008,34.0127
134,3,14,2009,34.06933
134,3,14,2010,34.13487
134,3,14,2011,34.20349
134,3,14,2012,34.42888
134,3,14,2013,34.55085
134,3,14,2014,34.71533
134,3,14,2015,34.75935
134,3,14,2016,34.70431
134,3,14,2017,34.99773
134,3,14,2018,35.18088
134,3,14,2019,35.33365
135,1,14,1950,22.22826
135,1,14,1951,22.37875
135,1,14,1952,22.54578
135,1,14,1953,22.63915
135,1,14,1954,22.89435
135,1,14,1955,23.0543
135,1,14,1956,23.18311
135,1,14,1957,23.35022
135,1,14,1958,23.49779
135,1,14,1959,23.68994
135,1,14,1960,23.90877
135,1,14,1961,24.02693
135,1,14,1962,24.30395
135,1,14,1963,24.50505
135,1,14,1964,24.62562
135,1,14,1965,24.78123
135,1,14,1966,24.96255
135,1,14,1967,25.07347
135,1,14,1968,25.3071
135,1,14,1969,25.38869
135,1,14,1970,25.58082
135,1,14,1971,25.71156
135,1,14,1972,25.92424
135,1,14,1973,26.0654
135,1,14,1974,26.19269
135,1,14,1975,26.37583
135,1,14,1976,26.52355
135,1,14,1977,26.77888
135,1,14,1978,26.99182
135,1,14,1979,27.11047
135,1,14,1980,27.18957
135,1,14,1981,27.39634
135,1,14,1982,27.56201
135,1,14,1983,27.47323
135,1,14,1984,27.29038
135,1,14,1985,27.40638
135,1,14,1986,27.57648
135,1,14,1987,27.82877
135,1,14,1988,27.88588
135,1,14,1989,28.27977
135,1,14,1990,28.61866
135,1,14,1991,28.96708
135,1,14,1992,29.07382
135,1,14,1993,28.94962
135,1,14,1994,29.19192
135,1,14,1995,29.46145
135,1,14,1996,29.61965
135,1,14,1997,29.92593
135,1,14,1998,29.99444
135,1,14,1999,30.15818
135,1,14,2000,30.3357
135,1,14,2001,30.4736
135,1,14,2002,30.6176
135,1,14,2003,30.69553
135,1,14,2004,30.81349
135,1,14,2005,31.16663
135,1,14,2006,31.32507
135,1,14,2007,31.49829
135,1,14,2008,31.58667
135,1,14,2009,31.67062
135,1,14,2010,31.73337
135,1,14,2011,31.82389
135,1,14,2012,32.0728
135,1,14,2013,32.19833
135,1,14,2014,32.36875
135,1,14,2015,32.46583
135,1,14,2016,32.37454
135,1,14,2017,32.72164
135,1,14,2018,32.98202
135,1,14,2019,33.12354
135,2,14,1950,27.81788
135,2,14,1951,27.95185
135,2,14,1952,28.09917
135,2,14,1953,28.2127
135,2,14,1954,28.33541
135,2,14,1955,28.52919
135,2,14,1956,28.59878
135,2,14,1957,28.70487
135,2,14,1958,28.90332
135,2,14,1959,29.01656
135,2,14,1960,29.19317
135,2,14,1961,29.35237
135,2,14,1962,29.53308
135,2,14,1963,29.72951
135,2,14,1964,29.81923
135,2,14,1965,29.94829
135,2,14,1966,30.02291
135,2,14,1967,30.1759
135,2,14,1968,30.31575
135,2,14,1969,30.45107
135,2,14,1970,30.54543
135,2,14,1971,30.76417
135,2,14,1972,30.90607
135,2,14,1973,31.09442
135,2,14,1974,31.21305
135,2,14,1975,31.30906
135,2,14,1976,31.45044
135,2,14,1977,31.65791
135,2,14,1978,31.79879
135,2,14,1979,31.86456
135,2,14,1980,31.85132
135,2,14,1981,32.02352
135,2,14,1982,32.23524
135,2,14,1983,32.13798
135,2,14,1984,32.02922
135,2,14,1985,32.08983
135,2,14,1986,32.25957
135,2,14,1987,32.48878
135,2,14,1988,32.62467
135,2,14,1989,32.9836
135,2,14,1990,33.24379
135,2,14,1991,33.60805
135,2,14,1992,33.73354
135,2,14,1993,33.66116
135,2,14,1994,33.82612
135,2,14,1995,33.97706
135,2,14,1996,34.13505
135,2,14,1997,34.46087
135,2,14,1998,34.59953
135,2,14,1999,34.82708
135,2,14,2000,35.07228
135,2,14,2001,35.2464
135,2,14,2002,35.3711
135,2,14,2003,35.52824
135,2,14,2004,35.67932
135,2,14,2005,35.99451
135,2,14,2006,36.11371
135,2,14,2007,36.23808
135,2,14,2008,36.37433
135,2,14,2009,36.42459
135,2,14,2010,36.50889
135,2,14,2011,36.55866
135,2,14,2012,36.7502
135,2,14,2013,36.86975
135,2,14,2014,37.00616
135,2,14,2015,37.02088
135,2,14,2016,36.99831
135,2,14,2017,37.24652
135,2,14,2018,37.42254
135,2,14,2019,37.61317
135,3,14,1950,24.41541
135,3,14,1951,24.57665
135,3,14,1952,24.75849
135,3,14,1953,24.83832
135,3,14,1954,25.04749
135,3,14,1955,25.18337
135,3,14,1956,25.32314
135,3,14,1957,25.49812
135,3,14,1958,25.64219
135,3,14,1959,25.86011
135,3,14,1960,26.04377
135,3,14,1961,26.20145
135,3,14,1962,26.43239
135,3,14,1963,26.62123
135,3,14,1964,26.74646
135,3,14,1965,26.90262
135,3,14,1966,27.04274
135,3,14,1967,27.21073
135,3,14,1968,27.35413
135,3,14,1969,27.49265
135,3,14,1970,27.65458
135,3,14,1971,27.76664
135,3,14,1972,28.02715
135,3,14,1973,28.20829
135,3,14,1974,28.35865
135,3,14,1975,28.49611
135,3,14,1976,28.66758
135,3,14,1977,28.9538
135,3,14,1978,29.17705
135,3,14,1979,29.31051
135,3,14,1980,29.36735
135,3,14,1981,29.56859
135,3,14,1982,29.74983
135,3,14,1983,29.65749
135,3,14,1984,29.50771
135,3,14,1985,29.62094
135,3,14,1986,29.78792
135,3,14,1987,30.03539
135,3,14,1988,30.13932
135,3,14,1989,30.5369
135,3,14,1990,30.85121
135,3,14,1991,31.21625
135,3,14,1992,31.33672
135,3,14,1993,31.24147
135,3,14,1994,31.4539
135,3,14,1995,31.67315
135,3,14,1996,31.83004
135,3,14,1997,32.15567
135,3,14,1998,32.2603
135,3,14,1999,32.44863
135,3,14,2000,32.67309
135,3,14,2001,32.82722
135,3,14,2002,32.97217
135,3,14,2003,33.08213
135,3,14,2004,33.2247
135,3,14,2005,33.56544
135,3,14,2006,33.71215
135,3,14,2007,33.86684
135,3,14,2008,33.98233
135,3,14,2009,34.0517
135,3,14,2010,34.11958
135,3,14,2011,34.19317
135,3,14,2012,34.41731
135,3,14,2013,34.54829
135,3,14,2014,34.70637
135,3,14,2015,34.76037
135,3,14,2016,34.70392
135,3,14,2017,35.00098
135,3,14,2018,35.18137
135,3,14,2019,35.34322
136,1,14,1950,26.8088
136,1,14,1951,26.60298
136,1,14,1952,29.24734
136,1,14,1953,33.29288
136,1,14,1954,33.10102
136,1,14,1955,32.05781
136,1,14,1956,33.49286
136,1,14,1957,33.6399
136,1,14,1958,33.10707
136,1,14,1959,32.63575
136,1,14,1960,33.57486
136,1,14,1961,33.95136
136,1,14,1962,33.8514
136,1,14,1963,34.11293
136,1,14,1964,33.87585
136,1,14,1965,34.03326
136,1,14,1966,33.97404
136,1,14,1967,34.0063
136,1,14,1968,33.88997
136,1,14,1969,33.9476
136,1,14,1970,34.22234
136,1,14,1971,34.09549
136,1,14,1972,33.68316
136,1,14,1973,33.33351
136,1,14,1974,33.57747
136,1,14,1975,33.84307
136,1,14,1976,33.99129
136,1,14,1977,34.34617
136,1,14,1978,34.38653
136,1,14,1979,34.37083
136,1,14,1980,34.40382
136,1,14,1981,34.73673
136,1,14,1982,35.35827
136,1,14,1983,34.80252
136,1,14,1984,34.60687
136,1,14,1985,34.97079
136,1,14,1986,35.3329
136,1,14,1987,35.39316
136,1,14,1988,35.37487
136,1,14,1989,35.35827
136,1,14,1990,35.26476
136,1,14,1991,36.0529
136,1,14,1992,35.8744
136,1,14,1993,35.89127
136,1,14,1994,35.39033
136,1,14,1995,34.96044
136,1,14,1996,34.49531
136,1,14,1997,34.83103
136,1,14,1998,34.79025
136,1,14,1999,34.4458
136,1,14,2000,34.67804
136,1,14,2001,35.04844
136,1,14,2002,35.12938
136,1,14,2003,34.82436
136,1,14,2004,34.23393
136,1,14,2005,34.38748
136,1,14,2006,34.30947
136,1,14,2007,34.44399
136,1,14,2008,34.48136
136,1,14,2009,34.07869
136,1,14,2010,33.82883
136,1,14,2011,34.10955
136,1,14,2012,34.18855
136,1,14,2013,34.01209
136,1,14,2014,34.19637
136,1,14,2015,33.99164
136,1,14,2016,33.76692
136,1,14,2017,34.46162
136,1,14,2018,35.00914
136,1,14,2019,35.3274
136,2,14,1950,34.1404
136,2,14,1951,34.0107
136,2,14,1952,35.19027
136,2,14,1953,36.87748
136,2,14,1954,36.85485
136,2,14,1955,35.4676
136,2,14,1956,36.16205
136,2,14,1957,35.7338
136,2,14,1958,35.37155
136,2,14,1959,35.21847
136,2,14,1960,36.33987
136,2,14,1961,36.60075
136,2,14,1962,36.3757
136,2,14,1963,36.49056
136,2,14,1964,36.94842
136,2,14,1965,36.75748
136,2,14,1966,36.42506
136,2,14,1967,36.18197
136,2,14,1968,36.09742
136,2,14,1969,35.99889
136,2,14,1970,35.84769
136,2,14,1971,35.95609
136,2,14,1972,35.91665
136,2,14,1973,35.73982
136,2,14,1974,35.65105
136,2,14,1975,35.96543
136,2,14,1976,36.08338
136,2,14,1977,36.62575
136,2,14,1978,36.31126
136,2,14,1979,36.42419
136,2,14,1980,36.47581
136,2,14,1981,37.02731
136,2,14,1982,37.07359
136,2,14,1983,36.76033
136,2,14,1984,36.74047
136,2,14,1985,36.95213
136,2,14,1986,37.7338
136,2,14,1987,37.92245
136,2,14,1988,37.57907
136,2,14,1989,37.7536
136,2,14,1990,37.82587
136,2,14,1991,38.45588
136,2,14,1992,38.50523
136,2,14,1993,38.04936
136,2,14,1994,37.82055
136,2,14,1995,37.45733
136,2,14,1996,37.25743
136,2,14,1997,37.53687
136,2,14,1998,37.62425
136,2,14,1999,37.67629
136,2,14,2000,37.63824
136,2,14,2001,37.91154
136,2,14,2002,37.99217
136,2,14,2003,37.87061
136,2,14,2004,37.47146
136,2,14,2005,37.48434
136,2,14,2006,37.41461
136,2,14,2007,37.81972
136,2,14,2008,37.88084
136,2,14,2009,37.6592
136,2,14,2010,37.51442
136,2,14,2011,37.66397
136,2,14,2012,37.83904
136,2,14,2013,37.52486
136,2,14,2014,37.94042
136,2,14,2015,38.06134
136,2,14,2016,37.93173
136,2,14,2017,38.52902
136,2,14,2018,39.13565
136,2,14,2019,39.3598
136,3,14,1950,29.86557
136,3,14,1951,29.58723
136,3,14,1952,32.21195
136,3,14,1953,35.05444
136,3,14,1954,34.99181
136,3,14,1955,33.92261
136,3,14,1956,34.75886
136,3,14,1957,34.54023
136,3,14,1958,34.12846
136,3,14,1959,34.06597
136,3,14,1960,34.83232
136,3,14,1961,35.1371
136,3,14,1962,35.03467
136,3,14,1963,35.28656
136,3,14,1964,35.26442
136,3,14,1965,35.15882
136,3,14,1966,34.91246
136,3,14,1967,34.89533
136,3,14,1968,34.7879
136,3,14,1969,34.75631
136,3,14,1970,34.74016
136,3,14,1971,34.92897
136,3,14,1972,34.7103
136,3,14,1973,34.29169
136,3,14,1974,34.37285
136,3,14,1975,34.69609
136,3,14,1976,34.80869
136,3,14,1977,35.28001
136,3,14,1978,35.09748
136,3,14,1979,35.22463
136,3,14,1980,35.16349
136,3,14,1981,35.63295
136,3,14,1982,35.93489
136,3,14,1983,35.47729
136,3,14,1984,35.41618
136,3,14,1985,35.64294
136,3,14,1986,36.26712
136,3,14,1987,36.38676
136,3,14,1988,36.17033
136,3,14,1989,36.30239
136,3,14,1990,36.3779
136,3,14,1991,37.27993
136,3,14,1992,37.11022
136,3,14,1993,36.98608
136,3,14,1994,36.44299
136,3,14,1995,35.97363
136,3,14,1996,35.57628
136,3,14,1997,35.88308
136,3,14,1998,35.89163
136,3,14,1999,35.72935
136,3,14,2000,35.8129
136,3,14,2001,36.17415
136,3,14,2002,36.2738
136,3,14,2003,36.03219
136,3,14,2004,35.56494
136,3,14,2005,35.6239
136,3,14,2006,35.59012
136,3,14,2007,35.80963
136,3,14,2008,35.86197
136,3,14,2009,35.47741
136,3,14,2010,35.33643
136,3,14,2011,35.50587
136,3,14,2012,35.64833
136,3,14,2013,35.47404
136,3,14,2014,35.73543
136,3,14,2015,35.66056
136,3,14,2016,35.66671
136,3,14,2017,36.47663
136,3,14,2018,36.9385
136,3,14,2019,37.33895
137,1,14,1950,22.71262
137,1,14,1951,22.90213
137,1,14,1952,23.18067
137,1,14,1953,23.40164
137,1,14,1954,23.42599
137,1,14,1955,23.58528
137,1,14,1956,23.76129
137,1,14,1957,23.92421
137,1,14,1958,24.0981
137,1,14,1959,24.27963
137,1,14,1960,24.41829
137,1,14,1961,24.68374
137,1,14,1962,24.69492
137,1,14,1963,25.01413
137,1,14,1964,25.25294
137,1,14,1965,25.39635
137,1,14,1966,25.4744
137,1,14,1967,25.59949
137,1,14,1968,25.66251
137,1,14,1969,25.77302
137,1,14,1970,25.93535
137,1,14,1971,26.35715
137,1,14,1972,26.39558
137,1,14,1973,26.47287
137,1,14,1974,26.78064
137,1,14,1975,26.92206
137,1,14,1976,26.9696
137,1,14,1977,27.28294
137,1,14,1978,27.3677
137,1,14,1979,27.63096
137,1,14,1980,27.53096
137,1,14,1981,27.53586
137,1,14,1982,27.42921
137,1,14,1983,27.57254
137,1,14,1984,27.74772
137,1,14,1985,27.67909
137,1,14,1986,27.55161
137,1,14,1987,27.86141
137,1,14,1988,28.23735
137,1,14,1989,28.55562
137,1,14,1990,28.64812
137,1,14,1991,28.88526
137,1,14,1992,29.03803
137,1,14,1993,29.07685
137,1,14,1994,29.16305
137,1,14,1995,29.33544
137,1,14,1996,29.52958
137,1,14,1997,29.61582
137,1,14,1998,29.76378
137,1,14,1999,29.97374
137,1,14,2000,30.38108
137,1,14,2001,30.37748
137,1,14,2002,30.38485
137,1,14,2003,30.34968
137,1,14,2004,30.58693
137,1,14,2005,30.78016
137,1,14,2006,30.91705
137,1,14,2007,31.23324
137,1,14,2008,31.3522
137,1,14,2009,31.37756
137,1,14,2010,31.52127
137,1,14,2011,31.59912
137,1,14,2012,31.70115
137,1,14,2013,31.69468
137,1,14,2014,31.58132
137,1,14,2015,31.57785
137,1,14,2016,31.97267
137,1,14,2017,32.29386
137,1,14,2018,32.42104
137,1,14,2019,32.54622
137,2,14,1950,27.48783
137,2,14,1951,27.69566
137,2,14,1952,27.86812
137,2,14,1953,28.07372
137,2,14,1954,28.10348
137,2,14,1955,28.35843
137,2,14,1956,28.42155
137,2,14,1957,28.49977
137,2,14,1958,28.65565
137,2,14,1959,28.82633
137,2,14,1960,28.94211
137,2,14,1961,29.18261
137,2,14,1962,29.22359
137,2,14,1963,29.51151
137,2,14,1964,29.68996
137,2,14,1965,29.77728
137,2,14,1966,29.75873
137,2,14,1967,29.81652
137,2,14,1968,29.83979
137,2,14,1969,29.92448
137,2,14,1970,29.99699
137,2,14,1971,30.26346
137,2,14,1972,30.2761
137,2,14,1973,30.34668
137,2,14,1974,30.55912
137,2,14,1975,30.77657
137,2,14,1976,30.80104
137,2,14,1977,30.99774
137,2,14,1978,31.0538
137,2,14,1979,31.16404
137,2,14,1980,31.06263
137,2,14,1981,30.85668
137,2,14,1982,30.68624
137,2,14,1983,30.73679
137,2,14,1984,30.94428
137,2,14,1985,30.77287
137,2,14,1986,30.61105
137,2,14,1987,30.83801
137,2,14,1988,31.09615
137,2,14,1989,31.31576
137,2,14,1990,31.3625
137,2,14,1991,31.50621
137,2,14,1992,31.62602
137,2,14,1993,31.68825
137,2,14,1994,31.74876
137,2,14,1995,31.89456
137,2,14,1996,32.03741
137,2,14,1997,32.12867
137,2,14,1998,32.26855
137,2,14,1999,32.3922
137,2,14,2000,32.73026
137,2,14,2001,32.84553
137,2,14,2002,32.96004
137,2,14,2003,33.0405
137,2,14,2004,33.31544
137,2,14,2005,33.36278
137,2,14,2006,33.35654
137,2,14,2007,33.52709
137,2,14,2008,33.5033
137,2,14,2009,33.52599
137,2,14,2010,33.60869
137,2,14,2011,33.77575
137,2,14,2012,33.81679
137,2,14,2013,33.92718
137,2,14,2014,33.82271
137,2,14,2015,33.85031
137,2,14,2016,34.15998
137,2,14,2017,34.44792
137,2,14,2018,34.48717
137,2,14,2019,34.6544
137,3,14,1950,24.79551
137,3,14,1951,24.99782
137,3,14,1952,25.23483
137,3,14,1953,25.45924
137,3,14,1954,25.51259
137,3,14,1955,25.68668
137,3,14,1956,25.8294
137,3,14,1957,25.97203
137,3,14,1958,26.14471
137,3,14,1959,26.28591
137,3,14,1960,26.42875
137,3,14,1961,26.70441
137,3,14,1962,26.72346
137,3,14,1963,27.03806
137,3,14,1964,27.24705
137,3,14,1965,27.38038
137,3,14,1966,27.40717
137,3,14,1967,27.50106
137,3,14,1968,27.51999
137,3,14,1969,27.63387
137,3,14,1970,27.76289
137,3,14,1971,28.12585
137,3,14,1972,28.15031
137,3,14,1973,28.18671
137,3,14,1974,28.47441
137,3,14,1975,28.65559
137,3,14,1976,28.68186
137,3,14,1977,28.94882
137,3,14,1978,29.03432
137,3,14,1979,29.24742
137,3,14,1980,29.13742
137,3,14,1981,29.04751
137,3,14,1982,28.93536
137,3,14,1983,29.0226
137,3,14,1984,29.22793
137,3,14,1985,29.10354
137,3,14,1986,28.9492
137,3,14,1987,29.25773
137,3,14,1988,29.56163
137,3,14,1989,29.84111
137,3,14,1990,29.88541
137,3,14,1991,30.06347
137,3,14,1992,30.24632
137,3,14,1993,30.28019
137,3,14,1994,30.36482
137,3,14,1995,30.52673
137,3,14,1996,30.69564
137,3,14,1997,30.79807
137,3,14,1998,30.9395
137,3,14,1999,31.1118
137,3,14,2000,31.48672
137,3,14,2001,31.52874
137,3,14,2002,31.58129
137,3,14,2003,31.61115
137,3,14,2004,31.86077
137,3,14,2005,31.9879
137,3,14,2006,32.0473
137,3,14,2007,32.31836
137,3,14,2008,32.37224
137,3,14,2009,32.40664
137,3,14,2010,32.49965
137,3,14,2011,32.64048
137,3,14,2012,32.67789
137,3,14,2013,32.73349
137,3,14,2014,32.61185
137,3,14,2015,32.62798
137,3,14,2016,33.00349
137,3,14,2017,33.31612
137,3,14,2018,33.3735
137,3,14,2019,33.54604
138,1,14,1950,22.71262
138,1,14,1951,22.90213
138,1,14,1952,23.18067
138,1,14,1953,23.40164
138,1,14,1954,23.42599
138,1,14,1955,23.58528
138,1,14,1956,23.76129
138,1,14,1957,23.92421
138,1,14,1958,24.0981
138,1,14,1959,24.27963
138,1,14,1960,24.41829
138,1,14,1961,24.68374
138,1,14,1962,24.69492
138,1,14,1963,25.01413
138,1,14,1964,25.25294
138,1,14,1965,25.39635
138,1,14,1966,25.4744
138,1,14,1967,25.59949
138,1,14,1968,25.66251
138,1,14,1969,25.77302
138,1,14,1970,25.93535
138,1,14,1971,26.35715
138,1,14,1972,26.39558
138,1,14,1973,26.47287
138,1,14,1974,26.78064
138,1,14,1975,26.92206
138,1,14,1976,26.9696
138,1,14,1977,27.28294
138,1,14,1978,27.3677
138,1,14,1979,27.63096
138,1,14,1980,27.53096
138,1,14,1981,27.53586
138,1,14,1982,27.42921
138,1,14,1983,27.57254
138,1,14,1984,27.74772
138,1,14,1985,27.67909
138,1,14,1986,27.55161
138,1,14,1987,27.86141
138,1,14,1988,28.23735
138,1,14,1989,28.55562
138,1,14,1990,28.64812
138,1,14,1991,28.88526
138,1,14,1992,29.03803
138,1,14,1993,29.07685
138,1,14,1994,29.16305
138,1,14,1995,29.33544
138,1,14,1996,29.52958
138,1,14,1997,29.61582
138,1,14,1998,29.76378
138,1,14,1999,29.97374
138,1,14,2000,30.38108
138,1,14,2001,30.37748
138,1,14,2002,30.38485
138,1,14,2003,30.34968
138,1,14,2004,30.58693
138,1,14,2005,30.78016
138,1,14,2006,30.91705
138,1,14,2007,31.23324
138,1,14,2008,31.3522
138,1,14,2009,31.37756
138,1,14,2010,31.52127
138,1,14,2011,31.59912
138,1,14,2012,31.70115
138,1,14,2013,31.69468
138,1,14,2014,31.58132
138,1,14,2015,31.57785
138,1,14,2016,31.97267
138,1,14,2017,32.29386
138,1,14,2018,32.42104
138,1,14,2019,32.54622
138,2,14,1950,27.48783
138,2,14,1951,27.69566
138,2,14,1952,27.86812
138,2,14,1953,28.07372
138,2,14,1954,28.10348
138,2,14,1955,28.35843
138,2,14,1956,28.42155
138,2,14,1957,28.49977
138,2,14,1958,28.65565
138,2,14,1959,28.82633
138,2,14,1960,28.94211
138,2,14,1961,29.18261
138,2,14,1962,29.22359
138,2,14,1963,29.51151
138,2,14,1964,29.68996
138,2,14,1965,29.77728
138,2,14,1966,29.75873
138,2,14,1967,29.81652
138,2,14,1968,29.83979
138,2,14,1969,29.92448
138,2,14,1970,29.99699
138,2,14,1971,30.26346
138,2,14,1972,30.2761
138,2,14,1973,30.34668
138,2,14,1974,30.55912
138,2,14,1975,30.77657
138,2,14,1976,30.80104
138,2,14,1977,30.99774
138,2,14,1978,31.0538
138,2,14,1979,31.16404
138,2,14,1980,31.06263
138,2,14,1981,30.85668
138,2,14,1982,30.68624
138,2,14,1983,30.73679
138,2,14,1984,30.94428
138,2,14,1985,30.77287
138,2,14,1986,30.61105
138,2,14,1987,30.83801
138,2,14,1988,31.09615
138,2,14,1989,31.31576
138,2,14,1990,31.3625
138,2,14,1991,31.50621
138,2,14,1992,31.62602
138,2,14,1993,31.68825
138,2,14,1994,31.74876
138,2,14,1995,31.89456
138,2,14,1996,32.03741
138,2,14,1997,32.12867
138,2,14,1998,32.26855
138,2,14,1999,32.3922
138,2,14,2000,32.73026
138,2,14,2001,32.84553
138,2,14,2002,32.96004
138,2,14,2003,33.0405
138,2,14,2004,33.31544
138,2,14,2005,33.36278
138,2,14,2006,33.35654
138,2,14,2007,33.52709
138,2,14,2008,33.5033
138,2,14,2009,33.52599
138,2,14,2010,33.60869
138,2,14,2011,33.77575
138,2,14,2012,33.81679
138,2,14,2013,33.92718
138,2,14,2014,33.82271
138,2,14,2015,33.85031
138,2,14,2016,34.15998
138,2,14,2017,34.44792
138,2,14,2018,34.48717
138,2,14,2019,34.6544
138,3,14,1950,24.79551
138,3,14,1951,24.99782
138,3,14,1952,25.23483
138,3,14,1953,25.45924
138,3,14,1954,25.51259
138,3,14,1955,25.68668
138,3,14,1956,25.8294
138,3,14,1957,25.97203
138,3,14,1958,26.14471
138,3,14,1959,26.28591
138,3,14,1960,26.42875
138,3,14,1961,26.70441
138,3,14,1962,26.72346
138,3,14,1963,27.03806
138,3,14,1964,27.24705
138,3,14,1965,27.38038
138,3,14,1966,27.40717
138,3,14,1967,27.50106
138,3,14,1968,27.51999
138,3,14,1969,27.63387
138,3,14,1970,27.76289
138,3,14,1971,28.12585
138,3,14,1972,28.15031
138,3,14,1973,28.18671
138,3,14,1974,28.47441
138,3,14,1975,28.65559
138,3,14,1976,28.68186
138,3,14,1977,28.94882
138,3,14,1978,29.03432
138,3,14,1979,29.24742
138,3,14,1980,29.13742
138,3,14,1981,29.04751
138,3,14,1982,28.93536
138,3,14,1983,29.0226
138,3,14,1984,29.22793
138,3,14,1985,29.10354
138,3,14,1986,28.9492
138,3,14,1987,29.25773
138,3,14,1988,29.56163
138,3,14,1989,29.84111
138,3,14,1990,29.88541
138,3,14,1991,30.06347
138,3,14,1992,30.24632
138,3,14,1993,30.28019
138,3,14,1994,30.36482
138,3,14,1995,30.52673
138,3,14,1996,30.69564
138,3,14,1997,30.79807
138,3,14,1998,30.9395
138,3,14,1999,31.1118
138,3,14,2000,31.48672
138,3,14,2001,31.52874
138,3,14,2002,31.58129
138,3,14,2003,31.61115
138,3,14,2004,31.86077
138,3,14,2005,31.9879
138,3,14,2006,32.0473
138,3,14,2007,32.31836
138,3,14,2008,32.37224
138,3,14,2009,32.40664
138,3,14,2010,32.49965
138,3,14,2011,32.64048
138,3,14,2012,32.67789
138,3,14,2013,32.73349
138,3,14,2014,32.61185
138,3,14,2015,32.62798
138,3,14,2016,33.00349
138,3,14,2017,33.31612
138,3,14,2018,33.3735
138,3,14,2019,33.54604
139,1,14,1950,24.77137
139,1,14,1951,24.8831
139,1,14,1952,25.07137
139,1,14,1953,25.18262
139,1,14,1954,24.4309
139,1,14,1955,24.53804
139,1,14,1956,24.54802
139,1,14,1957,24.64692
139,1,14,1958,24.76268
139,1,14,1959,24.91979
139,1,14,1960,25.05409
139,1,14,1961,25.02895
139,1,14,1962,25.1331
139,1,14,1963,26.36223
139,1,14,1964,26.87948
139,1,14,1965,27.00487
139,1,14,1966,26.70706
139,1,14,1967,26.70341
139,1,14,1968,26.74694
139,1,14,1969,26.78226
139,1,14,1970,26.82077
139,1,14,1971,26.68302
139,1,14,1972,26.68919
139,1,14,1973,26.73966
139,1,14,1974,26.70966
139,1,14,1975,26.76278
139,1,14,1976,26.69226
139,1,14,1977,27.87294
139,1,14,1978,28.36098
139,1,14,1979,28.3672
139,1,14,1980,28.1237
139,1,14,1981,28.66137
139,1,14,1982,29.07295
139,1,14,1983,29.8015
139,1,14,1984,29.64682
139,1,14,1985,30.2428
139,1,14,1986,30.22121
139,1,14,1987,30.14956
139,1,14,1988,30.65266
139,1,14,1989,30.89915
139,1,14,1990,30.9117
139,1,14,1991,31.07803
139,1,14,1992,31.28434
139,1,14,1993,31.4665
139,1,14,1994,31.67425
139,1,14,1995,31.89589
139,1,14,1996,32.16261
139,1,14,1997,32.33405
139,1,14,1998,32.56966
139,1,14,1999,32.7504
139,1,14,2000,32.91175
139,1,14,2001,33.15271
139,1,14,2002,33.42163
139,1,14,2003,33.50423
139,1,14,2004,33.7626
139,1,14,2005,34.01583
139,1,14,2006,34.12402
139,1,14,2007,34.27068
139,1,14,2008,34.38809
139,1,14,2009,34.53729
139,1,14,2010,34.61518
139,1,14,2011,34.71325
139,1,14,2012,34.82317
139,1,14,2013,34.97833
139,1,14,2014,35.1197
139,1,14,2015,35.21159
139,1,14,2016,35.27521
139,1,14,2017,35.45786
139,1,14,2018,35.59432
139,1,14,2019,35.78176
139,2,14,1950,28.01957
139,2,14,1951,28.11286
139,2,14,1952,28.29074
139,2,14,1953,28.41231
139,2,14,1954,27.94915
139,2,14,1955,28.21425
139,2,14,1956,28.51901
139,2,14,1957,28.40824
139,2,14,1958,28.42408
139,2,14,1959,28.4692
139,2,14,1960,28.46528
139,2,14,1961,28.35254
139,2,14,1962,28.38095
139,2,14,1963,29.13919
139,2,14,1964,29.36881
139,2,14,1965,29.37633
139,2,14,1966,29.24738
139,2,14,1967,29.31068
139,2,14,1968,29.30174
139,2,14,1969,29.33887
139,2,14,1970,29.34275
139,2,14,1971,29.28459
139,2,14,1972,29.27571
139,2,14,1973,29.30366
139,2,14,1974,29.30239
139,2,14,1975,29.30821
139,2,14,1976,29.32458
139,2,14,1977,29.33486
139,2,14,1978,29.32329
139,2,14,1979,29.33933
139,2,14,1980,29.18866
139,2,14,1981,29.42661
139,2,14,1982,29.73354
139,2,14,1983,30.22646
139,2,14,1984,30.7629
139,2,14,1985,31.28114
139,2,14,1986,31.58509
139,2,14,1987,31.70922
139,2,14,1988,31.88382
139,2,14,1989,32.09602
139,2,14,1990,32.29202
139,2,14,1991,32.52032
139,2,14,1992,32.68203
139,2,14,1993,32.81148
139,2,14,1994,32.9231
139,2,14,1995,33.10111
139,2,14,1996,33.30805
139,2,14,1997,33.48136
139,2,14,1998,33.69138
139,2,14,1999,33.7549
139,2,14,2000,33.85742
139,2,14,2001,33.9448
139,2,14,2002,34.1345
139,2,14,2003,34.23858
139,2,14,2004,34.42308
139,2,14,2005,34.55645
139,2,14,2006,34.60798
139,2,14,2007,34.69558
139,2,14,2008,34.75895
139,2,14,2009,34.84998
139,2,14,2010,34.84896
139,2,14,2011,34.89939
139,2,14,2012,35.00695
139,2,14,2013,35.09366
139,2,14,2014,35.17238
139,2,14,2015,35.28814
139,2,14,2016,35.4657
139,2,14,2017,35.67552
139,2,14,2018,35.67337
139,2,14,2019,35.81949
139,3,14,1950,26.23536
139,3,14,1951,26.35199
139,3,14,1952,26.53322
139,3,14,1953,26.64191
139,3,14,1954,26.04225
139,3,14,1955,26.21971
139,3,14,1956,26.36409
139,3,14,1957,26.38971
139,3,14,1958,26.46312
139,3,14,1959,26.57654
139,3,14,1960,26.65306
139,3,14,1961,26.57036
139,3,14,1962,26.64943
139,3,14,1963,27.69383
139,3,14,1964,28.05809
139,3,14,1965,28.13353
139,3,14,1966,27.92721
139,3,14,1967,27.95299
139,3,14,1968,28.00122
139,3,14,1969,27.99877
139,3,14,1970,28.00504
139,3,14,1971,27.89039
139,3,14,1972,27.90941
139,3,14,1973,27.97177
139,3,14,1974,27.9326
139,3,14,1975,27.96188
139,3,14,1976,27.96213
139,3,14,1977,28.57443
139,3,14,1978,28.77858
139,3,14,1979,28.83507
139,3,14,1980,28.64698
139,3,14,1981,29.01053
139,3,14,1982,29.37013
139,3,14,1983,30.01786
139,3,14,1984,30.21471
139,3,14,1985,30.78332
139,3,14,1986,30.92601
139,3,14,1987,30.94486
139,3,14,1988,31.28755
139,3,14,1989,31.53457
139,3,14,1990,31.60842
139,3,14,1991,31.8194
139,3,14,1992,31.97399
139,3,14,1993,32.1292
139,3,14,1994,32.30845
139,3,14,1995,32.50549
139,3,14,1996,32.74063
139,3,14,1997,32.91103
139,3,14,1998,33.10322
139,3,14,1999,33.23559
139,3,14,2000,33.38385
139,3,14,2001,33.56843
139,3,14,2002,33.78469
139,3,14,2003,33.86096
139,3,14,2004,34.08499
139,3,14,2005,34.28076
139,3,14,2006,34.35676
139,3,14,2007,34.47436
139,3,14,2008,34.56469
139,3,14,2009,34.68278
139,3,14,2010,34.71758
139,3,14,2011,34.79427
139,3,14,2012,34.90278
139,3,14,2013,35.02777
139,3,14,2014,35.13832
139,3,14,2015,35.24165
139,3,14,2016,35.36596
139,3,14,2017,35.56494
139,3,14,2018,35.63117
139,3,14,2019,35.79774
140,1,14,1950,24.74875
140,1,14,1951,24.83528
140,1,14,1952,24.84455
140,1,14,1953,25.01061
140,1,14,1954,25.09616
140,1,14,1955,25.22355
140,1,14,1956,25.32392
140,1,14,1957,25.57377
140,1,14,1958,25.72099
140,1,14,1959,25.92655
140,1,14,1960,26.10642
140,1,14,1961,26.23641
140,1,14,1962,26.48264
140,1,14,1963,26.6651
140,1,14,1964,26.7491
140,1,14,1965,26.87809
140,1,14,1966,26.95516
140,1,14,1967,27.11283
140,1,14,1968,27.26146
140,1,14,1969,27.368
140,1,14,1970,27.44575
140,1,14,1971,27.64609
140,1,14,1972,27.66797
140,1,14,1973,27.75924
140,1,14,1974,27.80328
140,1,14,1975,27.78303
140,1,14,1976,27.8158
140,1,14,1977,27.76286
140,1,14,1978,27.71101
140,1,14,1979,27.76116
140,1,14,1980,27.74872
140,1,14,1981,27.9258
140,1,14,1982,27.99368
140,1,14,1983,27.94268
140,1,14,1984,27.92402
140,1,14,1985,27.94032
140,1,14,1986,27.70676
140,1,14,1987,27.78885
140,1,14,1988,27.78122
140,1,14,1989,27.94373
140,1,14,1990,27.99899
140,1,14,1991,27.92621
140,1,14,1992,28.13423
140,1,14,1993,28.50421
140,1,14,1994,28.59026
140,1,14,1995,28.4945
140,1,14,1996,28.52365
140,1,14,1997,28.60248
140,1,14,1998,28.70759
140,1,14,1999,29.32692
140,1,14,2000,30.38719
140,1,14,2001,32.0043
140,1,14,2002,30.68001
140,1,14,2003,29.80831
140,1,14,2004,30.01881
140,1,14,2005,30.30665
140,1,14,2006,30.57749
140,1,14,2007,31.05548
140,1,14,2008,31.42458
140,1,14,2009,31.77426
140,1,14,2010,32.12647
140,1,14,2011,32.69859
140,1,14,2012,33.19132
140,1,14,2013,33.85211
140,1,14,2014,34.46104
140,1,14,2015,34.63777
140,1,14,2016,34.77859
140,1,14,2017,34.81009
140,1,14,2018,34.98397
140,1,14,2019,35.03776
140,2,14,1950,28.78648
140,2,14,1951,28.78453
140,2,14,1952,28.80009
140,2,14,1953,28.94949
140,2,14,1954,29.05921
140,2,14,1955,29.15753
140,2,14,1956,29.2403
140,2,14,1957,29.41656
140,2,14,1958,29.47184
140,2,14,1959,29.56766
140,2,14,1960,29.70827
140,2,14,1961,29.7862
140,2,14,1962,29.98906
140,2,14,1963,30.08726
140,2,14,1964,30.19249
140,2,14,1965,30.26664
140,2,14,1966,30.27944
140,2,14,1967,30.34232
140,2,14,1968,30.46672
140,2,14,1969,30.60708
140,2,14,1970,30.67248
140,2,14,1971,30.83616
140,2,14,1972,30.72424
140,2,14,1973,30.70274
140,2,14,1974,30.64843
140,2,14,1975,30.52456
140,2,14,1976,30.4949
140,2,14,1977,30.47214
140,2,14,1978,30.39508
140,2,14,1979,30.50198
140,2,14,1980,30.46012
140,2,14,1981,30.49223
140,2,14,1982,30.40657
140,2,14,1983,30.3446
140,2,14,1984,30.34022
140,2,14,1985,30.33286
140,2,14,1986,30.08858
140,2,14,1987,30.14731
140,2,14,1988,30.05619
140,2,14,1989,29.98547
140,2,14,1990,30.02688
140,2,14,1991,29.96841
140,2,14,1992,29.88272
140,2,14,1993,30.02568
140,2,14,1994,30.28617
140,2,14,1995,30.50306
140,2,14,1996,30.44618
140,2,14,1997,30.77571
140,2,14,1998,30.88006
140,2,14,1999,30.52918
140,2,14,2000,31.36312
140,2,14,2001,32.53736
140,2,14,2002,31.74826
140,2,14,2003,31.10551
140,2,14,2004,30.98978
140,2,14,2005,31.21021
140,2,14,2006,31.63016
140,2,14,2007,31.99158
140,2,14,2008,32.36044
140,2,14,2009,32.80598
140,2,14,2010,33.22097
140,2,14,2011,33.55047
140,2,14,2012,33.88664
140,2,14,2013,34.20601
140,2,14,2014,34.55008
140,2,14,2015,34.79915
140,2,14,2016,34.74655
140,2,14,2017,34.70612
140,2,14,2018,35.04221
140,2,14,2019,35.15246
140,3,14,1950,26.43965
140,3,14,1951,26.52391
140,3,14,1952,26.4547
140,3,14,1953,26.6496
140,3,14,1954,26.75296
140,3,14,1955,26.86173
140,3,14,1956,26.98077
140,3,14,1957,27.18976
140,3,14,1958,27.34348
140,3,14,1959,27.48209
140,3,14,1960,27.61875
140,3,14,1961,27.76712
140,3,14,1962,27.98445
140,3,14,1963,28.14162
140,3,14,1964,28.24997
140,3,14,1965,28.29421
140,3,14,1966,28.34983
140,3,14,1967,28.54069
140,3,14,1968,28.63546
140,3,14,1969,28.73675
140,3,14,1970,28.81613
140,3,14,1971,28.93758
140,3,14,1972,28.85559
140,3,14,1973,28.9051
140,3,14,1974,28.93528
140,3,14,1975,28.87905
140,3,14,1976,28.95693
140,3,14,1977,28.92127
140,3,14,1978,28.83393
140,3,14,1979,28.89752
140,3,14,1980,28.81392
140,3,14,1981,28.9047
140,3,14,1982,28.86114
140,3,14,1983,28.80796
140,3,14,1984,28.77078
140,3,14,1985,28.7765
140,3,14,1986,28.59667
140,3,14,1987,28.70316
140,3,14,1988,28.6685
140,3,14,1989,28.77683
140,3,14,1990,28.83845
140,3,14,1991,28.76891
140,3,14,1992,28.85293
140,3,14,1993,29.07643
140,3,14,1994,29.17711
140,3,14,1995,29.16883
140,3,14,1996,29.17291
140,3,14,1997,29.39423
140,3,14,1998,29.50915
140,3,14,1999,29.71146
140,3,14,2000,30.68809
140,3,14,2001,32.10596
140,3,14,2002,31.08409
140,3,14,2003,30.30251
140,3,14,2004,30.34064
140,3,14,2005,30.55758
140,3,14,2006,30.8668
140,3,14,2007,31.29385
140,3,14,2008,31.65393
140,3,14,2009,32.05317
140,3,14,2010,32.4698
140,3,14,2011,32.88631
140,3,14,2012,33.35782
140,3,14,2013,33.86076
140,3,14,2014,34.3858
140,3,14,2015,34.65753
140,3,14,2016,34.701
140,3,14,2017,34.72743
140,3,14,2018,34.99649
140,3,14,2019,35.10805
141,1,14,1950,23.8802
141,1,14,1951,24.57513
141,1,14,1952,25.6062
141,1,14,1953,26.56558
141,1,14,1954,26.86735
141,1,14,1955,27.32147
141,1,14,1956,27.3358
141,1,14,1957,27.28148
141,1,14,1958,27.45443
141,1,14,1959,26.96731
141,1,14,1960,26.92497
141,1,14,1961,27.26299
141,1,14,1962,26.53688
141,1,14,1963,26.83546
141,1,14,1964,27.1672
141,1,14,1965,27.24831
141,1,14,1966,26.86036
141,1,14,1967,26.85238
141,1,14,1968,26.18691
141,1,14,1969,25.67906
141,1,14,1970,25.52321
141,1,14,1971,26.30139
141,1,14,1972,25.7302
141,1,14,1973,25.34336
141,1,14,1974,25.82318
141,1,14,1975,25.79285
141,1,14,1976,25.74337
141,1,14,1977,25.68766
141,1,14,1978,25.85915
141,1,14,1979,26.67457
141,1,14,1980,26.53786
141,1,14,1981,26.21611
141,1,14,1982,26.79194
141,1,14,1983,25.98637
141,1,14,1984,26.19479
141,1,14,1985,25.1547
141,1,14,1986,24.99487
141,1,14,1987,25.18716
141,1,14,1988,26.25132
141,1,14,1989,26.53446
141,1,14,1990,26.9353
141,1,14,1991,27.11923
141,1,14,1992,27.47387
141,1,14,1993,27.38505
141,1,14,1994,27.25228
141,1,14,1995,27.49346
141,1,14,1996,27.74703
141,1,14,1997,27.75877
141,1,14,1998,27.88444
141,1,14,1999,27.90787
141,1,14,2000,28.27812
141,1,14,2001,27.86484
141,1,14,2002,27.55276
141,1,14,2003,27.1964
141,1,14,2004,27.28803
141,1,14,2005,27.58167
141,1,14,2006,27.68817
141,1,14,2007,27.93653
141,1,14,2008,27.91963
141,1,14,2009,27.82364
141,1,14,2010,27.95169
141,1,14,2011,27.946
141,1,14,2012,28.00791
141,1,14,2013,28.32408
141,1,14,2014,28.37698
141,1,14,2015,28.04876
141,1,14,2016,29.34251
141,1,14,2017,30.29036
141,1,14,2018,30.80009
141,1,14,2019,30.98082
141,2,14,1950,26.78054
141,2,14,1951,27.34735
141,2,14,1952,27.80071
141,2,14,1953,28.06213
141,2,14,1954,28.20529
141,2,14,1955,29.01128
141,2,14,1956,28.81283
141,2,14,1957,28.89502
141,2,14,1958,29.15972
141,2,14,1959,28.97644
141,2,14,1960,29.1856
141,2,14,1961,29.82666
141,2,14,1962,29.61098
141,2,14,1963,30.36397
141,2,14,1964,30.77758
141,2,14,1965,30.50855
141,2,14,1966,30.03189
141,2,14,1967,29.88837
141,2,14,1968,29.4924
141,2,14,1969,29.18
141,2,14,1970,28.98613
141,2,14,1971,29.42164
141,2,14,1972,29.00909
141,2,14,1973,28.8785
141,2,14,1974,29.1197
141,2,14,1975,29.40535
141,2,14,1976,29.32274
141,2,14,1977,29.3013
141,2,14,1978,29.58396
141,2,14,1979,29.80953
141,2,14,1980,29.81045
141,2,14,1981,29.02505
141,2,14,1982,29.42549
141,2,14,1983,28.78113
141,2,14,1984,28.89493
141,2,14,1985,27.94725
141,2,14,1986,27.62883
141,2,14,1987,27.57284
141,2,14,1988,28.40099
141,2,14,1989,28.48988
141,2,14,1990,28.78878
141,2,14,1991,28.92186
141,2,14,1992,29.08118
141,2,14,1993,28.98474
141,2,14,1994,29.04377
141,2,14,1995,29.37206
141,2,14,1996,29.2322
141,2,14,1997,29.09478
141,2,14,1998,29.06988
141,2,14,1999,29.2263
141,2,14,2000,29.67217
141,2,14,2001,29.26291
141,2,14,2002,29.02069
141,2,14,2003,28.8328
141,2,14,2004,28.91457
141,2,14,2005,28.94432
141,2,14,2006,28.88865
141,2,14,2007,29.0054
141,2,14,2008,28.87164
141,2,14,2009,28.72442
141,2,14,2010,28.63132
141,2,14,2011,28.90122
141,2,14,2012,28.6114
141,2,14,2013,28.97139
141,2,14,2014,28.87334
141,2,14,2015,28.60098
141,2,14,2016,29.52128
141,2,14,2017,30.31237
141,2,14,2018,30.73556
141,2,14,2019,31.05136
141,3,14,1950,25.16811
141,3,14,1951,25.81834
141,3,14,1952,26.59769
141,3,14,1953,27.23197
141,3,14,1954,27.46002
141,3,14,1955,28.08862
141,3,14,1956,28.0208
141,3,14,1957,28.0417
141,3,14,1958,28.287
141,3,14,1959,27.9337
141,3,14,1960,28.01916
141,3,14,1961,28.50769
141,3,14,1962,28.02533
141,3,14,1963,28.52619
141,3,14,1964,28.89842
141,3,14,1965,28.83189
141,3,14,1966,28.40587
141,3,14,1967,28.32443
141,3,14,1968,27.77397
141,3,14,1969,27.34353
141,3,14,1970,27.16208
141,3,14,1971,27.78229
141,3,14,1972,27.28173
141,3,14,1973,27.01384
141,3,14,1974,27.38839
141,3,14,1975,27.5035
141,3,14,1976,27.43738
141,3,14,1977,27.37579
141,3,14,1978,27.60421
141,3,14,1979,28.15833
141,3,14,1980,28.07433
141,3,14,1981,27.55209
141,3,14,1982,28.05304
141,3,14,1983,27.32329
141,3,14,1984,27.48687
141,3,14,1985,26.46945
141,3,14,1986,26.24978
141,3,14,1987,26.30796
141,3,14,1988,27.26081
141,3,14,1989,27.44977
141,3,14,1990,27.79887
141,3,14,1991,27.95386
141,3,14,1992,28.22947
141,3,14,1993,28.11423
141,3,14,1994,28.07899
141,3,14,1995,28.36387
141,3,14,1996,28.42368
141,3,14,1997,28.37868
141,3,14,1998,28.43225
141,3,14,1999,28.50463
141,3,14,2000,28.89891
141,3,14,2001,28.49951
141,3,14,2002,28.23264
141,3,14,2003,27.967
141,3,14,2004,28.05425
141,3,14,2005,28.21933
141,3,14,2006,28.21731
141,3,14,2007,28.39456
141,3,14,2008,28.33812
141,3,14,2009,28.20496
141,3,14,2010,28.23006
141,3,14,2011,28.36189
141,3,14,2012,28.27277
141,3,14,2013,28.6004
141,3,14,2014,28.57773
141,3,14,2015,28.29682
141,3,14,2016,29.31806
141,3,14,2017,30.32552
141,3,14,2018,30.76793
141,3,14,2019,31.06584
142,1,14,1950,20.41686
142,1,14,1951,20.48843
142,1,14,1952,20.58831
142,1,14,1953,20.6276
142,1,14,1954,20.71629
142,1,14,1955,20.85041
142,1,14,1956,21.00913
142,1,14,1957,21.08946
142,1,14,1958,21.43407
142,1,14,1959,21.72927
142,1,14,1960,22.01906
142,1,14,1961,22.32108
142,1,14,1962,22.35881
142,1,14,1963,22.90749
142,1,14,1964,23.17284
142,1,14,1965,23.52946
142,1,14,1966,23.83248
142,1,14,1967,24.2012
142,1,14,1968,24.38738
142,1,14,1969,25.07104
142,1,14,1970,25.50187
142,1,14,1971,26.05704
142,1,14,1972,26.38606
142,1,14,1973,27.00765
142,1,14,1974,27.47617
142,1,14,1975,27.93496
142,1,14,1976,28.26539
142,1,14,1977,28.52301
142,1,14,1978,28.20847
142,1,14,1979,28.85951
142,1,14,1980,28.73161
142,1,14,1981,28.76399
142,1,14,1982,28.58102
142,1,14,1983,28.96134
142,1,14,1984,29.37731
142,1,14,1985,29.40698
142,1,14,1986,28.75057
142,1,14,1987,29.38948
142,1,14,1988,29.49299
142,1,14,1989,30.13912
142,1,14,1990,29.52808
142,1,14,1991,30.49542
142,1,14,1992,30.62697
142,1,14,1993,30.79223
142,1,14,1994,30.9321
142,1,14,1995,31.12118
142,1,14,1996,31.25426
142,1,14,1997,31.32934
142,1,14,1998,31.49271
142,1,14,1999,31.60167
142,1,14,2000,31.76297
142,1,14,2001,31.82155
142,1,14,2002,31.89702
142,1,14,2003,31.62649
142,1,14,2004,32.12563
142,1,14,2005,32.31311
142,1,14,2006,32.52188
142,1,14,2007,32.82335
142,1,14,2008,33.11523
142,1,14,2009,33.3797
142,1,14,2010,33.68657
142,1,14,2011,33.98248
142,1,14,2012,34.19772
142,1,14,2013,34.29281
142,1,14,2014,34.32158
142,1,14,2015,34.22984
142,1,14,2016,34.34739
142,1,14,2017,34.43828
142,1,14,2018,34.5929
142,1,14,2019,34.68733
142,2,14,1950,27.31915
142,2,14,1951,27.35826
142,2,14,1952,27.43196
142,2,14,1953,27.4442
142,2,14,1954,27.5149
142,2,14,1955,27.57788
142,2,14,1956,27.67824
142,2,14,1957,27.70455
142,2,14,1958,28.03624
142,2,14,1959,28.24261
142,2,14,1960,28.46925
142,2,14,1961,28.72038
142,2,14,1962,28.64913
142,2,14,1963,29.1573
142,2,14,1964,29.41116
142,2,14,1965,29.63997
142,2,14,1966,29.85616
142,2,14,1967,30.12702
142,2,14,1968,30.19886
142,2,14,1969,30.79674
142,2,14,1970,31.1442
142,2,14,1971,31.53504
142,2,14,1972,31.77638
142,2,14,1973,32.22723
142,2,14,1974,32.59708
142,2,14,1975,32.8897
142,2,14,1976,33.19411
142,2,14,1977,33.3841
142,2,14,1978,33.00253
142,2,14,1979,33.59622
142,2,14,1980,33.41339
142,2,14,1981,33.18369
142,2,14,1982,32.77666
142,2,14,1983,32.86617
142,2,14,1984,33.18161
142,2,14,1985,32.9878
142,2,14,1986,32.28782
142,2,14,1987,32.83376
142,2,14,1988,32.83067
142,2,14,1989,33.43968
142,2,14,1990,32.84373
142,2,14,1991,33.55654
142,2,14,1992,33.64948
142,2,14,1993,33.70013
142,2,14,1994,33.80576
142,2,14,1995,33.86223
142,2,14,1996,34.00481
142,2,14,1997,34.03812
142,2,14,1998,34.13003
142,2,14,1999,34.18165
142,2,14,2000,34.29115
142,2,14,2001,34.41221
142,2,14,2002,34.53582
142,2,14,2003,34.47166
142,2,14,2004,34.97917
142,2,14,2005,35.23746
142,2,14,2006,35.51731
142,2,14,2007,35.82793
142,2,14,2008,36.11777
142,2,14,2009,36.28449
142,2,14,2010,36.43429
142,2,14,2011,36.58914
142,2,14,2012,36.68812
142,2,14,2013,36.65921
142,2,14,2014,36.61622
142,2,14,2015,36.50174
142,2,14,2016,36.50262
142,2,14,2017,36.5768
142,2,14,2018,36.75621
142,2,14,2019,36.82309
142,3,14,1950,22.86002
142,3,14,1951,22.95794
142,3,14,1952,23.06135
142,3,14,1953,23.13508
142,3,14,1954,23.22691
142,3,14,1955,23.39223
142,3,14,1956,23.54785
142,3,14,1957,23.63452
142,3,14,1958,23.97562
142,3,14,1959,24.27523
142,3,14,1960,24.51054
142,3,14,1961,24.81856
142,3,14,1962,24.79306
142,3,14,1963,25.33993
142,3,14,1964,25.61106
142,3,14,1965,25.91517
142,3,14,1966,26.17705
142,3,14,1967,26.50734
142,3,14,1968,26.64487
142,3,14,1969,27.29828
142,3,14,1970,27.72451
142,3,14,1971,28.16597
142,3,14,1972,28.47964
142,3,14,1973,29.07591
142,3,14,1974,29.48997
142,3,14,1975,29.90845
142,3,14,1976,30.24357
142,3,14,1977,30.48791
142,3,14,1978,30.10878
142,3,14,1979,30.75995
142,3,14,1980,30.59349
142,3,14,1981,30.58092
142,3,14,1982,30.33381
142,3,14,1983,30.59142
142,3,14,1984,30.94335
142,3,14,1985,30.86387
142,3,14,1986,30.21246
142,3,14,1987,30.78923
142,3,14,1988,30.86235
142,3,14,1989,31.46923
142,3,14,1990,30.91825
142,3,14,1991,31.72604
142,3,14,1992,31.86645
142,3,14,1993,31.97887
142,3,14,1994,32.11757
142,3,14,1995,32.2812
142,3,14,1996,32.38826
142,3,14,1997,32.44262
142,3,14,1998,32.59731
142,3,14,1999,32.70492
142,3,14,2000,32.83546
142,3,14,2001,32.93738
142,3,14,2002,33.044
142,3,14,2003,32.88564
142,3,14,2004,33.40015
142,3,14,2005,33.62187
142,3,14,2006,33.86231
142,3,14,2007,34.17832
142,3,14,2008,34.48845
142,3,14,2009,34.71293
142,3,14,2010,34.96087
142,3,14,2011,35.19327
142,3,14,2012,35.34903
142,3,14,2013,35.39362
142,3,14,2014,35.37846
142,3,14,2015,35.28096
142,3,14,2016,35.34006
142,3,14,2017,35.42031
142,3,14,2018,35.57917
142,3,14,2019,35.6496
143,1,14,1950,27.33257
143,1,14,1951,27.39778
143,1,14,1952,27.48598
143,1,14,1953,27.85866
143,1,14,1954,28.13685
143,1,14,1955,28.28526
143,1,14,1956,28.42837
143,1,14,1957,28.48288
143,1,14,1958,28.577
143,1,14,1959,28.63345
143,1,14,1960,29.00105
143,1,14,1961,28.81335
143,1,14,1962,29.04172
143,1,14,1963,29.13709
143,1,14,1964,29.51978
143,1,14,1965,29.41458
143,1,14,1966,29.65884
143,1,14,1967,29.87044
143,1,14,1968,30.17229
143,1,14,1969,30.29683
143,1,14,1970,30.55438
143,1,14,1971,30.92799
143,1,14,1972,31.4086
143,1,14,1973,31.55919
143,1,14,1974,31.31321
143,1,14,1975,31.87607
143,1,14,1976,32.44229
143,1,14,1977,32.27048
143,1,14,1978,32.14721
143,1,14,1979,32.43393
143,1,14,1980,30.09916
143,1,14,1981,29.29599
143,1,14,1982,26.56437
143,1,14,1983,27.05089
143,1,14,1984,28.37244
143,1,14,1985,27.66531
143,1,14,1986,24.95674
143,1,14,1987,26.81946
143,1,14,1988,27.33466
143,1,14,1989,29.76507
143,1,14,1990,29.90226
143,1,14,1991,29.96662
143,1,14,1992,29.91163
143,1,14,1993,29.9159
143,1,14,1994,29.9935
143,1,14,1995,29.92237
143,1,14,1996,30.01409
143,1,14,1997,30.16841
143,1,14,1998,30.37664
143,1,14,1999,30.68568
143,1,14,2000,30.91973
143,1,14,2001,31.09808
143,1,14,2002,31.3406
143,1,14,2003,31.15464
143,1,14,2004,31.24681
143,1,14,2005,29.63246
143,1,14,2006,28.82384
143,1,14,2007,30.93634
143,1,14,2008,31.43557
143,1,14,2009,31.62014
143,1,14,2010,31.72395
143,1,14,2011,31.90295
143,1,14,2012,32.05439
143,1,14,2013,32.05872
143,1,14,2014,31.88804
143,1,14,2015,32.23859
143,1,14,2016,32.3646
143,1,14,2017,32.45697
143,1,14,2018,32.58833
143,1,14,2019,31.97772
143,2,14,1950,31.75783
143,2,14,1951,31.82814
143,2,14,1952,31.82655
143,2,14,1953,32.12396
143,2,14,1954,32.3329
143,2,14,1955,32.36848
143,2,14,1956,32.48785
143,2,14,1957,32.59436
143,2,14,1958,32.72212
143,2,14,1959,32.64638
143,2,14,1960,32.87688
143,2,14,1961,32.78726
143,2,14,1962,32.89802
143,2,14,1963,32.92235
143,2,14,1964,33.12476
143,2,14,1965,33.11631
143,2,14,1966,33.29231
143,2,14,1967,33.372
143,2,14,1968,33.66544
143,2,14,1969,33.76133
143,2,14,1970,33.82141
143,2,14,1971,34.05796
143,2,14,1972,34.58572
143,2,14,1973,34.40934
143,2,14,1974,34.56427
143,2,14,1975,35.25354
143,2,14,1976,35.67737
143,2,14,1977,35.4678
143,2,14,1978,35.31683
143,2,14,1979,35.75495
143,2,14,1980,33.6089
143,2,14,1981,32.6879
143,2,14,1982,30.17353
143,2,14,1983,30.50116
143,2,14,1984,31.63077
143,2,14,1985,31.16582
143,2,14,1986,28.97907
143,2,14,1987,30.67361
143,2,14,1988,30.91337
143,2,14,1989,32.85758
143,2,14,1990,32.84913
143,2,14,1991,33.04257
143,2,14,1992,33.00813
143,2,14,1993,33.06311
143,2,14,1994,33.38255
143,2,14,1995,33.37212
143,2,14,1996,33.45516
143,2,14,1997,33.46598
143,2,14,1998,33.69991
143,2,14,1999,33.83883
143,2,14,2000,34.10749
143,2,14,2001,34.29352
143,2,14,2002,34.43943
143,2,14,2003,34.33369
143,2,14,2004,34.51434
143,2,14,2005,32.85538
143,2,14,2006,32.16701
143,2,14,2007,34.44569
143,2,14,2008,34.56892
143,2,14,2009,34.74182
143,2,14,2010,34.91803
143,2,14,2011,35.12666
143,2,14,2012,35.31486
143,2,14,2013,35.36807
143,2,14,2014,35.32707
143,2,14,2015,35.50559
143,2,14,2016,35.53731
143,2,14,2017,35.65331
143,2,14,2018,35.66789
143,2,14,2019,35.40504
143,3,14,1950,29.36069
143,3,14,1951,29.41214
143,3,14,1952,29.46681
143,3,14,1953,29.76867
143,3,14,1954,30.0638
143,3,14,1955,30.20022
143,3,14,1956,30.35132
143,3,14,1957,30.40437
143,3,14,1958,30.54861
143,3,14,1959,30.48989
143,3,14,1960,30.75151
143,3,14,1961,30.5907
143,3,14,1962,30.75708
143,3,14,1963,30.81697
143,3,14,1964,31.19221
143,3,14,1965,31.16585
143,3,14,1966,31.37444
143,3,14,1967,31.47344
143,3,14,1968,31.79654
143,3,14,1969,31.82119
143,3,14,1970,32.05161
143,3,14,1971,32.41457
143,3,14,1972,32.92754
143,3,14,1973,32.89341
143,3,14,1974,32.83115
143,3,14,1975,33.425
143,3,14,1976,33.8575
143,3,14,1977,33.58256
143,3,14,1978,33.58746
143,3,14,1979,33.93118
143,3,14,1980,31.71161
143,3,14,1981,30.86134
143,3,14,1982,28.27922
143,3,14,1983,28.68062
143,3,14,1984,29.90577
143,3,14,1985,29.2448
143,3,14,1986,26.68052
143,3,14,1987,28.43239
143,3,14,1988,28.79018
143,3,14,1989,30.86538
143,3,14,1990,30.95558
143,3,14,1991,31.07572
143,3,14,1992,31.05592
143,3,14,1993,31.09462
143,3,14,1994,31.21999
143,3,14,1995,31.30039
143,3,14,1996,31.3605
143,3,14,1997,31.49241
143,3,14,1998,31.77075
143,3,14,1999,32.14017
143,3,14,2000,32.38686
143,3,14,2001,32.63346
143,3,14,2002,32.81411
143,3,14,2003,32.57593
143,3,14,2004,32.75056
143,3,14,2005,31.02504
143,3,14,2006,30.29245
143,3,14,2007,32.4742
143,3,14,2008,32.72105
143,3,14,2009,32.91823
143,3,14,2010,33.06787
143,3,14,2011,33.22451
143,3,14,2012,33.45009
143,3,14,2013,33.48401
143,3,14,2014,33.34938
143,3,14,2015,33.59203
143,3,14,2016,33.74959
143,3,14,2017,33.92263
143,3,14,2018,34.02497
143,3,14,2019,33.67874
144,1,14,1950,25.46582
144,1,14,1951,25.51978
144,1,14,1952,25.67182
144,1,14,1953,25.7636
144,1,14,1954,25.84376
144,1,14,1955,25.90137
144,1,14,1956,26.10808
144,1,14,1957,26.16428
144,1,14,1958,26.25541
144,1,14,1959,26.38554
144,1,14,1960,26.5837
144,1,14,1961,26.68612
144,1,14,1962,26.72452
144,1,14,1963,26.77959
144,1,14,1964,26.95135
144,1,14,1965,27.01488
144,1,14,1966,26.88297
144,1,14,1967,27.035
144,1,14,1968,27.17315
144,1,14,1969,27.31135
144,1,14,1970,27.33472
144,1,14,1971,27.59553
144,1,14,1972,27.76394
144,1,14,1973,27.85725
144,1,14,1974,27.81093
144,1,14,1975,27.67199
144,1,14,1976,27.55373
144,1,14,1977,27.73358
144,1,14,1978,27.76044
144,1,14,1979,27.84747
144,1,14,1980,28.04788
144,1,14,1981,28.24168
144,1,14,1982,28.24939
144,1,14,1983,28.89907
144,1,14,1984,29.32656
144,1,14,1985,29.81202
144,1,14,1986,30.23635
144,1,14,1987,30.64457
144,1,14,1988,31.59147
144,1,14,1989,31.8553
144,1,14,1990,32.46972
144,1,14,1991,32.78786
144,1,14,1992,32.77859
144,1,14,1993,32.71924
144,1,14,1994,32.68528
144,1,14,1995,32.69336
144,1,14,1996,32.9315
144,1,14,1997,33.23459
144,1,14,1998,33.55554
144,1,14,1999,33.74688
144,1,14,2000,34.35362
144,1,14,2001,34.55886
144,1,14,2002,34.70014
144,1,14,2003,35.13992
144,1,14,2004,35.11617
144,1,14,2005,34.95828
144,1,14,2006,34.86432
144,1,14,2007,35.08619
144,1,14,2008,35.16962
144,1,14,2009,35.12073
144,1,14,2010,34.86402
144,1,14,2011,35.09658
144,1,14,2012,35.56058
144,1,14,2013,36.22886
144,1,14,2014,36.64941
144,1,14,2015,36.60987
144,1,14,2016,36.74024
144,1,14,2017,37.11734
144,1,14,2018,37.06964
144,1,14,2019,37.20238
144,2,14,1950,30.4013
144,2,14,1951,30.45792
144,2,14,1952,30.49359
144,2,14,1953,30.54302
144,2,14,1954,30.54448
144,2,14,1955,30.60844
144,2,14,1956,30.7139
144,2,14,1957,30.74326
144,2,14,1958,30.79029
144,2,14,1959,30.88283
144,2,14,1960,30.92783
144,2,14,1961,30.96381
144,2,14,1962,30.92688
144,2,14,1963,30.95505
144,2,14,1964,31.03869
144,2,14,1965,31.13572
144,2,14,1966,31.04281
144,2,14,1967,31.17182
144,2,14,1968,31.27214
144,2,14,1969,31.39001
144,2,14,1970,31.36691
144,2,14,1971,31.51743
144,2,14,1972,31.53278
144,2,14,1973,31.57746
144,2,14,1974,32.36142
144,2,14,1975,32.56631
144,2,14,1976,32.65412
144,2,14,1977,32.87316
144,2,14,1978,32.90229
144,2,14,1979,32.93241
144,2,14,1980,32.97932
144,2,14,1981,32.86307
144,2,14,1982,32.64702
144,2,14,1983,32.45273
144,2,14,1984,32.78146
144,2,14,1985,32.20365
144,2,14,1986,30.66533
144,2,14,1987,31.00341
144,2,14,1988,31.08211
144,2,14,1989,31.45219
144,2,14,1990,31.61431
144,2,14,1991,31.70076
144,2,14,1992,32.11136
144,2,14,1993,31.84524
144,2,14,1994,32.02759
144,2,14,1995,31.95628
144,2,14,1996,31.74609
144,2,14,1997,31.91125
144,2,14,1998,32.00433
144,2,14,1999,32.0018
144,2,14,2000,32.25165
144,2,14,2001,32.1061
144,2,14,2002,32.16257
144,2,14,2003,32.62603
144,2,14,2004,32.39507
144,2,14,2005,32.18085
144,2,14,2006,32.4759
144,2,14,2007,33.92786
144,2,14,2008,35.09351
144,2,14,2009,35.78653
144,2,14,2010,36.1912
144,2,14,2011,36.38753
144,2,14,2012,36.55891
144,2,14,2013,36.73922
144,2,14,2014,36.90647
144,2,14,2015,37.27992
144,2,14,2016,37.37132
144,2,14,2017,37.43129
144,2,14,2018,37.47561
144,2,14,2019,37.62224
144,3,14,1950,27.45628
144,3,14,1951,27.47881
144,3,14,1952,27.56597
144,3,14,1953,27.64147
144,3,14,1954,27.5931
144,3,14,1955,27.59733
144,3,14,1956,27.71783
144,3,14,1957,27.79786
144,3,14,1958,27.87838
144,3,14,1959,27.95528
144,3,14,1960,28.02493
144,3,14,1961,28.0842
144,3,14,1962,28.14748
144,3,14,1963,28.18075
144,3,14,1964,28.36723
144,3,14,1965,28.50335
144,3,14,1966,28.46334
144,3,14,1967,28.64921
144,3,14,1968,28.84285
144,3,14,1969,29.00435
144,3,14,1970,28.98443
144,3,14,1971,29.21347
144,3,14,1972,29.29513
144,3,14,1973,29.32049
144,3,14,1974,29.46949
144,3,14,1975,29.42134
144,3,14,1976,29.39585
144,3,14,1977,29.68559
144,3,14,1978,29.6589
144,3,14,1979,29.73952
144,3,14,1980,29.979
144,3,14,1981,30.18357
144,3,14,1982,30.19435
144,3,14,1983,30.44546
144,3,14,1984,30.89206
144,3,14,1985,30.92366
144,3,14,1986,30.35768
144,3,14,1987,30.72717
144,3,14,1988,31.15228
144,3,14,1989,31.45053
144,3,14,1990,31.74382
144,3,14,1991,31.95169
144,3,14,1992,32.16206
144,3,14,1993,31.98079
144,3,14,1994,32.1013
144,3,14,1995,32.23189
144,3,14,1996,32.27832
144,3,14,1997,32.45377
144,3,14,1998,32.69528
144,3,14,1999,32.75241
144,3,14,2000,33.10006
144,3,14,2001,33.02146
144,3,14,2002,33.08806
144,3,14,2003,33.52065
144,3,14,2004,33.45574
144,3,14,2005,33.20182
144,3,14,2006,33.32632
144,3,14,2007,34.2134
144,3,14,2008,34.92785
144,3,14,2009,35.2168
144,3,14,2010,35.34782
144,3,14,2011,35.58002
144,3,14,2012,35.95194
144,3,14,2013,36.43713
144,3,14,2014,36.65666
144,3,14,2015,36.78635
144,3,14,2016,36.76575
144,3,14,2017,36.85069
144,3,14,2018,36.75526
144,3,14,2019,36.86776
145,1,14,1950,31.67265
145,1,14,1951,31.61891
145,1,14,1952,31.7548
145,1,14,1953,31.8896
145,1,14,1954,32.1002
145,1,14,1955,32.25463
145,1,14,1956,32.11974
145,1,14,1957,32.60496
145,1,14,1958,32.78133
145,1,14,1959,33.12952
145,1,14,1960,32.926
145,1,14,1961,32.63607
145,1,14,1962,32.41303
145,1,14,1963,31.35727
145,1,14,1964,31.25945
145,1,14,1965,31.42338
145,1,14,1966,31.6791
145,1,14,1967,30.92042
145,1,14,1968,30.35015
145,1,14,1969,30.55713
145,1,14,1970,31.06792
145,1,14,1971,30.99154
145,1,14,1972,31.54989
145,1,14,1973,31.20624
145,1,14,1974,31.25159
145,1,14,1975,30.72473
145,1,14,1976,30.17702
145,1,14,1977,29.45843
145,1,14,1978,30.17359
145,1,14,1979,30.93742
145,1,14,1980,31.63874
145,1,14,1981,32.18015
145,1,14,1982,32.06685
145,1,14,1983,32.28579
145,1,14,1984,32.91607
145,1,14,1985,32.94308
145,1,14,1986,33.60828
145,1,14,1987,33.2515
145,1,14,1988,33.79276
145,1,14,1989,33.98976
145,1,14,1990,34.96694
145,1,14,1991,31.48817
145,1,14,1992,37.64594
145,1,14,1993,36.91608
145,1,14,1994,36.17667
145,1,14,1995,35.50814
145,1,14,1996,35.88594
145,1,14,1997,34.8161
145,1,14,1998,35.51979
145,1,14,1999,34.42295
145,1,14,2000,34.6563
145,1,14,2001,36.04816
145,1,14,2002,35.42977
145,1,14,2003,35.65991
145,1,14,2004,35.39235
145,1,14,2005,35.05529
145,1,14,2006,34.95714
145,1,14,2007,35.35966
145,1,14,2008,34.46132
145,1,14,2009,35.27059
145,1,14,2010,36.65094
145,1,14,2011,37.29616
145,1,14,2012,37.0376
145,1,14,2013,37.19975
145,1,14,2014,37.49969
145,1,14,2015,37.30995
145,1,14,2016,37.65358
145,1,14,2017,38.05495
145,1,14,2018,38.34673
145,1,14,2019,38.38048
145,2,14,1950,34.56753
145,2,14,1951,34.68478
145,2,14,1952,34.81363
145,2,14,1953,34.92759
145,2,14,1954,35.08647
145,2,14,1955,35.37283
145,2,14,1956,35.33745
145,2,14,1957,35.68549
145,2,14,1958,35.85543
145,2,14,1959,36.56826
145,2,14,1960,36.33098
145,2,14,1961,36.12936
145,2,14,1962,36.16081
145,2,14,1963,35.396
145,2,14,1964,34.85293
145,2,14,1965,34.72389
145,2,14,1966,34.51497
145,2,14,1967,34.50608
145,2,14,1968,33.87081
145,2,14,1969,34.53751
145,2,14,1970,34.98564
145,2,14,1971,35.20292
145,2,14,1972,34.5755
145,2,14,1973,33.98285
145,2,14,1974,33.93453
145,2,14,1975,33.68873
145,2,14,1976,33.67815
145,2,14,1977,33.71622
145,2,14,1978,33.54649
145,2,14,1979,33.36226
145,2,14,1980,33.81347
145,2,14,1981,33.92074
145,2,14,1982,34.34145
145,2,14,1983,35.19627
145,2,14,1984,35.46592
145,2,14,1985,35.62262
145,2,14,1986,36.31375
145,2,14,1987,35.77707
145,2,14,1988,34.49332
145,2,14,1989,34.31843
145,2,14,1990,35.17211
145,2,14,1991,32.10888
145,2,14,1992,37.71669
145,2,14,1993,38.46844
145,2,14,1994,38.16651
145,2,14,1995,37.80392
145,2,14,1996,37.8736
145,2,14,1997,37.51327
145,2,14,1998,37.64704
145,2,14,1999,37.80176
145,2,14,2000,37.96462
145,2,14,2001,37.95831
145,2,14,2002,37.66918
145,2,14,2003,38.03362
145,2,14,2004,38.25361
145,2,14,2005,38.59701
145,2,14,2006,38.81621
145,2,14,2007,38.44267
145,2,14,2008,37.73602
145,2,14,2009,37.85656
145,2,14,2010,38.67525
145,2,14,2011,39.41906
145,2,14,2012,39.95771
145,2,14,2013,40.61375
145,2,14,2014,40.76487
145,2,14,2015,41.41884
145,2,14,2016,41.88464
145,2,14,2017,42.15235
145,2,14,2018,42.32765
145,2,14,2019,42.27326
145,3,14,1950,32.82577
145,3,14,1951,32.83787
145,3,14,1952,32.89741
145,3,14,1953,32.99257
145,3,14,1954,33.03869
145,3,14,1955,33.00947
145,3,14,1956,33.02392
145,3,14,1957,33.46881
145,3,14,1958,33.6891
145,3,14,1959,34.4323
145,3,14,1960,34.28428
145,3,14,1961,34.09428
145,3,14,1962,33.99504
145,3,14,1963,33.00537
145,3,14,1964,32.713
145,3,14,1965,32.78242
145,3,14,1966,32.85039
145,3,14,1967,32.44211
145,3,14,1968,31.85977
145,3,14,1969,32.25552
145,3,14,1970,32.72457
145,3,14,1971,32.81437
145,3,14,1972,32.8462
145,3,14,1973,32.39343
145,3,14,1974,32.37234
145,3,14,1975,31.94729
145,3,14,1976,31.62112
145,3,14,1977,31.18012
145,3,14,1978,31.50977
145,3,14,1979,31.86639
145,3,14,1980,32.43912
145,3,14,1981,32.7774
145,3,14,1982,32.86487
145,3,14,1983,33.34547
145,3,14,1984,33.81704
145,3,14,1985,33.9071
145,3,14,1986,34.55949
145,3,14,1987,34.12112
145,3,14,1988,33.93856
145,3,14,1989,33.93594
145,3,14,1990,34.8219
145,3,14,1991,31.62767
145,3,14,1992,37.48651
145,3,14,1993,37.33929
145,3,14,1994,36.77896
145,3,14,1995,36.23071
145,3,14,1996,36.51432
145,3,14,1997,35.69409
145,3,14,1998,36.20618
145,3,14,1999,35.52997
145,3,14,2000,35.74293
145,3,14,2001,36.66242
145,3,14,2002,36.14032
145,3,14,2003,36.41444
145,3,14,2004,36.30083
145,3,14,2005,36.19083
145,3,14,2006,36.17708
145,3,14,2007,36.35177
145,3,14,2008,35.53285
145,3,14,2009,36.12015
145,3,14,2010,37.32005
145,3,14,2011,38.00401
145,3,14,2012,37.98654
145,3,14,2013,38.34774
145,3,14,2014,38.59
145,3,14,2015,38.68641
145,3,14,2016,39.04559
145,3,14,2017,39.37231
145,3,14,2018,39.47702
145,3,14,2019,39.50363
146,1,14,1950,27.72652
146,1,14,1951,28.15899
146,1,14,1952,28.48908
146,1,14,1953,28.75325
146,1,14,1954,29.01001
146,1,14,1955,28.9826
146,1,14,1956,29.28626
146,1,14,1957,29.47714
146,1,14,1958,29.08556
146,1,14,1959,29.60758
146,1,14,1960,29.71597
146,1,14,1961,29.78757
146,1,14,1962,29.84413
146,1,14,1963,30.01671
146,1,14,1964,30.17226
146,1,14,1965,30.27663
146,1,14,1966,30.49971
146,1,14,1967,30.55772
146,1,14,1968,30.65173
146,1,14,1969,30.67812
146,1,14,1970,30.70585
146,1,14,1971,30.77793
146,1,14,1972,30.75468
146,1,14,1973,30.8086
146,1,14,1974,30.88744
146,1,14,1975,30.40745
146,1,14,1976,28.13637
146,1,14,1977,30.67148
146,1,14,1978,30.4322
146,1,14,1979,30.33785
146,1,14,1980,30.36054
146,1,14,1981,30.26093
146,1,14,1982,27.54342
146,1,14,1983,29.08905
146,1,14,1984,29.16033
146,1,14,1985,29.36243
146,1,14,1986,29.71524
146,1,14,1987,30.30027
146,1,14,1988,30.37981
146,1,14,1989,30.15099
146,1,14,1990,30.13477
146,1,14,1991,30.79967
146,1,14,1992,31.03186
146,1,14,1993,31.24398
146,1,14,1994,31.46601
146,1,14,1995,31.79597
146,1,14,1996,32.03366
146,1,14,1997,32.23372
146,1,14,1998,32.39666
146,1,14,1999,32.65093
146,1,14,2000,32.81097
146,1,14,2001,32.92252
146,1,14,2002,33.01606
146,1,14,2003,33.00199
146,1,14,2004,32.82402
146,1,14,2005,32.69367
146,1,14,2006,32.4323
146,1,14,2007,32.34011
146,1,14,2008,32.18343
146,1,14,2009,32.04162
146,1,14,2010,31.98817
146,1,14,2011,31.98105
146,1,14,2012,32.01418
146,1,14,2013,32.02663
146,1,14,2014,32.07165
146,1,14,2015,32.18531
146,1,14,2016,32.43616
146,1,14,2017,32.61038
146,1,14,2018,32.71112
146,1,14,2019,32.86376
146,2,14,1950,31.68655
146,2,14,1951,32.01296
146,2,14,1952,32.30252
146,2,14,1953,32.49056
146,2,14,1954,32.64911
146,2,14,1955,32.65107
146,2,14,1956,32.917
146,2,14,1957,33.03081
146,2,14,1958,32.80908
146,2,14,1959,33.1561
146,2,14,1960,33.20436
146,2,14,1961,33.26111
146,2,14,1962,33.28852
146,2,14,1963,33.34766
146,2,14,1964,33.48856
146,2,14,1965,33.57751
146,2,14,1966,33.76618
146,2,14,1967,33.82631
146,2,14,1968,33.87517
146,2,14,1969,33.90962
146,2,14,1970,33.98569
146,2,14,1971,34.05999
146,2,14,1972,34.05842
146,2,14,1973,34.1183
146,2,14,1974,34.18438
146,2,14,1975,33.8461
146,2,14,1976,31.85296
146,2,14,1977,34.06002
146,2,14,1978,33.8674
146,2,14,1979,33.79612
146,2,14,1980,33.80307
146,2,14,1981,33.73692
146,2,14,1982,31.32346
146,2,14,1983,32.83731
146,2,14,1984,32.88843
146,2,14,1985,33.08948
146,2,14,1986,33.3026
146,2,14,1987,33.76098
146,2,14,1988,33.74875
146,2,14,1989,33.65326
146,2,14,1990,33.52303
146,2,14,1991,33.69603
146,2,14,1992,33.7501
146,2,14,1993,33.76062
146,2,14,1994,33.90459
146,2,14,1995,34.01028
146,2,14,1996,34.10758
146,2,14,1997,34.22749
146,2,14,1998,34.35973
146,2,14,1999,34.58263
146,2,14,2000,34.74701
146,2,14,2001,34.86594
146,2,14,2002,35.01855
146,2,14,2003,35.11641
146,2,14,2004,35.27778
146,2,14,2005,35.41423
146,2,14,2006,35.49966
146,2,14,2007,35.70246
146,2,14,2008,35.77032
146,2,14,2009,35.91359
146,2,14,2010,36.00262
146,2,14,2011,36.09054
146,2,14,2012,36.17622
146,2,14,2013,36.25069
146,2,14,2014,36.30009
146,2,14,2015,36.41879
146,2,14,2016,36.5376
146,2,14,2017,36.69591
146,2,14,2018,36.79306
146,2,14,2019,36.97636
146,3,14,1950,29.41816
146,3,14,1951,29.81758
146,3,14,1952,30.13423
146,3,14,1953,30.37702
146,3,14,1954,30.62229
146,3,14,1955,30.60198
146,3,14,1956,30.88228
146,3,14,1957,31.05194
146,3,14,1958,30.74657
146,3,14,1959,31.19016
146,3,14,1960,31.25893
146,3,14,1961,31.36742
146,3,14,1962,31.39898
146,3,14,1963,31.54383
146,3,14,1964,31.68312
146,3,14,1965,31.79334
146,3,14,1966,32.00331
146,3,14,1967,32.07076
146,3,14,1968,32.11763
146,3,14,1969,32.16229
146,3,14,1970,32.23188
146,3,14,1971,32.29725
146,3,14,1972,32.31056
146,3,14,1973,32.3499
146,3,14,1974,32.4156
146,3,14,1975,32.01491
146,3,14,1976,29.86466
146,3,14,1977,32.24244
146,3,14,1978,32.04216
146,3,14,1979,31.97121
146,3,14,1980,31.93336
146,3,14,1981,31.87182
146,3,14,1982,29.31117
146,3,14,1983,30.8959
146,3,14,1984,30.89096
146,3,14,1985,31.11169
146,3,14,1986,31.34202
146,3,14,1987,31.88508
146,3,14,1988,31.86589
146,3,14,1989,31.66583
146,3,14,1990,31.64697
146,3,14,1991,32.0767
146,3,14,1992,32.20504
146,3,14,1993,32.32476
146,3,14,1994,32.53574
146,3,14,1995,32.76909
146,3,14,1996,32.93238
146,3,14,1997,33.14037
146,3,14,1998,33.32188
146,3,14,1999,33.57981
146,3,14,2000,33.76074
146,3,14,2001,33.84835
146,3,14,2002,33.8932
146,3,14,2003,33.92299
146,3,14,2004,33.87366
146,3,14,2005,33.87441
146,3,14,2006,33.76107
146,3,14,2007,33.81183
146,3,14,2008,33.79258
146,3,14,2009,33.8015
146,3,14,2010,33.86792
146,3,14,2011,33.93577
146,3,14,2012,33.98118
146,3,14,2013,34.07388
146,3,14,2014,34.08776
146,3,14,2015,34.24799
146,3,14,2016,34.3952
146,3,14,2017,34.6693
146,3,14,2018,34.75606
146,3,14,2019,34.95899
147,1,14,1950,25.04085
147,1,14,1951,25.23329
147,1,14,1952,25.49634
147,1,14,1953,25.68777
147,1,14,1954,25.82986
147,1,14,1955,26.04158
147,1,14,1956,26.34518
147,1,14,1957,26.60654
147,1,14,1958,26.99465
147,1,14,1959,27.30306
147,1,14,1960,27.61891
147,1,14,1961,27.86752
147,1,14,1962,28.33819
147,1,14,1963,28.57984
147,1,14,1964,29.31756
147,1,14,1965,29.68872
147,1,14,1966,30.14762
147,1,14,1967,30.53874
147,1,14,1968,30.95785
147,1,14,1969,31.62831
147,1,14,1970,32.13298
147,1,14,1971,32.19451
147,1,14,1972,32.05959
147,1,14,1973,32.47814
147,1,14,1974,32.45574
147,1,14,1975,32.35023
147,1,14,1976,31.9652
147,1,14,1977,31.78761
147,1,14,1978,32.60783
147,1,14,1979,32.75654
147,1,14,1980,33.0783
147,1,14,1981,32.98058
147,1,14,1982,33.24443
147,1,14,1983,33.47048
147,1,14,1984,33.71817
147,1,14,1985,33.99519
147,1,14,1986,33.99945
147,1,14,1987,33.42002
147,1,14,1988,34.17118
147,1,14,1989,34.1919
147,1,14,1990,34.37213
147,1,14,1991,34.50417
147,1,14,1992,34.63845
147,1,14,1993,34.83621
147,1,14,1994,34.91278
147,1,14,1995,34.95468
147,1,14,1996,34.71931
147,1,14,1997,34.78577
147,1,14,1998,34.37951
147,1,14,1999,34.19839
147,1,14,2000,34.03164
147,1,14,2001,33.69543
147,1,14,2002,33.39049
147,1,14,2003,33.52032
147,1,14,2004,34.26199
147,1,14,2005,34.36932
147,1,14,2006,34.18005
147,1,14,2007,33.60149
147,1,14,2008,33.6878
147,1,14,2009,33.84793
147,1,14,2010,34.23681
147,1,14,2011,33.81715
147,1,14,2012,34.98674
147,1,14,2013,35.32726
147,1,14,2014,34.82793
147,1,14,2015,34.73144
147,1,14,2016,34.73375
147,1,14,2017,35.24786
147,1,14,2018,35.25684
147,1,14,2019,35.47191
147,2,14,1950,28.6945
147,2,14,1951,28.92874
147,2,14,1952,29.00264
147,2,14,1953,29.14485
147,2,14,1954,29.24149
147,2,14,1955,29.4065
147,2,14,1956,29.64392
147,2,14,1957,29.96548
147,2,14,1958,30.06276
147,2,14,1959,30.2699
147,2,14,1960,30.45078
147,2,14,1961,30.66112
147,2,14,1962,30.94968
147,2,14,1963,31.08596
147,2,14,1964,31.57298
147,2,14,1965,32.02568
147,2,14,1966,32.33889
147,2,14,1967,32.61138
147,2,14,1968,32.90388
147,2,14,1969,33.17927
147,2,14,1970,33.33492
147,2,14,1971,33.65683
147,2,14,1972,33.60551
147,2,14,1973,33.78149
147,2,14,1974,34.26398
147,2,14,1975,34.39592
147,2,14,1976,34.47525
147,2,14,1977,34.48296
147,2,14,1978,34.72442
147,2,14,1979,34.69612
147,2,14,1980,34.35222
147,2,14,1981,34.44775
147,2,14,1982,34.57453
147,2,14,1983,34.89485
147,2,14,1984,35.08917
147,2,14,1985,35.32816
147,2,14,1986,35.72042
147,2,14,1987,35.44567
147,2,14,1988,35.83254
147,2,14,1989,35.7806
147,2,14,1990,35.88104
147,2,14,1991,36.02291
147,2,14,1992,36.48872
147,2,14,1993,36.54053
147,2,14,1994,36.68005
147,2,14,1995,36.80377
147,2,14,1996,36.65196
147,2,14,1997,36.7713
147,2,14,1998,36.39602
147,2,14,1999,36.25501
147,2,14,2000,36.17038
147,2,14,2001,36.42914
147,2,14,2002,36.6482
147,2,14,2003,37.02454
147,2,14,2004,37.25863
147,2,14,2005,37.13071
147,2,14,2006,36.89134
147,2,14,2007,35.71793
147,2,14,2008,35.61734
147,2,14,2009,35.1242
147,2,14,2010,35.6388
147,2,14,2011,35.54271
147,2,14,2012,36.27617
147,2,14,2013,36.55664
147,2,14,2014,36.42164
147,2,14,2015,36.5463
147,2,14,2016,36.55251
147,2,14,2017,36.85792
147,2,14,2018,36.91102
147,2,14,2019,37.09194
147,3,14,1950,26.60451
147,3,14,1951,26.80778
147,3,14,1952,27.00249
147,3,14,1953,27.20418
147,3,14,1954,27.32483
147,3,14,1955,27.52606
147,3,14,1956,27.8528
147,3,14,1957,28.04212
147,3,14,1958,28.38302
147,3,14,1959,28.57708
147,3,14,1960,28.87393
147,3,14,1961,29.12372
147,3,14,1962,29.5143
147,3,14,1963,29.69659
147,3,14,1964,30.28423
147,3,14,1965,30.69457
147,3,14,1966,31.11561
147,3,14,1967,31.49077
147,3,14,1968,31.82723
147,3,14,1969,32.35821
147,3,14,1970,32.69724
147,3,14,1971,32.87918
147,3,14,1972,32.71946
147,3,14,1973,32.96987
147,3,14,1974,33.14235
147,3,14,1975,33.1385
147,3,14,1976,32.91031
147,3,14,1977,32.77586
147,3,14,1978,33.41788
147,3,14,1979,33.56787
147,3,14,1980,33.61271
147,3,14,1981,33.64867
147,3,14,1982,33.83968
147,3,14,1983,34.04028
147,3,14,1984,34.25789
147,3,14,1985,34.48749
147,3,14,1986,34.69354
147,3,14,1987,34.34385
147,3,14,1988,34.93142
147,3,14,1989,34.92517
147,3,14,1990,35.00206
147,3,14,1991,35.14361
147,3,14,1992,35.38726
147,3,14,1993,35.58803
147,3,14,1994,35.73434
147,3,14,1995,35.77653
147,3,14,1996,35.54816
147,3,14,1997,35.65424
147,3,14,1998,35.31105
147,3,14,1999,35.14371
147,3,14,2000,34.98084
147,3,14,2001,34.86671
147,3,14,2002,34.71713
147,3,14,2003,34.98181
147,3,14,2004,35.49527
147,3,14,2005,35.52371
147,3,14,2006,35.38406
147,3,14,2007,34.55198
147,3,14,2008,34.55195
147,3,14,2009,34.41493
147,3,14,2010,34.86677
147,3,14,2011,34.57826
147,3,14,2012,35.58164
147,3,14,2013,35.90706
147,3,14,2014,35.59688
147,3,14,2015,35.57778
147,3,14,2016,35.55286
147,3,14,2017,35.98876
147,3,14,2018,36.04421
147,3,14,2019,36.2473
148,1,14,1950,23.61039
148,1,14,1951,23.72155
148,1,14,1952,23.84172
148,1,14,1953,24.0173
148,1,14,1954,24.06912
148,1,14,1955,24.15971
148,1,14,1956,24.32799
148,1,14,1957,24.36867
148,1,14,1958,24.54105
148,1,14,1959,24.69871
148,1,14,1960,24.30987
148,1,14,1961,24.9738
148,1,14,1962,25.217
148,1,14,1963,25.4521
148,1,14,1964,25.49251
148,1,14,1965,25.66578
148,1,14,1966,25.85516
148,1,14,1967,25.99679
148,1,14,1968,26.21303
148,1,14,1969,26.42531
148,1,14,1970,26.60226
148,1,14,1971,26.81132
148,1,14,1972,26.95463
148,1,14,1973,27.01658
148,1,14,1974,27.18839
148,1,14,1975,27.27256
148,1,14,1976,27.4836
148,1,14,1977,27.69633
148,1,14,1978,27.9068
148,1,14,1979,27.85485
148,1,14,1980,27.99264
148,1,14,1981,28.23091
148,1,14,1982,28.7653
148,1,14,1983,29.14264
148,1,14,1984,29.30605
148,1,14,1985,29.45514
148,1,14,1986,29.70203
148,1,14,1987,29.79979
148,1,14,1988,29.90521
148,1,14,1989,29.93759
148,1,14,1990,30.28753
148,1,14,1991,30.40088
148,1,14,1992,30.31247
148,1,14,1993,30.23717
148,1,14,1994,30.52575
148,1,14,1995,30.61918
148,1,14,1996,30.92313
148,1,14,1997,31.13512
148,1,14,1998,31.16234
148,1,14,1999,31.17836
148,1,14,2000,31.83931
148,1,14,2001,32.41531
148,1,14,2002,32.94743
148,1,14,2003,32.80646
148,1,14,2004,32.99577
148,1,14,2005,33.16657
148,1,14,2006,33.26634
148,1,14,2007,33.47722
148,1,14,2008,33.70984
148,1,14,2009,33.93115
148,1,14,2010,34.09707
148,1,14,2011,34.26776
148,1,14,2012,34.30858
148,1,14,2013,32.73884
148,1,14,2014,32.73799
148,1,14,2015,32.77321
148,1,14,2016,32.84981
148,1,14,2017,32.90554
148,1,14,2018,32.7934
148,1,14,2019,32.858
148,2,14,1950,27.73829
148,2,14,1951,27.79889
148,2,14,1952,27.87491
148,2,14,1953,27.98029
148,2,14,1954,28.06529
148,2,14,1955,28.16035
148,2,14,1956,28.17204
148,2,14,1957,28.30558
148,2,14,1958,28.36695
148,2,14,1959,28.46554
148,2,14,1960,28.13966
148,2,14,1961,28.68728
148,2,14,1962,28.84977
148,2,14,1963,28.89631
148,2,14,1964,29.01062
148,2,14,1965,29.22485
148,2,14,1966,29.24657
148,2,14,1967,29.37121
148,2,14,1968,29.55219
148,2,14,1969,29.72024
148,2,14,1970,29.7941
148,2,14,1971,29.98285
148,2,14,1972,30.02398
148,2,14,1973,30.10051
148,2,14,1974,30.13541
148,2,14,1975,30.22576
148,2,14,1976,30.32257
148,2,14,1977,30.45948
148,2,14,1978,30.39394
148,2,14,1979,30.4844
148,2,14,1980,30.67528
148,2,14,1981,30.73486
148,2,14,1982,31.18413
148,2,14,1983,31.24748
148,2,14,1984,31.57454
148,2,14,1985,31.75414
148,2,14,1986,31.71561
148,2,14,1987,31.79769
148,2,14,1988,31.70196
148,2,14,1989,31.67718
148,2,14,1990,31.84085
148,2,14,1991,31.83209
148,2,14,1992,31.70228
148,2,14,1993,31.67569
148,2,14,1994,31.73661
148,2,14,1995,31.75691
148,2,14,1996,31.86625
148,2,14,1997,31.94831
148,2,14,1998,32.1264
148,2,14,1999,32.15116
148,2,14,2000,32.32693
148,2,14,2001,32.43955
148,2,14,2002,32.55
148,2,14,2003,32.67096
148,2,14,2004,32.67391
148,2,14,2005,32.6973
148,2,14,2006,32.72756
148,2,14,2007,32.6989
148,2,14,2008,32.72086
148,2,14,2009,32.78495
148,2,14,2010,32.8533
148,2,14,2011,32.97838
148,2,14,2012,33.11484
148,2,14,2013,33.2663
148,2,14,2014,33.3721
148,2,14,2015,33.42902
148,2,14,2016,33.64079
148,2,14,2017,33.77848
148,2,14,2018,33.92498
148,2,14,2019,34.11038
148,3,14,1950,25.25333
148,3,14,1951,25.36915
148,3,14,1952,25.50095
148,3,14,1953,25.61819
148,3,14,1954,25.73073
148,3,14,1955,25.81366
148,3,14,1956,25.96358
148,3,14,1957,26.08328
148,3,14,1958,26.24221
148,3,14,1959,26.35858
148,3,14,1960,25.94676
148,3,14,1961,26.66488
148,3,14,1962,26.82037
148,3,14,1963,26.93738
148,3,14,1964,27.1082
148,3,14,1965,27.27953
148,3,14,1966,27.35625
148,3,14,1967,27.55794
148,3,14,1968,27.71833
148,3,14,1969,27.96011
148,3,14,1970,28.08195
148,3,14,1971,28.28885
148,3,14,1972,28.41967
148,3,14,1973,28.44315
148,3,14,1974,28.48008
148,3,14,1975,28.63345
148,3,14,1976,28.79706
148,3,14,1977,29.00421
148,3,14,1978,29.05222
148,3,14,1979,29.0278
148,3,14,1980,29.17892
148,3,14,1981,29.28228
148,3,14,1982,29.7723
148,3,14,1983,29.92371
148,3,14,1984,30.10867
148,3,14,1985,30.30058
148,3,14,1986,30.39353
148,3,14,1987,30.4543
148,3,14,1988,30.50063
148,3,14,1989,30.53267
148,3,14,1990,30.81089
148,3,14,1991,30.80086
148,3,14,1992,30.78941
148,3,14,1993,30.76746
148,3,14,1994,30.95694
148,3,14,1995,31.08741
148,3,14,1996,31.28012
148,3,14,1997,31.36262
148,3,14,1998,31.4563
148,3,14,1999,31.44135
148,3,14,2000,31.84516
148,3,14,2001,32.22828
148,3,14,2002,32.50294
148,3,14,2003,32.5012
148,3,14,2004,32.69446
148,3,14,2005,32.80318
148,3,14,2006,32.91042
148,3,14,2007,32.98413
148,3,14,2008,33.10369
148,3,14,2009,33.18976
148,3,14,2010,33.35649
148,3,14,2011,33.44261
148,3,14,2012,33.52249
148,3,14,2013,32.80643
148,3,14,2014,32.93362
148,3,14,2015,32.98282
148,3,14,2016,33.15424
148,3,14,2017,33.22438
148,3,14,2018,33.33133
148,3,14,2019,33.44819
149,1,14,1950,25.30699
149,1,14,1951,25.32362
149,1,14,1952,25.4557
149,1,14,1953,25.57933
149,1,14,1954,25.93788
149,1,14,1955,26.03679
149,1,14,1956,24.86974
149,1,14,1957,26.38461
149,1,14,1958,26.67254
149,1,14,1959,26.80179
149,1,14,1960,26.9408
149,1,14,1961,27.19247
149,1,14,1962,27.49997
149,1,14,1963,27.70651
149,1,14,1964,27.85761
149,1,14,1965,28.19879
149,1,14,1966,28.36891
149,1,14,1967,21.32046
149,1,14,1968,27.84338
149,1,14,1969,28.03922
149,1,14,1970,27.68653
149,1,14,1971,29.29257
149,1,14,1972,29.40845
149,1,14,1973,22.38689
149,1,14,1974,29.65298
149,1,14,1975,29.82726
149,1,14,1976,30.00964
149,1,14,1977,30.18123
149,1,14,1978,29.87835
149,1,14,1979,29.69091
149,1,14,1980,29.68514
149,1,14,1981,29.51455
149,1,14,1982,23.58403
149,1,14,1983,29.64679
149,1,14,1984,29.67973
149,1,14,1985,29.66623
149,1,14,1986,29.65504
149,1,14,1987,29.59926
149,1,14,1988,29.61998
149,1,14,1989,29.7261
149,1,14,1990,29.78032
149,1,14,1991,29.77116
149,1,14,1992,29.83475
149,1,14,1993,29.95989
149,1,14,1994,30.07884
149,1,14,1995,30.09907
149,1,14,1996,30.04462
149,1,14,1997,30.06247
149,1,14,1998,30.06245
149,1,14,1999,29.99285
149,1,14,2000,29.59874
149,1,14,2001,29.33253
149,1,14,2002,29.0234
149,1,14,2003,29.25786
149,1,14,2004,29.31564
149,1,14,2005,29.68998
149,1,14,2006,29.4632
149,1,14,2007,30.11687
149,1,14,2008,29.85406
149,1,14,2009,29.97556
149,1,14,2010,30.75528
149,1,14,2011,30.87921
149,1,14,2012,31.24521
149,1,14,2013,31.67742
149,1,14,2014,31.25146
149,1,14,2015,31.19544
149,1,14,2016,31.53961
149,1,14,2017,31.65601
149,1,14,2018,31.69836
149,1,14,2019,31.90499
149,2,14,1950,30.53009
149,2,14,1951,30.59273
149,2,14,1952,30.68478
149,2,14,1953,30.68904
149,2,14,1954,30.91499
149,2,14,1955,30.98269
149,2,14,1956,30.13147
149,2,14,1957,31.28814
149,2,14,1958,31.41492
149,2,14,1959,31.51464
149,2,14,1960,31.67453
149,2,14,1961,31.74928
149,2,14,1962,31.99432
149,2,14,1963,32.14247
149,2,14,1964,32.30465
149,2,14,1965,32.53212
149,2,14,1966,32.62367
149,2,14,1967,27.26345
149,2,14,1968,32.22814
149,2,14,1969,32.33242
149,2,14,1970,32.0306
149,2,14,1971,33.14167
149,2,14,1972,33.26168
149,2,14,1973,28.05983
149,2,14,1974,33.35324
149,2,14,1975,33.49261
149,2,14,1976,33.64969
149,2,14,1977,33.73998
149,2,14,1978,33.49407
149,2,14,1979,33.39234
149,2,14,1980,33.23571
149,2,14,1981,33.04481
149,2,14,1982,28.80628
149,2,14,1983,33.05576
149,2,14,1984,33.15695
149,2,14,1985,33.08326
149,2,14,1986,32.9674
149,2,14,1987,32.90879
149,2,14,1988,32.91848
149,2,14,1989,32.99459
149,2,14,1990,33.0885
149,2,14,1991,33.03215
149,2,14,1992,33.07066
149,2,14,1993,33.19591
149,2,14,1994,33.35247
149,2,14,1995,33.36202
149,2,14,1996,33.30634
149,2,14,1997,33.31195
149,2,14,1998,33.38573
149,2,14,1999,33.39012
149,2,14,2000,33.16615
149,2,14,2001,33.12585
149,2,14,2002,33.10271
149,2,14,2003,33.28821
149,2,14,2004,33.36883
149,2,14,2005,33.60179
149,2,14,2006,33.40228
149,2,14,2007,33.73137
149,2,14,2008,33.503
149,2,14,2009,33.62098
149,2,14,2010,34.00216
149,2,14,2011,33.99322
149,2,14,2012,34.44103
149,2,14,2013,34.62452
149,2,14,2014,34.31947
149,2,14,2015,33.93814
149,2,14,2016,33.83408
149,2,14,2017,33.97355
149,2,14,2018,34.20047
149,2,14,2019,34.2995
149,3,14,1950,27.40833
149,3,14,1951,27.482
149,3,14,1952,27.54879
149,3,14,1953,27.69137
149,3,14,1954,27.98008
149,3,14,1955,28.12599
149,3,14,1956,27.09932
149,3,14,1957,28.50718
149,3,14,1958,28.72873
149,3,14,1959,28.86116
149,3,14,1960,29.00737
149,3,14,1961,29.19864
149,3,14,1962,29.46176
149,3,14,1963,29.70268
149,3,14,1964,29.81703
149,3,14,1965,30.12157
149,3,14,1966,30.247
149,3,14,1967,24.02011
149,3,14,1968,29.86057
149,3,14,1969,30.03098
149,3,14,1970,29.75005
149,3,14,1971,31.126
149,3,14,1972,31.28295
149,3,14,1973,25.10807
149,3,14,1974,31.44989
149,3,14,1975,31.65337
149,3,14,1976,31.81746
149,3,14,1977,31.91082
149,3,14,1978,31.69103
149,3,14,1979,31.49015
149,3,14,1980,31.41045
149,3,14,1981,31.27494
149,3,14,1982,26.20262
149,3,14,1983,31.38034
149,3,14,1984,31.43932
149,3,14,1985,31.40779
149,3,14,1986,31.35521
149,3,14,1987,31.298
149,3,14,1988,31.31304
149,3,14,1989,31.40165
149,3,14,1990,31.48668
149,3,14,1991,31.44975
149,3,14,1992,31.50728
149,3,14,1993,31.63
149,3,14,1994,31.70899
149,3,14,1995,31.77097
149,3,14,1996,31.72544
149,3,14,1997,31.66858
149,3,14,1998,31.71767
149,3,14,1999,31.69111
149,3,14,2000,31.36241
149,3,14,2001,31.24049
149,3,14,2002,31.05957
149,3,14,2003,31.20055
149,3,14,2004,31.21129
149,3,14,2005,31.4774
149,3,14,2006,31.28572
149,3,14,2007,31.77858
149,3,14,2008,31.54565
149,3,14,2009,31.72854
149,3,14,2010,32.29719
149,3,14,2011,32.36815
149,3,14,2012,32.7832
149,3,14,2013,33.07217
149,3,14,2014,32.6879
149,3,14,2015,32.48787
149,3,14,2016,32.58824
149,3,14,2017,32.76289
149,3,14,2018,32.99948
149,3,14,2019,33.12117
150,1,14,1950,20.00012
150,1,14,1951,20.17838
150,1,14,1952,20.36798
150,1,14,1953,20.42769
150,1,14,1954,20.66649
150,1,14,1955,20.74994
150,1,14,1956,20.88405
150,1,14,1957,21.05518
150,1,14,1958,21.16553
150,1,14,1959,21.47766
150,1,14,1960,21.69304
150,1,14,1961,21.96247
150,1,14,1962,22.20743
150,1,14,1963,22.51419
150,1,14,1964,22.77603
150,1,14,1965,22.96586
150,1,14,1966,23.08569
150,1,14,1967,23.63253
150,1,14,1968,24.25196
150,1,14,1969,25.04491
150,1,14,1970,25.59428
150,1,14,1971,25.90921
150,1,14,1972,26.14219
150,1,14,1973,26.52424
150,1,14,1974,26.75588
150,1,14,1975,26.77434
150,1,14,1976,26.92576
150,1,14,1977,26.96945
150,1,14,1978,27.07742
150,1,14,1979,27.12267
150,1,14,1980,27.21215
150,1,14,1981,27.30681
150,1,14,1982,27.47895
150,1,14,1983,27.57171
150,1,14,1984,27.65588
150,1,14,1985,27.81475
150,1,14,1986,27.7926
150,1,14,1987,27.94067
150,1,14,1988,28.07737
150,1,14,1989,28.05996
150,1,14,1990,28.09202
150,1,14,1991,28.1504
150,1,14,1992,28.13025
150,1,14,1993,28.15831
150,1,14,1994,28.16571
150,1,14,1995,28.09746
150,1,14,1996,27.9801
150,1,14,1997,28.0234
150,1,14,1998,28.01098
150,1,14,1999,27.97074
150,1,14,2000,28.01194
150,1,14,2001,28.12639
150,1,14,2002,28.09647
150,1,14,2003,28.03679
150,1,14,2004,28.04335
150,1,14,2005,27.74319
150,1,14,2006,27.61013
150,1,14,2007,27.43646
150,1,14,2008,27.36476
150,1,14,2009,27.58227
150,1,14,2010,27.82479
150,1,14,2011,28.41518
150,1,14,2012,28.96531
150,1,14,2013,29.13649
150,1,14,2014,29.53724
150,1,14,2015,29.69154
150,1,14,2016,29.93046
150,1,14,2017,30.28338
150,1,14,2018,31.16707
150,1,14,2019,31.67038
150,2,14,1950,25.89903
150,2,14,1951,26.00621
150,2,14,1952,26.06059
150,2,14,1953,26.27519
150,2,14,1954,26.38112
150,2,14,1955,26.53765
150,2,14,1956,26.6924
150,2,14,1957,26.83
150,2,14,1958,27.01384
150,2,14,1959,27.1497
150,2,14,1960,27.23503
150,2,14,1961,27.46505
150,2,14,1962,27.66543
150,2,14,1963,27.79271
150,2,14,1964,27.95378
150,2,14,1965,27.99603
150,2,14,1966,28.15303
150,2,14,1967,28.46982
150,2,14,1968,28.93233
150,2,14,1969,29.45675
150,2,14,1970,29.83248
150,2,14,1971,30.19044
150,2,14,1972,30.33751
150,2,14,1973,30.45139
150,2,14,1974,30.65591
150,2,14,1975,30.53768
150,2,14,1976,30.44649
150,2,14,1977,30.27505
150,2,14,1978,30.20534
150,2,14,1979,30.10609
150,2,14,1980,30.06383
150,2,14,1981,29.97864
150,2,14,1982,30.07063
150,2,14,1983,30.20282
150,2,14,1984,30.16954
150,2,14,1985,30.24771
150,2,14,1986,30.25816
150,2,14,1987,30.4379
150,2,14,1988,30.50472
150,2,14,1989,30.54474
150,2,14,1990,30.57455
150,2,14,1991,30.48
150,2,14,1992,30.45185
150,2,14,1993,30.48856
150,2,14,1994,30.53332
150,2,14,1995,30.47598
150,2,14,1996,30.45984
150,2,14,1997,30.49887
150,2,14,1998,30.48915
150,2,14,1999,30.4767
150,2,14,2000,30.47912
150,2,14,2001,30.58762
150,2,14,2002,30.39412
150,2,14,2003,30.29245
150,2,14,2004,30.548
150,2,14,2005,30.23405
150,2,14,2006,29.80764
150,2,14,2007,29.83056
150,2,14,2008,30.05935
150,2,14,2009,30.1871
150,2,14,2010,30.10973
150,2,14,2011,30.34036
150,2,14,2012,30.97536
150,2,14,2013,31.30654
150,2,14,2014,31.29751
150,2,14,2015,31.40099
150,2,14,2016,31.67882
150,2,14,2017,31.99371
150,2,14,2018,32.55157
150,2,14,2019,32.93965
150,3,14,1950,22.51865
150,3,14,1951,22.70974
150,3,14,1952,22.91776
150,3,14,1953,22.99514
150,3,14,1954,23.18905
150,3,14,1955,23.34423
150,3,14,1956,23.44063
150,3,14,1957,23.54361
150,3,14,1958,23.75551
150,3,14,1959,24.02909
150,3,14,1960,24.22856
150,3,14,1961,24.60202
150,3,14,1962,24.86179
150,3,14,1963,25.0921
150,3,14,1964,25.32593
150,3,14,1965,25.438
150,3,14,1966,25.54311
150,3,14,1967,25.89227
150,3,14,1968,26.49822
150,3,14,1969,27.1355
150,3,14,1970,27.59783
150,3,14,1971,27.86007
150,3,14,1972,28.10291
150,3,14,1973,28.36967
150,3,14,1974,28.63445
150,3,14,1975,28.55975
150,3,14,1976,28.62661
150,3,14,1977,28.56275
150,3,14,1978,28.62576
150,3,14,1979,28.50615
150,3,14,1980,28.53425
150,3,14,1981,28.56443
150,3,14,1982,28.65646
150,3,14,1983,28.67776
150,3,14,1984,28.74399
150,3,14,1985,28.77147
150,3,14,1986,28.79358
150,3,14,1987,28.94777
150,3,14,1988,29.0384
150,3,14,1989,29.05726
150,3,14,1990,29.15971
150,3,14,1991,29.10497
150,3,14,1992,29.14948
150,3,14,1993,29.10973
150,3,14,1994,29.113
150,3,14,1995,29.03913
150,3,14,1996,28.97096
150,3,14,1997,28.92952
150,3,14,1998,28.83289
150,3,14,1999,28.79276
150,3,14,2000,28.78264
150,3,14,2001,28.95568
150,3,14,2002,28.87979
150,3,14,2003,28.87766
150,3,14,2004,28.98164
150,3,14,2005,28.7244
150,3,14,2006,28.44173
150,3,14,2007,28.37894
150,3,14,2008,28.41414
150,3,14,2009,28.59188
150,3,14,2010,28.70655
150,3,14,2011,29.05121
150,3,14,2012,29.59571
150,3,14,2013,29.92557
150,3,14,2014,30.23588
150,3,14,2015,30.3652
150,3,14,2016,30.56378
150,3,14,2017,30.85123
150,3,14,2018,31.55277
150,3,14,2019,32.00684
151,1,14,1950,29.22613
151,1,14,1951,29.2262
151,1,14,1952,29.32647
151,1,14,1953,29.32907
151,1,14,1954,29.39277
151,1,14,1955,29.4449
151,1,14,1956,29.5137
151,1,14,1957,29.53631
151,1,14,1958,29.45323
151,1,14,1959,29.49868
151,1,14,1960,29.58035
151,1,14,1961,29.71766
151,1,14,1962,29.87611
151,1,14,1963,29.93668
151,1,14,1964,29.95132
151,1,14,1965,30.13682
151,1,14,1966,30.28136
151,1,14,1967,30.26604
151,1,14,1968,30.38378
151,1,14,1969,30.53234
151,1,14,1970,30.76867
151,1,14,1971,30.87591
151,1,14,1972,30.97902
151,1,14,1973,31.13212
151,1,14,1974,31.3185
151,1,14,1975,31.50982
151,1,14,1976,31.6912
151,1,14,1977,31.8472
151,1,14,1978,31.18697
151,1,14,1979,30.54806
151,1,14,1980,31.0233
151,1,14,1981,30.98877
151,1,14,1982,30.16483
151,1,14,1983,30.80515
151,1,14,1984,33.4307
151,1,14,1985,33.26164
151,1,14,1986,31.15002
151,1,14,1987,30.33757
151,1,14,1988,29.78552
151,1,14,1989,29.71253
151,1,14,1990,29.87377
151,1,14,1991,29.44292
151,1,14,1992,29.31505
151,1,14,1993,29.55786
151,1,14,1994,31.59379
151,1,14,1995,32.96769
151,1,14,1996,30.85744
151,1,14,1997,29.97149
151,1,14,1998,29.90717
151,1,14,1999,30.38824
151,1,14,2000,31.29556
151,1,14,2001,31.6548
151,1,14,2002,31.73383
151,1,14,2003,31.86928
151,1,14,2004,32.42392
151,1,14,2005,32.49065
151,1,14,2006,32.3348
151,1,14,2007,32.34046
151,1,14,2008,32.60333
151,1,14,2009,32.94309
151,1,14,2010,33.40105
151,1,14,2011,33.79525
151,1,14,2012,34.15836
151,1,14,2013,34.48204
151,1,14,2014,34.64631
151,1,14,2015,34.47911
151,1,14,2016,34.76201
151,1,14,2017,34.96811
151,1,14,2018,35.23201
151,1,14,2019,35.3728
151,2,14,1950,33.57721
151,2,14,1951,33.5823
151,2,14,1952,33.57147
151,2,14,1953,33.55549
151,2,14,1954,33.68353
151,2,14,1955,33.63571
151,2,14,1956,33.68148
151,2,14,1957,33.67907
151,2,14,1958,33.73255
151,2,14,1959,33.74205
151,2,14,1960,33.78689
151,2,14,1961,33.76981
151,2,14,1962,33.85967
151,2,14,1963,33.91958
151,2,14,1964,33.84317
151,2,14,1965,33.96177
151,2,14,1966,34.02348
151,2,14,1967,34.06496
151,2,14,1968,34.07769
151,2,14,1969,34.09115
151,2,14,1970,34.17532
151,2,14,1971,34.26532
151,2,14,1972,34.38668
151,2,14,1973,34.47611
151,2,14,1974,34.63514
151,2,14,1975,34.73493
151,2,14,1976,34.83829
151,2,14,1977,34.97381
151,2,14,1978,35.16137
151,2,14,1979,35.33251
151,2,14,1980,35.99375
151,2,14,1981,36.06008
151,2,14,1982,35.94938
151,2,14,1983,36.23645
151,2,14,1984,35.8693
151,2,14,1985,35.32566
151,2,14,1986,35.00324
151,2,14,1987,34.67571
151,2,14,1988,34.18609
151,2,14,1989,32.92328
151,2,14,1990,31.23605
151,2,14,1991,31.27186
151,2,14,1992,30.93358
151,2,14,1993,30.35567
151,2,14,1994,30.9858
151,2,14,1995,31.7693
151,2,14,1996,30.93216
151,2,14,1997,30.45954
151,2,14,1998,30.38156
151,2,14,1999,30.25586
151,2,14,2000,30.41892
151,2,14,2001,30.35681
151,2,14,2002,30.01776
151,2,14,2003,30.04033
151,2,14,2004,30.19636
151,2,14,2005,30.04996
151,2,14,2006,29.75194
151,2,14,2007,29.52562
151,2,14,2008,29.75263
151,2,14,2009,29.90572
151,2,14,2010,30.15621
151,2,14,2011,30.53127
151,2,14,2012,30.84291
151,2,14,2013,30.99155
151,2,14,2014,31.19199
151,2,14,2015,32.12302
151,2,14,2016,32.3454
151,2,14,2017,32.43224
151,2,14,2018,32.56374
151,2,14,2019,32.76307
151,3,14,1950,31.26998
151,3,14,1951,31.20435
151,3,14,1952,31.23838
151,3,14,1953,31.28134
151,3,14,1954,31.25335
151,3,14,1955,31.24702
151,3,14,1956,31.19922
151,3,14,1957,31.18175
151,3,14,1958,31.19418
151,3,14,1959,31.15969
151,3,14,1960,31.26814
151,3,14,1961,31.40027
151,3,14,1962,31.47269
151,3,14,1963,31.57578
151,3,14,1964,31.68495
151,3,14,1965,31.78745
151,3,14,1966,31.89551
151,3,14,1967,31.9748
151,3,14,1968,32.09521
151,3,14,1969,32.18504
151,3,14,1970,32.31486
151,3,14,1971,32.47617
151,3,14,1972,32.42076
151,3,14,1973,32.49916
151,3,14,1974,32.52413
151,3,14,1975,32.63139
151,3,14,1976,32.85736
151,3,14,1977,32.96169
151,3,14,1978,32.60031
151,3,14,1979,32.24641
151,3,14,1980,32.87598
151,3,14,1981,32.89763
151,3,14,1982,32.33275
151,3,14,1983,32.78229
151,3,14,1984,34.12868
151,3,14,1985,33.79016
151,3,14,1986,32.41165
151,3,14,1987,31.74343
151,3,14,1988,31.24678
151,3,14,1989,30.76299
151,3,14,1990,30.26016
151,3,14,1991,29.97416
151,3,14,1992,29.73912
151,3,14,1993,29.59655
151,3,14,1994,30.88561
151,3,14,1995,31.84986
151,3,14,1996,30.44751
151,3,14,1997,29.79596
151,3,14,1998,29.76176
151,3,14,1999,29.98846
151,3,14,2000,30.5435
151,3,14,2001,30.79092
151,3,14,2002,30.61149
151,3,14,2003,30.71877
151,3,14,2004,31.15718
151,3,14,2005,31.15648
151,3,14,2006,30.9565
151,3,14,2007,30.89534
151,3,14,2008,31.1533
151,3,14,2009,31.39452
151,3,14,2010,31.79149
151,3,14,2011,32.28096
151,3,14,2012,32.6168
151,3,14,2013,32.96995
151,3,14,2014,33.17879
151,3,14,2015,33.59373
151,3,14,2016,33.89219
151,3,14,2017,34.10502
151,3,14,2018,34.35387
151,3,14,2019,34.55054
152,1,14,1950,25.13104
152,1,14,1951,25.34214
152,1,14,1952,25.38113
152,1,14,1953,25.52677
152,1,14,1954,25.72431
152,1,14,1955,25.7732
152,1,14,1956,25.7973
152,1,14,1957,25.87858
152,1,14,1958,26.00591
152,1,14,1959,26.17234
152,1,14,1960,26.37912
152,1,14,1961,26.60157
152,1,14,1962,26.73115
152,1,14,1963,26.90395
152,1,14,1964,27.11002
152,1,14,1965,27.34844
152,1,14,1966,27.68459
152,1,14,1967,27.92299
152,1,14,1968,28.13568
152,1,14,1969,28.3496
152,1,14,1970,28.6485
152,1,14,1971,28.8984
152,1,14,1972,29.27307
152,1,14,1973,29.7227
152,1,14,1974,30.08255
152,1,14,1975,30.28411
152,1,14,1976,30.4985
152,1,14,1977,30.73249
152,1,14,1978,30.79937
152,1,14,1979,30.97354
152,1,14,1980,31.15713
152,1,14,1981,31.2851
152,1,14,1982,31.3417
152,1,14,1983,31.18035
152,1,14,1984,31.12648
152,1,14,1985,31.09118
152,1,14,1986,31.06762
152,1,14,1987,31.05208
152,1,14,1988,30.99465
152,1,14,1989,30.88589
152,1,14,1990,30.79779
152,1,14,1991,30.82688
152,1,14,1992,30.85034
152,1,14,1993,30.81786
152,1,14,1994,30.61704
152,1,14,1995,30.45947
152,1,14,1996,30.29774
152,1,14,1997,30.18872
152,1,14,1998,30.02198
152,1,14,1999,29.83172
152,1,14,2000,29.73632
152,1,14,2001,29.63276
152,1,14,2002,29.48667
152,1,14,2003,29.41961
152,1,14,2004,29.44317
152,1,14,2005,29.57816
152,1,14,2006,29.60475
152,1,14,2007,29.6279
152,1,14,2008,29.6562
152,1,14,2009,29.79175
152,1,14,2010,29.8986
152,1,14,2011,30.29429
152,1,14,2012,30.6174
152,1,14,2013,30.92223
152,1,14,2014,31.30068
152,1,14,2015,31.59035
152,1,14,2016,31.98512
152,1,14,2017,32.33176
152,1,14,2018,32.62226
152,1,14,2019,32.92318
152,2,14,1950,28.36538
152,2,14,1951,28.52254
152,2,14,1952,28.51902
152,2,14,1953,28.62419
152,2,14,1954,28.73901
152,2,14,1955,28.76053
152,2,14,1956,28.77277
152,2,14,1957,28.82822
152,2,14,1958,28.89854
152,2,14,1959,28.99074
152,2,14,1960,29.11436
152,2,14,1961,29.24385
152,2,14,1962,29.36564
152,2,14,1963,29.48455
152,2,14,1964,29.61432
152,2,14,1965,29.77986
152,2,14,1966,30.02777
152,2,14,1967,30.24019
152,2,14,1968,30.38039
152,2,14,1969,30.5195
152,2,14,1970,30.74055
152,2,14,1971,30.91463
152,2,14,1972,31.26184
152,2,14,1973,31.54749
152,2,14,1974,31.75489
152,2,14,1975,31.93119
152,2,14,1976,32.07294
152,2,14,1977,32.22524
152,2,14,1978,32.25049
152,2,14,1979,32.3567
152,2,14,1980,32.47257
152,2,14,1981,32.47265
152,2,14,1982,32.52181
152,2,14,1983,32.35465
152,2,14,1984,32.27673
152,2,14,1985,32.21159
152,2,14,1986,32.15374
152,2,14,1987,32.10913
152,2,14,1988,32.00714
152,2,14,1989,31.91356
152,2,14,1990,31.88613
152,2,14,1991,31.85459
152,2,14,1992,31.80825
152,2,14,1993,31.79831
152,2,14,1994,31.6375
152,2,14,1995,31.53548
152,2,14,1996,31.46716
152,2,14,1997,31.45555
152,2,14,1998,31.33402
152,2,14,1999,31.28387
152,2,14,2000,31.2233
152,2,14,2001,31.24192
152,2,14,2002,31.20241
152,2,14,2003,31.35112
152,2,14,2004,31.61886
152,2,14,2005,31.81852
152,2,14,2006,31.94538
152,2,14,2007,32.03463
152,2,14,2008,32.14185
152,2,14,2009,32.36824
152,2,14,2010,32.54981
152,2,14,2011,33.02919
152,2,14,2012,33.40982
152,2,14,2013,33.63856
152,2,14,2014,34.02425
152,2,14,2015,34.30775
152,2,14,2016,34.62824
152,2,14,2017,34.89928
152,2,14,2018,35.1911
152,2,14,2019,35.42962
152,3,14,1950,26.44307
152,3,14,1951,26.64752
152,3,14,1952,26.67318
152,3,14,1953,26.81089
152,3,14,1954,26.95931
152,3,14,1955,27.02152
152,3,14,1956,27.05318
152,3,14,1957,27.13008
152,3,14,1958,27.23557
152,3,14,1959,27.36956
152,3,14,1960,27.54376
152,3,14,1961,27.73757
152,3,14,1962,27.86859
152,3,14,1963,28.02269
152,3,14,1964,28.19668
152,3,14,1965,28.40596
152,3,14,1966,28.70825
152,3,14,1967,28.93088
152,3,14,1968,29.11789
152,3,14,1969,29.30915
152,3,14,1970,29.56394
152,3,14,1971,29.78213
152,3,14,1972,30.16309
152,3,14,1973,30.52356
152,3,14,1974,30.81852
152,3,14,1975,31.00387
152,3,14,1976,31.18367
152,3,14,1977,31.37889
152,3,14,1978,31.42392
152,3,14,1979,31.56459
152,3,14,1980,31.71633
152,3,14,1981,31.77797
152,3,14,1982,31.82669
152,3,14,1983,31.66946
152,3,14,1984,31.60387
152,3,14,1985,31.55425
152,3,14,1986,31.51723
152,3,14,1987,31.48303
152,3,14,1988,31.40473
152,3,14,1989,31.29681
152,3,14,1990,31.23387
152,3,14,1991,31.24378
152,3,14,1992,31.23432
152,3,14,1993,31.22026
152,3,14,1994,31.03906
152,3,14,1995,30.88773
152,3,14,1996,30.77747
152,3,14,1997,30.72432
152,3,14,1998,30.58368
152,3,14,1999,30.46594
152,3,14,2000,30.39014
152,3,14,2001,30.29653
152,3,14,2002,30.20931
152,3,14,2003,30.23068
152,3,14,2004,30.34298
152,3,14,2005,30.4983
152,3,14,2006,30.56681
152,3,14,2007,30.59936
152,3,14,2008,30.65366
152,3,14,2009,30.81677
152,3,14,2010,30.95162
152,3,14,2011,31.3648
152,3,14,2012,31.70703
152,3,14,2013,31.9711
152,3,14,2014,32.35146
152,3,14,2015,32.61855
152,3,14,2016,32.98974
152,3,14,2017,33.31434
152,3,14,2018,33.59495
152,3,14,2019,33.87614
153,1,14,1950,27.42483
153,1,14,1951,27.62845
153,1,14,1952,27.94838
153,1,14,1953,28.17338
153,1,14,1954,28.65002
153,1,14,1955,28.83892
153,1,14,1956,29.08653
153,1,14,1957,29.71647
153,1,14,1958,29.67694
153,1,14,1959,29.74085
153,1,14,1960,29.94048
153,1,14,1961,30.15514
153,1,14,1962,30.36329
153,1,14,1963,30.52277
153,1,14,1964,30.67084
153,1,14,1965,31.26288
153,1,14,1966,30.92481
153,1,14,1967,30.9824
153,1,14,1968,31.20466
153,1,14,1969,31.45067
153,1,14,1970,31.81424
153,1,14,1971,32.19909
153,1,14,1972,32.79086
153,1,14,1973,33.58991
153,1,14,1974,34.12502
153,1,14,1975,34.15344
153,1,14,1976,34.32408
153,1,14,1977,34.49896
153,1,14,1978,34.80112
153,1,14,1979,34.70723
153,1,14,1980,34.59976
153,1,14,1981,34.55494
153,1,14,1982,33.38858
153,1,14,1983,33.49176
153,1,14,1984,33.64629
153,1,14,1985,33.06531
153,1,14,1986,32.87471
153,1,14,1987,32.46416
153,1,14,1988,32.16854
153,1,14,1989,31.71557
153,1,14,1990,31.41105
153,1,14,1991,31.16036
153,1,14,1992,30.75399
153,1,14,1993,31.1347
153,1,14,1994,31.21771
153,1,14,1995,31.28982
153,1,14,1996,31.26227
153,1,14,1997,31.05029
153,1,14,1998,30.8488
153,1,14,1999,31.0023
153,1,14,2000,31.27268
153,1,14,2001,31.75052
153,1,14,2002,31.83537
153,1,14,2003,32.40359
153,1,14,2004,32.70214
153,1,14,2005,32.96901
153,1,14,2006,33.15786
153,1,14,2007,33.27325
153,1,14,2008,33.02789
153,1,14,2009,33.18682
153,1,14,2010,33.4716
153,1,14,2011,33.33461
153,1,14,2012,32.05401
153,1,14,2013,32.19625
153,1,14,2014,27.82281
153,1,14,2015,28.47085
153,1,14,2016,31.78109
153,1,14,2017,32.69284
153,1,14,2018,32.29445
153,1,14,2019,32.97697
153,2,14,1950,31.54459
153,2,14,1951,31.67139
153,2,14,1952,32.00565
153,2,14,1953,32.19438
153,2,14,1954,32.55833
153,2,14,1955,32.69149
153,2,14,1956,32.96297
153,2,14,1957,33.40691
153,2,14,1958,33.43282
153,2,14,1959,33.47274
153,2,14,1960,33.72291
153,2,14,1961,33.87392
153,2,14,1962,33.96258
153,2,14,1963,34.07474
153,2,14,1964,34.14821
153,2,14,1965,34.28304
153,2,14,1966,34.06183
153,2,14,1967,34.35253
153,2,14,1968,34.58096
153,2,14,1969,34.77593
153,2,14,1970,35.34929
153,2,14,1971,35.76805
153,2,14,1972,36.05995
153,2,14,1973,37.25218
153,2,14,1974,37.77248
153,2,14,1975,37.60901
153,2,14,1976,37.42206
153,2,14,1977,37.64563
153,2,14,1978,38.11003
153,2,14,1979,37.7218
153,2,14,1980,37.38637
153,2,14,1981,37.00937
153,2,14,1982,35.41192
153,2,14,1983,35.08135
153,2,14,1984,35.26429
153,2,14,1985,34.13504
153,2,14,1986,34.06682
153,2,14,1987,33.78206
153,2,14,1988,33.47854
153,2,14,1989,33.20665
153,2,14,1990,32.92485
153,2,14,1991,32.64162
153,2,14,1992,32.30667
153,2,14,1993,32.46929
153,2,14,1994,32.29044
153,2,14,1995,32.0017
153,2,14,1996,32.00662
153,2,14,1997,32.0962
153,2,14,1998,31.67647
153,2,14,1999,31.89918
153,2,14,2000,32.32997
153,2,14,2001,32.83448
153,2,14,2002,32.96463
153,2,14,2003,33.53524
153,2,14,2004,33.65274
153,2,14,2005,33.94926
153,2,14,2006,33.99621
153,2,14,2007,34.15971
153,2,14,2008,34.2292
153,2,14,2009,34.39994
153,2,14,2010,34.39106
153,2,14,2011,34.27387
153,2,14,2012,33.68463
153,2,14,2013,33.84474
153,2,14,2014,30.45338
153,2,14,2015,30.8762
153,2,14,2016,33.77958
153,2,14,2017,34.25525
153,2,14,2018,33.72228
153,2,14,2019,34.28817
153,3,14,1950,29.23393
153,3,14,1951,29.33935
153,3,14,1952,29.75851
153,3,14,1953,29.96087
153,3,14,1954,30.42234
153,3,14,1955,30.57187
153,3,14,1956,30.8635
153,3,14,1957,31.37916
153,3,14,1958,31.47984
153,3,14,1959,31.47313
153,3,14,1960,31.69487
153,3,14,1961,31.72373
153,3,14,1962,31.93171
153,3,14,1963,31.92013
153,3,14,1964,32.06509
153,3,14,1965,32.48932
153,3,14,1966,32.37626
153,3,14,1967,32.51904
153,3,14,1968,32.65722
153,3,14,1969,32.71349
153,3,14,1970,32.97754
153,3,14,1971,33.46516
153,3,14,1972,33.81501
153,3,14,1973,34.80145
153,3,14,1974,35.32447
153,3,14,1975,35.21507
153,3,14,1976,35.19161
153,3,14,1977,35.4029
153,3,14,1978,35.8225
153,3,14,1979,35.60262
153,3,14,1980,35.39556
153,3,14,1981,35.16916
153,3,14,1982,33.89116
153,3,14,1983,33.77387
153,3,14,1984,34.02375
153,3,14,1985,33.16457
153,3,14,1986,33.15602
153,3,14,1987,32.9593
153,3,14,1988,32.75561
153,3,14,1989,32.37977
153,3,14,1990,31.97798
153,3,14,1991,31.5937
153,3,14,1992,31.09929
153,3,14,1993,31.34166
153,3,14,1994,31.22944
153,3,14,1995,31.04356
153,3,14,1996,31.1474
153,3,14,1997,31.09088
153,3,14,1998,30.78781
153,3,14,1999,30.95952
153,3,14,2000,31.37785
153,3,14,2001,31.91787
153,3,14,2002,32.04126
153,3,14,2003,32.54543
153,3,14,2004,32.75595
153,3,14,2005,33.07795
153,3,14,2006,33.28333
153,3,14,2007,33.44748
153,3,14,2008,33.44695
153,3,14,2009,33.71347
153,3,14,2010,33.69756
153,3,14,2011,33.49161
153,3,14,2012,32.47234
153,3,14,2013,32.64963
153,3,14,2014,28.88912
153,3,14,2015,29.45069
153,3,14,2016,32.63933
153,3,14,2017,33.42345
153,3,14,2018,33.0503
153,3,14,2019,33.63974
154,1,14,1950,23.62819
154,1,14,1951,23.7719
154,1,14,1952,23.9154
154,1,14,1953,24.11631
154,1,14,1954,24.06702
154,1,14,1955,24.22827
154,1,14,1956,24.29058
154,1,14,1957,24.31201
154,1,14,1958,24.5041
154,1,14,1959,24.62598
154,1,14,1960,24.80037
154,1,14,1961,24.98844
154,1,14,1962,25.26279
154,1,14,1963,25.41035
154,1,14,1964,25.56905
154,1,14,1965,25.75658
154,1,14,1966,25.91986
154,1,14,1967,26.01885
154,1,14,1968,26.01803
154,1,14,1969,25.9291
154,1,14,1970,26.37706
154,1,14,1971,26.62922
154,1,14,1972,27.12907
154,1,14,1973,27.57951
154,1,14,1974,28.08233
154,1,14,1975,28.49971
154,1,14,1976,29.05929
154,1,14,1977,29.61698
154,1,14,1978,30.06532
154,1,14,1979,30.26487
154,1,14,1980,30.43942
154,1,14,1981,30.71637
154,1,14,1982,31.17442
154,1,14,1983,31.55908
154,1,14,1984,31.88547
154,1,14,1985,32.18222
154,1,14,1986,32.18024
154,1,14,1987,32.35617
154,1,14,1988,32.49447
154,1,14,1989,32.75279
154,1,14,1990,32.81765
154,1,14,1991,32.54494
154,1,14,1992,32.4786
154,1,14,1993,32.31471
154,1,14,1994,32.48725
154,1,14,1995,32.37249
154,1,14,1996,32.57896
154,1,14,1997,32.67071
154,1,14,1998,32.84429
154,1,14,1999,33.08858
154,1,14,2000,33.36528
154,1,14,2001,33.62661
154,1,14,2002,33.90821
154,1,14,2003,34.12343
154,1,14,2004,34.13846
154,1,14,2005,34.39267
154,1,14,2006,34.53192
154,1,14,2007,34.71357
154,1,14,2008,34.99263
154,1,14,2009,35.08777
154,1,14,2010,35.12527
154,1,14,2011,35.23384
154,1,14,2012,35.37657
154,1,14,2013,35.42902
154,1,14,2014,35.46009
154,1,14,2015,35.46434
154,1,14,2016,35.53683
154,1,14,2017,35.58125
154,1,14,2018,35.62038
154,1,14,2019,35.81942
154,2,14,1950,26.96721
154,2,14,1951,27.08669
154,2,14,1952,27.11394
154,2,14,1953,27.16218
154,2,14,1954,27.16648
154,2,14,1955,27.28315
154,2,14,1956,27.30031
154,2,14,1957,27.28493
154,2,14,1958,27.30174
154,2,14,1959,27.39908
154,2,14,1960,27.55409
154,2,14,1961,27.68768
154,2,14,1962,27.70295
154,2,14,1963,27.77103
154,2,14,1964,27.81271
154,2,14,1965,27.96438
154,2,14,1966,28.10459
154,2,14,1967,28.07385
154,2,14,1968,27.90768
154,2,14,1969,27.98744
154,2,14,1970,28.53721
154,2,14,1971,28.96728
154,2,14,1972,29.77044
154,2,14,1973,30.23162
154,2,14,1974,30.82967
154,2,14,1975,31.45716
154,2,14,1976,31.96417
154,2,14,1977,32.5441
154,2,14,1978,33.00183
154,2,14,1979,32.44351
154,2,14,1980,32.84178
154,2,14,1981,33.1966
154,2,14,1982,33.69522
154,2,14,1983,34.20091
154,2,14,1984,34.55247
154,2,14,1985,34.88616
154,2,14,1986,34.95264
154,2,14,1987,35.22995
154,2,14,1988,35.41813
154,2,14,1989,35.57218
154,2,14,1990,35.65863
154,2,14,1991,35.65157
154,2,14,1992,35.70209
154,2,14,1993,35.74842
154,2,14,1994,35.91514
154,2,14,1995,35.60899
154,2,14,1996,35.7963
154,2,14,1997,35.87044
154,2,14,1998,36.0388
154,2,14,1999,36.3331
154,2,14,2000,36.62871
154,2,14,2001,36.85193
154,2,14,2002,37.087
154,2,14,2003,37.29296
154,2,14,2004,37.51442
154,2,14,2005,37.71019
154,2,14,2006,37.78511
154,2,14,2007,37.90669
154,2,14,2008,38.0454
154,2,14,2009,38.20214
154,2,14,2010,38.33921
154,2,14,2011,38.40051
154,2,14,2012,38.35989
154,2,14,2013,38.45408
154,2,14,2014,38.49881
154,2,14,2015,38.51928
154,2,14,2016,38.60484
154,2,14,2017,38.67226
154,2,14,2018,38.7554
154,2,14,2019,38.90349
154,3,14,1950,25.31355
154,3,14,1951,25.44581
154,3,14,1952,25.60279
154,3,14,1953,25.61397
154,3,14,1954,25.70675
154,3,14,1955,25.76157
154,3,14,1956,25.80601
154,3,14,1957,25.80461
154,3,14,1958,25.80794
154,3,14,1959,25.89099
154,3,14,1960,26.02366
154,3,14,1961,26.23452
154,3,14,1962,26.42261
154,3,14,1963,26.51508
154,3,14,1964,26.56299
154,3,14,1965,26.7743
154,3,14,1966,26.89644
154,3,14,1967,26.94536
154,3,14,1968,26.81604
154,3,14,1969,26.81788
154,3,14,1970,27.27082
154,3,14,1971,27.63603
154,3,14,1972,28.24328
154,3,14,1973,28.69964
154,3,14,1974,29.23382
154,3,14,1975,29.75065
154,3,14,1976,30.29531
154,3,14,1977,30.81864
154,3,14,1978,31.19096
154,3,14,1979,31.09208
154,3,14,1980,31.36058
154,3,14,1981,31.71031
154,3,14,1982,32.25005
154,3,14,1983,32.73656
154,3,14,1984,33.07824
154,3,14,1985,33.31156
154,3,14,1986,33.30332
154,3,14,1987,33.49053
154,3,14,1988,33.65853
154,3,14,1989,33.97256
154,3,14,1990,34.09981
154,3,14,1991,33.97156
154,3,14,1992,33.92166
154,3,14,1993,33.7879
154,3,14,1994,33.94263
154,3,14,1995,33.82361
154,3,14,1996,34.07223
154,3,14,1997,34.15832
154,3,14,1998,34.26659
154,3,14,1999,34.53575
154,3,14,2000,34.86457
154,3,14,2001,35.14104
154,3,14,2002,35.42489
154,3,14,2003,35.5703
154,3,14,2004,35.67162
154,3,14,2005,35.93276
154,3,14,2006,35.99726
154,3,14,2007,36.237
154,3,14,2008,36.43502
154,3,14,2009,36.4913
154,3,14,2010,36.61049
154,3,14,2011,36.72689
154,3,14,2012,36.86009
154,3,14,2013,36.90108
154,3,14,2014,36.92636
154,3,14,2015,36.95148
154,3,14,2016,37.0354
154,3,14,2017,37.09894
154,3,14,2018,37.15426
154,3,14,2019,37.33775
155,1,14,1950,23.17807
155,1,14,1951,23.51088
155,1,14,1952,23.75738
155,1,14,1953,24.09302
155,1,14,1954,23.9882
155,1,14,1955,24.31016
155,1,14,1956,24.49512
155,1,14,1957,24.69215
155,1,14,1958,24.91107
155,1,14,1959,25.19598
155,1,14,1960,25.31121
155,1,14,1961,25.55501
155,1,14,1962,25.80022
155,1,14,1963,26.08423
155,1,14,1964,26.41216
155,1,14,1965,26.60603
155,1,14,1966,26.8214
155,1,14,1967,27.24626
155,1,14,1968,27.55261
155,1,14,1969,27.99693
155,1,14,1970,28.07129
155,1,14,1971,28.28785
155,1,14,1972,28.64202
155,1,14,1973,28.63403
155,1,14,1974,28.83376
155,1,14,1975,28.97975
155,1,14,1976,28.99695
155,1,14,1977,29.14843
155,1,14,1978,29.13423
155,1,14,1979,28.9025
155,1,14,1980,29.11261
155,1,14,1981,29.22409
155,1,14,1982,29.46882
155,1,14,1983,29.45628
155,1,14,1984,29.31053
155,1,14,1985,29.62231
155,1,14,1986,29.69907
155,1,14,1987,29.80811
155,1,14,1988,29.85679
155,1,14,1989,29.82876
155,1,14,1990,29.93089
155,1,14,1991,30.29105
155,1,14,1992,30.43647
155,1,14,1993,30.62511
155,1,14,1994,30.77095
155,1,14,1995,31.02355
155,1,14,1996,31.34502
155,1,14,1997,31.45006
155,1,14,1998,31.76607
155,1,14,1999,32.43106
155,1,14,2000,33.69897
155,1,14,2001,33.24606
155,1,14,2002,32.64397
155,1,14,2003,32.87089
155,1,14,2004,33.24998
155,1,14,2005,33.75787
155,1,14,2006,34.0375
155,1,14,2007,34.23526
155,1,14,2008,34.31909
155,1,14,2009,33.98028
155,1,14,2010,33.91186
155,1,14,2011,33.71101
155,1,14,2012,33.82254
155,1,14,2013,33.81765
155,1,14,2014,33.77878
155,1,14,2015,34.15596
155,1,14,2016,34.46663
155,1,14,2017,34.81536
155,1,14,2018,35.40864
155,1,14,2019,35.78459
155,2,14,1950,30.41907
155,2,14,1951,30.84834
155,2,14,1952,30.91117
155,2,14,1953,31.23886
155,2,14,1954,31.07902
155,2,14,1955,31.30565
155,2,14,1956,31.48798
155,2,14,1957,31.45526
155,2,14,1958,31.6451
155,2,14,1959,31.76971
155,2,14,1960,31.90691
155,2,14,1961,32.16109
155,2,14,1962,32.34638
155,2,14,1963,32.54138
155,2,14,1964,32.78602
155,2,14,1965,32.87133
155,2,14,1966,32.96663
155,2,14,1967,33.22205
155,2,14,1968,33.46275
155,2,14,1969,33.78857
155,2,14,1970,34.03115
155,2,14,1971,34.19063
155,2,14,1972,34.29448
155,2,14,1973,34.39235
155,2,14,1974,34.47481
155,2,14,1975,34.56528
155,2,14,1976,34.66071
155,2,14,1977,34.71687
155,2,14,1978,34.70288
155,2,14,1979,34.47616
155,2,14,1980,34.34033
155,2,14,1981,34.24049
155,2,14,1982,34.15947
155,2,14,1983,34.27623
155,2,14,1984,34.3635
155,2,14,1985,34.50221
155,2,14,1986,34.45494
155,2,14,1987,34.5057
155,2,14,1988,34.65138
155,2,14,1989,34.46611
155,2,14,1990,34.62161
155,2,14,1991,34.62139
155,2,14,1992,34.78656
155,2,14,1993,34.96143
155,2,14,1994,34.98016
155,2,14,1995,35.20382
155,2,14,1996,35.65204
155,2,14,1997,36.10404
155,2,14,1998,36.48541
155,2,14,1999,36.77167
155,2,14,2000,37.68773
155,2,14,2001,38.12482
155,2,14,2002,38.51363
155,2,14,2003,38.784
155,2,14,2004,39.17006
155,2,14,2005,39.31965
155,2,14,2006,38.72811
155,2,14,2007,38.17102
155,2,14,2008,37.67506
155,2,14,2009,37.48559
155,2,14,2010,37.45337
155,2,14,2011,37.53011
155,2,14,2012,37.71189
155,2,14,2013,37.69159
155,2,14,2014,37.834
155,2,14,2015,38.04529
155,2,14,2016,38.25188
155,2,14,2017,38.46608
155,2,14,2018,38.87942
155,2,14,2019,39.12531
155,3,14,1950,26.72595
155,3,14,1951,26.9972
155,3,14,1952,27.11239
155,3,14,1953,27.37939
155,3,14,1954,27.18392
155,3,14,1955,27.30784
155,3,14,1956,27.49986
155,3,14,1957,27.68267
155,3,14,1958,27.84408
155,3,14,1959,28.12553
155,3,14,1960,28.40612
155,3,14,1961,28.63015
155,3,14,1962,28.95793
155,3,14,1963,29.20348
155,3,14,1964,29.4986
155,3,14,1965,29.66878
155,3,14,1966,29.79098
155,3,14,1967,29.99697
155,3,14,1968,30.17663
155,3,14,1969,30.2387
155,3,14,1970,30.28119
155,3,14,1971,30.48488
155,3,14,1972,30.72498
155,3,14,1973,30.81185
155,3,14,1974,31.02559
155,3,14,1975,31.0713
155,3,14,1976,31.18697
155,3,14,1977,31.39087
155,3,14,1978,31.4333
155,3,14,1979,31.28833
155,3,14,1980,31.30655
155,3,14,1981,31.36079
155,3,14,1982,31.44253
155,3,14,1983,31.51395
155,3,14,1984,31.43423
155,3,14,1985,31.59277
155,3,14,1986,31.73522
155,3,14,1987,31.90104
155,3,14,1988,32.08177
155,3,14,1989,31.95265
155,3,14,1990,31.9497
155,3,14,1991,32.0855
155,3,14,1992,32.20046
155,3,14,1993,32.38079
155,3,14,1994,32.52878
155,3,14,1995,32.76967
155,3,14,1996,33.2294
155,3,14,1997,33.70291
155,3,14,1998,34.08037
155,3,14,1999,34.46796
155,3,14,2000,35.44716
155,3,14,2001,35.3248
155,3,14,2002,35.09992
155,3,14,2003,35.36494
155,3,14,2004,35.75266
155,3,14,2005,36.12871
155,3,14,2006,36.09873
155,3,14,2007,36.05718
155,3,14,2008,35.92827
155,3,14,2009,35.75242
155,3,14,2010,35.58911
155,3,14,2011,35.45064
155,3,14,2012,35.46264
155,3,14,2013,35.49831
155,3,14,2014,35.52933
155,3,14,2015,35.84328
155,3,14,2016,36.16578
155,3,14,2017,36.55434
155,3,14,2018,37.15624
155,3,14,2019,37.47812
156,1,14,1950,28.35507
156,1,14,1951,28.38143
156,1,14,1952,28.3936
156,1,14,1953,28.50812
156,1,14,1954,28.45949
156,1,14,1955,28.39567
156,1,14,1956,28.38042
156,1,14,1957,28.48726
156,1,14,1958,28.7744
156,1,14,1959,28.91016
156,1,14,1960,29.03639
156,1,14,1961,29.07988
156,1,14,1962,29.27752
156,1,14,1963,29.53296
156,1,14,1964,29.52618
156,1,14,1965,29.643
156,1,14,1966,29.61087
156,1,14,1967,29.62723
156,1,14,1968,29.70672
156,1,14,1969,29.77442
156,1,14,1970,29.54264
156,1,14,1971,29.89379
156,1,14,1972,29.93983
156,1,14,1973,29.94909
156,1,14,1974,30.12775
156,1,14,1975,30.06122
156,1,14,1976,30.0174
156,1,14,1977,30.01022
156,1,14,1978,29.88246
156,1,14,1979,29.89268
156,1,14,1980,29.98922
156,1,14,1981,29.93567
156,1,14,1982,29.9481
156,1,14,1983,29.7857
156,1,14,1984,29.66966
156,1,14,1985,29.50599
156,1,14,1986,29.29098
156,1,14,1987,29.01218
156,1,14,1988,28.87914
156,1,14,1989,28.67442
156,1,14,1990,28.58894
156,1,14,1991,28.44085
156,1,14,1992,28.30932
156,1,14,1993,28.17226
156,1,14,1994,27.84187
156,1,14,1995,27.79413
156,1,14,1996,27.73607
156,1,14,1997,27.67591
156,1,14,1998,27.83461
156,1,14,1999,27.90294
156,1,14,2000,27.53993
156,1,14,2001,27.61051
156,1,14,2002,27.66521
156,1,14,2003,27.914
156,1,14,2004,28.10128
156,1,14,2005,28.3047
156,1,14,2006,28.68763
156,1,14,2007,29.66096
156,1,14,2008,30.12743
156,1,14,2009,30.42418
156,1,14,2010,30.62226
156,1,14,2011,30.86143
156,1,14,2012,31.12947
156,1,14,2013,31.29509
156,1,14,2014,31.46779
156,1,14,2015,31.65543
156,1,14,2016,31.79788
156,1,14,2017,31.94071
156,1,14,2018,32.12055
156,1,14,2019,32.1613
156,2,14,1950,31.29174
156,2,14,1951,31.25561
156,2,14,1952,31.26816
156,2,14,1953,31.25354
156,2,14,1954,31.19889
156,2,14,1955,31.13974
156,2,14,1956,31.11531
156,2,14,1957,31.24877
156,2,14,1958,31.28177
156,2,14,1959,31.19955
156,2,14,1960,31.29194
156,2,14,1961,31.33383
156,2,14,1962,31.39453
156,2,14,1963,31.41246
156,2,14,1964,31.48349
156,2,14,1965,31.4899
156,2,14,1966,31.56321
156,2,14,1967,31.55618
156,2,14,1968,31.59884
156,2,14,1969,31.6551
156,2,14,1970,31.59141
156,2,14,1971,31.6461
156,2,14,1972,31.7135
156,2,14,1973,31.67623
156,2,14,1974,31.61583
156,2,14,1975,31.56359
156,2,14,1976,31.57942
156,2,14,1977,31.40119
156,2,14,1978,31.30636
156,2,14,1979,31.16922
156,2,14,1980,31.14046
156,2,14,1981,31.08773
156,2,14,1982,30.96075
156,2,14,1983,30.89757
156,2,14,1984,30.78609
156,2,14,1985,30.64454
156,2,14,1986,30.41821
156,2,14,1987,30.12115
156,2,14,1988,29.90923
156,2,14,1989,29.73753
156,2,14,1990,29.66055
156,2,14,1991,29.49836
156,2,14,1992,29.3603
156,2,14,1993,29.1921
156,2,14,1994,28.74567
156,2,14,1995,28.68043
156,2,14,1996,28.57766
156,2,14,1997,28.56018
156,2,14,1998,28.65626
156,2,14,1999,28.78102
156,2,14,2000,28.93674
156,2,14,2001,29.1137
156,2,14,2002,29.31592
156,2,14,2003,28.42505
156,2,14,2004,27.52754
156,2,14,2005,27.49807
156,2,14,2006,27.50682
156,2,14,2007,27.5077
156,2,14,2008,27.70292
156,2,14,2009,27.84481
156,2,14,2010,28.06806
156,2,14,2011,28.2819
156,2,14,2012,28.46348
156,2,14,2013,29.42653
156,2,14,2014,33.75432
156,2,14,2015,33.96142
156,2,14,2016,34.20166
156,2,14,2017,34.37551
156,2,14,2018,34.57583
156,2,14,2019,34.692
156,3,14,1950,29.77674
156,3,14,1951,29.77029
156,3,14,1952,29.78924
156,3,14,1953,29.80717
156,3,14,1954,29.78472
156,3,14,1955,29.72827
156,3,14,1956,29.64373
156,3,14,1957,29.68201
156,3,14,1958,29.6706
156,3,14,1959,29.66185
156,3,14,1960,29.70297
156,3,14,1961,29.82262
156,3,14,1962,29.84383
156,3,14,1963,29.97305
156,3,14,1964,30.12109
156,3,14,1965,30.20259
156,3,14,1966,30.31271
156,3,14,1967,30.28223
156,3,14,1968,30.41987
156,3,14,1969,30.50944
156,3,14,1970,30.37277
156,3,14,1971,30.61858
156,3,14,1972,30.62939
156,3,14,1973,30.6198
156,3,14,1974,30.69911
156,3,14,1975,30.66725
156,3,14,1976,30.58006
156,3,14,1977,30.53646
156,3,14,1978,30.41414
156,3,14,1979,30.37142
156,3,14,1980,30.33107
156,3,14,1981,30.32228
156,3,14,1982,30.20921
156,3,14,1983,30.03311
156,3,14,1984,29.82856
156,3,14,1985,29.64042
156,3,14,1986,29.34981
156,3,14,1987,29.10582
156,3,14,1988,28.87167
156,3,14,1989,28.72061
156,3,14,1990,28.62721
156,3,14,1991,28.51317
156,3,14,1992,28.45715
156,3,14,1993,28.34489
156,3,14,1994,28.02328
156,3,14,1995,27.97691
156,3,14,1996,27.88613
156,3,14,1997,27.86724
156,3,14,1998,28.02447
156,3,14,1999,28.10757
156,3,14,2000,27.95321
156,3,14,2001,28.07129
156,3,14,2002,28.21109
156,3,14,2003,27.95489
156,3,14,2004,27.6664
156,3,14,2005,27.77222
156,3,14,2006,28.00185
156,3,14,2007,28.51299
156,3,14,2008,28.87749
156,3,14,2009,29.10978
156,3,14,2010,29.40062
156,3,14,2011,29.67543
156,3,14,2012,29.94925
156,3,14,2013,30.54013
156,3,14,2014,32.10092
156,3,14,2015,32.28973
156,3,14,2016,32.45635
156,3,14,2017,32.60284
156,3,14,2018,32.79453
156,3,14,2019,32.84015
157,1,14,1950,18.55949
157,1,14,1951,18.60311
157,1,14,1952,18.6709
157,1,14,1953,18.7523
157,1,14,1954,18.8744
157,1,14,1955,18.93007
157,1,14,1956,19.10162
157,1,14,1957,19.29866
157,1,14,1958,19.49549
157,1,14,1959,19.69332
157,1,14,1960,20.02205
157,1,14,1961,20.22832
157,1,14,1962,20.03507
157,1,14,1963,20.22882
157,1,14,1964,20.45939
157,1,14,1965,20.59896
157,1,14,1966,20.77925
157,1,14,1967,20.98481
157,1,14,1968,21.18752
157,1,14,1969,21.43785
157,1,14,1970,21.76753
157,1,14,1971,22.41943
157,1,14,1972,22.83256
157,1,14,1973,23.24247
157,1,14,1974,23.619
157,1,14,1975,23.99343
157,1,14,1976,24.41402
157,1,14,1977,24.80196
157,1,14,1978,25.05954
157,1,14,1979,25.35957
157,1,14,1980,25.50603
157,1,14,1981,25.66716
157,1,14,1982,25.74553
157,1,14,1983,26.26473
157,1,14,1984,26.52012
157,1,14,1985,26.74457
157,1,14,1986,26.47287
157,1,14,1987,27.05373
157,1,14,1988,27.3332
157,1,14,1989,27.47315
157,1,14,1990,27.6375
157,1,14,1991,27.82366
157,1,14,1992,27.92589
157,1,14,1993,28.06908
157,1,14,1994,28.15667
157,1,14,1995,28.3211
157,1,14,1996,28.53863
157,1,14,1997,28.71398
157,1,14,1998,28.81899
157,1,14,1999,29.04631
157,1,14,2000,29.20955
157,1,14,2001,29.33558
157,1,14,2002,29.50106
157,1,14,2003,29.66321
157,1,14,2004,29.88811
157,1,14,2005,30.05045
157,1,14,2006,30.13441
157,1,14,2007,30.30015
157,1,14,2008,30.48077
157,1,14,2009,30.69872
157,1,14,2010,30.7374
157,1,14,2011,30.72912
157,1,14,2012,30.76019
157,1,14,2013,30.83741
157,1,14,2014,30.83054
157,1,14,2015,30.72094
157,1,14,2016,30.49182
157,1,14,2017,30.31323
157,1,14,2018,28.30185
157,1,14,2019,30.15969
157,2,14,1950,24.46808
157,2,14,1951,24.51625
157,2,14,1952,24.54979
157,2,14,1953,24.60798
157,2,14,1954,24.72235
157,2,14,1955,24.80682
157,2,14,1956,24.93252
157,2,14,1957,25.07545
157,2,14,1958,25.19975
157,2,14,1959,25.31012
157,2,14,1960,25.56385
157,2,14,1961,25.71251
157,2,14,1962,25.51347
157,2,14,1963,25.65559
157,2,14,1964,25.78033
157,2,14,1965,25.92012
157,2,14,1966,26.01945
157,2,14,1967,26.18378
157,2,14,1968,26.34493
157,2,14,1969,26.49968
157,2,14,1970,26.7594
157,2,14,1971,27.22148
157,2,14,1972,27.52774
157,2,14,1973,27.83132
157,2,14,1974,28.10989
157,2,14,1975,28.3839
157,2,14,1976,28.70663
157,2,14,1977,28.94733
157,2,14,1978,29.13507
157,2,14,1979,29.33617
157,2,14,1980,29.4254
157,2,14,1981,29.55667
157,2,14,1982,29.56106
157,2,14,1983,29.89642
157,2,14,1984,30.06899
157,2,14,1985,30.16681
157,2,14,1986,29.95274
157,2,14,1987,30.33439
157,2,14,1988,30.48923
157,2,14,1989,30.57172
157,2,14,1990,30.66591
157,2,14,1991,30.77478
157,2,14,1992,30.84267
157,2,14,1993,30.96197
157,2,14,1994,31.0029
157,2,14,1995,31.10951
157,2,14,1996,31.23279
157,2,14,1997,31.37952
157,2,14,1998,31.46024
157,2,14,1999,31.62345
157,2,14,2000,31.74704
157,2,14,2001,31.8266
157,2,14,2002,31.92938
157,2,14,2003,32.08839
157,2,14,2004,32.25012
157,2,14,2005,32.38138
157,2,14,2006,32.44903
157,2,14,2007,32.59081
157,2,14,2008,32.71429
157,2,14,2009,32.86656
157,2,14,2010,32.86524
157,2,14,2011,32.88317
157,2,14,2012,32.81408
157,2,14,2013,32.86953
157,2,14,2014,32.86749
157,2,14,2015,32.77578
157,2,14,2016,32.65102
157,2,14,2017,32.50542
157,2,14,2018,30.6189
157,2,14,2019,32.46507
157,3,14,1950,21.17485
157,3,14,1951,21.25312
157,3,14,1952,21.34061
157,3,14,1953,21.44954
157,3,14,1954,21.58829
157,3,14,1955,21.66964
157,3,14,1956,21.8721
157,3,14,1957,22.06545
157,3,14,1958,22.24879
157,3,14,1959,22.44067
157,3,14,1960,22.74676
157,3,14,1961,22.94214
157,3,14,1962,22.73427
157,3,14,1963,22.92272
157,3,14,1964,23.12017
157,3,14,1965,23.27284
157,3,14,1966,23.41597
157,3,14,1967,23.61566
157,3,14,1968,23.80075
157,3,14,1969,23.99315
157,3,14,1970,24.30116
157,3,14,1971,24.87294
157,3,14,1972,25.23745
157,3,14,1973,25.59684
157,3,14,1974,25.93073
157,3,14,1975,26.24706
157,3,14,1976,26.62496
157,3,14,1977,26.92551
157,3,14,1978,27.14421
157,3,14,1979,27.3912
157,3,14,1980,27.49857
157,3,14,1981,27.63603
157,3,14,1982,27.66594
157,3,14,1983,28.09394
157,3,14,1984,28.30149
157,3,14,1985,28.45708
157,3,14,1986,28.19385
157,3,14,1987,28.68512
157,3,14,1988,28.89873
157,3,14,1989,29.00351
157,3,14,1990,29.11817
157,3,14,1991,29.26758
157,3,14,1992,29.34983
157,3,14,1993,29.47505
157,3,14,1994,29.5372
157,3,14,1995,29.65866
157,3,14,1996,29.83947
157,3,14,1997,29.99868
157,3,14,1998,30.08692
157,3,14,1999,30.28754
157,3,14,2000,30.42906
157,3,14,2001,30.53092
157,3,14,2002,30.66745
157,3,14,2003,30.82797
157,3,14,2004,31.02752
157,3,14,2005,31.16189
157,3,14,2006,31.25134
157,3,14,2007,31.40353
157,3,14,2008,31.55402
157,3,14,2009,31.74969
157,3,14,2010,31.75863
157,3,14,2011,31.77782
157,3,14,2012,31.793
157,3,14,2013,31.84387
157,3,14,2014,31.83658
157,3,14,2015,31.72066
157,3,14,2016,31.52872
157,3,14,2017,31.36267
157,3,14,2018,29.40879
157,3,14,2019,31.28543
158,1,14,1950,22.46788
158,1,14,1951,22.73325
158,1,14,1952,22.78643
158,1,14,1953,22.91663
158,1,14,1954,23.17215
158,1,14,1955,23.27331
158,1,14,1956,23.35639
158,1,14,1957,23.52069
158,1,14,1958,23.51567
158,1,14,1959,23.71262
158,1,14,1960,23.54747
158,1,14,1961,23.83806
158,1,14,1962,23.9756
158,1,14,1963,23.98137
158,1,14,1964,24.26612
158,1,14,1965,24.01534
158,1,14,1966,24.13546
158,1,14,1967,24.21497
158,1,14,1968,24.50231
158,1,14,1969,24.61581
158,1,14,1970,24.34098
158,1,14,1971,24.25447
158,1,14,1972,24.46873
158,1,14,1973,24.54677
158,1,14,1974,24.63528
158,1,14,1975,24.56045
158,1,14,1976,24.52239
158,1,14,1977,24.77619
158,1,14,1978,25.09419
158,1,14,1979,25.52738
158,1,14,1980,25.4733
158,1,14,1981,25.33034
158,1,14,1982,25.87058
158,1,14,1983,25.81842
158,1,14,1984,25.84572
158,1,14,1985,25.86175
158,1,14,1986,26.03542
158,1,14,1987,26.17307
158,1,14,1988,26.13788
158,1,14,1989,26.26246
158,1,14,1990,26.35693
158,1,14,1991,26.26918
158,1,14,1992,26.48978
158,1,14,1993,26.61772
158,1,14,1994,26.85312
158,1,14,1995,27.11209
158,1,14,1996,27.08941
158,1,14,1997,26.74249
158,1,14,1998,26.92567
158,1,14,1999,27.36236
158,1,14,2000,27.43275
158,1,14,2001,27.51427
158,1,14,2002,27.71294
158,1,14,2003,27.93726
158,1,14,2004,28.55368
158,1,14,2005,28.56186
158,1,14,2006,28.55604
158,1,14,2007,28.54334
158,1,14,2008,28.5729
158,1,14,2009,28.94745
158,1,14,2010,29.16722
158,1,14,2011,29.36905
158,1,14,2012,29.53705
158,1,14,2013,29.66268
158,1,14,2014,29.98021
158,1,14,2015,30.20405
158,1,14,2016,30.50578
158,1,14,2017,30.89338
158,1,14,2018,31.25658
158,1,14,2019,31.66508
158,2,14,1950,24.34234
158,2,14,1951,24.54079
158,2,14,1952,24.67811
158,2,14,1953,24.63636
158,2,14,1954,24.79559
158,2,14,1955,24.89757
158,2,14,1956,24.83299
158,2,14,1957,24.94396
158,2,14,1958,25.00359
158,2,14,1959,25.1411
158,2,14,1960,25.09583
158,2,14,1961,25.10939
158,2,14,1962,25.16483
158,2,14,1963,25.29856
158,2,14,1964,25.40312
158,2,14,1965,25.13012
158,2,14,1966,25.21557
158,2,14,1967,25.19968
158,2,14,1968,25.28965
158,2,14,1969,25.37049
158,2,14,1970,25.22225
158,2,14,1971,24.95387
158,2,14,1972,25.14626
158,2,14,1973,25.60885
158,2,14,1974,25.79654
158,2,14,1975,25.7318
158,2,14,1976,26.14523
158,2,14,1977,26.1542
158,2,14,1978,26.5155
158,2,14,1979,27.03801
158,2,14,1980,27.32878
158,2,14,1981,27.48455
158,2,14,1982,27.61296
158,2,14,1983,27.60352
158,2,14,1984,27.59285
158,2,14,1985,27.55932
158,2,14,1986,27.80167
158,2,14,1987,27.90038
158,2,14,1988,28.00259
158,2,14,1989,28.25879
158,2,14,1990,28.40826
158,2,14,1991,28.3881
158,2,14,1992,28.33571
158,2,14,1993,28.6125
158,2,14,1994,28.94381
158,2,14,1995,29.16978
158,2,14,1996,29.2338
158,2,14,1997,29.06664
158,2,14,1998,29.14353
158,2,14,1999,29.41406
158,2,14,2000,29.65864
158,2,14,2001,29.72095
158,2,14,2002,29.9092
158,2,14,2003,30.33957
158,2,14,2004,30.9116
158,2,14,2005,30.96502
158,2,14,2006,30.9969
158,2,14,2007,31.14096
158,2,14,2008,31.30768
158,2,14,2009,31.86734
158,2,14,2010,32.09544
158,2,14,2011,32.19721
158,2,14,2012,32.3031
158,2,14,2013,32.29015
158,2,14,2014,32.34089
158,2,14,2015,32.29184
158,2,14,2016,32.56242
158,2,14,2017,32.99936
158,2,14,2018,33.31772
158,2,14,2019,33.70953
158,3,14,1950,22.93378
158,3,14,1951,23.02636
158,3,14,1952,23.13209
158,3,14,1953,23.27923
158,3,14,1954,23.40144
158,3,14,1955,23.52757
158,3,14,1956,23.63409
158,3,14,1957,23.70446
158,3,14,1958,23.6391
158,3,14,1959,23.87116
158,3,14,1960,23.75936
158,3,14,1961,23.77911
158,3,14,1962,23.98016
158,3,14,1963,24.09926
158,3,14,1964,24.33499
158,3,14,1965,24.08784
158,3,14,1966,24.13364
158,3,14,1967,24.28927
158,3,14,1968,24.53701
158,3,14,1969,24.53159
158,3,14,1970,24.41427
158,3,14,1971,24.2676
158,3,14,1972,24.53541
158,3,14,1973,24.88158
158,3,14,1974,24.96551
158,3,14,1975,24.92065
158,3,14,1976,25.06634
158,3,14,1977,25.22674
158,3,14,1978,25.57534
158,3,14,1979,26.07764
158,3,14,1980,26.14407
158,3,14,1981,26.15207
158,3,14,1982,26.50068
158,3,14,1983,26.48697
158,3,14,1984,26.43868
158,3,14,1985,26.46384
158,3,14,1986,26.66167
158,3,14,1987,26.80546
158,3,14,1988,26.81145
158,3,14,1989,27.00318
158,3,14,1990,27.11227
158,3,14,1991,27.07512
158,3,14,1992,27.18068
158,3,14,1993,27.39767
158,3,14,1994,27.63444
158,3,14,1995,27.87995
158,3,14,1996,27.92688
158,3,14,1997,27.66552
158,3,14,1998,27.79916
158,3,14,1999,28.13751
158,3,14,2000,28.30977
158,3,14,2001,28.42437
158,3,14,2002,28.597
158,3,14,2003,28.90415
158,3,14,2004,29.51544
158,3,14,2005,29.54498
158,3,14,2006,29.55075
158,3,14,2007,29.61951
158,3,14,2008,29.70011
158,3,14,2009,30.13786
158,3,14,2010,30.39353
158,3,14,2011,30.52558
158,3,14,2012,30.70666
158,3,14,2013,30.75885
158,3,14,2014,30.91576
158,3,14,2015,31.04315
158,3,14,2016,31.27712
158,3,14,2017,31.64648
158,3,14,2018,31.86934
158,3,14,2019,32.19591
159,1,14,1950,22.46788
159,1,14,1951,22.73325
159,1,14,1952,22.78643
159,1,14,1953,22.91663
159,1,14,1954,23.17215
159,1,14,1955,23.27331
159,1,14,1956,23.35639
159,1,14,1957,23.52069
159,1,14,1958,23.51567
159,1,14,1959,23.71262
159,1,14,1960,23.54747
159,1,14,1961,23.83806
159,1,14,1962,23.9756
159,1,14,1963,23.98137
159,1,14,1964,24.26612
159,1,14,1965,24.01534
159,1,14,1966,24.13546
159,1,14,1967,24.21497
159,1,14,1968,24.50231
159,1,14,1969,24.61581
159,1,14,1970,24.34098
159,1,14,1971,24.25447
159,1,14,1972,24.46873
159,1,14,1973,24.54677
159,1,14,1974,24.63528
159,1,14,1975,24.56045
159,1,14,1976,24.52239
159,1,14,1977,24.77619
159,1,14,1978,25.09419
159,1,14,1979,25.52738
159,1,14,1980,25.4733
159,1,14,1981,25.33034
159,1,14,1982,25.87058
159,1,14,1983,25.81842
159,1,14,1984,25.84572
159,1,14,1985,25.86175
159,1,14,1986,26.03542
159,1,14,1987,26.17307
159,1,14,1988,26.13788
159,1,14,1989,26.26246
159,1,14,1990,26.35693
159,1,14,1991,26.26918
159,1,14,1992,26.48978
159,1,14,1993,26.61772
159,1,14,1994,26.85312
159,1,14,1995,27.11209
159,1,14,1996,27.08941
159,1,14,1997,26.74249
159,1,14,1998,26.92567
159,1,14,1999,27.36236
159,1,14,2000,27.43275
159,1,14,2001,27.51427
159,1,14,2002,27.71294
159,1,14,2003,27.93726
159,1,14,2004,28.55368
159,1,14,2005,28.56186
159,1,14,2006,28.55604
159,1,14,2007,28.54334
159,1,14,2008,28.5729
159,1,14,2009,28.94745
159,1,14,2010,29.16722
159,1,14,2011,29.36905
159,1,14,2012,29.53705
159,1,14,2013,29.66268
159,1,14,2014,29.98021
159,1,14,2015,30.20405
159,1,14,2016,30.50578
159,1,14,2017,30.89338
159,1,14,2018,31.25658
159,1,14,2019,31.66508
159,2,14,1950,24.34234
159,2,14,1951,24.54079
159,2,14,1952,24.67811
159,2,14,1953,24.63636
159,2,14,1954,24.79559
159,2,14,1955,24.89757
159,2,14,1956,24.83299
159,2,14,1957,24.94396
159,2,14,1958,25.00359
159,2,14,1959,25.1411
159,2,14,1960,25.09583
159,2,14,1961,25.10939
159,2,14,1962,25.16483
159,2,14,1963,25.29856
159,2,14,1964,25.40312
159,2,14,1965,25.13012
159,2,14,1966,25.21557
159,2,14,1967,25.19968
159,2,14,1968,25.28965
159,2,14,1969,25.37049
159,2,14,1970,25.22225
159,2,14,1971,24.95387
159,2,14,1972,25.14626
159,2,14,1973,25.60885
159,2,14,1974,25.79654
159,2,14,1975,25.7318
159,2,14,1976,26.14523
159,2,14,1977,26.1542
159,2,14,1978,26.5155
159,2,14,1979,27.03801
159,2,14,1980,27.32878
159,2,14,1981,27.48455
159,2,14,1982,27.61296
159,2,14,1983,27.60352
159,2,14,1984,27.59285
159,2,14,1985,27.55932
159,2,14,1986,27.80167
159,2,14,1987,27.90038
159,2,14,1988,28.00259
159,2,14,1989,28.25879
159,2,14,1990,28.40826
159,2,14,1991,28.3881
159,2,14,1992,28.33571
159,2,14,1993,28.6125
159,2,14,1994,28.94381
159,2,14,1995,29.16978
159,2,14,1996,29.2338
159,2,14,1997,29.06664
159,2,14,1998,29.14353
159,2,14,1999,29.41406
159,2,14,2000,29.65864
159,2,14,2001,29.72095
159,2,14,2002,29.9092
159,2,14,2003,30.33957
159,2,14,2004,30.9116
159,2,14,2005,30.96502
159,2,14,2006,30.9969
159,2,14,2007,31.14096
159,2,14,2008,31.30768
159,2,14,2009,31.86734
159,2,14,2010,32.09544
159,2,14,2011,32.19721
159,2,14,2012,32.3031
159,2,14,2013,32.29015
159,2,14,2014,32.34089
159,2,14,2015,32.29184
159,2,14,2016,32.56242
159,2,14,2017,32.99936
159,2,14,2018,33.31772
159,2,14,2019,33.70953
159,3,14,1950,22.93378
159,3,14,1951,23.02636
159,3,14,1952,23.13209
159,3,14,1953,23.27923
159,3,14,1954,23.40144
159,3,14,1955,23.52757
159,3,14,1956,23.63409
159,3,14,1957,23.70446
159,3,14,1958,23.6391
159,3,14,1959,23.87116
159,3,14,1960,23.75936
159,3,14,1961,23.77911
159,3,14,1962,23.98016
159,3,14,1963,24.09926
159,3,14,1964,24.33499
159,3,14,1965,24.08784
159,3,14,1966,24.13364
159,3,14,1967,24.28927
159,3,14,1968,24.53701
159,3,14,1969,24.53159
159,3,14,1970,24.41427
159,3,14,1971,24.2676
159,3,14,1972,24.53541
159,3,14,1973,24.88158
159,3,14,1974,24.96551
159,3,14,1975,24.92065
159,3,14,1976,25.06634
159,3,14,1977,25.22674
159,3,14,1978,25.57534
159,3,14,1979,26.07764
159,3,14,1980,26.14407
159,3,14,1981,26.15207
159,3,14,1982,26.50068
159,3,14,1983,26.48697
159,3,14,1984,26.43868
159,3,14,1985,26.46384
159,3,14,1986,26.66167
159,3,14,1987,26.80546
159,3,14,1988,26.81145
159,3,14,1989,27.00318
159,3,14,1990,27.11227
159,3,14,1991,27.07512
159,3,14,1992,27.18068
159,3,14,1993,27.39767
159,3,14,1994,27.63444
159,3,14,1995,27.87995
159,3,14,1996,27.92688
159,3,14,1997,27.66552
159,3,14,1998,27.79916
159,3,14,1999,28.13751
159,3,14,2000,28.30977
159,3,14,2001,28.42437
159,3,14,2002,28.597
159,3,14,2003,28.90415
159,3,14,2004,29.51544
159,3,14,2005,29.54498
159,3,14,2006,29.55075
159,3,14,2007,29.61951
159,3,14,2008,29.70011
159,3,14,2009,30.13786
159,3,14,2010,30.39353
159,3,14,2011,30.52558
159,3,14,2012,30.70666
159,3,14,2013,30.75885
159,3,14,2014,30.91576
159,3,14,2015,31.04315
159,3,14,2016,31.27712
159,3,14,2017,31.64648
159,3,14,2018,31.86934
159,3,14,2019,32.19591
160,1,14,1950,22.3848
160,1,14,1951,22.48889
160,1,14,1952,22.51051
160,1,14,1953,22.70279
160,1,14,1954,22.64905
160,1,14,1955,22.78364
160,1,14,1956,22.84797
160,1,14,1957,22.91917
160,1,14,1958,22.97078
160,1,14,1959,23.09418
160,1,14,1960,23.31117
160,1,14,1961,23.36237
160,1,14,1962,23.38211
160,1,14,1963,23.33644
160,1,14,1964,23.44795
160,1,14,1965,23.50839
160,1,14,1966,23.53544
160,1,14,1967,23.70989
160,1,14,1968,23.74539
160,1,14,1969,23.7979
160,1,14,1970,23.83599
160,1,14,1971,23.79913
160,1,14,1972,23.72096
160,1,14,1973,23.64572
160,1,14,1974,23.69731
160,1,14,1975,23.61994
160,1,14,1976,23.6898
160,1,14,1977,23.75637
160,1,14,1978,23.54648
160,1,14,1979,23.30564
160,1,14,1980,23.25099
160,1,14,1981,23.28816
160,1,14,1982,23.36345
160,1,14,1983,23.22539
160,1,14,1984,23.20116
160,1,14,1985,23.75364
160,1,14,1986,24.0463
160,1,14,1987,24.45432
160,1,14,1988,25.02672
160,1,14,1989,25.65628
160,1,14,1990,25.95813
160,1,14,1991,25.87951
160,1,14,1992,26.09576
160,1,14,1993,26.10015
160,1,14,1994,25.89476
160,1,14,1995,25.85062
160,1,14,1996,25.90032
160,1,14,1997,25.7402
160,1,14,1998,25.32706
160,1,14,1999,25.67605
160,1,14,2000,25.72102
160,1,14,2001,25.59299
160,1,14,2002,25.79804
160,1,14,2003,26.24402
160,1,14,2004,26.45845
160,1,14,2005,26.69281
160,1,14,2006,26.86906
160,1,14,2007,27.11073
160,1,14,2008,27.38908
160,1,14,2009,27.66633
160,1,14,2010,27.87963
160,1,14,2011,28.21276
160,1,14,2012,28.47665
160,1,14,2013,28.74854
160,1,14,2014,28.97093
160,1,14,2015,29.04678
160,1,14,2016,29.27872
160,1,14,2017,29.41976
160,1,14,2018,28.23559
160,1,14,2019,28.53258
160,2,14,1950,24.53527
160,2,14,1951,24.60116
160,2,14,1952,24.58043
160,2,14,1953,24.6903
160,2,14,1954,24.65766
160,2,14,1955,24.74909
160,2,14,1956,24.7675
160,2,14,1957,24.795
160,2,14,1958,24.81305
160,2,14,1959,24.86566
160,2,14,1960,25.01703
160,2,14,1961,25.01157
160,2,14,1962,25.00579
160,2,14,1963,24.91683
160,2,14,1964,24.99749
160,2,14,1965,24.99145
160,2,14,1966,24.99064
160,2,14,1967,25.09296
160,2,14,1968,25.09909
160,2,14,1969,25.09553
160,2,14,1970,25.06625
160,2,14,1971,24.98317
160,2,14,1972,24.86159
160,2,14,1973,24.7615
160,2,14,1974,24.75611
160,2,14,1975,24.64175
160,2,14,1976,24.64738
160,2,14,1977,24.68407
160,2,14,1978,24.52026
160,2,14,1979,24.34089
160,2,14,1980,24.32753
160,2,14,1981,24.47056
160,2,14,1982,24.51113
160,2,14,1983,24.45223
160,2,14,1984,24.42575
160,2,14,1985,24.77574
160,2,14,1986,25.14742
160,2,14,1987,25.43246
160,2,14,1988,25.84005
160,2,14,1989,26.28368
160,2,14,1990,26.48784
160,2,14,1991,26.41286
160,2,14,1992,26.54623
160,2,14,1993,26.5397
160,2,14,1994,26.39436
160,2,14,1995,26.33733
160,2,14,1996,26.35567
160,2,14,1997,26.22456
160,2,14,1998,26.00968
160,2,14,1999,26.16973
160,2,14,2000,26.21119
160,2,14,2001,26.13721
160,2,14,2002,26.26497
160,2,14,2003,26.56294
160,2,14,2004,26.76208
160,2,14,2005,26.9129
160,2,14,2006,27.05006
160,2,14,2007,27.25633
160,2,14,2008,27.4675
160,2,14,2009,27.65142
160,2,14,2010,27.85922
160,2,14,2011,28.08808
160,2,14,2012,28.2566
160,2,14,2013,28.4459
160,2,14,2014,28.65041
160,2,14,2015,28.68063
160,2,14,2016,28.82743
160,2,14,2017,28.91121
160,2,14,2018,27.64976
160,2,14,2019,27.84311
160,3,14,1950,23.25591
160,3,14,1951,23.3501
160,3,14,1952,23.35481
160,3,14,1953,23.51861
160,3,14,1954,23.48054
160,3,14,1955,23.59971
160,3,14,1956,23.64866
160,3,14,1957,23.69612
160,3,14,1958,23.74385
160,3,14,1959,23.83237
160,3,14,1960,24.0241
160,3,14,1961,24.05889
160,3,14,1962,24.06692
160,3,14,1963,24.00432
160,3,14,1964,24.10339
160,3,14,1965,24.13566
160,3,14,1966,24.15281
160,3,14,1967,24.27921
160,3,14,1968,24.32261
160,3,14,1969,24.3507
160,3,14,1970,24.35541
160,3,14,1971,24.2964
160,3,14,1972,24.20223
160,3,14,1973,24.11537
160,3,14,1974,24.14387
160,3,14,1975,24.05036
160,3,14,1976,24.09381
160,3,14,1977,24.14866
160,3,14,1978,23.93412
160,3,14,1979,23.76113
160,3,14,1980,23.71693
160,3,14,1981,23.80049
160,3,14,1982,23.86275
160,3,14,1983,23.76406
160,3,14,1984,23.70774
160,3,14,1985,24.20171
160,3,14,1986,24.56129
160,3,14,1987,24.86967
160,3,14,1988,25.40074
160,3,14,1989,25.9603
160,3,14,1990,26.19733
160,3,14,1991,26.12317
160,3,14,1992,26.30098
160,3,14,1993,26.29934
160,3,14,1994,26.12587
160,3,14,1995,26.0738
160,3,14,1996,26.11033
160,3,14,1997,25.96709
160,3,14,1998,25.66017
160,3,14,1999,25.90884
160,3,14,2000,25.95683
160,3,14,2001,25.85937
160,3,14,2002,26.02489
160,3,14,2003,26.39782
160,3,14,2004,26.60418
160,3,14,2005,26.79851
160,3,14,2006,26.95743
160,3,14,2007,27.18105
160,3,14,2008,27.43411
160,3,14,2009,27.6539
160,3,14,2010,27.8662
160,3,14,2011,28.14384
160,3,14,2012,28.36379
160,3,14,2013,28.57641
160,3,14,2014,28.81206
160,3,14,2015,28.87068
160,3,14,2016,29.03079
160,3,14,2017,29.15074
160,3,14,2018,27.93882
160,3,14,2019,28.16929
161,1,14,1950,22.6923
161,1,14,1951,22.7437
161,1,14,1952,22.88666
161,1,14,1953,23.14089
161,1,14,1954,23.29653
161,1,14,1955,23.49029
161,1,14,1956,23.80084
161,1,14,1957,23.98425
161,1,14,1958,23.89171
161,1,14,1959,24.273
161,1,14,1960,24.26706
161,1,14,1961,24.49446
161,1,14,1962,24.84247
161,1,14,1963,24.74322
161,1,14,1964,25.23678
161,1,14,1965,24.84632
161,1,14,1966,25.53745
161,1,14,1967,25.65396
161,1,14,1968,25.71802
161,1,14,1969,25.76625
161,1,14,1970,23.10984
161,1,14,1971,24.33851
161,1,14,1972,26.04135
161,1,14,1973,26.18219
161,1,14,1974,25.9331
161,1,14,1975,26.16299
161,1,14,1976,26.24358
161,1,14,1977,26.32175
161,1,14,1978,26.5318
161,1,14,1979,26.45843
161,1,14,1980,26.59064
161,1,14,1981,26.70274
161,1,14,1982,26.70729
161,1,14,1983,26.19574
161,1,14,1984,26.12969
161,1,14,1985,25.75258
161,1,14,1986,25.77561
161,1,14,1987,25.98916
161,1,14,1988,26.26866
161,1,14,1989,26.75927
161,1,14,1990,26.60502
161,1,14,1991,26.58064
161,1,14,1992,27.79669
161,1,14,1993,28.02948
161,1,14,1994,28.28492
161,1,14,1995,28.36141
161,1,14,1996,28.67701
161,1,14,1997,28.95218
161,1,14,1998,29.2529
161,1,14,1999,29.59513
161,1,14,2000,29.58414
161,1,14,2001,29.8522
161,1,14,2002,29.82599
161,1,14,2003,29.69648
161,1,14,2004,29.85806
161,1,14,2005,29.83402
161,1,14,2006,29.74029
161,1,14,2007,29.80834
161,1,14,2008,30.19485
161,1,14,2009,30.59395
161,1,14,2010,30.92827
161,1,14,2011,32.05025
161,1,14,2012,33.38315
161,1,14,2013,33.83149
161,1,14,2014,33.80196
161,1,14,2015,34.38958
161,1,14,2016,34.63211
161,1,14,2017,34.36765
161,1,14,2018,34.62789
161,1,14,2019,34.76518
161,2,14,1950,25.49143
161,2,14,1951,25.52418
161,2,14,1952,25.60672
161,2,14,1953,25.70164
161,2,14,1954,25.88671
161,2,14,1955,25.9467
161,2,14,1956,26.0923
161,2,14,1957,26.24293
161,2,14,1958,26.10854
161,2,14,1959,26.44995
161,2,14,1960,26.42695
161,2,14,1961,26.74623
161,2,14,1962,27.03468
161,2,14,1963,26.95019
161,2,14,1964,27.30819
161,2,14,1965,26.95765
161,2,14,1966,27.60404
161,2,14,1967,27.59585
161,2,14,1968,27.6399
161,2,14,1969,27.67835
161,2,14,1970,25.61157
161,2,14,1971,26.80353
161,2,14,1972,27.79132
161,2,14,1973,27.89541
161,2,14,1974,27.6409
161,2,14,1975,27.84005
161,2,14,1976,27.804
161,2,14,1977,27.82722
161,2,14,1978,27.91856
161,2,14,1979,27.75121
161,2,14,1980,27.95788
161,2,14,1981,28.24936
161,2,14,1982,28.58626
161,2,14,1983,28.22086
161,2,14,1984,28.31156
161,2,14,1985,28.07901
161,2,14,1986,28.48419
161,2,14,1987,28.80673
161,2,14,1988,29.21185
161,2,14,1989,29.76235
161,2,14,1990,29.75591
161,2,14,1991,29.83269
161,2,14,1992,30.76105
161,2,14,1993,31.13755
161,2,14,1994,31.4487
161,2,14,1995,31.55823
161,2,14,1996,32.12056
161,2,14,1997,32.56603
161,2,14,1998,32.42196
161,2,14,1999,32.14251
161,2,14,2000,32.07589
161,2,14,2001,32.11135
161,2,14,2002,32.02237
161,2,14,2003,32.15036
161,2,14,2004,32.30179
161,2,14,2005,32.3435
161,2,14,2006,32.60133
161,2,14,2007,33.06803
161,2,14,2008,33.60345
161,2,14,2009,33.78174
161,2,14,2010,33.75791
161,2,14,2011,34.40012
161,2,14,2012,34.956
161,2,14,2013,35.27865
161,2,14,2014,35.45996
161,2,14,2015,35.85187
161,2,14,2016,36.07457
161,2,14,2017,36.12555
161,2,14,2018,36.32615
161,2,14,2019,36.48089
161,3,14,1950,23.80328
161,3,14,1951,23.8397
161,3,14,1952,23.97319
161,3,14,1953,24.14709
161,3,14,1954,24.32904
161,3,14,1955,24.39371
161,3,14,1956,24.53269
161,3,14,1957,24.63999
161,3,14,1958,24.49208
161,3,14,1959,24.89717
161,3,14,1960,24.89941
161,3,14,1961,25.23949
161,3,14,1962,25.65371
161,3,14,1963,25.63909
161,3,14,1964,26.1051
161,3,14,1965,25.74419
161,3,14,1966,26.35424
161,3,14,1967,26.42057
161,3,14,1968,26.52226
161,3,14,1969,26.60239
161,3,14,1970,24.14311
161,3,14,1971,25.25543
161,3,14,1972,26.65618
161,3,14,1973,26.66653
161,3,14,1974,26.36478
161,3,14,1975,26.59989
161,3,14,1976,26.52983
161,3,14,1977,26.5864
161,3,14,1978,26.67718
161,3,14,1979,26.69552
161,3,14,1980,26.89268
161,3,14,1981,27.13826
161,3,14,1982,27.29463
161,3,14,1983,26.87946
161,3,14,1984,26.94065
161,3,14,1985,26.64601
161,3,14,1986,26.81915
161,3,14,1987,27.0106
161,3,14,1988,27.33131
161,3,14,1989,27.87075
161,3,14,1990,27.76747
161,3,14,1991,27.7568
161,3,14,1992,28.89282
161,3,14,1993,29.25243
161,3,14,1994,29.53532
161,3,14,1995,29.67407
161,3,14,1996,30.05922
161,3,14,1997,30.32734
161,3,14,1998,30.44569
161,3,14,1999,30.49453
161,3,14,2000,30.42975
161,3,14,2001,30.58792
161,3,14,2002,30.5726
161,3,14,2003,30.55405
161,3,14,2004,30.72237
161,3,14,2005,30.77433
161,3,14,2006,30.85338
161,3,14,2007,31.13843
161,3,14,2008,31.63196
161,3,14,2009,31.96435
161,3,14,2010,32.06694
161,3,14,2011,33.0045
161,3,14,2012,34.10718
161,3,14,2013,34.48832
161,3,14,2014,34.5811
161,3,14,2015,35.03466
161,3,14,2016,35.23309
161,3,14,2017,35.12235
161,3,14,2018,35.3895
161,3,14,2019,35.57394
162,1,14,1950,20.51437
162,1,14,1951,20.78015
162,1,14,1952,21.00646
162,1,14,1953,21.19249
162,1,14,1954,21.48581
162,1,14,1955,21.66095
162,1,14,1956,21.79364
162,1,14,1957,22.0634
162,1,14,1958,22.2776
162,1,14,1959,22.5335
162,1,14,1960,22.79076
162,1,14,1961,23.0164
162,1,14,1962,23.29922
162,1,14,1963,23.55958
162,1,14,1964,23.92242
162,1,14,1965,24.25784
162,1,14,1966,24.54513
162,1,14,1967,24.80584
162,1,14,1968,25.06298
162,1,14,1969,25.39361
162,1,14,1970,25.68848
162,1,14,1971,25.97049
162,1,14,1972,26.11355
162,1,14,1973,26.27775
162,1,14,1974,26.43764
162,1,14,1975,26.47601
162,1,14,1976,26.58847
162,1,14,1977,26.69929
162,1,14,1978,26.87429
162,1,14,1979,27.00091
162,1,14,1980,27.10385
162,1,14,1981,27.3605
162,1,14,1982,27.62406
162,1,14,1983,27.76949
162,1,14,1984,28.03272
162,1,14,1985,28.20073
162,1,14,1986,28.56044
162,1,14,1987,28.8908
162,1,14,1988,29.15894
162,1,14,1989,29.33064
162,1,14,1990,29.53656
162,1,14,1991,29.73417
162,1,14,1992,29.8958
162,1,14,1993,30.03226
162,1,14,1994,30.2678
162,1,14,1995,30.56061
162,1,14,1996,30.90052
162,1,14,1997,31.06136
162,1,14,1998,31.1086
162,1,14,1999,31.30149
162,1,14,2000,31.05609
162,1,14,2001,31.50613
162,1,14,2002,31.71128
162,1,14,2003,31.85436
162,1,14,2004,32.03757
162,1,14,2005,32.11025
162,1,14,2006,32.22088
162,1,14,2007,32.28058
162,1,14,2008,32.4306
162,1,14,2009,32.46458
162,1,14,2010,32.64467
162,1,14,2011,32.86522
162,1,14,2012,32.99778
162,1,14,2013,33.12684
162,1,14,2014,33.19999
162,1,14,2015,33.32877
162,1,14,2016,33.41134
162,1,14,2017,33.43709
162,1,14,2018,33.52319
162,1,14,2019,33.58927
162,2,14,1950,23.9954
162,2,14,1951,24.20959
162,2,14,1952,24.37945
162,2,14,1953,24.50155
162,2,14,1954,24.71643
162,2,14,1955,24.79135
162,2,14,1956,24.89297
162,2,14,1957,25.08615
162,2,14,1958,25.23746
162,2,14,1959,25.4012
162,2,14,1960,25.56865
162,2,14,1961,25.73182
162,2,14,1962,25.90622
162,2,14,1963,26.08104
162,2,14,1964,26.33315
162,2,14,1965,26.55564
162,2,14,1966,26.73975
162,2,14,1967,26.90339
162,2,14,1968,27.08892
162,2,14,1969,27.34247
162,2,14,1970,27.52626
162,2,14,1971,27.67677
162,2,14,1972,27.76793
162,2,14,1973,27.90919
162,2,14,1974,27.95021
162,2,14,1975,27.98708
162,2,14,1976,28.06182
162,2,14,1977,28.09227
162,2,14,1978,28.17137
162,2,14,1979,28.2405
162,2,14,1980,28.28666
162,2,14,1981,28.42535
162,2,14,1982,28.58365
162,2,14,1983,28.66815
162,2,14,1984,28.79858
162,2,14,1985,28.95497
162,2,14,1986,29.1443
162,2,14,1987,29.39696
162,2,14,1988,29.5219
162,2,14,1989,29.615
162,2,14,1990,29.75019
162,2,14,1991,29.88353
162,2,14,1992,30.01201
162,2,14,1993,30.10844
162,2,14,1994,30.28395
162,2,14,1995,30.46422
162,2,14,1996,30.73759
162,2,14,1997,30.96071
162,2,14,1998,31.13958
162,2,14,1999,31.4362
162,2,14,2000,31.48781
162,2,14,2001,32.00725
162,2,14,2002,32.36267
162,2,14,2003,32.62591
162,2,14,2004,32.81685
162,2,14,2005,32.8862
162,2,14,2006,33.06119
162,2,14,2007,33.24077
162,2,14,2008,33.43627
162,2,14,2009,33.61167
162,2,14,2010,33.76672
162,2,14,2011,33.97599
162,2,14,2012,34.08424
162,2,14,2013,34.19997
162,2,14,2014,34.24926
162,2,14,2015,34.34287
162,2,14,2016,34.41067
162,2,14,2017,34.44277
162,2,14,2018,34.54799
162,2,14,2019,34.6238
162,3,14,1950,22.49536
162,3,14,1951,22.74253
162,3,14,1952,22.94586
162,3,14,1953,23.10323
162,3,14,1954,23.35956
162,3,14,1955,23.48151
162,3,14,1956,23.60349
162,3,14,1957,23.83428
162,3,14,1958,24.01458
162,3,14,1959,24.21767
162,3,14,1960,24.42902
162,3,14,1961,24.62329
162,3,14,1962,24.83198
162,3,14,1963,25.04099
162,3,14,1964,25.3473
162,3,14,1965,25.60887
162,3,14,1966,25.83871
162,3,14,1967,26.03573
162,3,14,1968,26.24608
162,3,14,1969,26.53231
162,3,14,1970,26.75589
162,3,14,1971,26.95831
162,3,14,1972,27.08484
162,3,14,1973,27.20831
162,3,14,1974,27.31573
162,3,14,1975,27.33625
162,3,14,1976,27.40148
162,3,14,1977,27.45198
162,3,14,1978,27.58565
162,3,14,1979,27.66709
162,3,14,1980,27.74966
162,3,14,1981,27.93173
162,3,14,1982,28.13357
162,3,14,1983,28.23085
162,3,14,1984,28.42498
162,3,14,1985,28.58182
162,3,14,1986,28.86768
162,3,14,1987,29.11664
162,3,14,1988,29.33517
162,3,14,1989,29.46658
162,3,14,1990,29.63552
162,3,14,1991,29.80037
162,3,14,1992,29.95771
162,3,14,1993,30.06125
162,3,14,1994,30.28668
162,3,14,1995,30.50986
162,3,14,1996,30.81015
162,3,14,1997,31.01215
162,3,14,1998,31.11474
162,3,14,1999,31.36278
162,3,14,2000,31.26249
162,3,14,2001,31.7431
162,3,14,2002,32.03015
162,3,14,2003,32.2166
162,3,14,2004,32.4067
162,3,14,2005,32.47136
162,3,14,2006,32.62051
162,3,14,2007,32.73704
162,3,14,2008,32.90792
162,3,14,2009,33.00576
162,3,14,2010,33.17566
162,3,14,2011,33.39452
162,3,14,2012,33.50871
162,3,14,2013,33.63171
162,3,14,2014,33.69994
162,3,14,2015,33.81656
162,3,14,2016,33.88919
162,3,14,2017,33.91877
162,3,14,2018,34.01484
162,3,14,2019,34.08681
163,1,14,1950,22.56784
163,1,14,1951,22.83054
163,1,14,1952,22.91858
163,1,14,1953,22.98298
163,1,14,1954,23.10107
163,1,14,1955,23.29144
163,1,14,1956,23.43967
163,1,14,1957,23.53208
163,1,14,1958,23.5362
163,1,14,1959,23.61734
163,1,14,1960,23.50203
163,1,14,1961,23.68214
163,1,14,1962,23.72517
163,1,14,1963,23.85442
163,1,14,1964,24.07987
163,1,14,1965,23.74493
163,1,14,1966,23.7272
163,1,14,1967,23.8039
163,1,14,1968,24.15756
163,1,14,1969,24.14501
163,1,14,1970,24.17253
163,1,14,1971,24.08974
163,1,14,1972,23.91588
163,1,14,1973,24.08045
163,1,14,1974,24.08004
163,1,14,1975,23.94341
163,1,14,1976,23.92884
163,1,14,1977,24.26208
163,1,14,1978,24.59436
163,1,14,1979,25.19038
163,1,14,1980,25.03908
163,1,14,1981,24.89703
163,1,14,1982,25.55295
163,1,14,1983,25.62459
163,1,14,1984,25.57973
163,1,14,1985,25.66971
163,1,14,1986,25.89407
163,1,14,1987,26.07555
163,1,14,1988,25.96299
163,1,14,1989,26.10449
163,1,14,1990,26.24426
163,1,14,1991,26.15253
163,1,14,1992,26.33456
163,1,14,1993,26.5312
163,1,14,1994,26.78776
163,1,14,1995,27.10134
163,1,14,1996,27.10426
163,1,14,1997,26.68014
163,1,14,1998,26.83777
163,1,14,1999,27.31526
163,1,14,2000,27.41088
163,1,14,2001,27.48163
163,1,14,2002,27.74568
163,1,14,2003,28.02248
163,1,14,2004,28.73076
163,1,14,2005,28.75628
163,1,14,2006,28.71112
163,1,14,2007,28.68382
163,1,14,2008,28.60654
163,1,14,2009,29.03012
163,1,14,2010,29.3472
163,1,14,2011,29.43741
163,1,14,2012,29.51146
163,1,14,2013,29.61085
163,1,14,2014,29.96921
163,1,14,2015,30.18742
163,1,14,2016,30.51669
163,1,14,2017,31.07635
163,1,14,2018,31.4847
163,1,14,2019,31.96064
163,2,14,1950,24.47052
163,2,14,1951,24.60499
163,2,14,1952,24.68803
163,2,14,1953,24.67207
163,2,14,1954,24.86029
163,2,14,1955,24.86977
163,2,14,1956,24.91726
163,2,14,1957,24.90312
163,2,14,1958,25.00428
163,2,14,1959,25.13641
163,2,14,1960,25.04886
163,2,14,1961,25.03458
163,2,14,1962,25.08482
163,2,14,1963,25.12968
163,2,14,1964,25.24767
163,2,14,1965,24.92983
163,2,14,1966,25.00885
163,2,14,1967,24.99452
163,2,14,1968,25.05415
163,2,14,1969,25.01321
163,2,14,1970,25.02418
163,2,14,1971,24.76273
163,2,14,1972,24.75023
163,2,14,1973,25.22367
163,2,14,1974,25.40909
163,2,14,1975,25.31638
163,2,14,1976,25.79703
163,2,14,1977,25.76107
163,2,14,1978,26.1617
163,2,14,1979,26.80254
163,2,14,1980,27.14944
163,2,14,1981,27.29896
163,2,14,1982,27.36614
163,2,14,1983,27.39967
163,2,14,1984,27.37242
163,2,14,1985,27.3875
163,2,14,1986,27.61982
163,2,14,1987,27.75314
163,2,14,1988,27.82342
163,2,14,1989,28.10017
163,2,14,1990,28.29653
163,2,14,1991,28.28443
163,2,14,1992,28.1969
163,2,14,1993,28.5331
163,2,14,1994,28.91414
163,2,14,1995,29.19471
163,2,14,1996,29.25115
163,2,14,1997,29.00966
163,2,14,1998,29.07291
163,2,14,1999,29.4503
163,2,14,2000,29.74469
163,2,14,2001,29.79285
163,2,14,2002,29.99651
163,2,14,2003,30.50979
163,2,14,2004,31.17667
163,2,14,2005,31.22265
163,2,14,2006,31.21836
163,2,14,2007,31.31482
163,2,14,2008,31.45455
163,2,14,2009,32.1055
163,2,14,2010,32.37766
163,2,14,2011,32.47031
163,2,14,2012,32.48934
163,2,14,2013,32.42478
163,2,14,2014,32.46703
163,2,14,2015,32.36992
163,2,14,2016,32.67156
163,2,14,2017,33.21227
163,2,14,2018,33.61101
163,2,14,2019,33.97715
163,3,14,1950,22.87163
163,3,14,1951,22.976
163,3,14,1952,23.12331
163,3,14,1953,23.21437
163,3,14,1954,23.38125
163,3,14,1955,23.3962
163,3,14,1956,23.52903
163,3,14,1957,23.57152
163,3,14,1958,23.584
163,3,14,1959,23.64931
163,3,14,1960,23.56191
163,3,14,1961,23.56796
163,3,14,1962,23.74959
163,3,14,1963,23.84136
163,3,14,1964,24.03641
163,3,14,1965,23.7493
163,3,14,1966,23.75423
163,3,14,1967,23.9018
163,3,14,1968,24.14013
163,3,14,1969,24.09491
163,3,14,1970,24.17948
163,3,14,1971,23.96631
163,3,14,1972,24.00648
163,3,14,1973,24.35511
163,3,14,1974,24.45246
163,3,14,1975,24.37543
163,3,14,1976,24.54305
163,3,14,1977,24.79142
163,3,14,1978,25.11928
163,3,14,1979,25.74194
163,3,14,1980,25.82432
163,3,14,1981,25.81684
163,3,14,1982,26.2079
163,3,14,1983,26.24318
163,3,14,1984,26.18975
163,3,14,1985,26.23854
163,3,14,1986,26.47262
163,3,14,1987,26.62432
163,3,14,1988,26.60518
163,3,14,1989,26.80821
163,3,14,1990,26.96288
163,3,14,1991,26.93689
163,3,14,1992,26.99929
163,3,14,1993,27.2566
163,3,14,1994,27.54337
163,3,14,1995,27.87319
163,3,14,1996,27.9199
163,3,14,1997,27.57821
163,3,14,1998,27.69579
163,3,14,1999,28.08409
163,3,14,2000,28.32678
163,3,14,2001,28.43009
163,3,14,2002,28.65046
163,3,14,2003,29.00295
163,3,14,2004,29.73211
163,3,14,2005,29.76615
163,3,14,2006,29.71181
163,3,14,2007,29.76493
163,3,14,2008,29.76795
163,3,14,2009,30.28663
163,3,14,2010,30.61461
163,3,14,2011,30.67039
163,3,14,2012,30.77542
163,3,14,2013,30.76018
163,3,14,2014,30.96959
163,3,14,2015,31.05532
163,3,14,2016,31.31713
163,3,14,2017,31.75
163,3,14,2018,32.08027
163,3,14,2019,32.35941
164,1,14,1950,21.82428
164,1,14,1951,21.93385
164,1,14,1952,22.08191
164,1,14,1953,22.26883
164,1,14,1954,22.39766
164,1,14,1955,22.55107
164,1,14,1956,22.62257
164,1,14,1957,22.75584
164,1,14,1958,22.91979
164,1,14,1959,23.13455
164,1,14,1960,23.25613
164,1,14,1961,23.44187
164,1,14,1962,23.56298
164,1,14,1963,23.71474
164,1,14,1964,24.01988
164,1,14,1965,24.21639
164,1,14,1966,24.39409
164,1,14,1967,24.5575
164,1,14,1968,24.71897
164,1,14,1969,24.89788
164,1,14,1970,25.0487
164,1,14,1971,25.12811
164,1,14,1972,25.1435
164,1,14,1973,25.22863
164,1,14,1974,25.31516
164,1,14,1975,25.34693
164,1,14,1976,25.51028
164,1,14,1977,25.57336
164,1,14,1978,25.6572
164,1,14,1979,25.78228
164,1,14,1980,25.81302
164,1,14,1981,25.94873
164,1,14,1982,26.1369
164,1,14,1983,26.24938
164,1,14,1984,26.48849
164,1,14,1985,26.72919
164,1,14,1986,26.92783
164,1,14,1987,26.99438
164,1,14,1988,27.14433
164,1,14,1989,27.36657
164,1,14,1990,27.54947
164,1,14,1991,27.66841
164,1,14,1992,27.96947
164,1,14,1993,28.0516
164,1,14,1994,28.27149
164,1,14,1995,28.36808
164,1,14,1996,28.60385
164,1,14,1997,28.68974
164,1,14,1998,28.94353
164,1,14,1999,29.22845
164,1,14,2000,29.42863
164,1,14,2001,29.76484
164,1,14,2002,29.93578
164,1,14,2003,30.24421
164,1,14,2004,30.27466
164,1,14,2005,30.36837
164,1,14,2006,30.30449
164,1,14,2007,30.17398
164,1,14,2008,30.08426
164,1,14,2009,30.0345
164,1,14,2010,30.03777
164,1,14,2011,29.92184
164,1,14,2012,30.03711
164,1,14,2013,30.04805
164,1,14,2014,30.22927
164,1,14,2015,30.02601
164,1,14,2016,30.43494
164,1,14,2017,30.54828
164,1,14,2018,30.70603
164,1,14,2019,30.81178
164,2,14,1950,25.30986
164,2,14,1951,25.38975
164,2,14,1952,25.47976
164,2,14,1953,25.63607
164,2,14,1954,25.72527
164,2,14,1955,25.81724
164,2,14,1956,25.86144
164,2,14,1957,25.95001
164,2,14,1958,26.05057
164,2,14,1959,26.22147
164,2,14,1960,26.28345
164,2,14,1961,26.37666
164,2,14,1962,26.4957
164,2,14,1963,26.56816
164,2,14,1964,26.78462
164,2,14,1965,26.92387
164,2,14,1966,27.03918
164,2,14,1967,27.14615
164,2,14,1968,27.25399
164,2,14,1969,27.38304
164,2,14,1970,27.48625
164,2,14,1971,27.53183
164,2,14,1972,27.50462
164,2,14,1973,27.55036
164,2,14,1974,27.59955
164,2,14,1975,27.59176
164,2,14,1976,27.6661
164,2,14,1977,27.69135
164,2,14,1978,27.7543
164,2,14,1979,27.79931
164,2,14,1980,27.82692
164,2,14,1981,27.89235
164,2,14,1982,28.00215
164,2,14,1983,28.08506
164,2,14,1984,28.22154
164,2,14,1985,28.38472
164,2,14,1986,28.51745
164,2,14,1987,28.58687
164,2,14,1988,28.69775
164,2,14,1989,28.83258
164,2,14,1990,28.9764
164,2,14,1991,29.06207
164,2,14,1992,29.24704
164,2,14,1993,29.39221
164,2,14,1994,29.6831
164,2,14,1995,29.94609
164,2,14,1996,30.24046
164,2,14,1997,30.55284
164,2,14,1998,30.86168
164,2,14,1999,31.12545
164,2,14,2000,31.44816
164,2,14,2001,31.6915
164,2,14,2002,31.81915
164,2,14,2003,32.05867
164,2,14,2004,32.17671
164,2,14,2005,32.30394
164,2,14,2006,32.36824
164,2,14,2007,32.34085
164,2,14,2008,32.32823
164,2,14,2009,32.33703
164,2,14,2010,32.31831
164,2,14,2011,32.35274
164,2,14,2012,32.50086
164,2,14,2013,32.63789
164,2,14,2014,32.77448
164,2,14,2015,32.65365
164,2,14,2016,32.97112
164,2,14,2017,33.10894
164,2,14,2018,33.25773
164,2,14,2019,33.37466
164,3,14,1950,23.49234
164,3,14,1951,23.58342
164,3,14,1952,23.72814
164,3,14,1953,23.90267
164,3,14,1954,24.02116
164,3,14,1955,24.15485
164,3,14,1956,24.21354
164,3,14,1957,24.33141
164,3,14,1958,24.47245
164,3,14,1959,24.6656
164,3,14,1960,24.76411
164,3,14,1961,24.90679
164,3,14,1962,25.02507
164,3,14,1963,25.13648
164,3,14,1964,25.39895
164,3,14,1965,25.56414
164,3,14,1966,25.70676
164,3,14,1967,25.83764
164,3,14,1968,25.96698
164,3,14,1969,26.11529
164,3,14,1970,26.23494
164,3,14,1971,26.29077
164,3,14,1972,26.27654
164,3,14,1973,26.33512
164,3,14,1974,26.39541
164,3,14,1975,26.39752
164,3,14,1976,26.52276
164,3,14,1977,26.56652
164,3,14,1978,26.6299
164,3,14,1979,26.70192
164,3,14,1980,26.7344
164,3,14,1981,26.83655
164,3,14,1982,26.98764
164,3,14,1983,27.09198
164,3,14,1984,27.29419
164,3,14,1985,27.48882
164,3,14,1986,27.65822
164,3,14,1987,27.72873
164,3,14,1988,27.8667
164,3,14,1989,28.05904
164,3,14,1990,28.22088
164,3,14,1991,28.33345
164,3,14,1992,28.56816
164,3,14,1993,28.68651
164,3,14,1994,28.93549
164,3,14,1995,29.10887
164,3,14,1996,29.37435
164,3,14,1997,29.57842
164,3,14,1998,29.85039
164,3,14,1999,30.127
164,3,14,2000,30.38888
164,3,14,2001,30.68201
164,3,14,2002,30.82776
164,3,14,2003,31.11756
164,3,14,2004,31.18364
164,3,14,2005,31.30337
164,3,14,2006,31.29828
164,3,14,2007,31.21539
164,3,14,2008,31.14572
164,3,14,2009,31.13131
164,3,14,2010,31.14882
164,3,14,2011,31.09183
164,3,14,2012,31.22083
164,3,14,2013,31.2992
164,3,14,2014,31.46292
164,3,14,2015,31.29097
164,3,14,2016,31.66452
164,3,14,2017,31.79266
164,3,14,2018,31.96016
164,3,14,2019,32.10128
165,1,14,1950,27.29681
165,1,14,1951,27.5515
165,1,14,1952,27.66111
165,1,14,1953,27.9066
165,1,14,1954,28.19518
165,1,14,1955,28.35683
165,1,14,1956,28.65966
165,1,14,1957,28.8327
165,1,14,1958,28.97915
165,1,14,1959,29.3275
165,1,14,1960,29.31177
165,1,14,1961,29.45128
165,1,14,1962,29.60377
165,1,14,1963,29.91787
165,1,14,1964,30.06303
165,1,14,1965,30.14273
165,1,14,1966,30.45397
165,1,14,1967,30.50876
165,1,14,1968,30.63483
165,1,14,1969,30.71141
165,1,14,1970,30.81987
165,1,14,1971,29.25196
165,1,14,1972,30.84203
165,1,14,1973,30.79254
165,1,14,1974,30.63836
165,1,14,1975,30.57873
165,1,14,1976,30.44596
165,1,14,1977,30.35215
165,1,14,1978,30.19081
165,1,14,1979,30.01183
165,1,14,1980,29.8778
165,1,14,1981,29.78522
165,1,14,1982,29.57358
165,1,14,1983,29.42726
165,1,14,1984,29.13821
165,1,14,1985,29.02866
165,1,14,1986,28.90367
165,1,14,1987,28.87794
165,1,14,1988,28.71829
165,1,14,1989,28.56013
165,1,14,1990,28.40008
165,1,14,1991,28.25804
165,1,14,1992,28.06043
165,1,14,1993,27.85192
165,1,14,1994,27.67808
165,1,14,1995,27.35432
165,1,14,1996,27.30522
165,1,14,1997,27.14328
165,1,14,1998,27.162
165,1,14,1999,27.08558
165,1,14,2000,27.15589
165,1,14,2001,27.19969
165,1,14,2002,27.28323
165,1,14,2003,27.36459
165,1,14,2004,27.45914
165,1,14,2005,27.2408
165,1,14,2006,27.84816
165,1,14,2007,28.18285
165,1,14,2008,28.48199
165,1,14,2009,28.79591
165,1,14,2010,29.0239
165,1,14,2011,29.38748
165,1,14,2012,29.65649
165,1,14,2013,29.8105
165,1,14,2014,29.79749
165,1,14,2015,29.92588
165,1,14,2016,30.32399
165,1,14,2017,30.51334
165,1,14,2018,30.61229
165,1,14,2019,30.90617
165,2,14,1950,26.84149
165,2,14,1951,26.84664
165,2,14,1952,27.02391
165,2,14,1953,27.11158
165,2,14,1954,27.22206
165,2,14,1955,27.31168
165,2,14,1956,27.44031
165,2,14,1957,27.5274
165,2,14,1958,27.5994
165,2,14,1959,27.6501
165,2,14,1960,27.65265
165,2,14,1961,27.74572
165,2,14,1962,27.81276
165,2,14,1963,27.94255
165,2,14,1964,28.01375
165,2,14,1965,27.95041
165,2,14,1966,28.10874
165,2,14,1967,28.12378
165,2,14,1968,28.23492
165,2,14,1969,28.38131
165,2,14,1970,28.59047
165,2,14,1971,27.37128
165,2,14,1972,28.88707
165,2,14,1973,29.06401
165,2,14,1974,29.19622
165,2,14,1975,29.31569
165,2,14,1976,29.46
165,2,14,1977,29.69983
165,2,14,1978,29.91952
165,2,14,1979,30.03942
165,2,14,1980,30.16627
165,2,14,1981,30.26513
165,2,14,1982,30.26836
165,2,14,1983,30.20949
165,2,14,1984,30.13044
165,2,14,1985,29.84119
165,2,14,1986,29.7205
165,2,14,1987,29.5979
165,2,14,1988,29.47283
165,2,14,1989,29.46141
165,2,14,1990,29.38164
165,2,14,1991,29.21301
165,2,14,1992,28.98566
165,2,14,1993,28.80027
165,2,14,1994,28.63946
165,2,14,1995,28.37411
165,2,14,1996,28.3562
165,2,14,1997,28.29432
165,2,14,1998,28.38538
165,2,14,1999,28.3691
165,2,14,2000,28.43781
165,2,14,2001,28.48028
165,2,14,2002,28.50118
165,2,14,2003,28.58885
165,2,14,2004,28.7541
165,2,14,2005,28.71118
165,2,14,2006,29.23453
165,2,14,2007,29.56025
165,2,14,2008,29.77303
165,2,14,2009,30.03969
165,2,14,2010,30.25726
165,2,14,2011,30.4654
165,2,14,2012,30.6446
165,2,14,2013,30.81347
165,2,14,2014,30.93791
165,2,14,2015,31.02386
165,2,14,2016,31.13156
165,2,14,2017,31.27321
165,2,14,2018,31.38665
165,2,14,2019,31.50271
165,3,14,1950,26.50698
165,3,14,1951,26.53855
165,3,14,1952,26.7721
165,3,14,1953,26.86219
165,3,14,1954,26.9169
165,3,14,1955,27.20931
165,3,14,1956,27.34552
165,3,14,1957,27.51141
165,3,14,1958,27.61534
165,3,14,1959,27.72989
165,3,14,1960,27.9179
165,3,14,1961,28.01626
165,3,14,1962,28.2583
165,3,14,1963,28.43872
165,3,14,1964,28.6129
165,3,14,1965,28.62158
165,3,14,1966,28.82999
165,3,14,1967,28.90241
165,3,14,1968,29.05884
165,3,14,1969,29.12571
165,3,14,1970,29.27899
165,3,14,1971,28.17022
165,3,14,1972,29.45269
165,3,14,1973,29.54442
165,3,14,1974,29.60083
165,3,14,1975,29.66514
165,3,14,1976,29.70155
165,3,14,1977,29.70343
165,3,14,1978,29.74031
165,3,14,1979,29.67595
165,3,14,1980,29.63286
165,3,14,1981,29.55342
165,3,14,1982,29.54198
165,3,14,1983,29.35953
165,3,14,1984,29.21969
165,3,14,1985,29.07006
165,3,14,1986,28.97608
165,3,14,1987,28.89787
165,3,14,1988,28.79057
165,3,14,1989,28.66972
165,3,14,1990,28.59609
165,3,14,1991,28.43853
165,3,14,1992,28.22264
165,3,14,1993,28.01928
165,3,14,1994,27.75854
165,3,14,1995,27.57912
165,3,14,1996,27.43014
165,3,14,1997,27.32197
165,3,14,1998,27.34772
165,3,14,1999,27.33814
165,3,14,2000,27.39406
165,3,14,2001,27.40332
165,3,14,2002,27.42464
165,3,14,2003,27.53784
165,3,14,2004,27.64641
165,3,14,2005,27.5286
165,3,14,2006,27.99501
165,3,14,2007,28.29969
165,3,14,2008,28.5482
165,3,14,2009,28.80199
165,3,14,2010,29.00446
165,3,14,2011,29.2463
165,3,14,2012,29.39811
165,3,14,2013,29.57778
165,3,14,2014,29.67809
165,3,14,2015,29.79867
165,3,14,2016,29.94253
165,3,14,2017,30.15962
165,3,14,2018,30.29576
165,3,14,2019,30.45086
166,1,14,1950,21.43623
166,1,14,1951,21.5463
166,1,14,1952,21.61996
166,1,14,1953,21.77791
166,1,14,1954,21.90764
166,1,14,1955,21.90454
166,1,14,1956,22.02544
166,1,14,1957,22.10084
166,1,14,1958,22.15865
166,1,14,1959,22.25399
166,1,14,1960,22.15915
166,1,14,1961,22.31286
166,1,14,1962,22.44611
166,1,14,1963,22.65678
166,1,14,1964,22.69695
166,1,14,1965,22.78008
166,1,14,1966,22.87612
166,1,14,1967,22.98196
166,1,14,1968,23.00663
166,1,14,1969,23.18057
166,1,14,1970,23.39757
166,1,14,1971,23.53891
166,1,14,1972,23.53253
166,1,14,1973,23.81809
166,1,14,1974,23.98014
166,1,14,1975,24.12379
166,1,14,1976,24.31856
166,1,14,1977,24.43511
166,1,14,1978,24.58617
166,1,14,1979,24.64139
166,1,14,1980,24.7793
166,1,14,1981,24.85687
166,1,14,1982,24.94438
166,1,14,1983,24.99693
166,1,14,1984,24.97969
166,1,14,1985,25.13132
166,1,14,1986,25.15446
166,1,14,1987,25.14492
166,1,14,1988,25.07598
166,1,14,1989,25.01609
166,1,14,1990,24.94014
166,1,14,1991,24.92324
166,1,14,1992,24.79475
166,1,14,1993,24.69091
166,1,14,1994,24.17081
166,1,14,1995,24.36239
166,1,14,1996,24.09208
166,1,14,1997,24.00996
166,1,14,1998,23.94125
166,1,14,1999,23.90436
166,1,14,2000,23.86695
166,1,14,2001,23.98738
166,1,14,2002,24.06664
166,1,14,2003,24.13276
166,1,14,2004,24.21925
166,1,14,2005,24.43141
166,1,14,2006,24.67383
166,1,14,2007,24.9238
166,1,14,2008,25.27064
166,1,14,2009,25.51756
166,1,14,2010,25.75386
166,1,14,2011,26.00357
166,1,14,2012,26.21584
166,1,14,2013,26.48339
166,1,14,2014,26.70829
166,1,14,2015,26.94082
166,1,14,2016,27.21367
166,1,14,2017,27.4338
166,1,14,2018,27.72588
166,1,14,2019,27.95646
166,2,14,1950,25.48391
166,2,14,1951,25.44023
166,2,14,1952,25.5292
166,2,14,1953,25.59291
166,2,14,1954,25.65965
166,2,14,1955,25.71736
166,2,14,1956,25.74794
166,2,14,1957,25.76579
166,2,14,1958,25.85751
166,2,14,1959,25.95498
166,2,14,1960,25.66653
166,2,14,1961,25.94203
166,2,14,1962,26.10137
166,2,14,1963,26.15006
166,2,14,1964,26.24995
166,2,14,1965,26.30295
166,2,14,1966,26.41025
166,2,14,1967,26.4244
166,2,14,1968,26.45807
166,2,14,1969,26.58141
166,2,14,1970,26.66869
166,2,14,1971,26.84978
166,2,14,1972,26.9079
166,2,14,1973,27.13582
166,2,14,1974,27.24258
166,2,14,1975,27.36705
166,2,14,1976,27.45484
166,2,14,1977,27.60343
166,2,14,1978,27.64452
166,2,14,1979,27.79261
166,2,14,1980,27.79377
166,2,14,1981,27.86053
166,2,14,1982,27.9073
166,2,14,1983,27.89255
166,2,14,1984,27.88332
166,2,14,1985,28.15531
166,2,14,1986,28.11198
166,2,14,1987,28.1693
166,2,14,1988,28.23557
166,2,14,1989,28.22437
166,2,14,1990,28.24081
166,2,14,1991,28.24719
166,2,14,1992,28.14314
166,2,14,1993,28.07635
166,2,14,1994,27.51983
166,2,14,1995,27.83726
166,2,14,1996,27.63655
166,2,14,1997,27.44577
166,2,14,1998,27.34986
166,2,14,1999,27.35578
166,2,14,2000,27.24312
166,2,14,2001,27.36767
166,2,14,2002,27.41471
166,2,14,2003,27.47651
166,2,14,2004,27.64046
166,2,14,2005,27.82068
166,2,14,2006,28.06521
166,2,14,2007,28.45165
166,2,14,2008,28.71947
166,2,14,2009,29.03972
166,2,14,2010,29.24326
166,2,14,2011,29.58393
166,2,14,2012,29.79693
166,2,14,2013,30.11573
166,2,14,2014,30.25377
166,2,14,2015,30.47403
166,2,14,2016,30.65345
166,2,14,2017,30.83795
166,2,14,2018,31.13365
166,2,14,2019,31.31944
166,3,14,1950,23.16795
166,3,14,1951,23.29375
166,3,14,1952,23.34462
166,3,14,1953,23.4767
166,3,14,1954,23.55854
166,3,14,1955,23.65034
166,3,14,1956,23.71212
166,3,14,1957,23.7149
166,3,14,1958,23.79107
166,3,14,1959,23.92063
166,3,14,1960,23.72608
166,3,14,1961,23.92844
166,3,14,1962,24.08007
166,3,14,1963,24.19542
166,3,14,1964,24.28094
166,3,14,1965,24.3729
166,3,14,1966,24.50824
166,3,14,1967,24.54934
166,3,14,1968,24.56939
166,3,14,1969,24.66981
166,3,14,1970,24.887
166,3,14,1971,25.00056
166,3,14,1972,25.03096
166,3,14,1973,25.29629
166,3,14,1974,25.41783
166,3,14,1975,25.59587
166,3,14,1976,25.75619
166,3,14,1977,25.82329
166,3,14,1978,25.9711
166,3,14,1979,26.07283
166,3,14,1980,26.12381
166,3,14,1981,26.16393
166,3,14,1982,26.29189
166,3,14,1983,26.27858
166,3,14,1984,26.27837
166,3,14,1985,26.47215
166,3,14,1986,26.4398
166,3,14,1987,26.5035
166,3,14,1988,26.48546
166,3,14,1989,26.44577
166,3,14,1990,26.40469
166,3,14,1991,26.37025
166,3,14,1992,26.26363
166,3,14,1993,26.17455
166,3,14,1994,25.66206
166,3,14,1995,25.9085
166,3,14,1996,25.68799
166,3,14,1997,25.53716
166,3,14,1998,25.42531
166,3,14,1999,25.43235
166,3,14,2000,25.39697
166,3,14,2001,25.48461
166,3,14,2002,25.55598
166,3,14,2003,25.63244
166,3,14,2004,25.77063
166,3,14,2005,25.97437
166,3,14,2006,26.19385
166,3,14,2007,26.55459
166,3,14,2008,26.88121
166,3,14,2009,27.14547
166,3,14,2010,27.3749
166,3,14,2011,27.67105
166,3,14,2012,27.91547
166,3,14,2013,28.14899
166,3,14,2014,28.3514
166,3,14,2015,28.59775
166,3,14,2016,28.86134
166,3,14,2017,29.03885
166,3,14,2018,29.36632
166,3,14,2019,29.54109
167,1,14,1950,20.78117
167,1,14,1951,20.89317
167,1,14,1952,20.94578
167,1,14,1953,21.01799
167,1,14,1954,21.0782
167,1,14,1955,21.18379
167,1,14,1956,21.27335
167,1,14,1957,21.22767
167,1,14,1958,21.25653
167,1,14,1959,21.34837
167,1,14,1960,21.38705
167,1,14,1961,21.38576
167,1,14,1962,21.42061
167,1,14,1963,21.52308
167,1,14,1964,21.58901
167,1,14,1965,21.66165
167,1,14,1966,21.84263
167,1,14,1967,21.9736
167,1,14,1968,22.07694
167,1,14,1969,22.20119
167,1,14,1970,22.29185
167,1,14,1971,22.43316
167,1,14,1972,22.48205
167,1,14,1973,22.61609
167,1,14,1974,22.77195
167,1,14,1975,22.86163
167,1,14,1976,22.9482
167,1,14,1977,22.9951
167,1,14,1978,23.08577
167,1,14,1979,23.13745
167,1,14,1980,23.23721
167,1,14,1981,23.2476
167,1,14,1982,23.32239
167,1,14,1983,23.40573
167,1,14,1984,23.50846
167,1,14,1985,23.57455
167,1,14,1986,23.62032
167,1,14,1987,23.659
167,1,14,1988,23.65731
167,1,14,1989,23.64524
167,1,14,1990,23.62795
167,1,14,1991,23.60361
167,1,14,1992,23.56493
167,1,14,1993,23.37938
167,1,14,1994,23.27692
167,1,14,1995,23.14926
167,1,14,1996,22.89575
167,1,14,1997,22.98605
167,1,14,1998,23.03595
167,1,14,1999,23.17201
167,1,14,2000,23.29112
167,1,14,2001,23.4891
167,1,14,2002,23.73463
167,1,14,2003,23.79411
167,1,14,2004,23.98159
167,1,14,2005,24.32428
167,1,14,2006,24.56376
167,1,14,2007,24.80747
167,1,14,2008,24.95101
167,1,14,2009,25.10438
167,1,14,2010,25.35101
167,1,14,2011,25.48018
167,1,14,2012,25.67056
167,1,14,2013,25.92151
167,1,14,2014,26.27876
167,1,14,2015,26.56433
167,1,14,2016,26.81466
167,1,14,2017,27.06627
167,1,14,2018,27.30583
167,1,14,2019,27.41492
167,2,14,1950,26.87977
167,2,14,1951,26.91562
167,2,14,1952,26.95057
167,2,14,1953,26.98111
167,2,14,1954,26.99412
167,2,14,1955,27.00133
167,2,14,1956,27.03388
167,2,14,1957,27.03449
167,2,14,1958,27.01449
167,2,14,1959,27.04696
167,2,14,1960,27.06675
167,2,14,1961,27.03163
167,2,14,1962,27.08156
167,2,14,1963,27.13078
167,2,14,1964,27.17495
167,2,14,1965,27.29227
167,2,14,1966,27.37677
167,2,14,1967,27.46334
167,2,14,1968,27.54546
167,2,14,1969,27.67437
167,2,14,1970,27.73689
167,2,14,1971,27.77269
167,2,14,1972,27.80832
167,2,14,1973,27.91737
167,2,14,1974,28.02814
167,2,14,1975,28.08517
167,2,14,1976,28.13912
167,2,14,1977,28.17849
167,2,14,1978,28.21029
167,2,14,1979,28.22104
167,2,14,1980,28.28757
167,2,14,1981,28.29558
167,2,14,1982,28.31705
167,2,14,1983,28.36665
167,2,14,1984,28.43094
167,2,14,1985,28.44606
167,2,14,1986,28.44937
167,2,14,1987,28.43067
167,2,14,1988,28.32866
167,2,14,1989,28.26921
167,2,14,1990,28.20974
167,2,14,1991,28.16263
167,2,14,1992,28.03325
167,2,14,1993,27.81577
167,2,14,1994,27.62938
167,2,14,1995,27.51134
167,2,14,1996,27.17892
167,2,14,1997,27.35353
167,2,14,1998,27.30177
167,2,14,1999,27.35576
167,2,14,2000,27.37581
167,2,14,2001,27.43696
167,2,14,2002,27.51191
167,2,14,2003,27.46951
167,2,14,2004,27.57489
167,2,14,2005,27.81863
167,2,14,2006,28.02164
167,2,14,2007,28.26328
167,2,14,2008,28.42021
167,2,14,2009,28.64125
167,2,14,2010,28.8877
167,2,14,2011,29.11875
167,2,14,2012,29.3371
167,2,14,2013,29.65363
167,2,14,2014,30.01827
167,2,14,2015,30.28933
167,2,14,2016,30.52882
167,2,14,2017,30.74818
167,2,14,2018,30.99751
167,2,14,2019,31.06414
167,3,14,1950,22.8709
167,3,14,1951,22.97809
167,3,14,1952,23.03142
167,3,14,1953,23.10449
167,3,14,1954,23.15307
167,3,14,1955,23.27734
167,3,14,1956,23.32104
167,3,14,1957,23.29264
167,3,14,1958,23.2888
167,3,14,1959,23.38887
167,3,14,1960,23.44295
167,3,14,1961,23.43671
167,3,14,1962,23.48246
167,3,14,1963,23.57479
167,3,14,1964,23.647
167,3,14,1965,23.71662
167,3,14,1966,23.9123
167,3,14,1967,24.05181
167,3,14,1968,24.15947
167,3,14,1969,24.29155
167,3,14,1970,24.42332
167,3,14,1971,24.54528
167,3,14,1972,24.59727
167,3,14,1973,24.74973
167,3,14,1974,24.90625
167,3,14,1975,25.0111
167,3,14,1976,25.10959
167,3,14,1977,25.18237
167,3,14,1978,25.27492
167,3,14,1979,25.32838
167,3,14,1980,25.43879
167,3,14,1981,25.47001
167,3,14,1982,25.54036
167,3,14,1983,25.6455
167,3,14,1984,25.75644
167,3,14,1985,25.82111
167,3,14,1986,25.86467
167,3,14,1987,25.92134
167,3,14,1988,25.86622
167,3,14,1989,25.83298
167,3,14,1990,25.85128
167,3,14,1991,25.82228
167,3,14,1992,25.74271
167,3,14,1993,25.55309
167,3,14,1994,25.40234
167,3,14,1995,25.29789
167,3,14,1996,24.99368
167,3,14,1997,25.14375
167,3,14,1998,25.15847
167,3,14,1999,25.26322
167,3,14,2000,25.34382
167,3,14,2001,25.50224
167,3,14,2002,25.65016
167,3,14,2003,25.70833
167,3,14,2004,25.82761
167,3,14,2005,26.12051
167,3,14,2006,26.36323
167,3,14,2007,26.61869
167,3,14,2008,26.74096
167,3,14,2009,26.91742
167,3,14,2010,27.19741
167,3,14,2011,27.29569
167,3,14,2012,27.53486
167,3,14,2013,27.85486
167,3,14,2014,28.20308
167,3,14,2015,28.48937
167,3,14,2016,28.73949
167,3,14,2017,28.96894
167,3,14,2018,29.20519
167,3,14,2019,29.30215
168,1,14,1950,21.36191
168,1,14,1951,21.34848
168,1,14,1952,21.39266
168,1,14,1953,21.48974
168,1,14,1954,21.6073
168,1,14,1955,21.62276
168,1,14,1956,21.62121
168,1,14,1957,21.63968
168,1,14,1958,21.73144
168,1,14,1959,21.85538
168,1,14,1960,21.87538
168,1,14,1961,21.64244
168,1,14,1962,21.69812
168,1,14,1963,21.80301
168,1,14,1964,21.8987
168,1,14,1965,22.03441
168,1,14,1966,22.16156
168,1,14,1967,22.18104
168,1,14,1968,22.2825
168,1,14,1969,22.39475
168,1,14,1970,22.45981
168,1,14,1971,22.56723
168,1,14,1972,22.64389
168,1,14,1973,22.72051
168,1,14,1974,22.82483
168,1,14,1975,22.8144
168,1,14,1976,22.84681
168,1,14,1977,22.89058
168,1,14,1978,22.94069
168,1,14,1979,22.92551
168,1,14,1980,22.92424
168,1,14,1981,22.91271
168,1,14,1982,22.98193
168,1,14,1983,22.9876
168,1,14,1984,22.95713
168,1,14,1985,23.01625
168,1,14,1986,23.02164
168,1,14,1987,23.01924
168,1,14,1988,23.05903
168,1,14,1989,23.2453
168,1,14,1990,23.32353
168,1,14,1991,23.47214
168,1,14,1992,23.49884
168,1,14,1993,23.15878
168,1,14,1994,23.4028
168,1,14,1995,23.51751
168,1,14,1996,23.654
168,1,14,1997,23.67646
168,1,14,1998,23.42657
168,1,14,1999,23.66823
168,1,14,2000,23.78281
168,1,14,2001,23.94038
168,1,14,2002,24.4577
168,1,14,2003,24.69952
168,1,14,2004,24.71175
168,1,14,2005,25.00011
168,1,14,2006,25.17029
168,1,14,2007,25.46215
168,1,14,2008,25.62675
168,1,14,2009,25.78782
168,1,14,2010,25.99589
168,1,14,2011,26.12755
168,1,14,2012,26.15822
168,1,14,2013,26.33405
168,1,14,2014,26.67654
168,1,14,2015,26.85519
168,1,14,2016,26.9891
168,1,14,2017,27.17092
168,1,14,2018,27.28774
168,1,14,2019,27.45103
168,2,14,1950,27.25482
168,2,14,1951,27.22454
168,2,14,1952,27.25179
168,2,14,1953,27.32527
168,2,14,1954,27.42736
168,2,14,1955,27.42458
168,2,14,1956,27.41224
168,2,14,1957,27.41378
168,2,14,1958,27.48265
168,2,14,1959,27.55928
168,2,14,1960,27.57519
168,2,14,1961,27.3744
168,2,14,1962,27.40554
168,2,14,1963,27.46907
168,2,14,1964,27.54289
168,2,14,1965,27.63693
168,2,14,1966,27.68133
168,2,14,1967,27.70577
168,2,14,1968,27.80598
168,2,14,1969,27.85609
168,2,14,1970,27.88653
168,2,14,1971,27.95618
168,2,14,1972,27.98585
168,2,14,1973,28.03062
168,2,14,1974,28.06996
168,2,14,1975,28.05897
168,2,14,1976,28.06688
168,2,14,1977,28.07022
168,2,14,1978,28.07305
168,2,14,1979,28.02204
168,2,14,1980,28.01235
168,2,14,1981,27.98806
168,2,14,1982,28.01123
168,2,14,1983,28.00319
168,2,14,1984,27.94029
168,2,14,1985,27.96257
168,2,14,1986,27.93142
168,2,14,1987,27.88766
168,2,14,1988,27.87614
168,2,14,1989,28.02807
168,2,14,1990,28.05484
168,2,14,1991,28.1245
168,2,14,1992,28.12743
168,2,14,1993,27.83717
168,2,14,1994,28.00068
168,2,14,1995,28.0671
168,2,14,1996,28.0867
168,2,14,1997,28.06238
168,2,14,1998,27.84796
168,2,14,1999,27.98689
168,2,14,2000,28.08098
168,2,14,2001,28.22823
168,2,14,2002,28.33891
168,2,14,2003,28.3473
168,2,14,2004,28.42473
168,2,14,2005,28.68915
168,2,14,2006,29.05356
168,2,14,2007,29.48763
168,2,14,2008,29.6166
168,2,14,2009,29.9465
168,2,14,2010,30.18659
168,2,14,2011,30.42419
168,2,14,2012,30.6367
168,2,14,2013,30.85056
168,2,14,2014,31.17047
168,2,14,2015,31.33459
168,2,14,2016,31.35578
168,2,14,2017,31.41193
168,2,14,2018,31.49978
168,2,14,2019,31.59675
168,3,14,1950,23.90132
168,3,14,1951,23.88219
168,3,14,1952,23.92037
168,3,14,1953,23.99854
168,3,14,1954,24.09857
168,3,14,1955,24.09774
168,3,14,1956,24.08197
168,3,14,1957,24.08378
168,3,14,1958,24.15815
168,3,14,1959,24.26093
168,3,14,1960,24.26361
168,3,14,1961,24.03663
168,3,14,1962,24.07868
168,3,14,1963,24.16606
168,3,14,1964,24.24891
168,3,14,1965,24.36737
168,3,14,1966,24.46591
168,3,14,1967,24.47883
168,3,14,1968,24.59264
168,3,14,1969,24.67464
168,3,14,1970,24.72161
168,3,14,1971,24.83027
168,3,14,1972,24.89315
168,3,14,1973,24.95946
168,3,14,1974,25.04223
168,3,14,1975,25.03456
168,3,14,1976,25.06282
168,3,14,1977,25.09933
168,3,14,1978,25.136
168,3,14,1979,25.10948
168,3,14,1980,25.10136
168,3,14,1981,25.1018
168,3,14,1982,25.14648
168,3,14,1983,25.16649
168,3,14,1984,25.12564
168,3,14,1985,25.1807
168,3,14,1986,25.17999
168,3,14,1987,25.16523
168,3,14,1988,25.19466
168,3,14,1989,25.37009
168,3,14,1990,25.44808
168,3,14,1991,25.56302
168,3,14,1992,25.58645
168,3,14,1993,25.27679
168,3,14,1994,25.49284
168,3,14,1995,25.60329
168,3,14,1996,25.6938
168,3,14,1997,25.70735
168,3,14,1998,25.47231
168,3,14,1999,25.67913
168,3,14,2000,25.81147
168,3,14,2001,25.9791
168,3,14,2002,26.32354
168,3,14,2003,26.46148
168,3,14,2004,26.49701
168,3,14,2005,26.77842
168,3,14,2006,27.03812
168,3,14,2007,27.41383
168,3,14,2008,27.57236
168,3,14,2009,27.83729
168,3,14,2010,28.04872
168,3,14,2011,28.23525
168,3,14,2012,28.35271
168,3,14,2013,28.55908
168,3,14,2014,28.93294
168,3,14,2015,29.10354
168,3,14,2016,29.17154
168,3,14,2017,29.30984
168,3,14,2018,29.428
168,3,14,2019,29.59448
169,1,14,1950,18.36518
169,1,14,1951,18.42349
169,1,14,1952,18.47478
169,1,14,1953,18.47406
169,1,14,1954,18.55829
169,1,14,1955,18.6559
169,1,14,1956,18.70694
169,1,14,1957,18.86687
169,1,14,1958,19.02584
169,1,14,1959,19.1734
169,1,14,1960,19.28931
169,1,14,1961,19.45227
169,1,14,1962,19.53222
169,1,14,1963,19.59134
169,1,14,1964,19.74394
169,1,14,1965,19.8079
169,1,14,1966,19.85894
169,1,14,1967,19.76703
169,1,14,1968,19.79973
169,1,14,1969,19.83965
169,1,14,1970,19.79733
169,1,14,1971,19.76188
169,1,14,1972,19.77162
169,1,14,1973,19.80323
169,1,14,1974,19.86715
169,1,14,1975,19.84424
169,1,14,1976,19.7757
169,1,14,1977,19.80301
169,1,14,1978,19.88252
169,1,14,1979,19.85633
169,1,14,1980,19.94173
169,1,14,1981,19.85498
169,1,14,1982,19.92012
169,1,14,1983,19.96725
169,1,14,1984,19.8067
169,1,14,1985,19.72083
169,1,14,1986,19.71698
169,1,14,1987,19.72698
169,1,14,1988,19.50441
169,1,14,1989,19.38723
169,1,14,1990,19.28072
169,1,14,1991,19.12195
169,1,14,1992,18.96281
169,1,14,1993,18.89833
169,1,14,1994,18.69223
169,1,14,1995,18.55803
169,1,14,1996,18.39705
169,1,14,1997,18.34651
169,1,14,1998,18.26871
169,1,14,1999,18.3307
169,1,14,2000,18.33804
169,1,14,2001,18.35407
169,1,14,2002,18.3743
169,1,14,2003,18.48728
169,1,14,2004,18.66154
169,1,14,2005,18.79143
169,1,14,2006,18.84608
169,1,14,2007,19.03568
169,1,14,2008,19.41441
169,1,14,2009,19.73627
169,1,14,2010,19.91491
169,1,14,2011,20.04099
169,1,14,2012,20.20459
169,1,14,2013,19.99931
169,1,14,2014,19.97646
169,1,14,2015,20.49002
169,1,14,2016,20.51147
169,1,14,2017,20.38802
169,1,14,2018,20.75153
169,1,14,2019,21.11951
169,2,14,1950,25.55673
169,2,14,1951,25.60063
169,2,14,1952,25.63652
169,2,14,1953,25.63909
169,2,14,1954,25.7467
169,2,14,1955,25.8377
169,2,14,1956,25.8675
169,2,14,1957,25.97684
169,2,14,1958,26.10972
169,2,14,1959,26.18518
169,2,14,1960,26.30812
169,2,14,1961,26.45281
169,2,14,1962,26.55198
169,2,14,1963,26.66591
169,2,14,1964,26.69174
169,2,14,1965,26.78253
169,2,14,1966,26.76656
169,2,14,1967,26.74248
169,2,14,1968,26.67027
169,2,14,1969,26.69579
169,2,14,1970,26.69406
169,2,14,1971,26.59692
169,2,14,1972,26.56265
169,2,14,1973,26.56097
169,2,14,1974,26.53682
169,2,14,1975,26.5889
169,2,14,1976,26.56091
169,2,14,1977,26.54888
169,2,14,1978,26.51394
169,2,14,1979,26.52515
169,2,14,1980,26.5631
169,2,14,1981,26.64504
169,2,14,1982,26.63709
169,2,14,1983,26.46939
169,2,14,1984,26.49458
169,2,14,1985,26.54024
169,2,14,1986,26.51126
169,2,14,1987,26.43285
169,2,14,1988,26.11972
169,2,14,1989,26.09757
169,2,14,1990,25.83846
169,2,14,1991,25.76165
169,2,14,1992,25.70624
169,2,14,1993,25.12784
169,2,14,1994,24.6494
169,2,14,1995,24.18913
169,2,14,1996,23.78185
169,2,14,1997,23.4989
169,2,14,1998,23.38167
169,2,14,1999,23.44382
169,2,14,2000,23.45903
169,2,14,2001,23.68155
169,2,14,2002,23.75173
169,2,14,2003,23.95812
169,2,14,2004,24.04398
169,2,14,2005,24.14074
169,2,14,2006,24.39935
169,2,14,2007,24.59585
169,2,14,2008,25.05593
169,2,14,2009,25.28931
169,2,14,2010,25.37619
169,2,14,2011,25.47391
169,2,14,2012,25.72231
169,2,14,2013,25.42145
169,2,14,2014,25.51375
169,2,14,2015,25.95414
169,2,14,2016,26.23435
169,2,14,2017,26.43698
169,2,14,2018,26.84081
169,2,14,2019,27.15501
169,3,14,1950,21.5124
169,3,14,1951,21.58588
169,3,14,1952,21.64524
169,3,14,1953,21.68236
169,3,14,1954,21.74903
169,3,14,1955,21.8433
169,3,14,1956,21.90509
169,3,14,1957,22.0686
169,3,14,1958,22.20194
169,3,14,1959,22.33672
169,3,14,1960,22.49228
169,3,14,1961,22.64158
169,3,14,1962,22.71894
169,3,14,1963,22.76016
169,3,14,1964,22.90851
169,3,14,1965,22.92267
169,3,14,1966,22.96964
169,3,14,1967,22.88307
169,3,14,1968,22.89242
169,3,14,1969,22.90002
169,3,14,1970,22.91818
169,3,14,1971,22.84747
169,3,14,1972,22.79509
169,3,14,1973,22.80982
169,3,14,1974,22.90166
169,3,14,1975,22.87175
169,3,14,1976,22.82374
169,3,14,1977,22.85046
169,3,14,1978,22.92466
169,3,14,1979,22.8507
169,3,14,1980,22.93589
169,3,14,1981,22.90045
169,3,14,1982,22.93725
169,3,14,1983,22.92483
169,3,14,1984,22.80376
169,3,14,1985,22.78194
169,3,14,1986,22.76872
169,3,14,1987,22.7691
169,3,14,1988,22.52763
169,3,14,1989,22.43244
169,3,14,1990,22.23311
169,3,14,1991,22.13081
169,3,14,1992,21.97907
169,3,14,1993,21.65329
169,3,14,1994,21.30235
169,3,14,1995,21.04354
169,3,14,1996,20.80761
169,3,14,1997,20.69928
169,3,14,1998,20.63942
169,3,14,1999,20.61876
169,3,14,2000,20.61517
169,3,14,2001,20.75338
169,3,14,2002,20.86438
169,3,14,2003,20.9695
169,3,14,2004,21.11601
169,3,14,2005,21.20531
169,3,14,2006,21.38294
169,3,14,2007,21.63824
169,3,14,2008,22.08369
169,3,14,2009,22.30565
169,3,14,2010,22.45614
169,3,14,2011,22.62657
169,3,14,2012,22.80842
169,3,14,2013,22.52249
169,3,14,2014,22.53261
169,3,14,2015,23.06932
169,3,14,2016,23.16809
169,3,14,2017,23.23486
169,3,14,2018,23.63666
169,3,14,2019,23.93555
170,1,14,1950,17.69648
170,1,14,1951,17.73371
170,1,14,1952,17.76615
170,1,14,1953,17.78521
170,1,14,1954,17.78478
170,1,14,1955,17.82377
170,1,14,1956,17.8784
170,1,14,1957,18.0052
170,1,14,1958,18.08176
170,1,14,1959,18.16028
170,1,14,1960,18.19257
170,1,14,1961,18.32083
170,1,14,1962,18.39947
170,1,14,1963,18.51258
170,1,14,1964,18.71679
170,1,14,1965,18.82753
170,1,14,1966,19.01965
170,1,14,1967,19.12953
170,1,14,1968,19.28871
170,1,14,1969,19.39059
170,1,14,1970,19.50106
170,1,14,1971,19.6098
170,1,14,1972,19.68507
170,1,14,1973,19.82339
170,1,14,1974,19.95257
170,1,14,1975,20.14984
170,1,14,1976,20.30529
170,1,14,1977,20.40865
170,1,14,1978,20.49754
170,1,14,1979,20.64915
170,1,14,1980,20.96038
170,1,14,1981,21.22404
170,1,14,1982,21.42636
170,1,14,1983,21.62776
170,1,14,1984,21.69336
170,1,14,1985,21.81753
170,1,14,1986,21.86378
170,1,14,1987,21.93124
170,1,14,1988,21.68836
170,1,14,1989,21.62179
170,1,14,1990,21.38474
170,1,14,1991,21.50173
170,1,14,1992,21.46013
170,1,14,1993,21.1979
170,1,14,1994,21.22699
170,1,14,1995,21.1619
170,1,14,1996,21.1945
170,1,14,1997,20.41625
170,1,14,1998,21.18013
170,1,14,1999,21.84067
170,1,14,2000,22.35647
170,1,14,2001,22.87757
170,1,14,2002,23.4229
170,1,14,2003,23.79806
170,1,14,2004,24.36161
170,1,14,2005,25.03862
170,1,14,2006,25.50835
170,1,14,2007,25.91835
170,1,14,2008,26.31843
170,1,14,2009,26.73242
170,1,14,2010,27.25147
170,1,14,2011,27.55632
170,1,14,2012,27.43112
170,1,14,2013,27.56605
170,1,14,2014,27.62199
170,1,14,2015,27.77257
170,1,14,2016,27.93317
170,1,14,2017,27.97054
170,1,14,2018,27.9547
170,1,14,2019,27.90079
170,2,14,1950,24.78865
170,2,14,1951,24.81178
170,2,14,1952,24.83532
170,2,14,1953,24.82307
170,2,14,1954,24.81484
170,2,14,1955,24.83017
170,2,14,1956,24.87876
170,2,14,1957,24.98388
170,2,14,1958,25.0519
170,2,14,1959,25.1053
170,2,14,1960,25.1326
170,2,14,1961,25.23062
170,2,14,1962,25.27464
170,2,14,1963,25.37712
170,2,14,1964,25.55355
170,2,14,1965,25.64192
170,2,14,1966,25.82309
170,2,14,1967,25.88513
170,2,14,1968,26.019
170,2,14,1969,26.1159
170,2,14,1970,26.17896
170,2,14,1971,26.27148
170,2,14,1972,26.3188
170,2,14,1973,26.40601
170,2,14,1974,26.52966
170,2,14,1975,26.66148
170,2,14,1976,26.77751
170,2,14,1977,26.85877
170,2,14,1978,26.9482
170,2,14,1979,27.07864
170,2,14,1980,27.33538
170,2,14,1981,27.48366
170,2,14,1982,27.67688
170,2,14,1983,27.76276
170,2,14,1984,27.80298
170,2,14,1985,27.90164
170,2,14,1986,27.77642
170,2,14,1987,27.60806
170,2,14,1988,27.23353
170,2,14,1989,26.9656
170,2,14,1990,26.58466
170,2,14,1991,26.46977
170,2,14,1992,26.4596
170,2,14,1993,26.016
170,2,14,1994,25.56139
170,2,14,1995,25.18138
170,2,14,1996,24.77974
170,2,14,1997,24.14636
170,2,14,1998,24.5372
170,2,14,1999,24.8509
170,2,14,2000,25.09813
170,2,14,2001,25.4003
170,2,14,2002,25.72271
170,2,14,2003,25.81675
170,2,14,2004,26.03167
170,2,14,2005,26.24105
170,2,14,2006,26.55584
170,2,14,2007,26.82739
170,2,14,2008,27.23745
170,2,14,2009,27.63754
170,2,14,2010,28.07195
170,2,14,2011,28.31812
170,2,14,2012,28.58457
170,2,14,2013,28.72995
170,2,14,2014,28.82926
170,2,14,2015,29.12816
170,2,14,2016,29.51196
170,2,14,2017,29.65359
170,2,14,2018,29.75737
170,2,14,2019,29.88957
170,3,14,1950,20.86472
170,3,14,1951,20.90363
170,3,14,1952,20.9475
170,3,14,1953,20.97536
170,3,14,1954,21.00075
170,3,14,1955,21.01226
170,3,14,1956,21.05952
170,3,14,1957,21.18704
170,3,14,1958,21.27233
170,3,14,1959,21.36374
170,3,14,1960,21.37696
170,3,14,1961,21.49109
170,3,14,1962,21.56259
170,3,14,1963,21.68334
170,3,14,1964,21.88881
170,3,14,1965,21.98976
170,3,14,1966,22.17868
170,3,14,1967,22.27854
170,3,14,1968,22.44694
170,3,14,1969,22.55361
170,3,14,1970,22.63953
170,3,14,1971,22.74563
170,3,14,1972,22.81485
170,3,14,1973,22.94037
170,3,14,1974,23.0802
170,3,14,1975,23.25282
170,3,14,1976,23.39576
170,3,14,1977,23.50032
170,3,14,1978,23.58988
170,3,14,1979,23.74454
170,3,14,1980,24.03238
170,3,14,1981,24.25207
170,3,14,1982,24.44486
170,3,14,1983,24.6061
170,3,14,1984,24.6661
170,3,14,1985,24.78526
170,3,14,1986,24.72844
170,3,14,1987,24.72274
170,3,14,1988,24.4126
170,3,14,1989,24.26234
170,3,14,1990,23.92377
170,3,14,1991,23.93227
170,3,14,1992,23.90106
170,3,14,1993,23.5584
170,3,14,1994,23.38491
170,3,14,1995,23.1684
170,3,14,1996,23.03403
170,3,14,1997,22.27749
170,3,14,1998,22.86621
170,3,14,1999,23.40278
170,3,14,2000,23.76071
170,3,14,2001,24.186
170,3,14,2002,24.62494
170,3,14,2003,24.84016
170,3,14,2004,25.21185
170,3,14,2005,25.68137
170,3,14,2006,26.07421
170,3,14,2007,26.42884
170,3,14,2008,26.79483
170,3,14,2009,27.23243
170,3,14,2010,27.70713
170,3,14,2011,27.94456
170,3,14,2012,28.06286
170,3,14,2013,28.13466
170,3,14,2014,28.24975
170,3,14,2015,28.44371
170,3,14,2016,28.73569
170,3,14,2017,28.80981
170,3,14,2018,28.85508
170,3,14,2019,28.89511
171,1,14,1950,21.25355
171,1,14,1951,21.42637
171,1,14,1952,21.51989
171,1,14,1953,21.67383
171,1,14,1954,21.79313
171,1,14,1955,21.87688
171,1,14,1956,21.92865
171,1,14,1957,22.02619
171,1,14,1958,22.13449
171,1,14,1959,22.2099
171,1,14,1960,22.25426
171,1,14,1961,22.27264
171,1,14,1962,22.35028
171,1,14,1963,22.47446
171,1,14,1964,22.55551
171,1,14,1965,22.60834
171,1,14,1966,22.77864
171,1,14,1967,22.92885
171,1,14,1968,22.98359
171,1,14,1969,23.06414
171,1,14,1970,23.16928
171,1,14,1971,23.22745
171,1,14,1972,23.2743
171,1,14,1973,23.39392
171,1,14,1974,23.52993
171,1,14,1975,23.65238
171,1,14,1976,23.72447
171,1,14,1977,23.78658
171,1,14,1978,23.90287
171,1,14,1979,23.98962
171,1,14,1980,24.03037
171,1,14,1981,24.12532
171,1,14,1982,24.18757
171,1,14,1983,24.30396
171,1,14,1984,24.46342
171,1,14,1985,24.66872
171,1,14,1986,24.71639
171,1,14,1987,24.69523
171,1,14,1988,24.774
171,1,14,1989,24.78366
171,1,14,1990,24.86291
171,1,14,1991,24.79138
171,1,14,1992,24.6651
171,1,14,1993,24.57267
171,1,14,1994,24.39206
171,1,14,1995,24.12643
171,1,14,1996,23.73157
171,1,14,1997,23.87092
171,1,14,1998,23.88409
171,1,14,1999,23.9324
171,1,14,2000,24.03807
171,1,14,2001,24.12323
171,1,14,2002,24.33012
171,1,14,2003,24.26721
171,1,14,2004,24.52353
171,1,14,2005,24.8259
171,1,14,2006,25.09618
171,1,14,2007,25.24649
171,1,14,2008,25.31598
171,1,14,2009,25.41759
171,1,14,2010,25.62125
171,1,14,2011,25.87128
171,1,14,2012,26.11607
171,1,14,2013,26.45265
171,1,14,2014,26.78329
171,1,14,2015,27.16255
171,1,14,2016,27.47753
171,1,14,2017,27.75325
171,1,14,2018,27.97354
171,1,14,2019,28.07285
171,2,14,1950,27.35931
171,2,14,1951,27.48219
171,2,14,1952,27.54227
171,2,14,1953,27.64321
171,2,14,1954,27.71226
171,2,14,1955,27.77931
171,2,14,1956,27.76164
171,2,14,1957,27.79955
171,2,14,1958,27.86461
171,2,14,1959,27.88839
171,2,14,1960,27.92293
171,2,14,1961,27.90857
171,2,14,1962,27.92388
171,2,14,1963,27.98229
171,2,14,1964,27.99233
171,2,14,1965,28.02794
171,2,14,1966,28.15954
171,2,14,1967,28.22081
171,2,14,1968,28.27304
171,2,14,1969,28.27085
171,2,14,1970,28.36509
171,2,14,1971,28.37424
171,2,14,1972,28.38619
171,2,14,1973,28.45522
171,2,14,1974,28.54389
171,2,14,1975,28.59156
171,2,14,1976,28.65338
171,2,14,1977,28.64332
171,2,14,1978,28.72232
171,2,14,1979,28.74891
171,2,14,1980,28.75927
171,2,14,1981,28.79017
171,2,14,1982,28.81813
171,2,14,1983,28.87278
171,2,14,1984,28.96876
171,2,14,1985,29.04414
171,2,14,1986,29.0308
171,2,14,1987,28.99535
171,2,14,1988,28.95033
171,2,14,1989,28.91379
171,2,14,1990,28.88631
171,2,14,1991,28.76674
171,2,14,1992,28.5986
171,2,14,1993,28.49106
171,2,14,1994,28.30734
171,2,14,1995,28.13344
171,2,14,1996,27.67878
171,2,14,1997,27.98466
171,2,14,1998,27.97091
171,2,14,1999,28.01057
171,2,14,2000,27.97935
171,2,14,2001,27.94339
171,2,14,2002,27.94043
171,2,14,2003,27.90537
171,2,14,2004,28.04566
171,2,14,2005,28.21926
171,2,14,2006,28.32605
171,2,14,2007,28.4491
171,2,14,2008,28.54128
171,2,14,2009,28.71127
171,2,14,2010,29.00823
171,2,14,2011,29.24585
171,2,14,2012,29.52198
171,2,14,2013,29.90005
171,2,14,2014,30.25775
171,2,14,2015,30.61073
171,2,14,2016,30.93801
171,2,14,2017,31.18121
171,2,14,2018,31.41576
171,2,14,2019,31.45436
171,3,14,1950,22.95309
171,3,14,1951,23.12874
171,3,14,1952,23.22802
171,3,14,1953,23.37604
171,3,14,1954,23.50029
171,3,14,1955,23.593
171,3,14,1956,23.64033
171,3,14,1957,23.73674
171,3,14,1958,23.85063
171,3,14,1959,23.92397
171,3,14,1960,23.98452
171,3,14,1961,24.01475
171,3,14,1962,24.09271
171,3,14,1963,24.22769
171,3,14,1964,24.30851
171,3,14,1965,24.37021
171,3,14,1966,24.55965
171,3,14,1967,24.72465
171,3,14,1968,24.80132
171,3,14,1969,24.88577
171,3,14,1970,25.01686
171,3,14,1971,25.08989
171,3,14,1972,25.15871
171,3,14,1973,25.29286
171,3,14,1974,25.44643
171,3,14,1975,25.575
171,3,14,1976,25.67825
171,3,14,1977,25.74827
171,3,14,1978,25.88738
171,3,14,1979,25.97917
171,3,14,1980,26.03296
171,3,14,1981,26.14405
171,3,14,1982,26.22554
171,3,14,1983,26.34427
171,3,14,1984,26.5025
171,3,14,1985,26.67877
171,3,14,1986,26.73781
171,3,14,1987,26.73077
171,3,14,1988,26.7591
171,3,14,1989,26.77385
171,3,14,1990,26.83291
171,3,14,1991,26.74763
171,3,14,1992,26.63151
171,3,14,1993,26.52771
171,3,14,1994,26.35048
171,3,14,1995,26.16618
171,3,14,1996,25.76809
171,3,14,1997,25.97695
171,3,14,1998,25.98612
171,3,14,1999,26.03468
171,3,14,2000,26.06545
171,3,14,2001,26.10658
171,3,14,2002,26.21668
171,3,14,2003,26.17577
171,3,14,2004,26.37608
171,3,14,2005,26.61848
171,3,14,2006,26.80818
171,3,14,2007,26.96873
171,3,14,2008,27.00009
171,3,14,2009,27.15547
171,3,14,2010,27.41584
171,3,14,2011,27.64143
171,3,14,2012,27.91244
171,3,14,2013,28.25735
171,3,14,2014,28.6069
171,3,14,2015,28.97039
171,3,14,2016,29.32955
171,3,14,2017,29.56393
171,3,14,2018,29.7781
171,3,14,2019,29.83529
172,1,14,1950,16.41767
172,1,14,1951,16.4518
172,1,14,1952,16.4264
172,1,14,1953,16.44335
172,1,14,1954,16.54301
172,1,14,1955,16.61131
172,1,14,1956,16.7046
172,1,14,1957,16.77832
172,1,14,1958,16.8502
172,1,14,1959,16.943
172,1,14,1960,17.15367
172,1,14,1961,17.3387
172,1,14,1962,17.46814
172,1,14,1963,17.72069
172,1,14,1964,17.99214
172,1,14,1965,18.25875
172,1,14,1966,18.55558
172,1,14,1967,18.73183
172,1,14,1968,18.93298
172,1,14,1969,19.19212
172,1,14,1970,19.32088
172,1,14,1971,19.45345
172,1,14,1972,19.60209
172,1,14,1973,19.74329
172,1,14,1974,19.9333
172,1,14,1975,20.23335
172,1,14,1976,20.58631
172,1,14,1977,20.98877
172,1,14,1978,21.1934
172,1,14,1979,20.81866
172,1,14,1980,21.50058
172,1,14,1981,21.52075
172,1,14,1982,21.56763
172,1,14,1983,21.63811
172,1,14,1984,21.46431
172,1,14,1985,21.48827
172,1,14,1986,21.63009
172,1,14,1987,21.64079
172,1,14,1988,21.68722
172,1,14,1989,21.69253
172,1,14,1990,21.62769
172,1,14,1991,21.88901
172,1,14,1992,22.11573
172,1,14,1993,22.46149
172,1,14,1994,22.6841
172,1,14,1995,22.82616
172,1,14,1996,23.25493
172,1,14,1997,24.16624
172,1,14,1998,24.8759
172,1,14,1999,25.55877
172,1,14,2000,26.36273
172,1,14,2001,27.25523
172,1,14,2002,28.13307
172,1,14,2003,28.54616
172,1,14,2004,29.07656
172,1,14,2005,29.40022
172,1,14,2006,29.78225
172,1,14,2007,30.00968
172,1,14,2008,30.13326
172,1,14,2009,30.54622
172,1,14,2010,30.68971
172,1,14,2011,30.43843
172,1,14,2012,30.31598
172,1,14,2013,30.40189
172,1,14,2014,30.34675
172,1,14,2015,30.07222
172,1,14,2016,29.81303
172,1,14,2017,29.72726
172,1,14,2018,29.58048
172,1,14,2019,29.5573
172,2,14,1950,23.27476
172,2,14,1951,23.28544
172,2,14,1952,23.23033
172,2,14,1953,23.21318
172,2,14,1954,23.25563
172,2,14,1955,23.37582
172,2,14,1956,23.45137
172,2,14,1957,23.50314
172,2,14,1958,23.56521
172,2,14,1959,23.62771
172,2,14,1960,23.84464
172,2,14,1961,23.98294
172,2,14,1962,24.09841
172,2,14,1963,24.3276
172,2,14,1964,24.57024
172,2,14,1965,24.81101
172,2,14,1966,25.06732
172,2,14,1967,25.22715
172,2,14,1968,25.38357
172,2,14,1969,25.61423
172,2,14,1970,25.7451
172,2,14,1971,25.7993
172,2,14,1972,25.98603
172,2,14,1973,26.06367
172,2,14,1974,26.21986
172,2,14,1975,26.5275
172,2,14,1976,26.79454
172,2,14,1977,27.15219
172,2,14,1978,27.28637
172,2,14,1979,26.94383
172,2,14,1980,27.51381
172,2,14,1981,27.5406
172,2,14,1982,27.66199
172,2,14,1983,27.62584
172,2,14,1984,27.5829
172,2,14,1985,27.68421
172,2,14,1986,27.71938
172,2,14,1987,27.68874
172,2,14,1988,27.6354
172,2,14,1989,27.71276
172,2,14,1990,27.75576
172,2,14,1991,28.03414
172,2,14,1992,28.31216
172,2,14,1993,28.50174
172,2,14,1994,28.48743
172,2,14,1995,28.67244
172,2,14,1996,28.74367
172,2,14,1997,29.38065
172,2,14,1998,29.71993
172,2,14,1999,30.01654
172,2,14,2000,30.45048
172,2,14,2001,30.98528
172,2,14,2002,31.46263
172,2,14,2003,31.51618
172,2,14,2004,31.7936
172,2,14,2005,32.03048
172,2,14,2006,32.24754
172,2,14,2007,32.48242
172,2,14,2008,32.56964
172,2,14,2009,32.66323
172,2,14,2010,32.3554
172,2,14,2011,32.21889
172,2,14,2012,32.39607
172,2,14,2013,32.71744
172,2,14,2014,32.92751
172,2,14,2015,32.56181
172,2,14,2016,32.39942
172,2,14,2017,32.54283
172,2,14,2018,32.60242
172,2,14,2019,32.56689
172,3,14,1950,19.43401
172,3,14,1951,19.46687
172,3,14,1952,19.42749
172,3,14,1953,19.42282
172,3,14,1954,19.51044
172,3,14,1955,19.60692
172,3,14,1956,19.68963
172,3,14,1957,19.75091
172,3,14,1958,19.81499
172,3,14,1959,19.89084
172,3,14,1960,20.10491
172,3,14,1961,20.27213
172,3,14,1962,20.39088
172,3,14,1963,20.63434
172,3,14,1964,20.9009
172,3,14,1965,21.15706
172,3,14,1966,21.44296
172,3,14,1967,21.60989
172,3,14,1968,21.79431
172,3,14,1969,22.04575
172,3,14,1970,22.17474
172,3,14,1971,22.27386
172,3,14,1972,22.4369
172,3,14,1973,22.5656
172,3,14,1974,22.7259
172,3,14,1975,23.04854
172,3,14,1976,23.39302
172,3,14,1977,23.79262
172,3,14,1978,23.96936
172,3,14,1979,23.60575
172,3,14,1980,24.26803
172,3,14,1981,24.29241
172,3,14,1982,24.38178
172,3,14,1983,24.4377
172,3,14,1984,24.32206
172,3,14,1985,24.38248
172,3,14,1986,24.50363
172,3,14,1987,24.50461
172,3,14,1988,24.54023
172,3,14,1989,24.5965
172,3,14,1990,24.59335
172,3,14,1991,24.89229
172,3,14,1992,25.17182
172,3,14,1993,25.47736
172,3,14,1994,25.62538
172,3,14,1995,25.79056
172,3,14,1996,26.08354
172,3,14,1997,26.90835
172,3,14,1998,27.46718
172,3,14,1999,27.97293
172,3,14,2000,28.64291
172,3,14,2001,29.30431
172,3,14,2002,30.04003
172,3,14,2003,30.19959
172,3,14,2004,30.61653
172,3,14,2005,30.94703
172,3,14,2006,31.19281
172,3,14,2007,31.46866
172,3,14,2008,31.54401
172,3,14,2009,31.82067
172,3,14,2010,31.66414
172,3,14,2011,31.41538
172,3,14,2012,31.49321
172,3,14,2013,31.66314
172,3,14,2014,31.75889
172,3,14,2015,31.4269
172,3,14,2016,31.22139
172,3,14,2017,31.2835
172,3,14,2018,31.18843
172,3,14,2019,31.1705
173,1,14,1950,20.36294
173,1,14,1951,20.39539
173,1,14,1952,20.39383
173,1,14,1953,20.48771
173,1,14,1954,20.44397
173,1,14,1955,20.46871
173,1,14,1956,20.5249
173,1,14,1957,20.56156
173,1,14,1958,20.63771
173,1,14,1959,20.75088
173,1,14,1960,20.77613
173,1,14,1961,20.90127
173,1,14,1962,21.14454
173,1,14,1963,21.27795
173,1,14,1964,21.51254
173,1,14,1965,21.68374
173,1,14,1966,21.74009
173,1,14,1967,21.899
173,1,14,1968,21.98514
173,1,14,1969,22.11073
173,1,14,1970,22.164
173,1,14,1971,22.26236
173,1,14,1972,22.40798
173,1,14,1973,22.5806
173,1,14,1974,22.82002
173,1,14,1975,23.1003
173,1,14,1976,23.4353
173,1,14,1977,23.57073
173,1,14,1978,23.66506
173,1,14,1979,23.76764
173,1,14,1980,23.8499
173,1,14,1981,23.89807
173,1,14,1982,23.88738
173,1,14,1983,23.89656
173,1,14,1984,23.94746
173,1,14,1985,23.96132
173,1,14,1986,24.30676
173,1,14,1987,24.39007
173,1,14,1988,24.13454
173,1,14,1989,23.99403
173,1,14,1990,23.75307
173,1,14,1991,23.91405
173,1,14,1992,24.12076
173,1,14,1993,24.07891
173,1,14,1994,24.00453
173,1,14,1995,23.89133
173,1,14,1996,23.9224
173,1,14,1997,24.18597
173,1,14,1998,24.23472
173,1,14,1999,24.25111
173,1,14,2000,24.08282
173,1,14,2001,24.18511
173,1,14,2002,24.47606
173,1,14,2003,24.5111
173,1,14,2004,24.72697
173,1,14,2005,25.23816
173,1,14,2006,25.59482
173,1,14,2007,25.7552
173,1,14,2008,25.68882
173,1,14,2009,25.74655
173,1,14,2010,26.05315
173,1,14,2011,26.22127
173,1,14,2012,26.44161
173,1,14,2013,26.60761
173,1,14,2014,26.8707
173,1,14,2015,27.05662
173,1,14,2016,27.16172
173,1,14,2017,27.32903
173,1,14,2018,27.59238
173,1,14,2019,27.76984
173,2,14,1950,27.76282
173,2,14,1951,27.77178
173,2,14,1952,27.79239
173,2,14,1953,27.88039
173,2,14,1954,27.82123
173,2,14,1955,27.81283
173,2,14,1956,27.86607
173,2,14,1957,27.86165
173,2,14,1958,27.92334
173,2,14,1959,27.99677
173,2,14,1960,28.03155
173,2,14,1961,28.12823
173,2,14,1962,28.32769
173,2,14,1963,28.41973
173,2,14,1964,28.64619
173,2,14,1965,28.74729
173,2,14,1966,28.8145
173,2,14,1967,28.92216
173,2,14,1968,29.01311
173,2,14,1969,29.06916
173,2,14,1970,29.10718
173,2,14,1971,29.16848
173,2,14,1972,29.27487
173,2,14,1973,29.40982
173,2,14,1974,29.57387
173,2,14,1975,29.78427
173,2,14,1976,30.02029
173,2,14,1977,30.08952
173,2,14,1978,30.17081
173,2,14,1979,30.22256
173,2,14,1980,30.29698
173,2,14,1981,30.32857
173,2,14,1982,30.31112
173,2,14,1983,30.30895
173,2,14,1984,30.32636
173,2,14,1985,30.33898
173,2,14,1986,30.34269
173,2,14,1987,30.28166
173,2,14,1988,30.12626
173,2,14,1989,30.01766
173,2,14,1990,30.01153
173,2,14,1991,30.23722
173,2,14,1992,30.51706
173,2,14,1993,30.41981
173,2,14,1994,30.13092
173,2,14,1995,30.12546
173,2,14,1996,29.65328
173,2,14,1997,29.74767
173,2,14,1998,29.5539
173,2,14,1999,29.14751
173,2,14,2000,28.95287
173,2,14,2001,28.7711
173,2,14,2002,29.062
173,2,14,2003,28.91506
173,2,14,2004,29.00922
173,2,14,2005,29.65765
173,2,14,2006,30.01899
173,2,14,2007,30.2872
173,2,14,2008,30.29948
173,2,14,2009,30.61297
173,2,14,2010,31.04985
173,2,14,2011,31.15396
173,2,14,2012,31.68868
173,2,14,2013,32.2715
173,2,14,2014,32.54306
173,2,14,2015,32.67356
173,2,14,2016,32.81459
173,2,14,2017,32.93215
173,2,14,2018,33.06707
173,2,14,2019,33.20269
173,3,14,1950,23.91344
173,3,14,1951,23.95202
173,3,14,1952,23.9613
173,3,14,1953,24.07748
173,3,14,1954,24.03786
173,3,14,1955,24.05201
173,3,14,1956,24.10472
173,3,14,1957,24.11905
173,3,14,1958,24.20661
173,3,14,1959,24.29961
173,3,14,1960,24.32105
173,3,14,1961,24.42524
173,3,14,1962,24.64878
173,3,14,1963,24.76564
173,3,14,1964,24.99887
173,3,14,1965,25.13138
173,3,14,1966,25.18925
173,3,14,1967,25.32574
173,3,14,1968,25.40473
173,3,14,1969,25.49947
173,3,14,1970,25.53218
173,3,14,1971,25.62083
173,3,14,1972,25.74398
173,3,14,1973,25.89543
173,3,14,1974,26.10632
173,3,14,1975,26.37004
173,3,14,1976,26.67075
173,3,14,1977,26.77479
173,3,14,1978,26.85848
173,3,14,1979,26.93623
173,3,14,1980,27.01657
173,3,14,1981,27.06202
173,3,14,1982,27.04113
173,3,14,1983,27.04946
173,3,14,1984,27.08407
173,3,14,1985,27.08657
173,3,14,1986,27.29333
173,3,14,1987,27.31341
173,3,14,1988,27.09225
173,3,14,1989,26.94998
173,3,14,1990,26.80917
173,3,14,1991,27.01016
173,3,14,1992,27.23734
173,3,14,1993,27.19166
173,3,14,1994,27.0031
173,3,14,1995,26.93585
173,3,14,1996,26.747
173,3,14,1997,26.95151
173,3,14,1998,26.85213
173,3,14,1999,26.68468
173,3,14,2000,26.50265
173,3,14,2001,26.48907
173,3,14,2002,26.74039
173,3,14,2003,26.68591
173,3,14,2004,26.85257
173,3,14,2005,27.43449
173,3,14,2006,27.78856
173,3,14,2007,27.96266
173,3,14,2008,27.93742
173,3,14,2009,28.10712
173,3,14,2010,28.5234
173,3,14,2011,28.6289
173,3,14,2012,28.95651
173,3,14,2013,29.30735
173,3,14,2014,29.56311
173,3,14,2015,29.77182
173,3,14,2016,29.85907
173,3,14,2017,29.997
173,3,14,2018,30.2206
173,3,14,2019,30.39518
174,1,14,1950,20.21076
174,1,14,1951,20.34493
174,1,14,1952,20.31256
174,1,14,1953,20.47918
174,1,14,1954,20.69736
174,1,14,1955,20.66432
174,1,14,1956,20.74863
174,1,14,1957,20.86145
174,1,14,1958,20.9859
174,1,14,1959,21.07116
174,1,14,1960,21.14367
174,1,14,1961,21.26674
174,1,14,1962,21.27544
174,1,14,1963,21.31541
174,1,14,1964,21.41859
174,1,14,1965,21.45081
174,1,14,1966,21.6448
174,1,14,1967,21.68559
174,1,14,1968,21.76994
174,1,14,1969,21.99967
174,1,14,1970,22.03725
174,1,14,1971,22.21588
174,1,14,1972,21.96417
174,1,14,1973,22.52622
174,1,14,1974,22.60539
174,1,14,1975,22.68609
174,1,14,1976,22.85543
174,1,14,1977,22.95648
174,1,14,1978,23.17124
174,1,14,1979,23.3312
174,1,14,1980,23.30241
174,1,14,1981,23.39226
174,1,14,1982,23.41656
174,1,14,1983,23.27448
174,1,14,1984,23.17404
174,1,14,1985,23.40202
174,1,14,1986,23.36431
174,1,14,1987,23.38109
174,1,14,1988,23.32198
174,1,14,1989,23.15646
174,1,14,1990,22.98793
174,1,14,1991,22.92273
174,1,14,1992,22.857
174,1,14,1993,22.7291
174,1,14,1994,21.73078
174,1,14,1995,22.4445
174,1,14,1996,22.43772
174,1,14,1997,22.38118
174,1,14,1998,22.3758
174,1,14,1999,22.42789
174,1,14,2000,22.47594
174,1,14,2001,22.72076
174,1,14,2002,22.86954
174,1,14,2003,23.03428
174,1,14,2004,23.21436
174,1,14,2005,23.50696
174,1,14,2006,23.89395
174,1,14,2007,24.32171
174,1,14,2008,24.81749
174,1,14,2009,25.13907
174,1,14,2010,25.44605
174,1,14,2011,25.73826
174,1,14,2012,25.97165
174,1,14,2013,26.29164
174,1,14,2014,26.50152
174,1,14,2015,26.80047
174,1,14,2016,27.03472
174,1,14,2017,27.2852
174,1,14,2018,27.55522
174,1,14,2019,27.69315
174,2,14,1950,23.696
174,2,14,1951,23.7619
174,2,14,1952,23.83074
174,2,14,1953,23.95563
174,2,14,1954,24.00662
174,2,14,1955,24.09425
174,2,14,1956,24.08883
174,2,14,1957,24.15779
174,2,14,1958,24.21341
174,2,14,1959,24.28021
174,2,14,1960,24.39176
174,2,14,1961,24.45003
174,2,14,1962,24.53217
174,2,14,1963,24.52696
174,2,14,1964,24.67467
174,2,14,1965,24.64806
174,2,14,1966,24.72954
174,2,14,1967,24.86277
174,2,14,1968,24.90069
174,2,14,1969,25.08809
174,2,14,1970,25.2099
174,2,14,1971,25.25633
174,2,14,1972,25.12101
174,2,14,1973,25.61116
174,2,14,1974,25.60961
174,2,14,1975,25.73192
174,2,14,1976,25.8309
174,2,14,1977,25.97731
174,2,14,1978,25.99226
174,2,14,1979,26.30245
174,2,14,1980,26.26808
174,2,14,1981,26.34528
174,2,14,1982,26.28041
174,2,14,1983,26.18399
174,2,14,1984,26.09903
174,2,14,1985,26.3446
174,2,14,1986,26.3976
174,2,14,1987,26.54105
174,2,14,1988,26.5314
174,2,14,1989,26.47986
174,2,14,1990,26.44853
174,2,14,1991,26.37228
174,2,14,1992,26.37357
174,2,14,1993,26.27497
174,2,14,1994,25.21434
174,2,14,1995,25.93962
174,2,14,1996,25.92492
174,2,14,1997,25.94963
174,2,14,1998,25.84504
174,2,14,1999,25.96984
174,2,14,2000,26.04585
174,2,14,2001,26.41108
174,2,14,2002,26.52919
174,2,14,2003,26.76494
174,2,14,2004,27.01196
174,2,14,2005,27.36873
174,2,14,2006,27.84683
174,2,14,2007,28.30052
174,2,14,2008,28.76252
174,2,14,2009,29.13212
174,2,14,2010,29.38812
174,2,14,2011,29.72837
174,2,14,2012,29.97721
174,2,14,2013,30.24754
174,2,14,2014,30.52006
174,2,14,2015,30.67064
174,2,14,2016,30.90447
174,2,14,2017,31.04746
174,2,14,2018,31.13247
174,2,14,2019,31.32664
174,3,14,1950,21.69792
174,3,14,1951,21.84115
174,3,14,1952,21.86236
174,3,14,1953,21.98062
174,3,14,1954,22.10307
174,3,14,1955,22.18648
174,3,14,1956,22.1838
174,3,14,1957,22.32878
174,3,14,1958,22.39216
174,3,14,1959,22.4707
174,3,14,1960,22.53834
174,3,14,1961,22.65661
174,3,14,1962,22.64339
174,3,14,1963,22.71473
174,3,14,1964,22.81344
174,3,14,1965,22.8811
174,3,14,1966,22.97417
174,3,14,1967,23.00424
174,3,14,1968,23.12991
174,3,14,1969,23.33382
174,3,14,1970,23.43891
174,3,14,1971,23.50436
174,3,14,1972,23.33271
174,3,14,1973,23.85559
174,3,14,1974,23.84796
174,3,14,1975,23.92827
174,3,14,1976,24.09428
174,3,14,1977,24.24091
174,3,14,1978,24.35657
174,3,14,1979,24.59486
174,3,14,1980,24.55907
174,3,14,1981,24.62596
174,3,14,1982,24.62888
174,3,14,1983,24.51177
174,3,14,1984,24.42872
174,3,14,1985,24.68001
174,3,14,1986,24.67342
174,3,14,1987,24.77506
174,3,14,1988,24.74244
174,3,14,1989,24.62645
174,3,14,1990,24.552
174,3,14,1991,24.4002
174,3,14,1992,24.40615
174,3,14,1993,24.30056
174,3,14,1994,23.29022
174,3,14,1995,23.99157
174,3,14,1996,23.97863
174,3,14,1997,23.93637
174,3,14,1998,23.95265
174,3,14,1999,23.99131
174,3,14,2000,24.07087
174,3,14,2001,24.35471
174,3,14,2002,24.52969
174,3,14,2003,24.68664
174,3,14,2004,24.92656
174,3,14,2005,25.27076
174,3,14,2006,25.68607
174,3,14,2007,26.17156
174,3,14,2008,26.64211
174,3,14,2009,26.99287
174,3,14,2010,27.29211
174,3,14,2011,27.58061
174,3,14,2012,27.84399
174,3,14,2013,28.12407
174,3,14,2014,28.38731
174,3,14,2015,28.64667
174,3,14,2016,28.84672
174,3,14,2017,29.04215
174,3,14,2018,29.27364
174,3,14,2019,29.38517
175,1,14,1950,20.82988
175,1,14,1951,20.94955
175,1,14,1952,21.0046
175,1,14,1953,21.07911
175,1,14,1954,21.28126
175,1,14,1955,21.43156
175,1,14,1956,21.56023
175,1,14,1957,21.77991
175,1,14,1958,22.01606
175,1,14,1959,22.16286
175,1,14,1960,22.26802
175,1,14,1961,22.37953
175,1,14,1962,22.38185
175,1,14,1963,22.44056
175,1,14,1964,22.56722
175,1,14,1965,22.60923
175,1,14,1966,22.50764
175,1,14,1967,22.4414
175,1,14,1968,22.31404
175,1,14,1969,22.12876
175,1,14,1970,22.07696
175,1,14,1971,22.1099
175,1,14,1972,13.55179
175,1,14,1973,22.32899
175,1,14,1974,22.34096
175,1,14,1975,22.40461
175,1,14,1976,22.43859
175,1,14,1977,22.49386
175,1,14,1978,22.49346
175,1,14,1979,22.42904
175,1,14,1980,22.27169
175,1,14,1981,22.17906
175,1,14,1982,22.062
175,1,14,1983,22.00528
175,1,14,1984,21.89161
175,1,14,1985,21.80003
175,1,14,1986,21.75877
175,1,14,1987,21.83529
175,1,14,1988,21.73021
175,1,14,1989,21.57567
175,1,14,1990,21.45462
175,1,14,1991,21.33574
175,1,14,1992,21.15965
175,1,14,1993,21.06145
175,1,14,1994,20.19971
175,1,14,1995,19.88463
175,1,14,1996,19.77534
175,1,14,1997,19.84693
175,1,14,1998,20.10962
175,1,14,1999,20.38542
175,1,14,2000,20.55277
175,1,14,2001,20.99614
175,1,14,2002,21.52719
175,1,14,2003,21.92997
175,1,14,2004,22.43045
175,1,14,2005,22.81739
175,1,14,2006,24.03816
175,1,14,2007,24.48646
175,1,14,2008,24.98685
175,1,14,2009,25.3889
175,1,14,2010,25.76721
175,1,14,2011,26.12449
175,1,14,2012,26.39197
175,1,14,2013,26.65909
175,1,14,2014,26.88728
175,1,14,2015,27.17954
175,1,14,2016,27.43237
175,1,14,2017,27.76966
175,1,14,2018,27.8437
175,1,14,2019,27.93504
175,2,14,1950,24.56327
175,2,14,1951,24.68708
175,2,14,1952,24.71118
175,2,14,1953,24.7687
175,2,14,1954,24.8803
175,2,14,1955,25.04972
175,2,14,1956,25.06176
175,2,14,1957,25.19339
175,2,14,1958,25.36616
175,2,14,1959,25.49755
175,2,14,1960,25.63377
175,2,14,1961,25.62627
175,2,14,1962,25.62304
175,2,14,1963,25.6097
175,2,14,1964,25.67878
175,2,14,1965,25.73893
175,2,14,1966,25.65796
175,2,14,1967,25.67124
175,2,14,1968,25.60776
175,2,14,1969,25.54013
175,2,14,1970,25.5425
175,2,14,1971,25.55984
175,2,14,1972,18.92408
175,2,14,1973,25.87479
175,2,14,1974,25.95304
175,2,14,1975,26.02458
175,2,14,1976,26.12618
175,2,14,1977,26.27967
175,2,14,1978,26.37858
175,2,14,1979,26.4355
175,2,14,1980,26.38016
175,2,14,1981,26.45608
175,2,14,1982,26.4722
175,2,14,1983,26.42375
175,2,14,1984,26.41745
175,2,14,1985,26.36707
175,2,14,1986,26.39519
175,2,14,1987,26.35923
175,2,14,1988,26.30275
175,2,14,1989,26.12678
175,2,14,1990,25.88898
175,2,14,1991,25.58354
175,2,14,1992,25.20724
175,2,14,1993,25.02653
175,2,14,1994,24.25693
175,2,14,1995,23.92388
175,2,14,1996,23.61529
175,2,14,1997,23.39203
175,2,14,1998,23.47305
175,2,14,1999,23.61477
175,2,14,2000,23.78473
175,2,14,2001,24.20999
175,2,14,2002,24.6935
175,2,14,2003,25.23747
175,2,14,2004,25.79969
175,2,14,2005,26.37869
175,2,14,2006,27.39571
175,2,14,2007,27.96631
175,2,14,2008,28.4308
175,2,14,2009,28.81405
175,2,14,2010,29.20746
175,2,14,2011,29.52455
175,2,14,2012,29.88929
175,2,14,2013,30.14257
175,2,14,2014,30.47039
175,2,14,2015,30.5839
175,2,14,2016,30.85842
175,2,14,2017,31.02697
175,2,14,2018,31.13726
175,2,14,2019,31.22043
175,3,14,1950,22.69016
175,3,14,1951,22.82572
175,3,14,1952,22.8382
175,3,14,1953,22.91559
175,3,14,1954,23.0798
175,3,14,1955,23.22129
175,3,14,1956,23.29453
175,3,14,1957,23.52067
175,3,14,1958,23.71487
175,3,14,1959,23.79865
175,3,14,1960,23.90365
175,3,14,1961,23.97685
175,3,14,1962,23.98948
175,3,14,1963,24.0348
175,3,14,1964,24.1597
175,3,14,1965,24.19758
175,3,14,1966,24.09022
175,3,14,1967,24.10307
175,3,14,1968,23.99541
175,3,14,1969,23.86434
175,3,14,1970,23.81912
175,3,14,1971,23.85677
175,3,14,1972,16.16231
175,3,14,1973,24.14696
175,3,14,1974,24.19124
175,3,14,1975,24.24517
175,3,14,1976,24.30241
175,3,14,1977,24.42777
175,3,14,1978,24.48823
175,3,14,1979,24.43999
175,3,14,1980,24.35508
175,3,14,1981,24.2988
175,3,14,1982,24.26866
175,3,14,1983,24.20237
175,3,14,1984,24.10826
175,3,14,1985,24.05102
175,3,14,1986,24.03623
175,3,14,1987,23.97085
175,3,14,1988,24.00199
175,3,14,1989,23.79851
175,3,14,1990,23.5905
175,3,14,1991,23.32738
175,3,14,1992,23.11645
175,3,14,1993,22.95773
175,3,14,1994,22.16873
175,3,14,1995,21.77436
175,3,14,1996,21.54405
175,3,14,1997,21.4747
175,3,14,1998,21.70498
175,3,14,1999,21.89601
175,3,14,2000,22.01576
175,3,14,2001,22.49546
175,3,14,2002,22.99861
175,3,14,2003,23.46279
175,3,14,2004,23.97493
175,3,14,2005,24.45342
175,3,14,2006,25.5084
175,3,14,2007,25.99846
175,3,14,2008,26.57892
175,3,14,2009,26.97264
175,3,14,2010,27.30013
175,3,14,2011,27.64641
175,3,14,2012,27.89841
175,3,14,2013,28.20503
175,3,14,2014,28.50634
175,3,14,2015,28.69205
175,3,14,2016,28.88767
175,3,14,2017,29.16898
175,3,14,2018,29.35151
175,3,14,2019,29.39709
176,1,14,1950,22.83603
176,1,14,1951,21.37748
176,1,14,1952,23.00369
176,1,14,1953,23.05116
176,1,14,1954,23.13433
176,1,14,1955,23.21505
176,1,14,1956,23.29443
176,1,14,1957,23.35158
176,1,14,1958,23.41139
176,1,14,1959,23.54341
176,1,14,1960,23.67681
176,1,14,1961,23.81869
176,1,14,1962,23.95787
176,1,14,1963,24.17765
176,1,14,1964,24.34224
176,1,14,1965,24.62063
176,1,14,1966,24.74877
176,1,14,1967,24.94386
176,1,14,1968,25.1468
176,1,14,1969,25.29294
176,1,14,1970,25.401
176,1,14,1971,25.491
176,1,14,1972,25.56597
176,1,14,1973,25.58441
176,1,14,1974,25.58136
176,1,14,1975,25.56399
176,1,14,1976,25.64663
176,1,14,1977,25.65042
176,1,14,1978,25.69967
176,1,14,1979,25.81666
176,1,14,1980,25.92987
176,1,14,1981,26.05761
176,1,14,1982,26.21231
176,1,14,1983,26.24736
176,1,14,1984,26.43426
176,1,14,1985,26.4608
176,1,14,1986,26.69583
176,1,14,1987,26.82364
176,1,14,1988,26.93679
176,1,14,1989,26.97609
176,1,14,1990,27.09582
176,1,14,1991,27.14
176,1,14,1992,27.24328
176,1,14,1993,27.32319
176,1,14,1994,27.31422
176,1,14,1995,27.36498
176,1,14,1996,26.84493
176,1,14,1997,27.32658
176,1,14,1998,27.46529
176,1,14,1999,27.98975
176,1,14,2000,28.21894
176,1,14,2001,28.63203
176,1,14,2002,28.7489
176,1,14,2003,29.12206
176,1,14,2004,29.23452
176,1,14,2005,29.28765
176,1,14,2006,29.35742
176,1,14,2007,29.32629
176,1,14,2008,29.59265
176,1,14,2009,29.32127
176,1,14,2010,29.88466
176,1,14,2011,29.64104
176,1,14,2012,29.97224
176,1,14,2013,30.09786
176,1,14,2014,30.24758
176,1,14,2015,30.40038
176,1,14,2016,30.50825
176,1,14,2017,30.60483
176,1,14,2018,30.66221
176,1,14,2019,30.78041
176,2,14,1950,25.00027
176,2,14,1951,23.84923
176,2,14,1952,25.11406
176,2,14,1953,25.14628
176,2,14,1954,25.19618
176,2,14,1955,25.24452
176,2,14,1956,25.27989
176,2,14,1957,25.32384
176,2,14,1958,25.37629
176,2,14,1959,25.4813
176,2,14,1960,25.60036
176,2,14,1961,25.71987
176,2,14,1962,25.87465
176,2,14,1963,26.0674
176,2,14,1964,26.22841
176,2,14,1965,26.44392
176,2,14,1966,26.5969
176,2,14,1967,26.78412
176,2,14,1968,27.01609
176,2,14,1969,27.1936
176,2,14,1970,27.36224
176,2,14,1971,27.48536
176,2,14,1972,27.60565
176,2,14,1973,27.72779
176,2,14,1974,27.81636
176,2,14,1975,27.91975
176,2,14,1976,28.00518
176,2,14,1977,28.10592
176,2,14,1978,28.19215
176,2,14,1979,28.33281
176,2,14,1980,28.48471
176,2,14,1981,28.59739
176,2,14,1982,28.75069
176,2,14,1983,28.75776
176,2,14,1984,28.88088
176,2,14,1985,28.8973
176,2,14,1986,29.02466
176,2,14,1987,29.1741
176,2,14,1988,29.27493
176,2,14,1989,29.29143
176,2,14,1990,29.383
176,2,14,1991,29.432
176,2,14,1992,29.52114
176,2,14,1993,29.59475
176,2,14,1994,29.56903
176,2,14,1995,29.60335
176,2,14,1996,29.4884
176,2,14,1997,29.58263
176,2,14,1998,29.65519
176,2,14,1999,29.76296
176,2,14,2000,29.86042
176,2,14,2001,30.04369
176,2,14,2002,30.23194
176,2,14,2003,30.379
176,2,14,2004,30.55502
176,2,14,2005,30.65093
176,2,14,2006,30.79797
176,2,14,2007,30.91148
176,2,14,2008,31.05545
176,2,14,2009,31.1083
176,2,14,2010,31.26364
176,2,14,2011,31.31694
176,2,14,2012,31.48201
176,2,14,2013,31.65224
176,2,14,2014,31.755
176,2,14,2015,31.86672
176,2,14,2016,31.97821
176,2,14,2017,32.11306
176,2,14,2018,32.18171
176,2,14,2019,32.29394
176,3,14,1950,23.91642
176,3,14,1951,22.60028
176,3,14,1952,24.06289
176,3,14,1953,24.10375
176,3,14,1954,24.17327
176,3,14,1955,24.23028
176,3,14,1956,24.29175
176,3,14,1957,24.33466
176,3,14,1958,24.37726
176,3,14,1959,24.49885
176,3,14,1960,24.62183
176,3,14,1961,24.75256
176,3,14,1962,24.88403
176,3,14,1963,25.09409
176,3,14,1964,25.25614
176,3,14,1965,25.50341
176,3,14,1966,25.63148
176,3,14,1967,25.83516
176,3,14,1968,26.01637
176,3,14,1969,26.18854
176,3,14,1970,26.32073
176,3,14,1971,26.41823
176,3,14,1972,26.5144
176,3,14,1973,26.57189
176,3,14,1974,26.62259
176,3,14,1975,26.63339
176,3,14,1976,26.7304
176,3,14,1977,26.77713
176,3,14,1978,26.84414
176,3,14,1979,26.97148
176,3,14,1980,27.10736
176,3,14,1981,27.23357
176,3,14,1982,27.39344
176,3,14,1983,27.42096
176,3,14,1984,27.59233
176,3,14,1985,27.62103
176,3,14,1986,27.81007
176,3,14,1987,27.94699
176,3,14,1988,28.06771
176,3,14,1989,28.10085
176,3,14,1990,28.20356
176,3,14,1991,28.26059
176,3,14,1992,28.36574
176,3,14,1993,28.47141
176,3,14,1994,28.45137
176,3,14,1995,28.48871
176,3,14,1996,28.17285
176,3,14,1997,28.47271
176,3,14,1998,28.58431
176,3,14,1999,28.90126
176,3,14,2000,29.07204
176,3,14,2001,29.35959
176,3,14,2002,29.53037
176,3,14,2003,29.78896
176,3,14,2004,29.94228
176,3,14,2005,30.00841
176,3,14,2006,30.11966
176,3,14,2007,30.15692
176,3,14,2008,30.37752
176,3,14,2009,30.25388
176,3,14,2010,30.62673
176,3,14,2011,30.54494
176,3,14,2012,30.77431
176,3,14,2013,30.91832
176,3,14,2014,31.05951
176,3,14,2015,31.2017
176,3,14,2016,31.29571
176,3,14,2017,31.40605
176,3,14,2018,31.47393
176,3,14,2019,31.58363
177,1,14,1950,26.51404
177,1,14,1951,26.55167
177,1,14,1952,26.5543
177,1,14,1953,26.57211
177,1,14,1954,26.69458
177,1,14,1955,26.7907
177,1,14,1956,26.85591
177,1,14,1957,26.92894
177,1,14,1958,27.02679
177,1,14,1959,27.06348
177,1,14,1960,27.15529
177,1,14,1961,27.28485
177,1,14,1962,27.2727
177,1,14,1963,27.39291
177,1,14,1964,27.47584
177,1,14,1965,27.56638
177,1,14,1966,27.60695
177,1,14,1967,27.59308
177,1,14,1968,27.62282
177,1,14,1969,27.76575
177,1,14,1970,27.95377
177,1,14,1971,28.11119
177,1,14,1972,28.37894
177,1,14,1973,28.56159
177,1,14,1974,28.65388
177,1,14,1975,28.7883
177,1,14,1976,28.94792
177,1,14,1977,29.09349
177,1,14,1978,29.08886
177,1,14,1979,28.69324
177,1,14,1980,28.91838
177,1,14,1981,28.78302
177,1,14,1982,28.74132
177,1,14,1983,28.77545
177,1,14,1984,28.74227
177,1,14,1985,28.66055
177,1,14,1986,28.59469
177,1,14,1987,28.46748
177,1,14,1988,28.51133
177,1,14,1989,28.43223
177,1,14,1990,28.27978
177,1,14,1991,28.14561
177,1,14,1992,27.73799
177,1,14,1993,28.00927
177,1,14,1994,27.67844
177,1,14,1995,27.83555
177,1,14,1996,27.83815
177,1,14,1997,27.90989
177,1,14,1998,27.77154
177,1,14,1999,27.90249
177,1,14,2000,28.00345
177,1,14,2001,28.06496
177,1,14,2002,28.17064
177,1,14,2003,28.20192
177,1,14,2004,28.24809
177,1,14,2005,28.38314
177,1,14,2006,28.22977
177,1,14,2007,28.59635
177,1,14,2008,28.71811
177,1,14,2009,28.81123
177,1,14,2010,28.97889
177,1,14,2011,29.02785
177,1,14,2012,29.0967
177,1,14,2013,29.16745
177,1,14,2014,29.29988
177,1,14,2015,29.45983
177,1,14,2016,29.56331
177,1,14,2017,29.5529
177,1,14,2018,29.67026
177,1,14,2019,29.61371
177,2,14,1950,28.70974
177,2,14,1951,28.73631
177,2,14,1952,28.72213
177,2,14,1953,28.75048
177,2,14,1954,28.82289
177,2,14,1955,28.89854
177,2,14,1956,28.94256
177,2,14,1957,28.97778
177,2,14,1958,29.05002
177,2,14,1959,29.0861
177,2,14,1960,29.17591
177,2,14,1961,29.29195
177,2,14,1962,29.34384
177,2,14,1963,29.43004
177,2,14,1964,29.477
177,2,14,1965,29.58382
177,2,14,1966,29.64329
177,2,14,1967,29.66658
177,2,14,1968,29.73962
177,2,14,1969,29.86324
177,2,14,1970,30.05165
177,2,14,1971,30.16889
177,2,14,1972,30.44156
177,2,14,1973,30.61346
177,2,14,1974,30.68291
177,2,14,1975,30.83402
177,2,14,1976,30.9682
177,2,14,1977,31.07148
177,2,14,1978,31.04437
177,2,14,1979,30.97961
177,2,14,1980,30.98501
177,2,14,1981,30.89264
177,2,14,1982,30.89854
177,2,14,1983,30.88424
177,2,14,1984,30.8361
177,2,14,1985,30.80573
177,2,14,1986,30.86749
177,2,14,1987,30.91464
177,2,14,1988,31.01329
177,2,14,1989,31.07266
177,2,14,1990,31.10502
177,2,14,1991,31.09872
177,2,14,1992,30.92814
177,2,14,1993,31.19298
177,2,14,1994,31.00037
177,2,14,1995,31.21098
177,2,14,1996,31.28007
177,2,14,1997,31.30231
177,2,14,1998,31.21151
177,2,14,1999,31.31948
177,2,14,2000,31.32068
177,2,14,2001,31.37887
177,2,14,2002,31.52332
177,2,14,2003,31.52121
177,2,14,2004,31.5797
177,2,14,2005,31.8617
177,2,14,2006,31.9089
177,2,14,2007,32.16602
177,2,14,2008,32.28174
177,2,14,2009,32.44035
177,2,14,2010,32.54923
177,2,14,2011,32.7128
177,2,14,2012,32.65759
177,2,14,2013,32.70015
177,2,14,2014,32.79679
177,2,14,2015,32.87219
177,2,14,2016,32.74644
177,2,14,2017,32.71769
177,2,14,2018,32.73198
177,2,14,2019,32.75605
177,3,14,1950,27.65686
177,3,14,1951,27.68769
177,3,14,1952,27.68718
177,3,14,1953,27.71364
177,3,14,1954,27.81035
177,3,14,1955,27.89334
177,3,14,1956,27.95187
177,3,14,1957,28.00406
177,3,14,1958,28.09533
177,3,14,1959,28.12608
177,3,14,1960,28.2174
177,3,14,1961,28.34371
177,3,14,1962,28.37464
177,3,14,1963,28.46051
177,3,14,1964,28.52764
177,3,14,1965,28.62597
177,3,14,1966,28.6531
177,3,14,1967,28.66795
177,3,14,1968,28.70683
177,3,14,1969,28.83902
177,3,14,1970,29.02919
177,3,14,1971,29.16457
177,3,14,1972,29.42757
177,3,14,1973,29.60703
177,3,14,1974,29.68409
177,3,14,1975,29.82031
177,3,14,1976,29.96847
177,3,14,1977,30.08572
177,3,14,1978,30.06557
177,3,14,1979,29.82036
177,3,14,1980,29.9374
177,3,14,1981,29.81642
177,3,14,1982,29.79625
177,3,14,1983,29.80225
177,3,14,1984,29.7556
177,3,14,1985,29.6954
177,3,14,1986,29.68056
177,3,14,1987,29.6329
177,3,14,1988,29.69735
177,3,14,1989,29.68206
177,3,14,1990,29.60293
177,3,14,1991,29.52052
177,3,14,1992,29.19848
177,3,14,1993,29.47755
177,3,14,1994,29.19642
177,3,14,1995,29.38686
177,3,14,1996,29.40451
177,3,14,1997,29.42539
177,3,14,1998,29.36342
177,3,14,1999,29.43855
177,3,14,2000,29.46715
177,3,14,2001,29.5734
177,3,14,2002,29.69324
177,3,14,2003,29.69163
177,3,14,2004,29.75018
177,3,14,2005,29.93141
177,3,14,2006,29.78593
177,3,14,2007,30.20113
177,3,14,2008,30.26188
177,3,14,2009,30.43079
177,3,14,2010,30.583
177,3,14,2011,30.61928
177,3,14,2012,30.60032
177,3,14,2013,30.68221
177,3,14,2014,30.78117
177,3,14,2015,30.9109
177,3,14,2016,30.92808
177,3,14,2017,30.88938
177,3,14,2018,31.00465
177,3,14,2019,30.95316
178,1,14,1950,18.0235
178,1,14,1951,18.01564
178,1,14,1952,18.08429
178,1,14,1953,18.19434
178,1,14,1954,18.27684
178,1,14,1955,18.43176
178,1,14,1956,18.52217
178,1,14,1957,18.65922
178,1,14,1958,18.7159
178,1,14,1959,18.85948
178,1,14,1960,18.98236
178,1,14,1961,19.06347
178,1,14,1962,19.26782
178,1,14,1963,19.31081
178,1,14,1964,19.11109
178,1,14,1965,19.18986
178,1,14,1966,19.23411
178,1,14,1967,19.32953
178,1,14,1968,19.38066
178,1,14,1969,19.48741
178,1,14,1970,19.57388
178,1,14,1971,19.61078
178,1,14,1972,19.65955
178,1,14,1973,19.70877
178,1,14,1974,18.87664
178,1,14,1975,18.98887
178,1,14,1976,19.07438
178,1,14,1977,19.09038
178,1,14,1978,19.18611
178,1,14,1979,19.2817
178,1,14,1980,19.27891
178,1,14,1981,19.39621
178,1,14,1982,19.33674
178,1,14,1983,19.37523
178,1,14,1984,19.41401
178,1,14,1985,19.32595
178,1,14,1986,19.42671
178,1,14,1987,19.58771
178,1,14,1988,19.63408
178,1,14,1989,19.64875
178,1,14,1990,19.61173
178,1,14,1991,18.49705
178,1,14,1992,20.63153
178,1,14,1993,20.66881
178,1,14,1994,20.57226
178,1,14,1995,20.18371
178,1,14,1996,20.40843
178,1,14,1997,20.71752
178,1,14,1998,20.94133
178,1,14,1999,20.13074
178,1,14,2000,21.36655
178,1,14,2001,21.74618
178,1,14,2002,22.04488
178,1,14,2003,22.25251
178,1,14,2004,22.4825
178,1,14,2005,22.77452
178,1,14,2006,23.06079
178,1,14,2007,23.21828
178,1,14,2008,23.44656
178,1,14,2009,23.60486
178,1,14,2010,23.88244
178,1,14,2011,24.13355
178,1,14,2012,24.45192
178,1,14,2013,24.76249
178,1,14,2014,25.0336
178,1,14,2015,25.12204
178,1,14,2016,25.2877
178,1,14,2017,25.464
178,1,14,2018,25.57291
178,1,14,2019,25.75094
178,2,14,1950,22.87416
178,2,14,1951,22.87379
178,2,14,1952,22.96344
178,2,14,1953,22.98512
178,2,14,1954,23.05357
178,2,14,1955,23.20394
178,2,14,1956,23.26278
178,2,14,1957,23.36056
178,2,14,1958,23.45192
178,2,14,1959,23.57652
178,2,14,1960,23.64411
178,2,14,1961,23.76631
178,2,14,1962,23.87508
178,2,14,1963,23.97895
178,2,14,1964,23.77462
178,2,14,1965,23.93266
178,2,14,1966,24.03788
178,2,14,1967,24.02459
178,2,14,1968,23.99656
178,2,14,1969,24.06179
178,2,14,1970,24.10008
178,2,14,1971,24.17252
178,2,14,1972,24.18756
178,2,14,1973,24.22442
178,2,14,1974,23.65633
178,2,14,1975,23.8008
178,2,14,1976,23.84723
178,2,14,1977,23.87009
178,2,14,1978,23.91732
178,2,14,1979,24.0296
178,2,14,1980,24.04881
178,2,14,1981,24.21794
178,2,14,1982,24.32105
178,2,14,1983,24.29964
178,2,14,1984,24.32123
178,2,14,1985,24.31195
178,2,14,1986,24.50151
178,2,14,1987,24.72414
178,2,14,1988,24.91853
178,2,14,1989,25.01903
178,2,14,1990,25.18757
178,2,14,1991,23.70117
178,2,14,1992,26.53408
178,2,14,1993,26.89301
178,2,14,1994,27.12239
178,2,14,1995,27.23777
178,2,14,1996,27.45084
178,2,14,1997,27.59531
178,2,14,1998,27.65082
178,2,14,1999,26.87646
178,2,14,2000,27.99705
178,2,14,2001,28.2898
178,2,14,2002,28.41157
178,2,14,2003,28.49885
178,2,14,2004,28.71471
178,2,14,2005,28.88364
178,2,14,2006,28.88837
178,2,14,2007,29.0353
178,2,14,2008,29.09751
178,2,14,2009,29.26391
178,2,14,2010,29.40382
178,2,14,2011,29.61927
178,2,14,2012,29.80094
178,2,14,2013,29.8945
178,2,14,2014,29.94738
178,2,14,2015,30.0648
178,2,14,2016,30.13391
178,2,14,2017,30.14926
178,2,14,2018,30.24166
178,2,14,2019,30.33265
178,3,14,1950,20.34638
178,3,14,1951,20.33233
178,3,14,1952,20.45062
178,3,14,1953,20.52205
178,3,14,1954,20.62844
178,3,14,1955,20.80339
178,3,14,1956,20.9188
178,3,14,1957,21.06307
178,3,14,1958,21.13349
178,3,14,1959,21.28252
178,3,14,1960,21.40605
178,3,14,1961,21.51646
178,3,14,1962,21.6301
178,3,14,1963,21.75226
178,3,14,1964,21.47636
178,3,14,1965,21.60661
178,3,14,1966,21.70567
178,3,14,1967,21.71956
178,3,14,1968,21.78601
178,3,14,1969,21.88254
178,3,14,1970,21.95599
178,3,14,1971,21.98102
178,3,14,1972,21.96723
178,3,14,1973,22.05149
178,3,14,1974,21.35063
178,3,14,1975,21.4659
178,3,14,1976,21.52548
178,3,14,1977,21.54388
178,3,14,1978,21.62353
178,3,14,1979,21.72616
178,3,14,1980,21.7193
178,3,14,1981,21.87291
178,3,14,1982,21.87078
178,3,14,1983,21.88061
178,3,14,1984,21.8862
178,3,14,1985,21.82486
178,3,14,1986,21.99962
178,3,14,1987,22.19171
178,3,14,1988,22.33438
178,3,14,1989,22.32848
178,3,14,1990,22.36351
178,3,14,1991,21.05361
178,3,14,1992,23.598
178,3,14,1993,23.81687
178,3,14,1994,23.85958
178,3,14,1995,23.70118
178,3,14,1996,23.88046
178,3,14,1997,24.11549
178,3,14,1998,24.34623
178,3,14,1999,23.54656
178,3,14,2000,24.75092
178,3,14,2001,25.10576
178,3,14,2002,25.3952
178,3,14,2003,25.53381
178,3,14,2004,25.76697
178,3,14,2005,25.98933
178,3,14,2006,26.11668
178,3,14,2007,26.30137
178,3,14,2008,26.42475
178,3,14,2009,26.63771
178,3,14,2010,26.83778
178,3,14,2011,27.05623
178,3,14,2012,27.305
178,3,14,2013,27.50335
178,3,14,2014,27.6652
178,3,14,2015,27.78535
178,3,14,2016,27.89983
178,3,14,2017,27.98849
178,3,14,2018,28.08957
178,3,14,2019,28.23104
179,1,14,1950,18.42097
179,1,14,1951,18.53566
179,1,14,1952,18.70604
179,1,14,1953,18.76816
179,1,14,1954,18.77481
179,1,14,1955,18.86852
179,1,14,1956,18.84087
179,1,14,1957,18.84196
179,1,14,1958,18.91216
179,1,14,1959,18.89966
179,1,14,1960,19.0013
179,1,14,1961,19.09763
179,1,14,1962,19.14645
179,1,14,1963,19.26271
179,1,14,1964,19.36565
179,1,14,1965,19.4718
179,1,14,1966,19.58138
179,1,14,1967,19.66077
179,1,14,1968,19.61197
179,1,14,1969,19.68519
179,1,14,1970,19.7525
179,1,14,1971,19.74474
179,1,14,1972,19.77252
179,1,14,1973,19.89338
179,1,14,1974,19.54111
179,1,14,1975,19.5558
179,1,14,1976,19.57105
179,1,14,1977,19.55459
179,1,14,1978,19.62809
179,1,14,1979,20.06724
179,1,14,1980,20.152
179,1,14,1981,20.2087
179,1,14,1982,20.23628
179,1,14,1983,19.82167
179,1,14,1984,19.67641
179,1,14,1985,20.46043
179,1,14,1986,20.74028
179,1,14,1987,20.95272
179,1,14,1988,20.98247
179,1,14,1989,20.97805
179,1,14,1990,20.99591
179,1,14,1991,21.36755
179,1,14,1992,21.59215
179,1,14,1993,21.86206
179,1,14,1994,22.11665
179,1,14,1995,22.27119
179,1,14,1996,22.53552
179,1,14,1997,22.8914
179,1,14,1998,23.0758
179,1,14,1999,23.2288
179,1,14,2000,23.48023
179,1,14,2001,24.16781
179,1,14,2002,24.62435
179,1,14,2003,25.01751
179,1,14,2004,25.31916
179,1,14,2005,25.81012
179,1,14,2006,26.31319
179,1,14,2007,26.89349
179,1,14,2008,27.43059
179,1,14,2009,27.88597
179,1,14,2010,28.30993
179,1,14,2011,28.70717
179,1,14,2012,29.00969
179,1,14,2013,29.30495
179,1,14,2014,29.65183
179,1,14,2015,30.06144
179,1,14,2016,30.32036
179,1,14,2017,30.57115
179,1,14,2018,30.82912
179,1,14,2019,31.05846
179,2,14,1950,22.79202
179,2,14,1951,22.88993
179,2,14,1952,23.00632
179,2,14,1953,23.13013
179,2,14,1954,23.07946
179,2,14,1955,23.14697
179,2,14,1956,23.10351
179,2,14,1957,23.09622
179,2,14,1958,23.15139
179,2,14,1959,23.07348
179,2,14,1960,23.13487
179,2,14,1961,23.26674
179,2,14,1962,23.27222
179,2,14,1963,23.39219
179,2,14,1964,23.45332
179,2,14,1965,23.47607
179,2,14,1966,23.62261
179,2,14,1967,23.61097
179,2,14,1968,23.56245
179,2,14,1969,23.60271
179,2,14,1970,23.66736
179,2,14,1971,23.61352
179,2,14,1972,23.6179
179,2,14,1973,23.66058
179,2,14,1974,23.21657
179,2,14,1975,23.18835
179,2,14,1976,23.15748
179,2,14,1977,23.13782
179,2,14,1978,23.13458
179,2,14,1979,23.57559
179,2,14,1980,23.64841
179,2,14,1981,23.6421
179,2,14,1982,23.64004
179,2,14,1983,23.1302
179,2,14,1984,22.92336
179,2,14,1985,23.6365
179,2,14,1986,23.84651
179,2,14,1987,24.06205
179,2,14,1988,24.07737
179,2,14,1989,24.04681
179,2,14,1990,24.1443
179,2,14,1991,24.26854
179,2,14,1992,24.33949
179,2,14,1993,24.41242
179,2,14,1994,24.33733
179,2,14,1995,24.38031
179,2,14,1996,24.45061
179,2,14,1997,24.60628
179,2,14,1998,24.77435
179,2,14,1999,24.87561
179,2,14,2000,25.09304
179,2,14,2001,25.81384
179,2,14,2002,26.3432
179,2,14,2003,26.7479
179,2,14,2004,27.17208
179,2,14,2005,27.7165
179,2,14,2006,28.32877
179,2,14,2007,29.03051
179,2,14,2008,29.60904
179,2,14,2009,30.07733
179,2,14,2010,30.54226
179,2,14,2011,30.99304
179,2,14,2012,31.43106
179,2,14,2013,31.81738
179,2,14,2014,32.14052
179,2,14,2015,32.3612
179,2,14,2016,32.64462
179,2,14,2017,32.82087
179,2,14,2018,32.96759
179,2,14,2019,33.12532
179,3,14,1950,19.99391
179,3,14,1951,20.12426
179,3,14,1952,20.24431
179,3,14,1953,20.35459
179,3,14,1954,20.33939
179,3,14,1955,20.39154
179,3,14,1956,20.42145
179,3,14,1957,20.41785
179,3,14,1958,20.43026
179,3,14,1959,20.50558
179,3,14,1960,20.59632
179,3,14,1961,20.64345
179,3,14,1962,20.61776
179,3,14,1963,20.72549
179,3,14,1964,20.72102
179,3,14,1965,20.84237
179,3,14,1966,20.86483
179,3,14,1967,20.93829
179,3,14,1968,20.9334
179,3,14,1969,20.96703
179,3,14,1970,20.98153
179,3,14,1971,20.98734
179,3,14,1972,21.02809
179,3,14,1973,21.10213
179,3,14,1974,20.72958
179,3,14,1975,20.81897
179,3,14,1976,20.72672
179,3,14,1977,20.82563
179,3,14,1978,20.71028
179,3,14,1979,21.14586
179,3,14,1980,21.27482
179,3,14,1981,21.20427
179,3,14,1982,21.33711
179,3,14,1983,20.90312
179,3,14,1984,20.80856
179,3,14,1985,21.56714
179,3,14,1986,21.76588
179,3,14,1987,21.91583
179,3,14,1988,21.97461
179,3,14,1989,22.03505
179,3,14,1990,21.98251
179,3,14,1991,22.26552
179,3,14,1992,22.47141
179,3,14,1993,22.56623
179,3,14,1994,22.6769
179,3,14,1995,22.76956
179,3,14,1996,23.05815
179,3,14,1997,23.29737
179,3,14,1998,23.48753
179,3,14,1999,23.66809
179,3,14,2000,23.86657
179,3,14,2001,24.59784
179,3,14,2002,25.03842
179,3,14,2003,25.45076
179,3,14,2004,25.86406
179,3,14,2005,26.37374
179,3,14,2006,26.88888
179,3,14,2007,27.53495
179,3,14,2008,28.07737
179,3,14,2009,28.61998
179,3,14,2010,29.0217
179,3,14,2011,29.39151
179,3,14,2012,29.75608
179,3,14,2013,30.08149
179,3,14,2014,30.36748
179,3,14,2015,30.71605
179,3,14,2016,30.88715
179,3,14,2017,31.11194
179,3,14,2018,31.33821
179,3,14,2019,31.49807
180,1,14,1950,24.76943
180,1,14,1951,25.1581
180,1,14,1952,25.11796
180,1,14,1953,25.15106
180,1,14,1954,25.34354
180,1,14,1955,25.55735
180,1,14,1956,25.78599
180,1,14,1957,26.1126
180,1,14,1958,26.34801
180,1,14,1959,26.3961
180,1,14,1960,26.54908
180,1,14,1961,26.66035
180,1,14,1962,26.84206
180,1,14,1963,27.03
180,1,14,1964,27.25646
180,1,14,1965,27.37191
180,1,14,1966,27.48185
180,1,14,1967,27.70981
180,1,14,1968,27.82668
180,1,14,1969,28.04375
180,1,14,1970,28.19717
180,1,14,1971,28.38361
180,1,14,1972,28.55801
180,1,14,1973,28.75535
180,1,14,1974,28.83756
180,1,14,1975,29.06487
180,1,14,1976,29.10332
180,1,14,1977,29.22322
180,1,14,1978,29.47744
180,1,14,1979,29.53939
180,1,14,1980,29.56327
180,1,14,1981,29.67033
180,1,14,1982,29.61594
180,1,14,1983,29.62576
180,1,14,1984,29.62937
180,1,14,1985,29.57974
180,1,14,1986,29.43983
180,1,14,1987,29.23599
180,1,14,1988,29.16178
180,1,14,1989,28.94052
180,1,14,1990,28.58415
180,1,14,1991,28.27871
180,1,14,1992,27.80299
180,1,14,1993,27.24178
180,1,14,1994,26.92853
180,1,14,1995,26.47153
180,1,14,1996,26.01547
180,1,14,1997,25.43986
180,1,14,1998,25.02361
180,1,14,1999,24.51003
180,1,14,2000,24.10382
180,1,14,2001,23.70274
180,1,14,2002,23.45646
180,1,14,2003,23.16927
180,1,14,2004,23.00323
180,1,14,2005,23.12857
180,1,14,2006,23.44986
180,1,14,2007,23.85866
180,1,14,2008,24.176
180,1,14,2009,24.63534
180,1,14,2010,24.94793
180,1,14,2011,25.18749
180,1,14,2012,25.42135
180,1,14,2013,25.95128
180,1,14,2014,26.36957
180,1,14,2015,26.8113
180,1,14,2016,27.28723
180,1,14,2017,27.66732
180,1,14,2018,27.90265
180,1,14,2019,28.26574
180,2,14,1950,28.06825
180,2,14,1951,28.36544
180,2,14,1952,28.30218
180,2,14,1953,28.30571
180,2,14,1954,28.48749
180,2,14,1955,28.54825
180,2,14,1956,28.68595
180,2,14,1957,28.89911
180,2,14,1958,29.02745
180,2,14,1959,29.08241
180,2,14,1960,29.16556
180,2,14,1961,29.22073
180,2,14,1962,29.37758
180,2,14,1963,29.44942
180,2,14,1964,29.57771
180,2,14,1965,29.64553
180,2,14,1966,29.7164
180,2,14,1967,29.74694
180,2,14,1968,29.79364
180,2,14,1969,29.96937
180,2,14,1970,30.01738
180,2,14,1971,30.09405
180,2,14,1972,30.18554
180,2,14,1973,30.3287
180,2,14,1974,30.39212
180,2,14,1975,30.49956
180,2,14,1976,30.55422
180,2,14,1977,30.64408
180,2,14,1978,30.77046
180,2,14,1979,30.72568
180,2,14,1980,30.74299
180,2,14,1981,30.75643
180,2,14,1982,30.72805
180,2,14,1983,30.76166
180,2,14,1984,30.72635
180,2,14,1985,30.78265
180,2,14,1986,30.81693
180,2,14,1987,30.82836
180,2,14,1988,30.92546
180,2,14,1989,30.86051
180,2,14,1990,30.77172
180,2,14,1991,30.84593
180,2,14,1992,30.55795
180,2,14,1993,30.30366
180,2,14,1994,30.12151
180,2,14,1995,29.63834
180,2,14,1996,29.52857
180,2,14,1997,29.25475
180,2,14,1998,28.75413
180,2,14,1999,28.72726
180,2,14,2000,28.48488
180,2,14,2001,28.19409
180,2,14,2002,27.9773
180,2,14,2003,27.67302
180,2,14,2004,27.70433
180,2,14,2005,27.80473
180,2,14,2006,28.25302
180,2,14,2007,28.71772
180,2,14,2008,29.04769
180,2,14,2009,29.33345
180,2,14,2010,29.61119
180,2,14,2011,29.94469
180,2,14,2012,30.41455
180,2,14,2013,30.71628
180,2,14,2014,30.95914
180,2,14,2015,31.27009
180,2,14,2016,31.60811
180,2,14,2017,31.92123
180,2,14,2018,32.15657
180,2,14,2019,32.23642
180,3,14,1950,25.48146
180,3,14,1951,25.87139
180,3,14,1952,25.77441
180,3,14,1953,25.87746
180,3,14,1954,25.99458
180,3,14,1955,26.22098
180,3,14,1956,26.3329
180,3,14,1957,26.76059
180,3,14,1958,26.79514
180,3,14,1959,27.00817
180,3,14,1960,27.10528
180,3,14,1961,27.14555
180,3,14,1962,27.27615
180,3,14,1963,27.43788
180,3,14,1964,27.64995
180,3,14,1965,27.68876
180,3,14,1966,27.90591
180,3,14,1967,28.01374
180,3,14,1968,28.1374
180,3,14,1969,28.30066
180,3,14,1970,28.35468
180,3,14,1971,28.5095
180,3,14,1972,28.64809
180,3,14,1973,28.75942
180,3,14,1974,28.88039
180,3,14,1975,28.96306
180,3,14,1976,29.15419
180,3,14,1977,29.28174
180,3,14,1978,29.42136
180,3,14,1979,29.48508
180,3,14,1980,29.61983
180,3,14,1981,29.65573
180,3,14,1982,29.67408
180,3,14,1983,29.72867
180,3,14,1984,29.70743
180,3,14,1985,29.7721
180,3,14,1986,29.72194
180,3,14,1987,29.61508
180,3,14,1988,29.5981
180,3,14,1989,29.44428
180,3,14,1990,29.28497
180,3,14,1991,29.02942
180,3,14,1992,28.67965
180,3,14,1993,28.25025
180,3,14,1994,27.89373
180,3,14,1995,27.71339
180,3,14,1996,27.18572
180,3,14,1997,26.79176
180,3,14,1998,26.36141
180,3,14,1999,26.06735
180,3,14,2000,25.60776
180,3,14,2001,25.41087
180,3,14,2002,25.09296
180,3,14,2003,24.87133
180,3,14,2004,24.80636
180,3,14,2005,25.02193
180,3,14,2006,25.36532
180,3,14,2007,25.82093
180,3,14,2008,26.19853
180,3,14,2009,26.56443
180,3,14,2010,26.89631
180,3,14,2011,27.19808
180,3,14,2012,27.47876
180,3,14,2013,27.8477
180,3,14,2014,28.12377
180,3,14,2015,28.43009
180,3,14,2016,28.78754
180,3,14,2017,29.13053
180,3,14,2018,29.3682
180,3,14,2019,29.56324
181,1,14,1950,23.35079
181,1,14,1951,23.5432
181,1,14,1952,23.73411
181,1,14,1953,23.73695
181,1,14,1954,24.27393
181,1,14,1955,24.43427
181,1,14,1956,24.55389
181,1,14,1957,24.69447
181,1,14,1958,24.90655
181,1,14,1959,25.06732
181,1,14,1960,24.9594
181,1,14,1961,24.86783
181,1,14,1962,24.7308
181,1,14,1963,24.41687
181,1,14,1964,24.57907
181,1,14,1965,24.64999
181,1,14,1966,24.54348
181,1,14,1967,24.45317
181,1,14,1968,24.37407
181,1,14,1969,24.50524
181,1,14,1970,24.53516
181,1,14,1971,24.93514
181,1,14,1972,25.32809
181,1,14,1973,25.92113
181,1,14,1974,26.52156
181,1,14,1975,27.00937
181,1,14,1976,27.49022
181,1,14,1977,28.04227
181,1,14,1978,28.764
181,1,14,1979,29.00904
181,1,14,1980,28.82371
181,1,14,1981,29.11403
181,1,14,1982,27.96094
181,1,14,1983,28.47378
181,1,14,1984,28.23989
181,1,14,1985,28.21962
181,1,14,1986,27.62248
181,1,14,1987,27.09295
181,1,14,1988,27.29211
181,1,14,1989,26.44837
181,1,14,1990,26.37755
181,1,14,1991,26.5005
181,1,14,1992,26.67055
181,1,14,1993,26.3231
181,1,14,1994,26.72294
181,1,14,1995,25.86933
181,1,14,1996,25.7738
181,1,14,1997,25.90622
181,1,14,1998,25.82947
181,1,14,1999,26.05095
181,1,14,2000,26.29336
181,1,14,2001,26.50971
181,1,14,2002,26.45101
181,1,14,2003,26.49247
181,1,14,2004,26.6338
181,1,14,2005,26.92686
181,1,14,2006,27.25059
181,1,14,2007,27.69396
181,1,14,2008,27.91031
181,1,14,2009,28.09921
181,1,14,2010,28.26554
181,1,14,2011,28.38764
181,1,14,2012,28.67087
181,1,14,2013,28.801
181,1,14,2014,28.9696
181,1,14,2015,29.1166
181,1,14,2016,29.22864
181,1,14,2017,29.48342
181,1,14,2018,29.55834
181,1,14,2019,29.71713
181,2,14,1950,23.8028
181,2,14,1951,23.8785
181,2,14,1952,23.93213
181,2,14,1953,23.84336
181,2,14,1954,23.86352
181,2,14,1955,23.91985
181,2,14,1956,23.99436
181,2,14,1957,24.16484
181,2,14,1958,24.33466
181,2,14,1959,24.37404
181,2,14,1960,24.42572
181,2,14,1961,24.53693
181,2,14,1962,24.7591
181,2,14,1963,24.77689
181,2,14,1964,24.91757
181,2,14,1965,25.01686
181,2,14,1966,24.98336
181,2,14,1967,25.03271
181,2,14,1968,25.25489
181,2,14,1969,25.62758
181,2,14,1970,25.81643
181,2,14,1971,26.16043
181,2,14,1972,26.58107
181,2,14,1973,27.21968
181,2,14,1974,27.73145
181,2,14,1975,28.26541
181,2,14,1976,28.83366
181,2,14,1977,29.52528
181,2,14,1978,29.58953
181,2,14,1979,29.93238
181,2,14,1980,30.21422
181,2,14,1981,30.09855
181,2,14,1982,29.93282
181,2,14,1983,29.47801
181,2,14,1984,29.59531
181,2,14,1985,29.34855
181,2,14,1986,28.85371
181,2,14,1987,28.80126
181,2,14,1988,28.83025
181,2,14,1989,28.56357
181,2,14,1990,28.88007
181,2,14,1991,28.82797
181,2,14,1992,28.73399
181,2,14,1993,28.54875
181,2,14,1994,28.88142
181,2,14,1995,27.93182
181,2,14,1996,28.02571
181,2,14,1997,27.91824
181,2,14,1998,27.91449
181,2,14,1999,28.16607
181,2,14,2000,28.24075
181,2,14,2001,28.42408
181,2,14,2002,28.30484
181,2,14,2003,28.50098
181,2,14,2004,28.57795
181,2,14,2005,28.95973
181,2,14,2006,29.25919
181,2,14,2007,29.58622
181,2,14,2008,29.74983
181,2,14,2009,29.93714
181,2,14,2010,30.04885
181,2,14,2011,30.1604
181,2,14,2012,30.39967
181,2,14,2013,30.49903
181,2,14,2014,30.6481
181,2,14,2015,30.72307
181,2,14,2016,30.85665
181,2,14,2017,31.06992
181,2,14,2018,31.06528
181,2,14,2019,31.21422
181,3,14,1950,23.54769
181,3,14,1951,23.68782
181,3,14,1952,23.81819
181,3,14,1953,23.78078
181,3,14,1954,24.07801
181,3,14,1955,24.19363
181,3,14,1956,24.29462
181,3,14,1957,24.44587
181,3,14,1958,24.64708
181,3,14,1959,24.74679
181,3,14,1960,24.71719
181,3,14,1961,24.71596
181,3,14,1962,24.74546
181,3,14,1963,24.57845
181,3,14,1964,24.73235
181,3,14,1965,24.81568
181,3,14,1966,24.74098
181,3,14,1967,24.69351
181,3,14,1968,24.76002
181,3,14,1969,24.99613
181,3,14,1970,25.09662
181,3,14,1971,25.45547
181,3,14,1972,25.88281
181,3,14,1973,26.49951
181,3,14,1974,27.06423
181,3,14,1975,27.575
181,3,14,1976,28.09695
181,3,14,1977,28.71763
181,3,14,1978,29.14631
181,3,14,1979,29.44241
181,3,14,1980,29.47278
181,3,14,1981,29.58104
181,3,14,1982,28.87626
181,3,14,1983,28.95338
181,3,14,1984,28.87792
181,3,14,1985,28.75829
181,3,14,1986,28.20929
181,3,14,1987,27.897
181,3,14,1988,28.02125
181,3,14,1989,27.43067
181,3,14,1990,27.53739
181,3,14,1991,27.58734
181,3,14,1992,27.64588
181,3,14,1993,27.37338
181,3,14,1994,27.75006
181,3,14,1995,26.85211
181,3,14,1996,26.84079
181,3,14,1997,26.86993
181,3,14,1998,26.83693
181,3,14,1999,27.07414
181,3,14,2000,27.24346
181,3,14,2001,27.44655
181,3,14,2002,27.35981
181,3,14,2003,27.47679
181,3,14,2004,27.59018
181,3,14,2005,27.92628
181,3,14,2006,28.24278
181,3,14,2007,28.63052
181,3,14,2008,28.82029
181,3,14,2009,29.01282
181,3,14,2010,29.15494
181,3,14,2011,29.27278
181,3,14,2012,29.54425
181,3,14,2013,29.65057
181,3,14,2014,29.79458
181,3,14,2015,29.92097
181,3,14,2016,30.04371
181,3,14,2017,30.27492
181,3,14,2018,30.30156
181,3,14,2019,30.47238
182,1,14,1950,19.82405
182,1,14,1951,19.93268
182,1,14,1952,20.05186
182,1,14,1953,20.24849
182,1,14,1954,20.39411
182,1,14,1955,20.54571
182,1,14,1956,20.75125
182,1,14,1957,20.88654
182,1,14,1958,21.12828
182,1,14,1959,21.30414
182,1,14,1960,21.51343
182,1,14,1961,21.72853
182,1,14,1962,21.8784
182,1,14,1963,22.12797
182,1,14,1964,22.22264
182,1,14,1965,22.37729
182,1,14,1966,22.59832
182,1,14,1967,22.76286
182,1,14,1968,23.01598
182,1,14,1969,23.34825
182,1,14,1970,23.52229
182,1,14,1971,23.80146
182,1,14,1972,24.10285
182,1,14,1973,24.33396
182,1,14,1974,24.56848
182,1,14,1975,24.8692
182,1,14,1976,24.99769
182,1,14,1977,25.2243
182,1,14,1978,25.63382
182,1,14,1979,25.84971
182,1,14,1980,25.97201
182,1,14,1981,25.95439
182,1,14,1982,25.86629
182,1,14,1983,25.85792
182,1,14,1984,25.79907
182,1,14,1985,25.74036
182,1,14,1986,25.46941
182,1,14,1987,25.18254
182,1,14,1988,24.90392
182,1,14,1989,24.58588
182,1,14,1990,24.30158
182,1,14,1991,23.9446
182,1,14,1992,23.48638
182,1,14,1993,23.08626
182,1,14,1994,22.53826
182,1,14,1995,22.00904
182,1,14,1996,21.56162
182,1,14,1997,21.0913
182,1,14,1998,20.72588
182,1,14,1999,20.55599
182,1,14,2000,20.47559
182,1,14,2001,20.52335
182,1,14,2002,20.53467
182,1,14,2003,20.49958
182,1,14,2004,20.32507
182,1,14,2005,20.51529
182,1,14,2006,20.92579
182,1,14,2007,21.43898
182,1,14,2008,22.17231
182,1,14,2009,22.76291
182,1,14,2010,23.27734
182,1,14,2011,23.8368
182,1,14,2012,24.45976
182,1,14,2013,25.015
182,1,14,2014,25.34562
182,1,14,2015,25.63509
182,1,14,2016,25.91148
182,1,14,2017,26.2751
182,1,14,2018,26.63989
182,1,14,2019,26.86636
182,2,14,1950,23.57538
182,2,14,1951,23.63913
182,2,14,1952,23.69192
182,2,14,1953,23.83005
182,2,14,1954,23.9212
182,2,14,1955,24.06271
182,2,14,1956,24.16183
182,2,14,1957,24.24405
182,2,14,1958,24.34959
182,2,14,1959,24.43749
182,2,14,1960,24.51876
182,2,14,1961,24.65817
182,2,14,1962,24.78752
182,2,14,1963,24.93922
182,2,14,1964,24.97022
182,2,14,1965,25.04403
182,2,14,1966,25.16701
182,2,14,1967,25.2258
182,2,14,1968,25.38856
182,2,14,1969,25.57505
182,2,14,1970,25.68533
182,2,14,1971,25.81508
182,2,14,1972,26.00627
182,2,14,1973,26.15765
182,2,14,1974,26.29229
182,2,14,1975,26.43429
182,2,14,1976,26.56137
182,2,14,1977,26.64961
182,2,14,1978,26.84211
182,2,14,1979,27.07821
182,2,14,1980,27.22612
182,2,14,1981,27.31287
182,2,14,1982,27.36953
182,2,14,1983,27.41594
182,2,14,1984,27.42478
182,2,14,1985,27.41629
182,2,14,1986,27.36249
182,2,14,1987,27.34387
182,2,14,1988,27.30582
182,2,14,1989,27.19063
182,2,14,1990,27.15486
182,2,14,1991,27.01033
182,2,14,1992,26.78409
182,2,14,1993,26.53768
182,2,14,1994,26.02688
182,2,14,1995,25.68572
182,2,14,1996,25.41756
182,2,14,1997,25.17662
182,2,14,1998,24.96202
182,2,14,1999,24.79519
182,2,14,2000,24.85891
182,2,14,2001,25.05136
182,2,14,2002,25.1486
182,2,14,2003,25.22932
182,2,14,2004,25.35167
182,2,14,2005,25.6702
182,2,14,2006,26.39209
182,2,14,2007,27.22179
182,2,14,2008,28.07995
182,2,14,2009,28.76427
182,2,14,2010,29.31127
182,2,14,2011,29.95413
182,2,14,2012,30.65465
182,2,14,2013,31.13775
182,2,14,2014,31.49691
182,2,14,2015,31.68211
182,2,14,2016,31.89473
182,2,14,2017,32.06152
182,2,14,2018,32.26573
182,2,14,2019,32.40362
182,3,14,1950,21.36346
182,3,14,1951,21.46616
182,3,14,1952,21.57117
182,3,14,1953,21.75669
182,3,14,1954,21.8901
182,3,14,1955,22.02995
182,3,14,1956,22.22675
182,3,14,1957,22.33888
182,3,14,1958,22.52891
182,3,14,1959,22.69343
182,3,14,1960,22.84568
182,3,14,1961,23.02885
182,3,14,1962,23.19135
182,3,14,1963,23.41237
182,3,14,1964,23.49534
182,3,14,1965,23.61643
182,3,14,1966,23.79417
182,3,14,1967,23.9184
182,3,14,1968,24.11802
182,3,14,1969,24.41607
182,3,14,1970,24.56428
182,3,14,1971,24.77602
182,3,14,1972,25.04084
182,3,14,1973,25.23887
182,3,14,1974,25.38874
182,3,14,1975,25.66111
182,3,14,1976,25.79446
182,3,14,1977,25.94429
182,3,14,1978,26.21695
182,3,14,1979,26.45179
182,3,14,1980,26.57257
182,3,14,1981,26.62597
182,3,14,1982,26.63469
182,3,14,1983,26.65991
182,3,14,1984,26.62888
182,3,14,1985,26.54331
182,3,14,1986,26.37221
182,3,14,1987,26.26067
182,3,14,1988,26.11732
182,3,14,1989,25.88279
182,3,14,1990,25.70411
182,3,14,1991,25.39354
182,3,14,1992,25.03779
182,3,14,1993,24.75209
182,3,14,1994,24.17562
182,3,14,1995,23.6876
182,3,14,1996,23.27732
182,3,14,1997,23.01854
182,3,14,1998,22.56408
182,3,14,1999,22.39789
182,3,14,2000,22.37088
182,3,14,2001,22.37032
182,3,14,2002,22.39322
182,3,14,2003,22.47182
182,3,14,2004,22.4919
182,3,14,2005,22.77245
182,3,14,2006,23.24263
182,3,14,2007,23.90831
182,3,14,2008,24.74525
182,3,14,2009,25.46833
182,3,14,2010,26.08345
182,3,14,2011,26.70958
182,3,14,2012,27.37865
182,3,14,2013,27.9153
182,3,14,2014,28.3338
182,3,14,2015,28.56701
182,3,14,2016,28.83611
182,3,14,2017,29.10948
182,3,14,2018,29.44739
182,3,14,2019,29.61162
183,1,14,1950,21.70603
183,1,14,1951,20.93526
183,1,14,1952,20.82
183,1,14,1953,20.92432
183,1,14,1954,21.81035
183,1,14,1955,22.41482
183,1,14,1956,22.51892
183,1,14,1957,21.32625
183,1,14,1958,22.03871
183,1,14,1959,22.32375
183,1,14,1960,22.85303
183,1,14,1961,24.23909
183,1,14,1962,24.40143
183,1,14,1963,24.8206
183,1,14,1964,25.3657
183,1,14,1965,25.61837
183,1,14,1966,25.78838
183,1,14,1967,25.57776
183,1,14,1968,25.1398
183,1,14,1969,26.47906
183,1,14,1970,25.56208
183,1,14,1971,24.97053
183,1,14,1972,26.10112
183,1,14,1973,25.56648
183,1,14,1974,25.79954
183,1,14,1975,23.48622
183,1,14,1976,23.82092
183,1,14,1977,23.88559
183,1,14,1978,24.3634
183,1,14,1979,24.22029
183,1,14,1980,25.13656
183,1,14,1981,25.42696
183,1,14,1982,25.74135
183,1,14,1983,25.75395
183,1,14,1984,25.54098
183,1,14,1985,25.50576
183,1,14,1986,26.2778
183,1,14,1987,26.29295
183,1,14,1988,26.10467
183,1,14,1989,26.24573
183,1,14,1990,26.40397
183,1,14,1991,26.89662
183,1,14,1992,27.30666
183,1,14,1993,26.85483
183,1,14,1994,27.08942
183,1,14,1995,27.36356
183,1,14,1996,27.32452
183,1,14,1997,27.00312
183,1,14,1998,27.63531
183,1,14,1999,27.88335
183,1,14,2000,28.49493
183,1,14,2001,28.50721
183,1,14,2002,28.14427
183,1,14,2003,28.64594
183,1,14,2004,28.95614
183,1,14,2005,28.93884
183,1,14,2006,29.339
183,1,14,2007,29.76676
183,1,14,2008,29.59321
183,1,14,2009,29.45799
183,1,14,2010,30.0453
183,1,14,2011,30.3467
183,1,14,2012,30.80507
183,1,14,2013,31.04818
183,1,14,2014,31.17009
183,1,14,2015,31.33734
183,1,14,2016,31.19635
183,1,14,2017,31.56413
183,1,14,2018,32.57502
183,1,14,2019,33.28626
183,2,14,1950,25.17919
183,2,14,1951,25.58745
183,2,14,1952,25.45053
183,2,14,1953,25.58424
183,2,14,1954,25.87236
183,2,14,1955,26.94561
183,2,14,1956,27.19888
183,2,14,1957,26.83176
183,2,14,1958,27.26884
183,2,14,1959,27.41243
183,2,14,1960,27.61603
183,2,14,1961,28.29563
183,2,14,1962,28.70436
183,2,14,1963,28.39291
183,2,14,1964,29.31471
183,2,14,1965,30.03058
183,2,14,1966,30.00313
183,2,14,1967,30.08848
183,2,14,1968,29.61866
183,2,14,1969,30.06799
183,2,14,1970,30.0887
183,2,14,1971,29.9938
183,2,14,1972,29.89406
183,2,14,1973,30.82098
183,2,14,1974,30.83655
183,2,14,1975,30.42342
183,2,14,1976,30.56163
183,2,14,1977,30.81213
183,2,14,1978,31.47537
183,2,14,1979,31.44169
183,2,14,1980,31.52118
183,2,14,1981,31.34987
183,2,14,1982,31.81621
183,2,14,1983,31.7145
183,2,14,1984,32.25668
183,2,14,1985,31.76673
183,2,14,1986,31.96228
183,2,14,1987,32.31657
183,2,14,1988,32.64456
183,2,14,1989,32.67057
183,2,14,1990,32.76861
183,2,14,1991,33.06861
183,2,14,1992,32.68486
183,2,14,1993,33.04888
183,2,14,1994,32.95433
183,2,14,1995,33.23457
183,2,14,1996,33.59613
183,2,14,1997,33.50172
183,2,14,1998,33.91215
183,2,14,1999,33.86972
183,2,14,2000,33.59493
183,2,14,2001,33.87467
183,2,14,2002,34.29934
183,2,14,2003,34.02098
183,2,14,2004,34.35882
183,2,14,2005,34.40413
183,2,14,2006,34.49628
183,2,14,2007,35.09314
183,2,14,2008,35.17202
183,2,14,2009,35.54094
183,2,14,2010,35.58011
183,2,14,2011,36.27637
183,2,14,2012,35.8917
183,2,14,2013,36.28812
183,2,14,2014,36.16806
183,2,14,2015,36.41369
183,2,14,2016,36.40837
183,2,14,2017,36.03486
183,2,14,2018,36.8724
183,2,14,2019,37.48403
183,3,14,1950,23.43559
183,3,14,1951,23.10277
183,3,14,1952,22.96096
183,3,14,1953,23.06304
183,3,14,1954,23.66455
183,3,14,1955,24.50002
183,3,14,1956,24.68189
183,3,14,1957,23.79092
183,3,14,1958,24.41267
183,3,14,1959,24.62726
183,3,14,1960,25.00025
183,3,14,1961,26.09654
183,3,14,1962,26.39554
183,3,14,1963,26.49161
183,3,14,1964,27.28412
183,3,14,1965,27.6388
183,3,14,1966,27.70809
183,3,14,1967,27.64459
183,3,14,1968,27.20946
183,3,14,1969,28.13042
183,3,14,1970,27.6317
183,3,14,1971,27.23005
183,3,14,1972,27.83394
183,3,14,1973,27.95229
183,3,14,1974,28.0935
183,3,14,1975,26.55993
183,3,14,1976,26.81699
183,3,14,1977,26.95202
183,3,14,1978,27.54288
183,3,14,1979,27.47528
183,3,14,1980,28.07945
183,3,14,1981,28.1596
183,3,14,1982,28.54498
183,3,14,1983,28.52905
183,3,14,1984,28.64689
183,3,14,1985,28.40002
183,3,14,1986,28.94336
183,3,14,1987,29.10744
183,3,14,1988,29.1249
183,3,14,1989,29.23692
183,3,14,1990,29.358
183,3,14,1991,29.81449
183,3,14,1992,29.86849
183,3,14,1993,29.77401
183,3,14,1994,29.89409
183,3,14,1995,30.16841
183,3,14,1996,30.27662
183,3,14,1997,30.06275
183,3,14,1998,30.62115
183,3,14,1999,30.75782
183,3,14,2000,30.96055
183,3,14,2001,31.08773
183,3,14,2002,31.08634
183,3,14,2003,31.23692
183,3,14,2004,31.57121
183,3,14,2005,31.57562
183,3,14,2006,31.82852
183,3,14,2007,32.32955
183,3,14,2008,32.27334
183,3,14,2009,32.36375
183,3,14,2010,32.72476
183,3,14,2011,33.16602
183,3,14,2012,33.27746
183,3,14,2013,33.57136
183,3,14,2014,33.60011
183,3,14,2015,33.79017
183,3,14,2016,33.70591
183,3,14,2017,33.73197
183,3,14,2018,34.78047
183,3,14,2019,35.44946
184,1,14,1950,22.16989
184,1,14,1951,22.2394
184,1,14,1952,22.38016
184,1,14,1953,22.40817
184,1,14,1954,22.53108
184,1,14,1955,22.59764
184,1,14,1956,22.79688
184,1,14,1957,22.89885
184,1,14,1958,22.97746
184,1,14,1959,23.07029
184,1,14,1960,23.12576
184,1,14,1961,23.30066
184,1,14,1962,23.45094
184,1,14,1963,23.55572
184,1,14,1964,23.62711
184,1,14,1965,23.80187
184,1,14,1966,23.97941
184,1,14,1967,24.12327
184,1,14,1968,24.23324
184,1,14,1969,24.41769
184,1,14,1970,24.60358
184,1,14,1971,24.76295
184,1,14,1972,24.96152
184,1,14,1973,25.09795
184,1,14,1974,25.27203
184,1,14,1975,25.40718
184,1,14,1976,25.491
184,1,14,1977,25.5823
184,1,14,1978,25.71536
184,1,14,1979,25.7421
184,1,14,1980,25.75167
184,1,14,1981,25.11201
184,1,14,1982,25.13842
184,1,14,1983,25.18419
184,1,14,1984,24.71213
184,1,14,1985,24.36539
184,1,14,1986,24.60914
184,1,14,1987,24.34935
184,1,14,1988,24.77484
184,1,14,1989,24.61867
184,1,14,1990,24.47084
184,1,14,1991,24.46894
184,1,14,1992,24.40593
184,1,14,1993,24.36153
184,1,14,1994,24.37231
184,1,14,1995,24.26798
184,1,14,1996,24.12566
184,1,14,1997,23.9551
184,1,14,1998,23.76465
184,1,14,1999,23.52306
184,1,14,2000,23.21383
184,1,14,2001,23.15971
184,1,14,2002,22.96185
184,1,14,2003,22.73263
184,1,14,2004,22.53908
184,1,14,2005,22.28955
184,1,14,2006,22.10788
184,1,14,2007,22.03327
184,1,14,2008,22.09418
184,1,14,2009,21.98937
184,1,14,2010,21.83797
184,1,14,2011,21.70915
184,1,14,2012,21.53909
184,1,14,2013,21.67219
184,1,14,2014,21.98012
184,1,14,2015,22.2858
184,1,14,2016,22.64689
184,1,14,2017,22.9697
184,1,14,2018,23.20313
184,1,14,2019,23.44738
184,2,14,1950,26.11311
184,2,14,1951,26.16076
184,2,14,1952,26.20402
184,2,14,1953,26.21977
184,2,14,1954,26.27593
184,2,14,1955,26.33238
184,2,14,1956,26.44847
184,2,14,1957,26.48872
184,2,14,1958,26.52713
184,2,14,1959,26.56624
184,2,14,1960,26.58517
184,2,14,1961,26.68767
184,2,14,1962,26.78607
184,2,14,1963,26.81646
184,2,14,1964,26.83501
184,2,14,1965,26.93543
184,2,14,1966,27.06335
184,2,14,1967,27.12583
184,2,14,1968,27.16334
184,2,14,1969,27.27379
184,2,14,1970,27.34214
184,2,14,1971,27.43601
184,2,14,1972,27.53344
184,2,14,1973,27.60152
184,2,14,1974,27.6578
184,2,14,1975,27.7284
184,2,14,1976,27.7402
184,2,14,1977,27.80344
184,2,14,1978,27.83461
184,2,14,1979,27.82195
184,2,14,1980,27.79383
184,2,14,1981,27.30017
184,2,14,1982,27.28639
184,2,14,1983,27.27259
184,2,14,1984,27.0381
184,2,14,1985,26.82469
184,2,14,1986,27.3404
184,2,14,1987,27.46623
184,2,14,1988,28.02663
184,2,14,1989,28.16025
184,2,14,1990,28.30272
184,2,14,1991,28.45018
184,2,14,1992,28.534
184,2,14,1993,28.67228
184,2,14,1994,28.79205
184,2,14,1995,28.83326
184,2,14,1996,28.83612
184,2,14,1997,28.80907
184,2,14,1998,28.94346
184,2,14,1999,28.94862
184,2,14,2000,28.94588
184,2,14,2001,29.28049
184,2,14,2002,29.39311
184,2,14,2003,29.37726
184,2,14,2004,29.32953
184,2,14,2005,29.11741
184,2,14,2006,28.97395
184,2,14,2007,28.90692
184,2,14,2008,29.03699
184,2,14,2009,29.02394
184,2,14,2010,28.90444
184,2,14,2011,28.87493
184,2,14,2012,28.80407
184,2,14,2013,28.8298
184,2,14,2014,29.10882
184,2,14,2015,29.54375
184,2,14,2016,29.9444
184,2,14,2017,30.20049
184,2,14,2018,30.39611
184,2,14,2019,30.61686
184,3,14,1950,24.3115
184,3,14,1951,24.36746
184,3,14,1952,24.45525
184,3,14,1953,24.48876
184,3,14,1954,24.55217
184,3,14,1955,24.61081
184,3,14,1956,24.75652
184,3,14,1957,24.81898
184,3,14,1958,24.86528
184,3,14,1959,24.91902
184,3,14,1960,24.9455
184,3,14,1961,25.0751
184,3,14,1962,25.20775
184,3,14,1963,25.24896
184,3,14,1964,25.27652
184,3,14,1965,25.41217
184,3,14,1966,25.57324
184,3,14,1967,25.65444
184,3,14,1968,25.72683
184,3,14,1969,25.86407
184,3,14,1970,25.98939
184,3,14,1971,26.12128
184,3,14,1972,26.24314
184,3,14,1973,26.35054
184,3,14,1974,26.45402
184,3,14,1975,26.56342
184,3,14,1976,26.61326
184,3,14,1977,26.68825
184,3,14,1978,26.76408
184,3,14,1979,26.77471
184,3,14,1980,26.76017
184,3,14,1981,26.18985
184,3,14,1982,26.19353
184,3,14,1983,26.20858
184,3,14,1984,25.86142
184,3,14,1985,25.56582
184,3,14,1986,25.93885
184,3,14,1987,25.86789
184,3,14,1988,26.34547
184,3,14,1989,26.32216
184,3,14,1990,26.30684
184,3,14,1991,26.37449
184,3,14,1992,26.39078
184,3,14,1993,26.41152
184,3,14,1994,26.46946
184,3,14,1995,26.46189
184,3,14,1996,26.40006
184,3,14,1997,26.28475
184,3,14,1998,26.21532
184,3,14,1999,26.11478
184,3,14,2000,25.9398
184,3,14,2001,26.00041
184,3,14,2002,25.90212
184,3,14,2003,25.76559
184,3,14,2004,25.64024
184,3,14,2005,25.41709
184,3,14,2006,25.21342
184,3,14,2007,25.1568
184,3,14,2008,25.25373
184,3,14,2009,25.20341
184,3,14,2010,25.09092
184,3,14,2011,24.99259
184,3,14,2012,24.86852
184,3,14,2013,24.98129
184,3,14,2014,25.30388
184,3,14,2015,25.64417
184,3,14,2016,26.00807
184,3,14,2017,26.33798
184,3,14,2018,26.63535
184,3,14,2019,26.90189
185,1,14,1950,18.65844
185,1,14,1951,18.65163
185,1,14,1952,18.37306
185,1,14,1953,19.00776
185,1,14,1954,19.35791
185,1,14,1955,19.47888
185,1,14,1956,19.46686
185,1,14,1957,19.86618
185,1,14,1958,20.05807
185,1,14,1959,20.22283
185,1,14,1960,20.58068
185,1,14,1961,20.62798
185,1,14,1962,20.73085
185,1,14,1963,20.82298
185,1,14,1964,20.83765
185,1,14,1965,20.8662
185,1,14,1966,20.90745
185,1,14,1967,21.06984
185,1,14,1968,21.167
185,1,14,1969,21.07504
185,1,14,1970,21.22439
185,1,14,1971,21.32793
185,1,14,1972,21.4816
185,1,14,1973,21.62879
185,1,14,1974,21.74674
185,1,14,1975,21.80526
185,1,14,1976,22.04112
185,1,14,1977,22.29551
185,1,14,1978,22.38779
185,1,14,1979,22.61326
185,1,14,1980,22.83401
185,1,14,1981,23.07135
185,1,14,1982,23.19185
185,1,14,1983,23.35224
185,1,14,1984,23.37502
185,1,14,1985,23.23035
185,1,14,1986,23.03191
185,1,14,1987,22.84709
185,1,14,1988,22.57215
185,1,14,1989,22.11335
185,1,14,1990,21.40956
185,1,14,1991,21.04488
185,1,14,1992,20.44369
185,1,14,1993,19.90343
185,1,14,1994,8.72038
185,1,14,1995,18.74401
185,1,14,1996,18.96071
185,1,14,1997,18.81798
185,1,14,1998,19.30644
185,1,14,1999,20.09724
185,1,14,2000,20.90977
185,1,14,2001,21.66081
185,1,14,2002,22.59501
185,1,14,2003,23.49032
185,1,14,2004,24.43093
185,1,14,2005,25.23751
185,1,14,2006,25.96436
185,1,14,2007,26.4736
185,1,14,2008,27.01784
185,1,14,2009,27.51396
185,1,14,2010,27.93772
185,1,14,2011,28.319
185,1,14,2012,28.55495
185,1,14,2013,28.78622
185,1,14,2014,28.9913
185,1,14,2015,29.16009
185,1,14,2016,29.38848
185,1,14,2017,29.45289
185,1,14,2018,29.47015
185,1,14,2019,29.52854
185,2,14,1950,23.276
185,2,14,1951,23.24321
185,2,14,1952,22.994
185,2,14,1953,23.53481
185,2,14,1954,23.83492
185,2,14,1955,23.91035
185,2,14,1956,23.89762
185,2,14,1957,24.20751
185,2,14,1958,24.34134
185,2,14,1959,24.45585
185,2,14,1960,24.73853
185,2,14,1961,24.75977
185,2,14,1962,24.82876
185,2,14,1963,24.88664
185,2,14,1964,24.85976
185,2,14,1965,24.86695
185,2,14,1966,24.86835
185,2,14,1967,24.99536
185,2,14,1968,25.036
185,2,14,1969,24.93012
185,2,14,1970,25.01926
185,2,14,1971,25.08237
185,2,14,1972,25.18137
185,2,14,1973,25.27711
185,2,14,1974,25.33537
185,2,14,1975,25.36316
185,2,14,1976,25.51651
185,2,14,1977,25.65577
185,2,14,1978,25.7015
185,2,14,1979,25.86899
185,2,14,1980,25.97895
185,2,14,1981,26.16539
185,2,14,1982,26.21316
185,2,14,1983,26.31185
185,2,14,1984,26.34675
185,2,14,1985,26.23214
185,2,14,1986,26.11039
185,2,14,1987,26.00171
185,2,14,1988,25.81434
185,2,14,1989,25.48135
185,2,14,1990,25.07432
185,2,14,1991,24.81621
185,2,14,1992,24.56752
185,2,14,1993,24.19082
185,2,14,1994,12.23343
185,2,14,1995,23.51368
185,2,14,1996,23.73268
185,2,14,1997,23.6375
185,2,14,1998,23.99006
185,2,14,1999,24.57818
185,2,14,2000,25.18391
185,2,14,2001,25.82149
185,2,14,2002,26.71786
185,2,14,2003,27.48039
185,2,14,2004,28.27979
185,2,14,2005,29.10854
185,2,14,2006,29.82546
185,2,14,2007,30.32478
185,2,14,2008,30.81498
185,2,14,2009,31.25978
185,2,14,2010,31.55224
185,2,14,2011,31.84494
185,2,14,2012,32.06205
185,2,14,2013,32.19329
185,2,14,2014,32.33063
185,2,14,2015,32.54583
185,2,14,2016,32.67861
185,2,14,2017,32.71837
185,2,14,2018,32.67079
185,2,14,2019,32.76422
185,3,14,1950,20.88218
185,3,14,1951,20.86906
185,3,14,1952,20.59976
185,3,14,1953,21.20817
185,3,14,1954,21.54962
185,3,14,1955,21.65208
185,3,14,1956,21.63717
185,3,14,1957,22.00486
185,3,14,1958,22.17036
185,3,14,1959,22.31145
185,3,14,1960,22.64489
185,3,14,1961,22.6727
185,3,14,1962,22.75875
185,3,14,1963,22.83576
185,3,14,1964,22.82842
185,3,14,1965,22.83868
185,3,14,1966,22.86815
185,3,14,1967,23.01748
185,3,14,1968,23.08983
185,3,14,1969,22.99021
185,3,14,1970,23.11394
185,3,14,1971,23.20264
185,3,14,1972,23.33548
185,3,14,1973,23.46245
185,3,14,1974,23.55552
185,3,14,1975,23.6017
185,3,14,1976,23.80284
185,3,14,1977,24.01279
185,3,14,1978,24.0811
185,3,14,1979,24.27602
185,3,14,1980,24.44862
185,3,14,1981,24.66532
185,3,14,1982,24.75464
185,3,14,1983,24.87689
185,3,14,1984,24.89357
185,3,14,1985,24.77615
185,3,14,1986,24.61713
185,3,14,1987,24.46741
185,3,14,1988,24.23354
185,3,14,1989,23.83616
185,3,14,1990,23.28295
185,3,14,1991,22.95485
185,3,14,1992,22.4949
185,3,14,1993,22.03526
185,3,14,1994,10.37786
185,3,14,1995,21.15704
185,3,14,1996,21.39118
185,3,14,1997,21.23221
185,3,14,1998,21.68515
185,3,14,1999,22.43245
185,3,14,2000,23.09669
185,3,14,2001,23.81346
185,3,14,2002,24.7515
185,3,14,2003,25.57556
185,3,14,2004,26.51514
185,3,14,2005,27.32165
185,3,14,2006,28.03451
185,3,14,2007,28.54799
185,3,14,2008,29.09372
185,3,14,2009,29.55423
185,3,14,2010,29.9342
185,3,14,2011,30.26731
185,3,14,2012,30.51091
185,3,14,2013,30.66938
185,3,14,2014,30.85497
185,3,14,2015,31.0335
185,3,14,2016,31.24897
185,3,14,2017,31.25907
185,3,14,2018,31.25159
185,3,14,2019,31.27771
186,1,14,1950,25.82965
186,1,14,1951,25.86083
186,1,14,1952,25.91742
186,1,14,1953,26.01332
186,1,14,1954,26.2472
186,1,14,1955,26.55811
186,1,14,1956,26.92398
186,1,14,1957,27.19817
186,1,14,1958,27.37989
186,1,14,1959,27.53187
186,1,14,1960,27.57772
186,1,14,1961,27.55042
186,1,14,1962,27.49998
186,1,14,1963,27.51684
186,1,14,1964,27.43279
186,1,14,1965,27.34012
186,1,14,1966,27.2993
186,1,14,1967,27.2462
186,1,14,1968,27.30035
186,1,14,1969,27.35976
186,1,14,1970,27.57922
186,1,14,1971,27.78399
186,1,14,1972,28.09041
186,1,14,1973,28.28297
186,1,14,1974,28.62665
186,1,14,1975,28.87602
186,1,14,1976,29.09942
186,1,14,1977,29.14563
186,1,14,1978,29.10688
186,1,14,1979,29.35405
186,1,14,1980,29.69255
186,1,14,1981,29.61572
186,1,14,1982,29.00366
186,1,14,1983,28.87894
186,1,14,1984,28.92852
186,1,14,1985,28.53933
186,1,14,1986,28.36045
186,1,14,1987,28.05815
186,1,14,1988,27.46099
186,1,14,1989,26.73811
186,1,14,1990,26.43093
186,1,14,1991,26.45842
186,1,14,1992,26.35935
186,1,14,1993,26.31662
186,1,14,1994,26.10892
186,1,14,1995,26.22422
186,1,14,1996,26.3393
186,1,14,1997,26.6477
186,1,14,1998,27.08913
186,1,14,1999,27.4903
186,1,14,2000,28.11159
186,1,14,2001,28.33213
186,1,14,2002,28.13969
186,1,14,2003,27.90884
186,1,14,2004,28.11339
186,1,14,2005,27.82911
186,1,14,2006,28.05308
186,1,14,2007,28.24534
186,1,14,2008,28.36435
186,1,14,2009,28.57493
186,1,14,2010,29.20138
186,1,14,2011,29.72346
186,1,14,2012,29.49232
186,1,14,2013,29.68915
186,1,14,2014,29.91139
186,1,14,2015,29.88516
186,1,14,2016,29.84255
186,1,14,2017,29.99643
186,1,14,2018,30.21097
186,1,14,2019,30.3707
186,2,14,1950,30.18377
186,2,14,1951,30.21435
186,2,14,1952,30.28989
186,2,14,1953,30.42179
186,2,14,1954,30.58099
186,2,14,1955,30.85368
186,2,14,1956,31.13685
186,2,14,1957,31.3329
186,2,14,1958,31.52112
186,2,14,1959,31.68476
186,2,14,1960,31.78208
186,2,14,1961,31.85556
186,2,14,1962,31.99868
186,2,14,1963,32.10015
186,2,14,1964,32.24435
186,2,14,1965,32.3616
186,2,14,1966,32.52295
186,2,14,1967,32.55988
186,2,14,1968,32.68445
186,2,14,1969,32.88817
186,2,14,1970,33.10051
186,2,14,1971,33.38574
186,2,14,1972,33.66005
186,2,14,1973,33.99271
186,2,14,1974,34.25607
186,2,14,1975,34.49132
186,2,14,1976,34.73418
186,2,14,1977,35.02912
186,2,14,1978,35.23985
186,2,14,1979,35.35144
186,2,14,1980,35.41865
186,2,14,1981,35.42757
186,2,14,1982,35.46032
186,2,14,1983,35.49053
186,2,14,1984,35.3108
186,2,14,1985,35.11399
186,2,14,1986,34.86769
186,2,14,1987,34.45386
186,2,14,1988,34.47567
186,2,14,1989,34.52046
186,2,14,1990,34.66754
186,2,14,1991,34.76063
186,2,14,1992,34.78644
186,2,14,1993,34.85016
186,2,14,1994,34.95419
186,2,14,1995,35.05683
186,2,14,1996,34.9497
186,2,14,1997,34.75523
186,2,14,1998,34.67336
186,2,14,1999,34.67376
186,2,14,2000,34.74014
186,2,14,2001,34.80319
186,2,14,2002,34.68792
186,2,14,2003,34.67035
186,2,14,2004,34.8105
186,2,14,2005,34.9502
186,2,14,2006,34.95733
186,2,14,2007,34.80332
186,2,14,2008,34.772
186,2,14,2009,34.98467
186,2,14,2010,35.15837
186,2,14,2011,35.21392
186,2,14,2012,35.21003
186,2,14,2013,35.17871
186,2,14,2014,35.17258
186,2,14,2015,35.27954
186,2,14,2016,35.34761
186,2,14,2017,35.54409
186,2,14,2018,35.68622
186,2,14,2019,35.90246
186,3,14,1950,27.77601
186,3,14,1951,27.84529
186,3,14,1952,27.94911
186,3,14,1953,28.07876
186,3,14,1954,28.2614
186,3,14,1955,28.57641
186,3,14,1956,28.92653
186,3,14,1957,29.22622
186,3,14,1958,29.47007
186,3,14,1959,29.64997
186,3,14,1960,29.7417
186,3,14,1961,29.74646
186,3,14,1962,29.75698
186,3,14,1963,29.80587
186,3,14,1964,29.79672
186,3,14,1965,29.76548
186,3,14,1966,29.79906
186,3,14,1967,29.8056
186,3,14,1968,29.92906
186,3,14,1969,30.05996
186,3,14,1970,30.30825
186,3,14,1971,30.55035
186,3,14,1972,30.84139
186,3,14,1973,31.05907
186,3,14,1974,31.32869
186,3,14,1975,31.60473
186,3,14,1976,31.84365
186,3,14,1977,31.99935
186,3,14,1978,32.07278
186,3,14,1979,32.28435
186,3,14,1980,32.47483
186,3,14,1981,32.42093
186,3,14,1982,32.09021
186,3,14,1983,32.01521
186,3,14,1984,31.94708
186,3,14,1985,31.6333
186,3,14,1986,31.42058
186,3,14,1987,31.07616
186,3,14,1988,30.72476
186,3,14,1989,30.33407
186,3,14,1990,30.23618
186,3,14,1991,30.26127
186,3,14,1992,30.24378
186,3,14,1993,30.21457
186,3,14,1994,30.15076
186,3,14,1995,30.21824
186,3,14,1996,30.27858
186,3,14,1997,30.43104
186,3,14,1998,30.63603
186,3,14,1999,30.84523
186,3,14,2000,31.25576
186,3,14,2001,31.35659
186,3,14,2002,31.2535
186,3,14,2003,31.11911
186,3,14,2004,31.26508
186,3,14,2005,31.1211
186,3,14,2006,31.2332
186,3,14,2007,31.3035
186,3,14,2008,31.31612
186,3,14,2009,31.51606
186,3,14,2010,31.97435
186,3,14,2011,32.29912
186,3,14,2012,32.2109
186,3,14,2013,32.3465
186,3,14,2014,32.41686
186,3,14,2015,32.38096
186,3,14,2016,32.30873
186,3,14,2017,32.40912
186,3,14,2018,32.58312
186,3,14,2019,32.66404
187,1,14,1950,20.58463
187,1,14,1951,20.56482
187,1,14,1952,20.50975
187,1,14,1953,20.501
187,1,14,1954,20.59832
187,1,14,1955,20.65436
187,1,14,1956,20.73412
187,1,14,1957,20.74964
187,1,14,1958,20.79222
187,1,14,1959,20.80021
187,1,14,1960,20.90163
187,1,14,1961,20.94277
187,1,14,1962,20.98736
187,1,14,1963,21.09285
187,1,14,1964,21.10191
187,1,14,1965,21.19846
187,1,14,1966,21.31801
187,1,14,1967,21.30024
187,1,14,1968,21.35845
187,1,14,1969,21.55311
187,1,14,1970,21.68502
187,1,14,1971,21.8442
187,1,14,1972,22.13305
187,1,14,1973,22.26028
187,1,14,1974,22.33159
187,1,14,1975,22.14359
187,1,14,1976,22.27128
187,1,14,1977,22.87167
187,1,14,1978,22.81899
187,1,14,1979,22.88885
187,1,14,1980,22.72817
187,1,14,1981,22.61372
187,1,14,1982,22.54883
187,1,14,1983,22.60646
187,1,14,1984,22.55467
187,1,14,1985,22.51795
187,1,14,1986,22.46444
187,1,14,1987,22.46969
187,1,14,1988,22.42278
187,1,14,1989,22.55146
187,1,14,1990,22.43449
187,1,14,1991,22.14763
187,1,14,1992,22.1802
187,1,14,1993,22.4767
187,1,14,1994,22.27611
187,1,14,1995,22.14617
187,1,14,1996,22.14289
187,1,14,1997,22.01998
187,1,14,1998,22.16023
187,1,14,1999,22.25265
187,1,14,2000,22.3666
187,1,14,2001,22.4351
187,1,14,2002,22.58391
187,1,14,2003,22.75898
187,1,14,2004,22.88461
187,1,14,2005,23.09848
187,1,14,2006,23.15611
187,1,14,2007,23.29123
187,1,14,2008,23.38545
187,1,14,2009,23.54714
187,1,14,2010,23.41682
187,1,14,2011,23.55674
187,1,14,2012,23.84219
187,1,14,2013,24.04555
187,1,14,2014,24.29099
187,1,14,2015,24.42275
187,1,14,2016,24.57284
187,1,14,2017,24.60429
187,1,14,2018,24.77941
187,1,14,2019,24.96679
187,2,14,1950,24.01788
187,2,14,1951,23.99947
187,2,14,1952,23.93505
187,2,14,1953,23.90029
187,2,14,1954,23.97671
187,2,14,1955,24.06747
187,2,14,1956,24.10523
187,2,14,1957,24.08638
187,2,14,1958,24.0997
187,2,14,1959,24.11819
187,2,14,1960,24.26552
187,2,14,1961,24.32845
187,2,14,1962,24.4033
187,2,14,1963,24.5033
187,2,14,1964,24.55598
187,2,14,1965,24.64142
187,2,14,1966,24.74264
187,2,14,1967,24.77006
187,2,14,1968,24.87666
187,2,14,1969,25.07488
187,2,14,1970,25.27332
187,2,14,1971,25.40088
187,2,14,1972,25.7056
187,2,14,1973,25.87793
187,2,14,1974,25.96453
187,2,14,1975,25.78205
187,2,14,1976,25.92166
187,2,14,1977,26.46649
187,2,14,1978,26.41518
187,2,14,1979,26.4813
187,2,14,1980,26.35454
187,2,14,1981,26.29192
187,2,14,1982,26.26272
187,2,14,1983,26.27861
187,2,14,1984,26.21803
187,2,14,1985,26.1946
187,2,14,1986,26.29325
187,2,14,1987,26.39704
187,2,14,1988,26.50941
187,2,14,1989,26.68294
187,2,14,1990,26.75221
187,2,14,1991,26.65635
187,2,14,1992,26.86444
187,2,14,1993,27.03106
187,2,14,1994,26.92619
187,2,14,1995,26.88284
187,2,14,1996,26.93912
187,2,14,1997,26.86017
187,2,14,1998,26.97418
187,2,14,1999,27.0411
187,2,14,2000,27.13775
187,2,14,2001,27.23407
187,2,14,2002,27.36701
187,2,14,2003,27.53543
187,2,14,2004,27.65173
187,2,14,2005,27.84195
187,2,14,2006,27.90582
187,2,14,2007,28.02259
187,2,14,2008,28.17653
187,2,14,2009,28.2684
187,2,14,2010,28.18227
187,2,14,2011,28.27777
187,2,14,2012,28.45997
187,2,14,2013,28.61306
187,2,14,2014,28.80389
187,2,14,2015,28.85128
187,2,14,2016,28.97219
187,2,14,2017,28.92915
187,2,14,2018,29.03068
187,2,14,2019,29.14609
187,3,14,1950,21.96846
187,3,14,1951,21.94825
187,3,14,1952,21.88785
187,3,14,1953,21.86806
187,3,14,1954,21.9581
187,3,14,1955,22.03044
187,3,14,1956,22.09128
187,3,14,1957,22.09341
187,3,14,1958,22.12463
187,3,14,1959,22.13863
187,3,14,1960,22.25745
187,3,14,1961,22.30673
187,3,14,1962,22.36371
187,3,14,1963,22.47616
187,3,14,1964,22.49808
187,3,14,1965,22.59746
187,3,14,1966,22.72115
187,3,14,1967,22.72644
187,3,14,1968,22.80289
187,3,14,1969,23.01605
187,3,14,1970,23.1846
187,3,14,1971,23.35009
187,3,14,1972,23.63704
187,3,14,1973,23.80613
187,3,14,1974,23.8948
187,3,14,1975,23.7148
187,3,14,1976,23.86186
187,3,14,1977,24.46256
187,3,14,1978,24.41464
187,3,14,1979,24.50707
187,3,14,1980,24.36873
187,3,14,1981,24.27376
187,3,14,1982,24.24307
187,3,14,1983,24.29728
187,3,14,1984,24.25964
187,3,14,1985,24.23213
187,3,14,1986,24.25557
187,3,14,1987,24.31704
187,3,14,1988,24.3592
187,3,14,1989,24.5262
187,3,14,1990,24.50464
187,3,14,1991,24.31715
187,3,14,1992,24.43095
187,3,14,1993,24.68125
187,3,14,1994,24.54069
187,3,14,1995,24.45127
187,3,14,1996,24.4769
187,3,14,1997,24.39516
187,3,14,1998,24.53684
187,3,14,1999,24.61235
187,3,14,2000,24.75996
187,3,14,2001,24.84088
187,3,14,2002,25.01302
187,3,14,2003,25.20551
187,3,14,2004,25.30253
187,3,14,2005,25.53243
187,3,14,2006,25.61237
187,3,14,2007,25.7265
187,3,14,2008,25.87192
187,3,14,2009,26.01433
187,3,14,2010,25.90611
187,3,14,2011,26.03379
187,3,14,2012,26.27034
187,3,14,2013,26.46226
187,3,14,2014,26.68541
187,3,14,2015,26.7692
187,3,14,2016,26.92674
187,3,14,2017,26.91196
187,3,14,2018,27.04269
187,3,14,2019,27.19727
189,1,14,1950,21.15871
189,1,14,1951,21.34489
189,1,14,1952,21.42279
189,1,14,1953,21.44394
189,1,14,1954,21.39937
189,1,14,1955,21.43617
189,1,14,1956,21.43786
189,1,14,1957,21.47594
189,1,14,1958,21.50163
189,1,14,1959,21.54413
189,1,14,1960,21.57758
189,1,14,1961,21.59038
189,1,14,1962,21.63319
189,1,14,1963,21.69161
189,1,14,1964,21.77989
189,1,14,1965,21.77279
189,1,14,1966,22.03868
189,1,14,1967,22.1882
189,1,14,1968,22.7335
189,1,14,1969,23.17281
189,1,14,1970,23.54513
189,1,14,1971,23.92288
189,1,14,1972,24.38228
189,1,14,1973,24.70294
189,1,14,1974,25.07239
189,1,14,1975,25.34783
189,1,14,1976,25.65261
189,1,14,1977,25.95799
189,1,14,1978,26.12347
189,1,14,1979,26.31217
189,1,14,1980,26.43041
189,1,14,1981,26.58414
189,1,14,1982,26.71402
189,1,14,1983,26.8183
189,1,14,1984,26.8956
189,1,14,1985,26.93556
189,1,14,1986,26.78098
189,1,14,1987,26.63606
189,1,14,1988,26.42211
189,1,14,1989,26.19746
189,1,14,1990,25.99998
189,1,14,1991,25.77645
189,1,14,1992,25.45144
189,1,14,1993,25.26205
189,1,14,1994,25.04974
189,1,14,1995,24.82607
189,1,14,1996,24.60953
189,1,14,1997,24.45138
189,1,14,1998,24.29248
189,1,14,1999,24.26197
189,1,14,2000,24.30601
189,1,14,2001,24.37007
189,1,14,2002,24.56788
189,1,14,2003,24.74749
189,1,14,2004,25.05415
189,1,14,2005,25.19888
189,1,14,2006,25.44313
189,1,14,2007,25.91536
189,1,14,2008,26.43524
189,1,14,2009,26.85009
189,1,14,2010,27.18101
189,1,14,2011,27.4669
189,1,14,2012,27.83101
189,1,14,2013,28.24968
189,1,14,2014,28.57215
189,1,14,2015,28.91243
189,1,14,2016,29.22847
189,1,14,2017,29.58305
189,1,14,2018,29.70361
189,1,14,2019,29.91808
189,2,14,1950,24.99321
189,2,14,1951,25.12785
189,2,14,1952,25.23212
189,2,14,1953,25.22581
189,2,14,1954,25.14198
189,2,14,1955,25.13011
189,2,14,1956,25.13502
189,2,14,1957,25.13624
189,2,14,1958,25.11884
189,2,14,1959,25.15041
189,2,14,1960,25.12858
189,2,14,1961,25.11322
189,2,14,1962,25.15624
189,2,14,1963,25.09844
189,2,14,1964,25.17874
189,2,14,1965,25.19338
189,2,14,1966,25.37966
189,2,14,1967,25.48496
189,2,14,1968,26.01632
189,2,14,1969,26.41646
189,2,14,1970,26.70222
189,2,14,1971,27.08722
189,2,14,1972,27.46971
189,2,14,1973,27.77999
189,2,14,1974,28.10421
189,2,14,1975,28.29757
189,2,14,1976,28.53781
189,2,14,1977,28.76357
189,2,14,1978,28.86986
189,2,14,1979,29.07815
189,2,14,1980,29.17241
189,2,14,1981,29.2699
189,2,14,1982,29.36359
189,2,14,1983,29.43519
189,2,14,1984,29.434
189,2,14,1985,29.45547
189,2,14,1986,29.43244
189,2,14,1987,29.4746
189,2,14,1988,29.45302
189,2,14,1989,29.30647
189,2,14,1990,29.16776
189,2,14,1991,29.12273
189,2,14,1992,29.00705
189,2,14,1993,28.84839
189,2,14,1994,28.56274
189,2,14,1995,28.39075
189,2,14,1996,28.24078
189,2,14,1997,28.10838
189,2,14,1998,28.09015
189,2,14,1999,28.09994
189,2,14,2000,28.21808
189,2,14,2001,28.41779
189,2,14,2002,28.61963
189,2,14,2003,28.60693
189,2,14,2004,28.7399
189,2,14,2005,28.80259
189,2,14,2006,28.9761
189,2,14,2007,29.30828
189,2,14,2008,29.74087
189,2,14,2009,29.95982
189,2,14,2010,30.1991
189,2,14,2011,30.4571
189,2,14,2012,30.78966
189,2,14,2013,31.0436
189,2,14,2014,31.38166
189,2,14,2015,31.65801
189,2,14,2016,31.86377
189,2,14,2017,32.11282
189,2,14,2018,32.31477
189,2,14,2019,32.44666
189,3,14,1950,22.87621
189,3,14,1951,23.05864
189,3,14,1952,23.15821
189,3,14,1953,23.19118
189,3,14,1954,23.14337
189,3,14,1955,23.15969
189,3,14,1956,23.17905
189,3,14,1957,23.20961
189,3,14,1958,23.22154
189,3,14,1959,23.26461
189,3,14,1960,23.27707
189,3,14,1961,23.26414
189,3,14,1962,23.31614
189,3,14,1963,23.31913
189,3,14,1964,23.40384
189,3,14,1965,23.40785
189,3,14,1966,23.63085
189,3,14,1967,23.75027
189,3,14,1968,24.30836
189,3,14,1969,24.68688
189,3,14,1970,25.02401
189,3,14,1971,25.42632
189,3,14,1972,25.85231
189,3,14,1973,26.1897
189,3,14,1974,26.46989
189,3,14,1975,26.71512
189,3,14,1976,26.92939
189,3,14,1977,27.23572
189,3,14,1978,27.41302
189,3,14,1979,27.6608
189,3,14,1980,27.75436
189,3,14,1981,27.88281
189,3,14,1982,27.99274
189,3,14,1983,28.07872
189,3,14,1984,28.11397
189,3,14,1985,28.13865
189,3,14,1986,28.04448
189,3,14,1987,28.0041
189,3,14,1988,27.87467
189,3,14,1989,27.66319
189,3,14,1990,27.48873
189,3,14,1991,27.36491
189,3,14,1992,27.06009
189,3,14,1993,26.9271
189,3,14,1994,26.66376
189,3,14,1995,26.41336
189,3,14,1996,26.12465
189,3,14,1997,25.93092
189,3,14,1998,25.75813
189,3,14,1999,25.75431
189,3,14,2000,25.96267
189,3,14,2001,26.19966
189,3,14,2002,26.28633
189,3,14,2003,26.49632
189,3,14,2004,26.69172
189,3,14,2005,26.87829
189,3,14,2006,27.05068
189,3,14,2007,27.44409
189,3,14,2008,27.96952
189,3,14,2009,28.28427
189,3,14,2010,28.59777
189,3,14,2011,28.86629
189,3,14,2012,29.25211
189,3,14,2013,29.65439
189,3,14,2014,29.91004
189,3,14,2015,30.30281
189,3,14,2016,30.53744
189,3,14,2017,30.83084
189,3,14,2018,31.05669
189,3,14,2019,31.18929
190,1,14,1950,23.31997
190,1,14,1951,23.3213
190,1,14,1952,23.32279
190,1,14,1953,23.37638
190,1,14,1954,23.47498
190,1,14,1955,23.5272
190,1,14,1956,23.50275
190,1,14,1957,23.64504
190,1,14,1958,23.68877
190,1,14,1959,23.74289
190,1,14,1960,23.82089
190,1,14,1961,23.92769
190,1,14,1962,23.98655
190,1,14,1963,24.20713
190,1,14,1964,24.42831
190,1,14,1965,24.62919
190,1,14,1966,24.68694
190,1,14,1967,24.67256
190,1,14,1968,24.78883
190,1,14,1969,24.87477
190,1,14,1970,25.02375
190,1,14,1971,25.1175
190,1,14,1972,25.17649
190,1,14,1973,25.29556
190,1,14,1974,25.29789
190,1,14,1975,25.28246
190,1,14,1976,25.3763
190,1,14,1977,25.43808
190,1,14,1978,25.28065
190,1,14,1979,25.13264
190,1,14,1980,24.69582
190,1,14,1981,24.73847
190,1,14,1982,24.76819
190,1,14,1983,24.92414
190,1,14,1984,24.88898
190,1,14,1985,24.74065
190,1,14,1986,24.39617
190,1,14,1987,24.3377
190,1,14,1988,23.96089
190,1,14,1989,23.41954
190,1,14,1990,22.64104
190,1,14,1991,22.123
190,1,14,1992,21.63704
190,1,14,1993,21.21848
190,1,14,1994,20.89175
190,1,14,1995,20.62522
190,1,14,1996,20.4047
190,1,14,1997,20.4136
190,1,14,1998,20.38285
190,1,14,1999,20.47645
190,1,14,2000,20.59971
190,1,14,2001,20.84598
190,1,14,2002,21.23366
190,1,14,2003,21.56008
190,1,14,2004,21.8331
190,1,14,2005,22.44186
190,1,14,2006,23.26033
190,1,14,2007,23.68862
190,1,14,2008,24.0633
190,1,14,2009,24.56478
190,1,14,2010,24.96311
190,1,14,2011,25.39145
190,1,14,2012,25.87273
190,1,14,2013,26.17068
190,1,14,2014,26.48973
190,1,14,2015,26.89474
190,1,14,2016,27.14261
190,1,14,2017,27.49621
190,1,14,2018,27.77983
190,1,14,2019,28.01855
190,2,14,1950,27.6802
190,2,14,1951,27.65427
190,2,14,1952,27.63381
190,2,14,1953,27.70191
190,2,14,1954,27.71988
190,2,14,1955,27.75852
190,2,14,1956,27.70566
190,2,14,1957,27.74286
190,2,14,1958,27.78033
190,2,14,1959,27.79758
190,2,14,1960,27.84472
190,2,14,1961,27.87658
190,2,14,1962,27.90816
190,2,14,1963,27.94334
190,2,14,1964,28.07313
190,2,14,1965,28.25757
190,2,14,1966,28.28054
190,2,14,1967,28.31636
190,2,14,1968,28.39887
190,2,14,1969,28.45504
190,2,14,1970,28.54704
190,2,14,1971,28.60827
190,2,14,1972,28.5491
190,2,14,1973,28.63795
190,2,14,1974,28.71355
190,2,14,1975,28.74376
190,2,14,1976,28.74057
190,2,14,1977,28.68
190,2,14,1978,28.61979
190,2,14,1979,28.50537
190,2,14,1980,28.17153
190,2,14,1981,28.18832
190,2,14,1982,28.32519
190,2,14,1983,28.49296
190,2,14,1984,28.44533
190,2,14,1985,28.53572
190,2,14,1986,28.51827
190,2,14,1987,28.71269
190,2,14,1988,28.69794
190,2,14,1989,28.40557
190,2,14,1990,28.06806
190,2,14,1991,27.7031
190,2,14,1992,27.37104
190,2,14,1993,27.2128
190,2,14,1994,26.96002
190,2,14,1995,26.87405
190,2,14,1996,26.73553
190,2,14,1997,26.7036
190,2,14,1998,26.66508
190,2,14,1999,26.63867
190,2,14,2000,26.58031
190,2,14,2001,26.7963
190,2,14,2002,26.97442
190,2,14,2003,27.23919
190,2,14,2004,27.42677
190,2,14,2005,28.04368
190,2,14,2006,28.84537
190,2,14,2007,29.48381
190,2,14,2008,29.9956
190,2,14,2009,30.50392
190,2,14,2010,30.93573
190,2,14,2011,31.34777
190,2,14,2012,31.88698
190,2,14,2013,32.25869
190,2,14,2014,32.56124
190,2,14,2015,32.77836
190,2,14,2016,32.81353
190,2,14,2017,33.05774
190,2,14,2018,33.22589
190,2,14,2019,33.28527
190,3,14,1950,24.96094
190,3,14,1951,24.9758
190,3,14,1952,24.98869
190,3,14,1953,25.08335
190,3,14,1954,25.15617
190,3,14,1955,25.21619
190,3,14,1956,25.19978
190,3,14,1957,25.27649
190,3,14,1958,25.35218
190,3,14,1959,25.43529
190,3,14,1960,25.5148
190,3,14,1961,25.5844
190,3,14,1962,25.64731
190,3,14,1963,25.76285
190,3,14,1964,25.89301
190,3,14,1965,26.15184
190,3,14,1966,26.26998
190,3,14,1967,26.29779
190,3,14,1968,26.36892
190,3,14,1969,26.45528
190,3,14,1970,26.54911
190,3,14,1971,26.6289
190,3,14,1972,26.6285
190,3,14,1973,26.779
190,3,14,1974,26.836
190,3,14,1975,26.81862
190,3,14,1976,26.86202
190,3,14,1977,26.85593
190,3,14,1978,26.81183
190,3,14,1979,26.64768
190,3,14,1980,26.26023
190,3,14,1981,26.30579
190,3,14,1982,26.37583
190,3,14,1983,26.56028
190,3,14,1984,26.51595
190,3,14,1985,26.4364
190,3,14,1986,26.14207
190,3,14,1987,26.21963
190,3,14,1988,26.03301
190,3,14,1989,25.576
190,3,14,1990,25.02696
190,3,14,1991,24.51057
190,3,14,1992,24.14321
190,3,14,1993,23.81676
190,3,14,1994,23.46817
190,3,14,1995,23.25019
190,3,14,1996,23.11546
190,3,14,1997,23.16755
190,3,14,1998,23.13596
190,3,14,1999,23.24103
190,3,14,2000,23.24787
190,3,14,2001,23.45884
190,3,14,2002,23.69548
190,3,14,2003,23.98139
190,3,14,2004,24.33843
190,3,14,2005,24.95262
190,3,14,2006,25.68444
190,3,14,2007,26.27902
190,3,14,2008,26.83422
190,3,14,2009,27.36803
190,3,14,2010,27.77772
190,3,14,2011,28.26817
190,3,14,2012,28.71924
190,3,14,2013,29.11936
190,3,14,2014,29.48843
190,3,14,2015,29.8468
190,3,14,2016,30.00292
190,3,14,2017,30.30453
190,3,14,2018,30.54059
190,3,14,2019,30.73428
191,1,14,1950,23.84214
191,1,14,1951,23.988
191,1,14,1952,24.00642
191,1,14,1953,24.12317
191,1,14,1954,24.26747
191,1,14,1955,24.3679
191,1,14,1956,24.41152
191,1,14,1957,24.42485
191,1,14,1958,24.49429
191,1,14,1959,24.58317
191,1,14,1960,24.72139
191,1,14,1961,24.80464
191,1,14,1962,24.88003
191,1,14,1963,24.9993
191,1,14,1964,25.18524
191,1,14,1965,25.30128
191,1,14,1966,25.50393
191,1,14,1967,25.75084
191,1,14,1968,25.92783
191,1,14,1969,26.05302
191,1,14,1970,26.20579
191,1,14,1971,26.28251
191,1,14,1972,26.42631
191,1,14,1973,26.5132
191,1,14,1974,26.54966
191,1,14,1975,26.51611
191,1,14,1976,26.5917
191,1,14,1977,26.59079
191,1,14,1978,26.54556
191,1,14,1979,26.47076
191,1,14,1980,26.44095
191,1,14,1981,26.38369
191,1,14,1982,26.28965
191,1,14,1983,26.10112
191,1,14,1984,25.99109
191,1,14,1985,25.76416
191,1,14,1986,25.45505
191,1,14,1987,25.24431
191,1,14,1988,25.14741
191,1,14,1989,24.67438
191,1,14,1990,24.10533
191,1,14,1991,23.45413
191,1,14,1992,22.77875
191,1,14,1993,22.19246
191,1,14,1994,21.64526
191,1,14,1995,21.08522
191,1,14,1996,20.50937
191,1,14,1997,20.09151
191,1,14,1998,19.75252
191,1,14,1999,19.498
191,1,14,2000,19.23665
191,1,14,2001,19.09954
191,1,14,2002,19.12855
191,1,14,2003,19.14992
191,1,14,2004,19.5282
191,1,14,2005,20.00798
191,1,14,2006,20.51003
191,1,14,2007,21.38865
191,1,14,2008,22.32315
191,1,14,2009,22.99462
191,1,14,2010,23.33168
191,1,14,2011,23.72796
191,1,14,2012,24.30593
191,1,14,2013,24.79874
191,1,14,2014,25.09428
191,1,14,2015,25.27839
191,1,14,2016,25.47324
191,1,14,2017,25.64135
191,1,14,2018,25.90183
191,1,14,2019,26.23685
191,2,14,1950,27.39881
191,2,14,1951,27.47733
191,2,14,1952,27.49037
191,2,14,1953,27.56776
191,2,14,1954,27.64871
191,2,14,1955,27.71095
191,2,14,1956,27.71164
191,2,14,1957,27.68822
191,2,14,1958,27.72473
191,2,14,1959,27.77036
191,2,14,1960,27.85342
191,2,14,1961,27.90885
191,2,14,1962,27.93375
191,2,14,1963,27.99756
191,2,14,1964,28.0985
191,2,14,1965,28.1897
191,2,14,1966,28.30938
191,2,14,1967,28.46973
191,2,14,1968,28.58795
191,2,14,1969,28.65407
191,2,14,1970,28.7378
191,2,14,1971,28.73637
191,2,14,1972,28.84061
191,2,14,1973,28.9101
191,2,14,1974,28.91001
191,2,14,1975,28.86007
191,2,14,1976,28.87338
191,2,14,1977,28.87811
191,2,14,1978,28.83405
191,2,14,1979,28.77307
191,2,14,1980,28.71522
191,2,14,1981,28.66768
191,2,14,1982,28.55792
191,2,14,1983,28.34901
191,2,14,1984,28.1626
191,2,14,1985,27.9385
191,2,14,1986,27.73254
191,2,14,1987,27.63068
191,2,14,1988,27.52593
191,2,14,1989,27.13535
191,2,14,1990,26.70463
191,2,14,1991,26.25975
191,2,14,1992,25.76838
191,2,14,1993,25.27704
191,2,14,1994,24.7187
191,2,14,1995,24.21903
191,2,14,1996,23.90589
191,2,14,1997,23.66727
191,2,14,1998,23.50583
191,2,14,1999,23.47624
191,2,14,2000,23.58909
191,2,14,2001,23.7443
191,2,14,2002,24.01477
191,2,14,2003,24.31494
191,2,14,2004,24.96465
191,2,14,2005,25.50824
191,2,14,2006,26.09242
191,2,14,2007,27.0692
191,2,14,2008,28.14333
191,2,14,2009,28.71364
191,2,14,2010,28.85038
191,2,14,2011,29.08929
191,2,14,2012,29.46264
191,2,14,2013,29.68005
191,2,14,2014,29.94375
191,2,14,2015,30.14756
191,2,14,2016,30.38635
191,2,14,2017,30.55779
191,2,14,2018,30.76846
191,2,14,2019,31.00101
191,3,14,1950,25.22991
191,3,14,1951,25.35753
191,3,14,1952,25.3786
191,3,14,1953,25.48736
191,3,14,1954,25.60759
191,3,14,1955,25.70019
191,3,14,1956,25.7362
191,3,14,1957,25.73456
191,3,14,1958,25.79099
191,3,14,1959,25.86582
191,3,14,1960,25.9925
191,3,14,1961,26.05964
191,3,14,1962,26.12475
191,3,14,1963,26.22622
191,3,14,1964,26.38263
191,3,14,1965,26.49658
191,3,14,1966,26.67173
191,3,14,1967,26.89111
191,3,14,1968,27.0504
191,3,14,1969,27.15747
191,3,14,1970,27.2931
191,3,14,1971,27.33376
191,3,14,1972,27.47275
191,3,14,1973,27.56002
191,3,14,1974,27.58584
191,3,14,1975,27.5447
191,3,14,1976,27.5949
191,3,14,1977,27.60384
191,3,14,1978,27.55906
191,3,14,1979,27.49407
191,3,14,1980,27.44789
191,3,14,1981,27.40333
191,3,14,1982,27.30681
191,3,14,1983,27.10291
191,3,14,1984,26.96732
191,3,14,1985,26.74082
191,3,14,1986,26.4774
191,3,14,1987,26.3015
191,3,14,1988,26.21533
191,3,14,1989,25.79432
191,3,14,1990,25.21477
191,3,14,1991,24.67831
191,3,14,1992,24.03758
191,3,14,1993,23.45898
191,3,14,1994,22.92584
191,3,14,1995,22.34714
191,3,14,1996,21.91845
191,3,14,1997,21.60951
191,3,14,1998,21.33492
191,3,14,1999,21.11191
191,3,14,2000,20.95847
191,3,14,2001,21.02696
191,3,14,2002,21.14508
191,3,14,2003,21.29771
191,3,14,2004,21.75492
191,3,14,2005,22.29599
191,3,14,2006,22.86122
191,3,14,2007,23.78763
191,3,14,2008,24.83618
191,3,14,2009,25.50376
191,3,14,2010,25.85135
191,3,14,2011,26.13192
191,3,14,2012,26.64535
191,3,14,2013,26.96289
191,3,14,2014,27.33161
191,3,14,2015,27.52043
191,3,14,2016,27.67625
191,3,14,2017,27.8415
191,3,14,2018,28.14899
191,3,14,2019,28.42814
192,1,14,1950,23.09679
192,1,14,1951,23.12418
192,1,14,1952,23.3055
192,1,14,1953,23.46534
192,1,14,1954,23.42408
192,1,14,1955,23.54329
192,1,14,1956,23.63369
192,1,14,1957,23.72483
192,1,14,1958,23.77186
192,1,14,1959,23.84994
192,1,14,1960,23.90673
192,1,14,1961,24.08194
192,1,14,1962,24.19515
192,1,14,1963,24.23872
192,1,14,1964,24.34926
192,1,14,1965,24.45642
192,1,14,1966,24.67911
192,1,14,1967,24.73488
192,1,14,1968,24.81153
192,1,14,1969,24.92606
192,1,14,1970,25.09675
192,1,14,1971,25.34549
192,1,14,1972,25.6047
192,1,14,1973,25.79529
192,1,14,1974,26.06273
192,1,14,1975,26.31553
192,1,14,1976,26.4054
192,1,14,1977,26.50523
192,1,14,1978,26.51389
192,1,14,1979,26.4162
192,1,14,1980,26.33659
192,1,14,1981,26.49554
192,1,14,1982,26.92262
192,1,14,1983,27.0504
192,1,14,1984,27.39656
192,1,14,1985,27.09634
192,1,14,1986,27.486
192,1,14,1987,27.99653
192,1,14,1988,27.86202
192,1,14,1989,27.95359
192,1,14,1990,27.75485
192,1,14,1991,27.4484
192,1,14,1992,27.03583
192,1,14,1993,26.90935
192,1,14,1994,26.20548
192,1,14,1995,25.25344
192,1,14,1996,24.20895
192,1,14,1997,22.99693
192,1,14,1998,22.35387
192,1,14,1999,22.3226
192,1,14,2000,21.84303
192,1,14,2001,21.8438
192,1,14,2002,21.60566
192,1,14,2003,21.40436
192,1,14,2004,21.3139
192,1,14,2005,21.28134
192,1,14,2006,21.16341
192,1,14,2007,21.39457
192,1,14,2008,21.69058
192,1,14,2009,22.01161
192,1,14,2010,22.38121
192,1,14,2011,23.02726
192,1,14,2012,23.59191
192,1,14,2013,24.10818
192,1,14,2014,24.37052
192,1,14,2015,24.48733
192,1,14,2016,24.72493
192,1,14,2017,24.98248
192,1,14,2018,25.84189
192,1,14,2019,26.40234
192,2,14,1950,28.385
192,2,14,1951,28.39979
192,2,14,1952,28.5325
192,2,14,1953,28.57555
192,2,14,1954,28.61781
192,2,14,1955,28.70427
192,2,14,1956,28.72665
192,2,14,1957,28.85784
192,2,14,1958,28.84969
192,2,14,1959,28.88845
192,2,14,1960,28.99322
192,2,14,1961,29.07518
192,2,14,1962,29.06834
192,2,14,1963,29.14607
192,2,14,1964,29.23439
192,2,14,1965,29.3336
192,2,14,1966,29.38155
192,2,14,1967,29.44127
192,2,14,1968,29.54968
192,2,14,1969,29.64746
192,2,14,1970,29.7208
192,2,14,1971,29.97825
192,2,14,1972,30.34275
192,2,14,1973,30.58194
192,2,14,1974,30.72941
192,2,14,1975,31.01743
192,2,14,1976,31.12771
192,2,14,1977,31.19808
192,2,14,1978,31.21026
192,2,14,1979,31.14932
192,2,14,1980,30.9773
192,2,14,1981,31.10332
192,2,14,1982,31.52103
192,2,14,1983,31.76999
192,2,14,1984,31.92406
192,2,14,1985,32.90762
192,2,14,1986,32.58582
192,2,14,1987,32.5047
192,2,14,1988,33.14568
192,2,14,1989,33.02312
192,2,14,1990,33.36886
192,2,14,1991,33.50195
192,2,14,1992,32.82891
192,2,14,1993,33.00672
192,2,14,1994,32.25488
192,2,14,1995,32.36336
192,2,14,1996,31.34522
192,2,14,1997,29.87825
192,2,14,1998,29.23798
192,2,14,1999,28.90212
192,2,14,2000,28.16984
192,2,14,2001,28.00253
192,2,14,2002,27.60665
192,2,14,2003,27.26962
192,2,14,2004,26.99007
192,2,14,2005,26.89891
192,2,14,2006,26.61581
192,2,14,2007,26.811
192,2,14,2008,27.03241
192,2,14,2009,27.38824
192,2,14,2010,27.88137
192,2,14,2011,28.55917
192,2,14,2012,29.1682
192,2,14,2013,29.51668
192,2,14,2014,29.55201
192,2,14,2015,29.5988
192,2,14,2016,29.77238
192,2,14,2017,30.14414
192,2,14,2018,31.072
192,2,14,2019,31.50006
192,3,14,1950,25.43286
192,3,14,1951,25.48494
192,3,14,1952,25.60957
192,3,14,1953,25.70043
192,3,14,1954,25.75395
192,3,14,1955,25.83961
192,3,14,1956,25.90292
192,3,14,1957,25.99392
192,3,14,1958,26.04531
192,3,14,1959,26.12075
192,3,14,1960,26.23076
192,3,14,1961,26.3429
192,3,14,1962,26.33397
192,3,14,1963,26.42766
192,3,14,1964,26.55698
192,3,14,1965,26.64824
192,3,14,1966,26.76242
192,3,14,1967,26.86977
192,3,14,1968,26.98291
192,3,14,1969,27.10128
192,3,14,1970,27.19964
192,3,14,1971,27.46792
192,3,14,1972,27.7788
192,3,14,1973,28.00777
192,3,14,1974,28.23214
192,3,14,1975,28.4726
192,3,14,1976,28.60169
192,3,14,1977,28.70594
192,3,14,1978,28.69225
192,3,14,1979,28.6558
192,3,14,1980,28.562
192,3,14,1981,28.68503
192,3,14,1982,29.11516
192,3,14,1983,29.3138
192,3,14,1984,29.59036
192,3,14,1985,29.89907
192,3,14,1986,30.00086
192,3,14,1987,30.23969
192,3,14,1988,30.48084
192,3,14,1989,30.45826
192,3,14,1990,30.53386
192,3,14,1991,30.41329
192,3,14,1992,29.90449
192,3,14,1993,29.94171
192,3,14,1994,29.23793
192,3,14,1995,28.72422
192,3,14,1996,27.69358
192,3,14,1997,26.36865
192,3,14,1998,25.73471
192,3,14,1999,25.59569
192,3,14,2000,25.0135
192,3,14,2001,24.9134
192,3,14,2002,24.63309
192,3,14,2003,24.38294
192,3,14,2004,24.21149
192,3,14,2005,24.13544
192,3,14,2006,23.96224
192,3,14,2007,24.09827
192,3,14,2008,24.34374
192,3,14,2009,24.67998
192,3,14,2010,25.12041
192,3,14,2011,25.75135
192,3,14,2012,26.39833
192,3,14,2013,26.83586
192,3,14,2014,26.9911
192,3,14,2015,27.08913
192,3,14,2016,27.28143
192,3,14,2017,27.58622
192,3,14,2018,28.46073
192,3,14,2019,29.00137
193,1,14,1950,21.12702
193,1,14,1951,21.20644
193,1,14,1952,21.20135
193,1,14,1953,21.21716
193,1,14,1954,21.19876
193,1,14,1955,21.23498
193,1,14,1956,21.35987
193,1,14,1957,21.43286
193,1,14,1958,21.49904
193,1,14,1959,21.55681
193,1,14,1960,21.59111
193,1,14,1961,21.68157
193,1,14,1962,21.72841
193,1,14,1963,21.84645
193,1,14,1964,21.84108
193,1,14,1965,21.87457
193,1,14,1966,22.0074
193,1,14,1967,22.08715
193,1,14,1968,22.19631
193,1,14,1969,22.32802
193,1,14,1970,22.53469
193,1,14,1971,22.68215
193,1,14,1972,22.9384
193,1,14,1973,23.18649
193,1,14,1974,23.46073
193,1,14,1975,23.66352
193,1,14,1976,23.79959
193,1,14,1977,23.98593
193,1,14,1978,24.13401
193,1,14,1979,24.29229
193,1,14,1980,24.47142
193,1,14,1981,24.58425
193,1,14,1982,24.76777
193,1,14,1983,24.95088
193,1,14,1984,25.1532
193,1,14,1985,25.28139
193,1,14,1986,25.31648
193,1,14,1987,25.26025
193,1,14,1988,24.97668
193,1,14,1989,25.01526
193,1,14,1990,24.72861
193,1,14,1991,24.42314
193,1,14,1992,23.77147
193,1,14,1993,22.87875
193,1,14,1994,21.87741
193,1,14,1995,20.8522
193,1,14,1996,19.8129
193,1,14,1997,18.93615
193,1,14,1998,18.29839
193,1,14,1999,17.68969
193,1,14,2000,17.22307
193,1,14,2001,16.8902
193,1,14,2002,16.75138
193,1,14,2003,16.9842
193,1,14,2004,17.83889
193,1,14,2005,18.99908
193,1,14,2006,19.9102
193,1,14,2007,20.94601
193,1,14,2008,21.62742
193,1,14,2009,22.16444
193,1,14,2010,22.56971
193,1,14,2011,23.05607
193,1,14,2012,23.418
193,1,14,2013,23.80787
193,1,14,2014,24.16301
193,1,14,2015,24.45006
193,1,14,2016,24.69945
193,1,14,2017,24.74293
193,1,14,2018,24.77382
193,1,14,2019,24.87554
193,2,14,1950,27.71469
193,2,14,1951,27.80287
193,2,14,1952,27.78341
193,2,14,1953,27.80769
193,2,14,1954,27.79074
193,2,14,1955,27.81821
193,2,14,1956,27.87751
193,2,14,1957,27.92873
193,2,14,1958,27.98523
193,2,14,1959,28.02785
193,2,14,1960,28.06359
193,2,14,1961,28.12888
193,2,14,1962,28.14146
193,2,14,1963,28.27133
193,2,14,1964,28.23045
193,2,14,1965,28.25734
193,2,14,1966,28.37359
193,2,14,1967,28.42889
193,2,14,1968,28.50159
193,2,14,1969,28.58693
193,2,14,1970,28.76994
193,2,14,1971,28.90899
193,2,14,1972,29.16334
193,2,14,1973,29.38897
193,2,14,1974,29.60675
193,2,14,1975,29.74909
193,2,14,1976,29.86693
193,2,14,1977,29.97669
193,2,14,1978,30.0892
193,2,14,1979,30.25097
193,2,14,1980,30.41479
193,2,14,1981,30.46104
193,2,14,1982,30.69306
193,2,14,1983,30.9477
193,2,14,1984,31.16189
193,2,14,1985,31.35371
193,2,14,1986,31.4271
193,2,14,1987,31.41752
193,2,14,1988,31.28223
193,2,14,1989,31.43707
193,2,14,1990,31.32519
193,2,14,1991,31.41105
193,2,14,1992,31.4068
193,2,14,1993,31.24899
193,2,14,1994,31.07733
193,2,14,1995,30.49703
193,2,14,1996,29.98525
193,2,14,1997,29.33225
193,2,14,1998,28.45512
193,2,14,1999,27.65453
193,2,14,2000,26.71862
193,2,14,2001,26.11267
193,2,14,2002,25.56718
193,2,14,2003,25.91565
193,2,14,2004,26.92035
193,2,14,2005,28.23074
193,2,14,2006,29.2594
193,2,14,2007,29.69635
193,2,14,2008,29.87482
193,2,14,2009,30.33972
193,2,14,2010,30.50516
193,2,14,2011,30.47685
193,2,14,2012,30.49036
193,2,14,2013,30.59439
193,2,14,2014,30.50739
193,2,14,2015,30.52768
193,2,14,2016,30.66052
193,2,14,2017,30.71547
193,2,14,2018,30.86142
193,2,14,2019,30.95498
193,3,14,1950,23.903
193,3,14,1951,24.00907
193,3,14,1952,24.00092
193,3,14,1953,24.03768
193,3,14,1954,24.02837
193,3,14,1955,24.07359
193,3,14,1956,24.19461
193,3,14,1957,24.27178
193,3,14,1958,24.34503
193,3,14,1959,24.40885
193,3,14,1960,24.45435
193,3,14,1961,24.55028
193,3,14,1962,24.59176
193,3,14,1963,24.72848
193,3,14,1964,24.70536
193,3,14,1965,24.75897
193,3,14,1966,24.90487
193,3,14,1967,24.98273
193,3,14,1968,25.10099
193,3,14,1969,25.21767
193,3,14,1970,25.4279
193,3,14,1971,25.58524
193,3,14,1972,25.85878
193,3,14,1973,26.11233
193,3,14,1974,26.38559
193,3,14,1975,26.54824
193,3,14,1976,26.70253
193,3,14,1977,26.86825
193,3,14,1978,26.99478
193,3,14,1979,27.15705
193,3,14,1980,27.38304
193,3,14,1981,27.45459
193,3,14,1982,27.66712
193,3,14,1983,27.89358
193,3,14,1984,28.10094
193,3,14,1985,28.27402
193,3,14,1986,28.33654
193,3,14,1987,28.29348
193,3,14,1988,28.08315
193,3,14,1989,28.15357
193,3,14,1990,27.97386
193,3,14,1991,27.78523
193,3,14,1992,27.39993
193,3,14,1993,26.78396
193,3,14,1994,25.94645
193,3,14,1995,25.04345
193,3,14,1996,24.17349
193,3,14,1997,23.43573
193,3,14,1998,22.58803
193,3,14,1999,21.78805
193,3,14,2000,21.22164
193,3,14,2001,20.77693
193,3,14,2002,20.52202
193,3,14,2003,20.75799
193,3,14,2004,21.75321
193,3,14,2005,23.11421
193,3,14,2006,24.04837
193,3,14,2007,24.94739
193,3,14,2008,25.53812
193,3,14,2009,26.04152
193,3,14,2010,26.43371
193,3,14,2011,26.72016
193,3,14,2012,27.05312
193,3,14,2013,27.26618
193,3,14,2014,27.34281
193,3,14,2015,27.47791
193,3,14,2016,27.72967
193,3,14,2017,27.74697
193,3,14,2018,27.75889
193,3,14,2019,27.90944
194,1,14,1950,20.57238
194,1,14,1951,20.63465
194,1,14,1952,20.7564
194,1,14,1953,20.95011
194,1,14,1954,20.8968
194,1,14,1955,20.88281
194,1,14,1956,20.91676
194,1,14,1957,20.97149
194,1,14,1958,20.97361
194,1,14,1959,21.01335
194,1,14,1960,21.08389
194,1,14,1961,21.10116
194,1,14,1962,21.15056
194,1,14,1963,21.3221
194,1,14,1964,21.3997
194,1,14,1965,21.48045
194,1,14,1966,21.59848
194,1,14,1967,21.71307
194,1,14,1968,21.80485
194,1,14,1969,21.92202
194,1,14,1970,22.09841
194,1,14,1971,22.14236
194,1,14,1972,22.23111
194,1,14,1973,22.42676
194,1,14,1974,22.65567
194,1,14,1975,22.80522
194,1,14,1976,22.99636
194,1,14,1977,23.14687
194,1,14,1978,23.34702
194,1,14,1979,23.47974
194,1,14,1980,23.62493
194,1,14,1981,23.71662
194,1,14,1982,23.85063
194,1,14,1983,23.91356
194,1,14,1984,23.96698
194,1,14,1985,23.96315
194,1,14,1986,24.0258
194,1,14,1987,24.03217
194,1,14,1988,24.08255
194,1,14,1989,24.07217
194,1,14,1990,23.91192
194,1,14,1991,23.8013
194,1,14,1992,23.51368
194,1,14,1993,23.22262
194,1,14,1994,22.74011
194,1,14,1995,22.31676
194,1,14,1996,21.67219
194,1,14,1997,20.83019
194,1,14,1998,20.00893
194,1,14,1999,19.2268
194,1,14,2000,18.61885
194,1,14,2001,18.06571
194,1,14,2002,17.37962
194,1,14,2003,16.87932
194,1,14,2004,16.26957
194,1,14,2005,15.98749
194,1,14,2006,15.96388
194,1,14,2007,16.32047
194,1,14,2008,16.90287
194,1,14,2009,17.12312
194,1,14,2010,17.16623
194,1,14,2011,17.22042
194,1,14,2012,17.09047
194,1,14,2013,17.07644
194,1,14,2014,16.97178
194,1,14,2015,17.20108
194,1,14,2016,17.7377
194,1,14,2017,18.15734
194,1,14,2018,18.45256
194,1,14,2019,18.70573
194,2,14,1950,28.65595
194,2,14,1951,28.75006
194,2,14,1952,28.84219
194,2,14,1953,28.99499
194,2,14,1954,29.00196
194,2,14,1955,28.95814
194,2,14,1956,28.96276
194,2,14,1957,29.03413
194,2,14,1958,29.01579
194,2,14,1959,29.06937
194,2,14,1960,29.11887
194,2,14,1961,29.12561
194,2,14,1962,29.17163
194,2,14,1963,29.30816
194,2,14,1964,29.40051
194,2,14,1965,29.44707
194,2,14,1966,29.54071
194,2,14,1967,29.62626
194,2,14,1968,29.67213
194,2,14,1969,29.75121
194,2,14,1970,29.90772
194,2,14,1971,29.9274
194,2,14,1972,30.03009
194,2,14,1973,30.15934
194,2,14,1974,30.32861
194,2,14,1975,30.42923
194,2,14,1976,30.55071
194,2,14,1977,30.66195
194,2,14,1978,30.7604
194,2,14,1979,30.83487
194,2,14,1980,30.9074
194,2,14,1981,30.92093
194,2,14,1982,30.99847
194,2,14,1983,31.04133
194,2,14,1984,31.0878
194,2,14,1985,31.11374
194,2,14,1986,31.17732
194,2,14,1987,31.21978
194,2,14,1988,31.24012
194,2,14,1989,31.24524
194,2,14,1990,31.2626
194,2,14,1991,31.3051
194,2,14,1992,31.2962
194,2,14,1993,31.29524
194,2,14,1994,31.40413
194,2,14,1995,31.63083
194,2,14,1996,31.75448
194,2,14,1997,31.72692
194,2,14,1998,30.2842
194,2,14,1999,28.73327
194,2,14,2000,26.96118
194,2,14,2001,26.08961
194,2,14,2002,25.046
194,2,14,2003,23.86669
194,2,14,2004,22.89583
194,2,14,2005,22.53785
194,2,14,2006,22.55796
194,2,14,2007,23.04671
194,2,14,2008,23.62072
194,2,14,2009,24.3469
194,2,14,2010,24.7489
194,2,14,2011,24.81445
194,2,14,2012,24.46879
194,2,14,2013,24.13218
194,2,14,2014,24.05783
194,2,14,2015,24.30809
194,2,14,2016,24.99801
194,2,14,2017,25.8946
194,2,14,2018,26.249
194,2,14,2019,26.36967
194,3,14,1950,24.69547
194,3,14,1951,24.80144
194,3,14,1952,24.95058
194,3,14,1953,25.17736
194,3,14,1954,25.17937
194,3,14,1955,25.14026
194,3,14,1956,25.20519
194,3,14,1957,25.28654
194,3,14,1958,25.29487
194,3,14,1959,25.35045
194,3,14,1960,25.40833
194,3,14,1961,25.42538
194,3,14,1962,25.4556
194,3,14,1963,25.60807
194,3,14,1964,25.67955
194,3,14,1965,25.74947
194,3,14,1966,25.81804
194,3,14,1967,25.90038
194,3,14,1968,25.94899
194,3,14,1969,26.01486
194,3,14,1970,26.17218
194,3,14,1971,26.16686
194,3,14,1972,26.23402
194,3,14,1973,26.37206
194,3,14,1974,26.55023
194,3,14,1975,26.64682
194,3,14,1976,26.78916
194,3,14,1977,26.90575
194,3,14,1978,27.03951
194,3,14,1979,27.11909
194,3,14,1980,27.22988
194,3,14,1981,27.26573
194,3,14,1982,27.3762
194,3,14,1983,27.43437
194,3,14,1984,27.44926
194,3,14,1985,27.47003
194,3,14,1986,27.53399
194,3,14,1987,27.54785
194,3,14,1988,27.56742
194,3,14,1989,27.56088
194,3,14,1990,27.46178
194,3,14,1991,27.4051
194,3,14,1992,27.22218
194,3,14,1993,27.0181
194,3,14,1994,26.78957
194,3,14,1995,26.58573
194,3,14,1996,26.21632
194,3,14,1997,25.68511
194,3,14,1998,24.55601
194,3,14,1999,23.42928
194,3,14,2000,22.30986
194,3,14,2001,21.62077
194,3,14,2002,20.78612
194,3,14,2003,19.97088
194,3,14,2004,19.24064
194,3,14,2005,18.90078
194,3,14,2006,18.88277
194,3,14,2007,19.38387
194,3,14,2008,20.03045
194,3,14,2009,20.40115
194,3,14,2010,20.63412
194,3,14,2011,20.74626
194,3,14,2012,20.6317
194,3,14,2013,20.44222
194,3,14,2014,20.35179
194,3,14,2015,20.6046
194,3,14,2016,21.23237
194,3,14,2017,21.88582
194,3,14,2018,22.18771
194,3,14,2019,22.37598
195,1,14,1950,23.4726
195,1,14,1951,23.49056
195,1,14,1952,23.5008
195,1,14,1953,23.58015
195,1,14,1954,23.64187
195,1,14,1955,23.66637
195,1,14,1956,23.73489
195,1,14,1957,23.74298
195,1,14,1958,23.75963
195,1,14,1959,23.87389
195,1,14,1960,24.01961
195,1,14,1961,24.09702
195,1,14,1962,24.12011
195,1,14,1963,24.23536
195,1,14,1964,24.40669
195,1,14,1965,24.53622
195,1,14,1966,24.57408
195,1,14,1967,24.72951
195,1,14,1968,24.83989
195,1,14,1969,24.93356
195,1,14,1970,24.96069
195,1,14,1971,25.01215
195,1,14,1972,25.00556
195,1,14,1973,24.99083
195,1,14,1974,25.03816
195,1,14,1975,25.05961
195,1,14,1976,24.9623
195,1,14,1977,24.79984
195,1,14,1978,24.56714
195,1,14,1979,24.55308
195,1,14,1980,24.44663
195,1,14,1981,24.42964
195,1,14,1982,24.42628
195,1,14,1983,24.44217
195,1,14,1984,24.44573
195,1,14,1985,24.44616
195,1,14,1986,24.49031
195,1,14,1987,24.60551
195,1,14,1988,24.51705
195,1,14,1989,24.67644
195,1,14,1990,24.5641
195,1,14,1991,24.62782
195,1,14,1992,24.51477
195,1,14,1993,24.35379
195,1,14,1994,23.93246
195,1,14,1995,23.52926
195,1,14,1996,23.08208
195,1,14,1997,22.73045
195,1,14,1998,22.23395
195,1,14,1999,21.84973
195,1,14,2000,21.31094
195,1,14,2001,21.00398
195,1,14,2002,20.60592
195,1,14,2003,20.33523
195,1,14,2004,20.30566
195,1,14,2005,20.71691
195,1,14,2006,21.51524
195,1,14,2007,22.49659
195,1,14,2008,23.21898
195,1,14,2009,23.62304
195,1,14,2010,23.86633
195,1,14,2011,24.37497
195,1,14,2012,24.82213
195,1,14,2013,25.00559
195,1,14,2014,25.00596
195,1,14,2015,25.04241
195,1,14,2016,25.14427
195,1,14,2017,25.26073
195,1,14,2018,25.43073
195,1,14,2019,25.71306
195,2,14,1950,29.01726
195,2,14,1951,29.00856
195,2,14,1952,28.99256
195,2,14,1953,29.03279
195,2,14,1954,29.07588
195,2,14,1955,29.04873
195,2,14,1956,29.08188
195,2,14,1957,29.06394
195,2,14,1958,29.05989
195,2,14,1959,29.13526
195,2,14,1960,29.24397
195,2,14,1961,29.2322
195,2,14,1962,29.26358
195,2,14,1963,29.3224
195,2,14,1964,29.47074
195,2,14,1965,29.52743
195,2,14,1966,29.49604
195,2,14,1967,29.58234
195,2,14,1968,29.64022
195,2,14,1969,29.66033
195,2,14,1970,29.65658
195,2,14,1971,29.68087
195,2,14,1972,29.62347
195,2,14,1973,29.60333
195,2,14,1974,29.60811
195,2,14,1975,29.60945
195,2,14,1976,29.51301
195,2,14,1977,29.34224
195,2,14,1978,29.1593
195,2,14,1979,29.20936
195,2,14,1980,29.2439
195,2,14,1981,29.2765
195,2,14,1982,29.34319
195,2,14,1983,29.47168
195,2,14,1984,29.57738
195,2,14,1985,29.68971
195,2,14,1986,29.81158
195,2,14,1987,29.99432
195,2,14,1988,30.01236
195,2,14,1989,30.25608
195,2,14,1990,30.27138
195,2,14,1991,30.3872
195,2,14,1992,30.39413
195,2,14,1993,30.23709
195,2,14,1994,29.96516
195,2,14,1995,29.73583
195,2,14,1996,29.49837
195,2,14,1997,28.94736
195,2,14,1998,28.35979
195,2,14,1999,27.5463
195,2,14,2000,26.90179
195,2,14,2001,26.70097
195,2,14,2002,26.23517
195,2,14,2003,26.04019
195,2,14,2004,26.40604
195,2,14,2005,27.34115
195,2,14,2006,28.65124
195,2,14,2007,30.04187
195,2,14,2008,31.28713
195,2,14,2009,31.62723
195,2,14,2010,32.0453
195,2,14,2011,32.44495
195,2,14,2012,32.63298
195,2,14,2013,32.73028
195,2,14,2014,32.44434
195,2,14,2015,32.2035
195,2,14,2016,32.21742
195,2,14,2017,32.43012
195,2,14,2018,32.75901
195,2,14,2019,32.83124
195,3,14,1950,25.83706
195,3,14,1951,25.86217
195,3,14,1952,25.88439
195,3,14,1953,25.96671
195,3,14,1954,26.04291
195,3,14,1955,26.07419
195,3,14,1956,26.12975
195,3,14,1957,26.14874
195,3,14,1958,26.16317
195,3,14,1959,26.27171
195,3,14,1960,26.41758
195,3,14,1961,26.46735
195,3,14,1962,26.51258
195,3,14,1963,26.60286
195,3,14,1964,26.77468
195,3,14,1965,26.88072
195,3,14,1966,26.88831
195,3,14,1967,27.02912
195,3,14,1968,27.11749
195,3,14,1969,27.18518
195,3,14,1970,27.19797
195,3,14,1971,27.24039
195,3,14,1972,27.2043
195,3,14,1973,27.19378
195,3,14,1974,27.2344
195,3,14,1975,27.23769
195,3,14,1976,27.14161
195,3,14,1977,26.97487
195,3,14,1978,26.76229
195,3,14,1979,26.77686
195,3,14,1980,26.73738
195,3,14,1981,26.7409
195,3,14,1982,26.77433
195,3,14,1983,26.84623
195,3,14,1984,26.89336
195,3,14,1985,26.94967
195,3,14,1986,27.03539
195,3,14,1987,27.19084
195,3,14,1988,27.15556
195,3,14,1989,27.35882
195,3,14,1990,27.30505
195,3,14,1991,27.38135
195,3,14,1992,27.35091
195,3,14,1993,27.20384
195,3,14,1994,26.79894
195,3,14,1995,26.46911
195,3,14,1996,26.11531
195,3,14,1997,25.64657
195,3,14,1998,25.11968
195,3,14,1999,24.53364
195,3,14,2000,23.98769
195,3,14,2001,23.73458
195,3,14,2002,23.279
195,3,14,2003,23.0512
195,3,14,2004,23.15307
195,3,14,2005,23.77155
195,3,14,2006,24.74321
195,3,14,2007,25.90275
195,3,14,2008,26.85425
195,3,14,2009,27.40564
195,3,14,2010,27.75079
195,3,14,2011,28.30443
195,3,14,2012,28.63276
195,3,14,2013,28.7422
195,3,14,2014,28.61214
195,3,14,2015,28.53342
195,3,14,2016,28.57196
195,3,14,2017,28.76994
195,3,14,2018,28.95994
195,3,14,2019,29.21462
196,1,14,1950,24.29935
196,1,14,1951,24.3124
196,1,14,1952,24.44261
196,1,14,1953,24.5935
196,1,14,1954,24.68417
196,1,14,1955,24.67341
196,1,14,1956,24.87432
196,1,14,1957,24.96304
196,1,14,1958,25.01605
196,1,14,1959,25.03598
196,1,14,1960,25.1052
196,1,14,1961,25.28009
196,1,14,1962,25.29004
196,1,14,1963,25.40877
196,1,14,1964,25.48814
196,1,14,1965,25.57142
196,1,14,1966,25.82547
196,1,14,1967,25.9137
196,1,14,1968,25.99026
196,1,14,1969,26.10553
196,1,14,1970,26.174
196,1,14,1971,26.57941
196,1,14,1972,26.94683
196,1,14,1973,27.14482
196,1,14,1974,27.48551
196,1,14,1975,27.71943
196,1,14,1976,27.82483
196,1,14,1977,27.84749
196,1,14,1978,28.00724
196,1,14,1979,27.90812
196,1,14,1980,27.49577
196,1,14,1981,27.67996
196,1,14,1982,28.19784
196,1,14,1983,28.33625
196,1,14,1984,28.80531
196,1,14,1985,28.24385
196,1,14,1986,28.83404
196,1,14,1987,29.531
196,1,14,1988,29.30955
196,1,14,1989,29.43226
196,1,14,1990,29.31718
196,1,14,1991,28.90296
196,1,14,1992,28.47958
196,1,14,1993,28.48019
196,1,14,1994,27.80766
196,1,14,1995,26.74179
196,1,14,1996,25.51
196,1,14,1997,24.01452
196,1,14,1998,23.32089
196,1,14,1999,23.55833
196,1,14,2000,23.06003
196,1,14,2001,23.19142
196,1,14,2002,23.04951
196,1,14,2003,22.80541
196,1,14,2004,22.72942
196,1,14,2005,22.68778
196,1,14,2006,22.42956
196,1,14,2007,22.64403
196,1,14,2008,22.86852
196,1,14,2009,23.10303
196,1,14,2010,23.4472
196,1,14,2011,24.14489
196,1,14,2012,24.7222
196,1,14,2013,25.24604
196,1,14,2014,25.48134
196,1,14,2015,25.56849
196,1,14,2016,25.7987
196,1,14,2017,26.01807
196,1,14,2018,27.09566
196,1,14,2019,27.79793
196,2,14,1950,28.99873
196,2,14,1951,29.06782
196,2,14,1952,29.13871
196,2,14,1953,29.25399
196,2,14,1954,29.307
196,2,14,1955,29.3219
196,2,14,1956,29.41917
196,2,14,1957,29.47993
196,2,14,1958,29.52514
196,2,14,1959,29.59031
196,2,14,1960,29.66527
196,2,14,1961,29.69237
196,2,14,1962,29.77666
196,2,14,1963,29.83672
196,2,14,1964,29.93382
196,2,14,1965,30.03067
196,2,14,1966,30.06057
196,2,14,1967,30.14894
196,2,14,1968,30.22555
196,2,14,1969,30.3642
196,2,14,1970,30.35718
196,2,14,1971,30.6719
196,2,14,1972,31.11798
196,2,14,1973,31.39693
196,2,14,1974,31.6714
196,2,14,1975,31.88972
196,2,14,1976,32.11287
196,2,14,1977,32.1384
196,2,14,1978,32.23041
196,2,14,1979,32.10965
196,2,14,1980,31.73146
196,2,14,1981,31.89119
196,2,14,1982,32.35121
196,2,14,1983,32.58431
196,2,14,1984,32.79741
196,2,14,1985,34.05298
196,2,14,1986,33.5028
196,2,14,1987,33.3421
196,2,14,1988,34.22737
196,2,14,1989,33.97091
196,2,14,1990,34.54892
196,2,14,1991,34.66941
196,2,14,1992,33.73733
196,2,14,1993,34.00698
196,2,14,1994,33.03213
196,2,14,1995,33.22875
196,2,14,1996,31.95064
196,2,14,1997,30.12806
196,2,14,1998,29.66512
196,2,14,1999,29.56932
196,2,14,2000,29.0313
196,2,14,2001,29.03432
196,2,14,2002,28.74768
196,2,14,2003,28.4511
196,2,14,2004,28.30041
196,2,14,2005,28.07556
196,2,14,2006,27.6992
196,2,14,2007,27.83412
196,2,14,2008,28.01156
196,2,14,2009,28.28591
196,2,14,2010,28.67355
196,2,14,2011,29.28871
196,2,14,2012,29.92288
196,2,14,2013,30.32497
196,2,14,2014,30.31304
196,2,14,2015,30.32899
196,2,14,2016,30.47169
196,2,14,2017,30.84386
196,2,14,2018,31.9296
196,2,14,2019,32.45015
196,3,14,1950,26.19014
196,3,14,1951,26.2418
196,3,14,1952,26.34394
196,3,14,1953,26.44731
196,3,14,1954,26.55763
196,3,14,1955,26.58435
196,3,14,1956,26.72324
196,3,14,1957,26.81763
196,3,14,1958,26.85823
196,3,14,1959,26.92123
196,3,14,1960,26.99273
196,3,14,1961,27.08045
196,3,14,1962,27.13911
196,3,14,1963,27.26016
196,3,14,1964,27.36598
196,3,14,1965,27.44652
196,3,14,1966,27.5336
196,3,14,1967,27.68906
196,3,14,1968,27.7658
196,3,14,1969,27.93337
196,3,14,1970,27.96985
196,3,14,1971,28.31669
196,3,14,1972,28.69024
196,3,14,1973,28.98744
196,3,14,1974,29.31363
196,3,14,1975,29.54492
196,3,14,1976,29.7082
196,3,14,1977,29.78326
196,3,14,1978,29.88402
196,3,14,1979,29.83248
196,3,14,1980,29.48581
196,3,14,1981,29.63158
196,3,14,1982,30.10347
196,3,14,1983,30.40968
196,3,14,1984,30.71598
196,3,14,1985,31.03444
196,3,14,1986,31.10225
196,3,14,1987,31.38754
196,3,14,1988,31.74839
196,3,14,1989,31.67862
196,3,14,1990,31.91198
196,3,14,1991,31.77201
196,3,14,1992,31.09864
196,3,14,1993,31.27543
196,3,14,1994,30.43738
196,3,14,1995,29.98592
196,3,14,1996,28.77229
196,3,14,1997,27.09576
196,3,14,1998,26.51905
196,3,14,1999,26.6142
196,3,14,2000,26.12299
196,3,14,2001,26.14647
196,3,14,2002,25.98898
196,3,14,2003,25.72873
196,3,14,2004,25.57289
196,3,14,2005,25.45546
196,3,14,2006,25.12215
196,3,14,2007,25.26328
196,3,14,2008,25.46909
196,3,14,2009,25.67562
196,3,14,2010,26.03175
196,3,14,2011,26.63952
196,3,14,2012,27.32106
196,3,14,2013,27.7793
196,3,14,2014,27.8935
196,3,14,2015,27.94147
196,3,14,2016,28.07832
196,3,14,2017,28.38614
196,3,14,2018,29.46193
196,3,14,2019,30.07629
197,1,14,1950,17.99598
197,1,14,1951,18.10015
197,1,14,1952,18.1517
197,1,14,1953,18.26339
197,1,14,1954,18.34129
197,1,14,1955,18.45693
197,1,14,1956,18.47889
197,1,14,1957,18.54774
197,1,14,1958,18.59819
197,1,14,1959,18.58786
197,1,14,1960,18.69011
197,1,14,1961,18.9778
197,1,14,1962,19.25282
197,1,14,1963,19.473
197,1,14,1964,19.81343
197,1,14,1965,20.01855
197,1,14,1966,20.25381
197,1,14,1967,20.56395
197,1,14,1968,20.72442
197,1,14,1969,20.93479
197,1,14,1970,21.25203
197,1,14,1971,21.43818
197,1,14,1972,21.66052
197,1,14,1973,21.82405
197,1,14,1974,22.02285
197,1,14,1975,22.34259
197,1,14,1976,22.63432
197,1,14,1977,22.82608
197,1,14,1978,23.07569
197,1,14,1979,23.2169
197,1,14,1980,23.32554
197,1,14,1981,23.51712
197,1,14,1982,23.65782
197,1,14,1983,23.55101
197,1,14,1984,23.87344
197,1,14,1985,23.97239
197,1,14,1986,24.03953
197,1,14,1987,24.13132
197,1,14,1988,24.18094
197,1,14,1989,24.30409
197,1,14,1990,24.44255
197,1,14,1991,24.4409
197,1,14,1992,24.5512
197,1,14,1993,24.46792
197,1,14,1994,24.02223
197,1,14,1995,23.43964
197,1,14,1996,22.42998
197,1,14,1997,21.88051
197,1,14,1998,21.02721
197,1,14,1999,20.35602
197,1,14,2000,19.44481
197,1,14,2001,18.52441
197,1,14,2002,17.86295
197,1,14,2003,17.17734
197,1,14,2004,16.77156
197,1,14,2005,16.71926
197,1,14,2006,16.91929
197,1,14,2007,17.1016
197,1,14,2008,17.15164
197,1,14,2009,17.32615
197,1,14,2010,17.70452
197,1,14,2011,18.19609
197,1,14,2012,18.53977
197,1,14,2013,18.99392
197,1,14,2014,19.57002
197,1,14,2015,20.02909
197,1,14,2016,20.37861
197,1,14,2017,20.69512
197,1,14,2018,20.92801
197,1,14,2019,21.16566
197,2,14,1950,26.06453
197,2,14,1951,26.16144
197,2,14,1952,26.19237
197,2,14,1953,26.32271
197,2,14,1954,26.40346
197,2,14,1955,26.51272
197,2,14,1956,26.52564
197,2,14,1957,26.6049
197,2,14,1958,26.62727
197,2,14,1959,26.59952
197,2,14,1960,26.67523
197,2,14,1961,26.91908
197,2,14,1962,27.21831
197,2,14,1963,27.3758
197,2,14,1964,27.6499
197,2,14,1965,27.8205
197,2,14,1966,27.99988
197,2,14,1967,28.23802
197,2,14,1968,28.39551
197,2,14,1969,28.58891
197,2,14,1970,28.83945
197,2,14,1971,28.96877
197,2,14,1972,29.13192
197,2,14,1973,29.29015
197,2,14,1974,29.43632
197,2,14,1975,29.66069
197,2,14,1976,29.90784
197,2,14,1977,30.04448
197,2,14,1978,30.21844
197,2,14,1979,30.31302
197,2,14,1980,30.38617
197,2,14,1981,30.52615
197,2,14,1982,30.61493
197,2,14,1983,30.41401
197,2,14,1984,30.74011
197,2,14,1985,30.82721
197,2,14,1986,30.87051
197,2,14,1987,30.9261
197,2,14,1988,30.99467
197,2,14,1989,31.08108
197,2,14,1990,31.20638
197,2,14,1991,31.21914
197,2,14,1992,31.29974
197,2,14,1993,31.35018
197,2,14,1994,31.31991
197,2,14,1995,31.11732
197,2,14,1996,30.88041
197,2,14,1997,31.04773
197,2,14,1998,30.36895
197,2,14,1999,29.29602
197,2,14,2000,27.69647
197,2,14,2001,26.60888
197,2,14,2002,25.33145
197,2,14,2003,24.45987
197,2,14,2004,23.67022
197,2,14,2005,23.36921
197,2,14,2006,23.83237
197,2,14,2007,24.5733
197,2,14,2008,25.48327
197,2,14,2009,26.24712
197,2,14,2010,27.19723
197,2,14,2011,28.24462
197,2,14,2012,29.0077
197,2,14,2013,29.71788
197,2,14,2014,30.30796
197,2,14,2015,30.90896
197,2,14,2016,31.19483
197,2,14,2017,31.66453
197,2,14,2018,31.86656
197,2,14,2019,31.91697
197,3,14,1950,21.41853
197,3,14,1951,21.53978
197,3,14,1952,21.59838
197,3,14,1953,21.74392
197,3,14,1954,21.82298
197,3,14,1955,21.93426
197,3,14,1956,21.97074
197,3,14,1957,22.0491
197,3,14,1958,22.09356
197,3,14,1959,22.08148
197,3,14,1960,22.18172
197,3,14,1961,22.48747
197,3,14,1962,22.78392
197,3,14,1963,22.99208
197,3,14,1964,23.34101
197,3,14,1965,23.54706
197,3,14,1966,23.77591
197,3,14,1967,24.07937
197,3,14,1968,24.23924
197,3,14,1969,24.4619
197,3,14,1970,24.78085
197,3,14,1971,24.9636
197,3,14,1972,25.15199
197,3,14,1973,25.34016
197,3,14,1974,25.52742
197,3,14,1975,25.8312
197,3,14,1976,26.1064
197,3,14,1977,26.29432
197,3,14,1978,26.51638
197,3,14,1979,26.64246
197,3,14,1980,26.73479
197,3,14,1981,26.91185
197,3,14,1982,27.03703
197,3,14,1983,26.86327
197,3,14,1984,27.20696
197,3,14,1985,27.30217
197,3,14,1986,27.35246
197,3,14,1987,27.43629
197,3,14,1988,27.49701
197,3,14,1989,27.60447
197,3,14,1990,27.74674
197,3,14,1991,27.7691
197,3,14,1992,27.87321
197,3,14,1993,27.86561
197,3,14,1994,27.55372
197,3,14,1995,27.13393
197,3,14,1996,26.40618
197,3,14,1997,26.04175
197,3,14,1998,25.23614
197,3,14,1999,24.37956
197,3,14,2000,23.17166
197,3,14,2001,22.11742
197,3,14,2002,21.25745
197,3,14,2003,20.42536
197,3,14,2004,19.82757
197,3,14,2005,19.71132
197,3,14,2006,20.02573
197,3,14,2007,20.47458
197,3,14,2008,20.85489
197,3,14,2009,21.2829
197,3,14,2010,21.9207
197,3,14,2011,22.64374
197,3,14,2012,23.23155
197,3,14,2013,23.739
197,3,14,2014,24.35993
197,3,14,2015,24.98733
197,3,14,2016,25.48249
197,3,14,2017,25.83432
197,3,14,2018,26.14167
197,3,14,2019,26.26959
198,1,14,1950,22.54165
198,1,14,1951,22.71618
198,1,14,1952,22.74707
198,1,14,1953,22.84059
198,1,14,1954,22.80293
198,1,14,1955,22.84315
198,1,14,1956,22.91212
198,1,14,1957,22.98785
198,1,14,1958,22.98585
198,1,14,1959,23.11315
198,1,14,1960,23.2123
198,1,14,1961,23.28937
198,1,14,1962,23.42582
198,1,14,1963,23.58697
198,1,14,1964,23.69425
198,1,14,1965,23.66946
198,1,14,1966,23.70417
198,1,14,1967,23.85599
198,1,14,1968,23.84814
198,1,14,1969,23.98932
198,1,14,1970,24.18283
198,1,14,1971,24.25663
198,1,14,1972,24.36033
198,1,14,1973,24.38448
198,1,14,1974,24.56066
198,1,14,1975,24.62731
198,1,14,1976,24.58332
198,1,14,1977,24.44275
198,1,14,1978,24.14877
198,1,14,1979,24.27013
198,1,14,1980,24.8637
198,1,14,1981,25.15426
198,1,14,1982,25.43756
198,1,14,1983,25.65532
198,1,14,1984,25.90826
198,1,14,1985,26.09789
198,1,14,1986,26.30695
198,1,14,1987,26.47325
198,1,14,1988,26.43537
198,1,14,1989,26.33465
198,1,14,1990,26.08789
198,1,14,1991,25.95139
198,1,14,1992,25.40326
198,1,14,1993,24.77293
198,1,14,1994,24.09029
198,1,14,1995,23.09268
198,1,14,1996,22.30303
198,1,14,1997,21.49141
198,1,14,1998,20.7091
198,1,14,1999,20.12808
198,1,14,2000,19.45065
198,1,14,2001,19.04465
198,1,14,2002,18.70953
198,1,14,2003,18.40673
198,1,14,2004,18.25406
198,1,14,2005,18.13709
198,1,14,2006,18.23626
198,1,14,2007,18.40781
198,1,14,2008,18.79969
198,1,14,2009,19.43687
198,1,14,2010,20.10292
198,1,14,2011,20.65415
198,1,14,2012,21.2597
198,1,14,2013,21.91261
198,1,14,2014,22.41705
198,1,14,2015,22.7153
198,1,14,2016,23.03374
198,1,14,2017,23.4306
198,1,14,2018,23.83571
198,1,14,2019,24.04487
198,2,14,1950,28.23568
198,2,14,1951,28.39748
198,2,14,1952,28.40242
198,2,14,1953,28.45806
198,2,14,1954,28.42128
198,2,14,1955,28.46529
198,2,14,1956,28.519
198,2,14,1957,28.61295
198,2,14,1958,28.58501
198,2,14,1959,28.67455
198,2,14,1960,28.74959
198,2,14,1961,28.81801
198,2,14,1962,28.91398
198,2,14,1963,28.92005
198,2,14,1964,28.99909
198,2,14,1965,28.98794
198,2,14,1966,29.0041
198,2,14,1967,29.07073
198,2,14,1968,29.07378
198,2,14,1969,29.13651
198,2,14,1970,29.30444
198,2,14,1971,29.35883
198,2,14,1972,29.3504
198,2,14,1973,29.32341
198,2,14,1974,29.43947
198,2,14,1975,29.52086
198,2,14,1976,29.48626
198,2,14,1977,29.32661
198,2,14,1978,29.03122
198,2,14,1979,29.09258
198,2,14,1980,29.55262
198,2,14,1981,29.68955
198,2,14,1982,29.71703
198,2,14,1983,29.93366
198,2,14,1984,30.17108
198,2,14,1985,30.41046
198,2,14,1986,30.774
198,2,14,1987,30.98241
198,2,14,1988,31.16045
198,2,14,1989,31.21809
198,2,14,1990,31.19586
198,2,14,1991,31.18792
198,2,14,1992,31.20224
198,2,14,1993,31.38945
198,2,14,1994,31.55986
198,2,14,1995,31.6727
198,2,14,1996,31.24864
198,2,14,1997,30.66017
198,2,14,1998,29.54802
198,2,14,1999,28.29438
198,2,14,2000,27.15127
198,2,14,2001,26.30591
198,2,14,2002,25.46316
198,2,14,2003,24.70734
198,2,14,2004,24.16275
198,2,14,2005,24.10381
198,2,14,2006,24.17663
198,2,14,2007,24.31294
198,2,14,2008,24.27702
198,2,14,2009,24.58928
198,2,14,2010,25.4868
198,2,14,2011,26.86802
198,2,14,2012,27.56388
198,2,14,2013,27.99016
198,2,14,2014,28.0445
198,2,14,2015,28.36566
198,2,14,2016,28.66335
198,2,14,2017,29.08236
198,2,14,2018,29.46811
198,2,14,2019,29.65994
198,3,14,1950,25.24353
198,3,14,1951,25.45486
198,3,14,1952,25.4503
198,3,14,1953,25.54878
198,3,14,1954,25.49045
198,3,14,1955,25.55752
198,3,14,1956,25.60658
198,3,14,1957,25.71838
198,3,14,1958,25.72829
198,3,14,1959,25.84484
198,3,14,1960,25.92481
198,3,14,1961,25.94665
198,3,14,1962,26.09448
198,3,14,1963,26.21988
198,3,14,1964,26.29017
198,3,14,1965,26.23679
198,3,14,1966,26.28561
198,3,14,1967,26.37462
198,3,14,1968,26.36647
198,3,14,1969,26.47103
198,3,14,1970,26.62183
198,3,14,1971,26.72955
198,3,14,1972,26.74382
198,3,14,1973,26.73235
198,3,14,1974,26.88322
198,3,14,1975,26.95711
198,3,14,1976,26.85897
198,3,14,1977,26.73717
198,3,14,1978,26.41433
198,3,14,1979,26.48114
198,3,14,1980,27.02509
198,3,14,1981,27.24515
198,3,14,1982,27.42338
198,3,14,1983,27.55181
198,3,14,1984,27.72389
198,3,14,1985,27.94635
198,3,14,1986,28.22958
198,3,14,1987,28.39507
198,3,14,1988,28.39241
198,3,14,1989,28.36573
198,3,14,1990,28.18843
198,3,14,1991,28.12181
198,3,14,1992,27.80579
198,3,14,1993,27.51929
198,3,14,1994,27.16865
198,3,14,1995,26.48178
198,3,14,1996,25.97122
198,3,14,1997,25.15066
198,3,14,1998,24.2423
198,3,14,1999,23.40428
198,3,14,2000,22.5278
198,3,14,2001,22.00135
198,3,14,2002,21.46935
198,3,14,2003,21.08161
198,3,14,2004,20.74252
198,3,14,2005,20.73695
198,3,14,2006,20.72325
198,3,14,2007,20.88269
198,3,14,2008,21.04379
198,3,14,2009,21.51697
198,3,14,2010,22.32112
198,3,14,2011,23.30642
198,3,14,2012,24.06098
198,3,14,2013,24.70315
198,3,14,2014,25.17339
198,3,14,2015,25.55067
198,3,14,2016,25.93425
198,3,14,2017,26.3303
198,3,14,2018,26.757
198,3,14,2019,27.01506
199,1,14,1950,22.81869
199,1,14,1951,22.84477
199,1,14,1952,22.93061
199,1,14,1953,23.23583
199,1,14,1954,23.22126
199,1,14,1955,23.19554
199,1,14,1956,23.3496
199,1,14,1957,23.38643
199,1,14,1958,23.57738
199,1,14,1959,23.68541
199,1,14,1960,23.18094
199,1,14,1961,23.54388
199,1,14,1962,23.93596
199,1,14,1963,24.15196
199,1,14,1964,24.30466
199,1,14,1965,24.43357
199,1,14,1966,24.50208
199,1,14,1967,24.51844
199,1,14,1968,24.58908
199,1,14,1969,24.69784
199,1,14,1970,24.98229
199,1,14,1971,25.15934
199,1,14,1972,25.38165
199,1,14,1973,25.47134
199,1,14,1974,25.7546
199,1,14,1975,25.99038
199,1,14,1976,26.18508
199,1,14,1977,26.36092
199,1,14,1978,26.54281
199,1,14,1979,26.60201
199,1,14,1980,26.90074
199,1,14,1981,26.97718
199,1,14,1982,27.11038
199,1,14,1983,27.23329
199,1,14,1984,27.20229
199,1,14,1985,27.38336
199,1,14,1986,27.30616
199,1,14,1987,27.2946
199,1,14,1988,27.23955
199,1,14,1989,27.28473
199,1,14,1990,27.14877
199,1,14,1991,27.17851
199,1,14,1992,27.09087
199,1,14,1993,27.02463
199,1,14,1994,26.9253
199,1,14,1995,26.92963
199,1,14,1996,26.73246
199,1,14,1997,26.75398
199,1,14,1998,26.70803
199,1,14,1999,26.64458
199,1,14,2000,26.6805
199,1,14,2001,26.73043
199,1,14,2002,26.74004
199,1,14,2003,26.77508
199,1,14,2004,26.92433
199,1,14,2005,27.01513
199,1,14,2006,27.24172
199,1,14,2007,27.32547
199,1,14,2008,27.60646
199,1,14,2009,27.6244
199,1,14,2010,27.80064
199,1,14,2011,27.94887
199,1,14,2012,28.00347
199,1,14,2013,28.15163
199,1,14,2014,28.31055
199,1,14,2015,28.42012
199,1,14,2016,28.82035
199,1,14,2017,28.86353
199,1,14,2018,29.08444
199,1,14,2019,29.2614
199,2,14,1950,26.21901
199,2,14,1951,26.18099
199,2,14,1952,26.30529
199,2,14,1953,26.38807
199,2,14,1954,26.50963
199,2,14,1955,26.54386
199,2,14,1956,26.58158
199,2,14,1957,26.57559
199,2,14,1958,26.60841
199,2,14,1959,26.84864
199,2,14,1960,26.15873
199,2,14,1961,26.6561
199,2,14,1962,27.02048
199,2,14,1963,27.10194
199,2,14,1964,27.19685
199,2,14,1965,27.24664
199,2,14,1966,27.23844
199,2,14,1967,27.36554
199,2,14,1968,27.32781
199,2,14,1969,27.4225
199,2,14,1970,27.55205
199,2,14,1971,27.69979
199,2,14,1972,27.86506
199,2,14,1973,27.99651
199,2,14,1974,28.16172
199,2,14,1975,28.24048
199,2,14,1976,28.39447
199,2,14,1977,28.51703
199,2,14,1978,28.62058
199,2,14,1979,28.65517
199,2,14,1980,28.80851
199,2,14,1981,28.85088
199,2,14,1982,28.84802
199,2,14,1983,28.89725
199,2,14,1984,28.94156
199,2,14,1985,28.99229
199,2,14,1986,28.99961
199,2,14,1987,28.98288
199,2,14,1988,29.07477
199,2,14,1989,29.06208
199,2,14,1990,29.00392
199,2,14,1991,29.09884
199,2,14,1992,29.07337
199,2,14,1993,29.08754
199,2,14,1994,29.00414
199,2,14,1995,28.93825
199,2,14,1996,28.86676
199,2,14,1997,28.90801
199,2,14,1998,28.77594
199,2,14,1999,28.7975
199,2,14,2000,28.84403
199,2,14,2001,28.80312
199,2,14,2002,28.88794
199,2,14,2003,28.98944
199,2,14,2004,29.17284
199,2,14,2005,29.36752
199,2,14,2006,29.60464
199,2,14,2007,29.81972
199,2,14,2008,29.92972
199,2,14,2009,30.13156
199,2,14,2010,30.27865
199,2,14,2011,30.52509
199,2,14,2012,30.60211
199,2,14,2013,30.78133
199,2,14,2014,30.91387
199,2,14,2015,31.10646
199,2,14,2016,31.26762
199,2,14,2017,31.47504
199,2,14,2018,31.60765
199,2,14,2019,31.73401
199,3,14,1950,24.21588
199,3,14,1951,24.25722
199,3,14,1952,24.41792
199,3,14,1953,24.54843
199,3,14,1954,24.64545
199,3,14,1955,24.62635
199,3,14,1956,24.71571
199,3,14,1957,24.76966
199,3,14,1958,24.87283
199,3,14,1959,25.00051
199,3,14,1960,24.40956
199,3,14,1961,24.91362
199,3,14,1962,25.28312
199,3,14,1963,25.44811
199,3,14,1964,25.49685
199,3,14,1965,25.57922
199,3,14,1966,25.66937
199,3,14,1967,25.65829
199,3,14,1968,25.70509
199,3,14,1969,25.73924
199,3,14,1970,26.06843
199,3,14,1971,26.15239
199,3,14,1972,26.34654
199,3,14,1973,26.43034
199,3,14,1974,26.6497
199,3,14,1975,26.89441
199,3,14,1976,26.98816
199,3,14,1977,27.1276
199,3,14,1978,27.26583
199,3,14,1979,27.32603
199,3,14,1980,27.52551
199,3,14,1981,27.6429
199,3,14,1982,27.62602
199,3,14,1983,27.7666
199,3,14,1984,27.80886
199,3,14,1985,27.82679
199,3,14,1986,27.80853
199,3,14,1987,27.76678
199,3,14,1988,27.71231
199,3,14,1989,27.78626
199,3,14,1990,27.72239
199,3,14,1991,27.70937
199,3,14,1992,27.67342
199,3,14,1993,27.59847
199,3,14,1994,27.55029
199,3,14,1995,27.50082
199,3,14,1996,27.37974
199,3,14,1997,27.34237
199,3,14,1998,27.35793
199,3,14,1999,27.28174
199,3,14,2000,27.2776
199,3,14,2001,27.28385
199,3,14,2002,27.35991
199,3,14,2003,27.41777
199,3,14,2004,27.61634
199,3,14,2005,27.74896
199,3,14,2006,27.93376
199,3,14,2007,28.15832
199,3,14,2008,28.3034
199,3,14,2009,28.46017
199,3,14,2010,28.64946
199,3,14,2011,28.81898
199,3,14,2012,28.91094
199,3,14,2013,29.05507
199,3,14,2014,29.24801
199,3,14,2015,29.40231
199,3,14,2016,29.70434
199,3,14,2017,29.8392
199,3,14,2018,30.08709
199,3,14,2019,30.22931
200,1,14,1950,23.55736
200,1,14,1951,23.56182
200,1,14,1952,23.55321
200,1,14,1953,23.56348
200,1,14,1954,23.6167
200,1,14,1955,23.67345
200,1,14,1956,23.80692
200,1,14,1957,23.77091
200,1,14,1958,23.83892
200,1,14,1959,23.9093
200,1,14,1960,24.03069
200,1,14,1961,24.14651
200,1,14,1962,24.17633
200,1,14,1963,24.40737
200,1,14,1964,24.54272
200,1,14,1965,24.66212
200,1,14,1966,24.74787
200,1,14,1967,24.90322
200,1,14,1968,24.94539
200,1,14,1969,25.01715
200,1,14,1970,25.0676
200,1,14,1971,25.14149
200,1,14,1972,25.28442
200,1,14,1973,25.44292
200,1,14,1974,25.50998
200,1,14,1975,25.63849
200,1,14,1976,25.63378
200,1,14,1977,25.67681
200,1,14,1978,25.73063
200,1,14,1979,25.85947
200,1,14,1980,25.97911
200,1,14,1981,26.02272
200,1,14,1982,26.08026
200,1,14,1983,26.15346
200,1,14,1984,26.12618
200,1,14,1985,26.23147
200,1,14,1986,26.35024
200,1,14,1987,26.41281
200,1,14,1988,26.35815
200,1,14,1989,26.30922
200,1,14,1990,26.33042
200,1,14,1991,26.27432
200,1,14,1992,26.37014
200,1,14,1993,26.31301
200,1,14,1994,26.24364
200,1,14,1995,26.20534
200,1,14,1996,26.09784
200,1,14,1997,26.19141
200,1,14,1998,26.11501
200,1,14,1999,26.18522
200,1,14,2000,26.1823
200,1,14,2001,26.11696
200,1,14,2002,26.20745
200,1,14,2003,26.28035
200,1,14,2004,26.46896
200,1,14,2005,26.62618
200,1,14,2006,26.76308
200,1,14,2007,26.99342
200,1,14,2008,27.27937
200,1,14,2009,27.5404
200,1,14,2010,27.70238
200,1,14,2011,27.95302
200,1,14,2012,28.10304
200,1,14,2013,28.25006
200,1,14,2014,28.4738
200,1,14,2015,28.68909
200,1,14,2016,28.90768
200,1,14,2017,29.0285
200,1,14,2018,29.22949
200,1,14,2019,29.33185
200,2,14,1950,27.0824
200,2,14,1951,27.07624
200,2,14,1952,27.07174
200,2,14,1953,27.06022
200,2,14,1954,27.10522
200,2,14,1955,27.1411
200,2,14,1956,27.20683
200,2,14,1957,27.17431
200,2,14,1958,27.20125
200,2,14,1959,27.2638
200,2,14,1960,27.33856
200,2,14,1961,27.39825
200,2,14,1962,27.40499
200,2,14,1963,27.55458
200,2,14,1964,27.64993
200,2,14,1965,27.72619
200,2,14,1966,27.78384
200,2,14,1967,27.87569
200,2,14,1968,27.8809
200,2,14,1969,27.91904
200,2,14,1970,27.92946
200,2,14,1971,27.98131
200,2,14,1972,28.075
200,2,14,1973,28.1774
200,2,14,1974,28.19714
200,2,14,1975,28.29344
200,2,14,1976,28.27162
200,2,14,1977,28.28585
200,2,14,1978,28.32201
200,2,14,1979,28.41843
200,2,14,1980,28.51031
200,2,14,1981,28.52392
200,2,14,1982,28.57275
200,2,14,1983,28.69017
200,2,14,1984,28.74278
200,2,14,1985,28.82647
200,2,14,1986,29.01443
200,2,14,1987,29.10631
200,2,14,1988,29.31091
200,2,14,1989,29.37484
200,2,14,1990,29.47993
200,2,14,1991,29.58973
200,2,14,1992,29.71588
200,2,14,1993,29.75761
200,2,14,1994,29.78874
200,2,14,1995,29.76956
200,2,14,1996,29.752
200,2,14,1997,29.88494
200,2,14,1998,29.92584
200,2,14,1999,30.00068
200,2,14,2000,30.04683
200,2,14,2001,30.04887
200,2,14,2002,30.11613
200,2,14,2003,30.24212
200,2,14,2004,30.35672
200,2,14,2005,30.49563
200,2,14,2006,30.61254
200,2,14,2007,30.77176
200,2,14,2008,31.01113
200,2,14,2009,31.23215
200,2,14,2010,31.35019
200,2,14,2011,31.48566
200,2,14,2012,31.56782
200,2,14,2013,31.64628
200,2,14,2014,31.79802
200,2,14,2015,31.89918
200,2,14,2016,31.99311
200,2,14,2017,32.00294
200,2,14,2018,32.15944
200,2,14,2019,32.24213
200,3,14,1950,25.34179
200,3,14,1951,25.33887
200,3,14,1952,25.32847
200,3,14,1953,25.33277
200,3,14,1954,25.37018
200,3,14,1955,25.42392
200,3,14,1956,25.52145
200,3,14,1957,25.48785
200,3,14,1958,25.52863
200,3,14,1959,25.59388
200,3,14,1960,25.68625
200,3,14,1961,25.76965
200,3,14,1962,25.77515
200,3,14,1963,25.97296
200,3,14,1964,26.08488
200,3,14,1965,26.1793
200,3,14,1966,26.2467
200,3,14,1967,26.36788
200,3,14,1968,26.3885
200,3,14,1969,26.44137
200,3,14,1970,26.46931
200,3,14,1971,26.53281
200,3,14,1972,26.64288
200,3,14,1973,26.78209
200,3,14,1974,26.82411
200,3,14,1975,26.93698
200,3,14,1976,26.92707
200,3,14,1977,26.96003
200,3,14,1978,26.99452
200,3,14,1979,27.11083
200,3,14,1980,27.21797
200,3,14,1981,27.24607
200,3,14,1982,27.30053
200,3,14,1983,27.39381
200,3,14,1984,27.40434
200,3,14,1985,27.50041
200,3,14,1986,27.65317
200,3,14,1987,27.73095
200,3,14,1988,27.80007
200,3,14,1989,27.79694
200,3,14,1990,27.86158
200,3,14,1991,27.88255
200,3,14,1992,27.99514
200,3,14,1993,27.98287
200,3,14,1994,27.97262
200,3,14,1995,27.93042
200,3,14,1996,27.86778
200,3,14,1997,27.98428
200,3,14,1998,27.99232
200,3,14,1999,28.02206
200,3,14,2000,28.06949
200,3,14,2001,28.02802
200,3,14,2002,28.12871
200,3,14,2003,28.21393
200,3,14,2004,28.36886
200,3,14,2005,28.5561
200,3,14,2006,28.66594
200,3,14,2007,28.8623
200,3,14,2008,29.11526
200,3,14,2009,29.39062
200,3,14,2010,29.5094
200,3,14,2011,29.7165
200,3,14,2012,29.8404
200,3,14,2013,29.95331
200,3,14,2014,30.15039
200,3,14,2015,30.32235
200,3,14,2016,30.45314
200,3,14,2017,30.50951
200,3,14,2018,30.7152
200,3,14,2019,30.78943
201,1,14,1950,20.41113
201,1,14,1951,20.48467
201,1,14,1952,20.61886
201,1,14,1953,20.71099
201,1,14,1954,20.82819
201,1,14,1955,21.05772
201,1,14,1956,21.2538
201,1,14,1957,21.3551
201,1,14,1958,21.43309
201,1,14,1959,21.55563
201,1,14,1960,21.71322
201,1,14,1961,21.92434
201,1,14,1962,22.22242
201,1,14,1963,22.50764
201,1,14,1964,22.70798
201,1,14,1965,22.85685
201,1,14,1966,23.01599
201,1,14,1967,23.09474
201,1,14,1968,23.1924
201,1,14,1969,23.35595
201,1,14,1970,23.52241
201,1,14,1971,23.5872
201,1,14,1972,23.78014
201,1,14,1973,23.79736
201,1,14,1974,23.85508
201,1,14,1975,24.02647
201,1,14,1976,24.22446
201,1,14,1977,24.38862
201,1,14,1978,24.53698
201,1,14,1979,24.63891
201,1,14,1980,24.77029
201,1,14,1981,24.84019
201,1,14,1982,24.966
201,1,14,1983,25.01087
201,1,14,1984,25.28349
201,1,14,1985,25.34876
201,1,14,1986,25.37079
201,1,14,1987,25.35352
201,1,14,1988,25.2923
201,1,14,1989,25.30751
201,1,14,1990,25.19444
201,1,14,1991,25.08315
201,1,14,1992,24.92571
201,1,14,1993,24.78127
201,1,14,1994,24.69536
201,1,14,1995,24.51812
201,1,14,1996,24.22267
201,1,14,1997,24.30395
201,1,14,1998,24.50376
201,1,14,1999,24.63811
201,1,14,2000,24.6894
201,1,14,2001,24.78438
201,1,14,2002,24.94089
201,1,14,2003,25.06724
201,1,14,2004,25.21826
201,1,14,2005,25.35053
201,1,14,2006,25.5559
201,1,14,2007,25.68154
201,1,14,2008,25.80746
201,1,14,2009,25.86939
201,1,14,2010,25.84495
201,1,14,2011,25.89364
201,1,14,2012,25.95194
201,1,14,2013,26.09453
201,1,14,2014,26.25898
201,1,14,2015,26.42359
201,1,14,2016,26.64245
201,1,14,2017,26.8812
201,1,14,2018,27.12871
201,1,14,2019,27.44655
201,2,14,1950,24.96855
201,2,14,1951,25.01494
201,2,14,1952,25.10485
201,2,14,1953,25.12342
201,2,14,1954,25.24016
201,2,14,1955,25.38099
201,2,14,1956,25.5535
201,2,14,1957,25.62996
201,2,14,1958,25.65109
201,2,14,1959,25.7511
201,2,14,1960,25.86104
201,2,14,1961,26.01423
201,2,14,1962,26.2405
201,2,14,1963,26.40892
201,2,14,1964,26.56617
201,2,14,1965,26.68835
201,2,14,1966,26.77239
201,2,14,1967,26.80851
201,2,14,1968,26.91457
201,2,14,1969,26.97405
201,2,14,1970,27.03267
201,2,14,1971,27.10882
201,2,14,1972,27.21592
201,2,14,1973,27.25395
201,2,14,1974,27.28014
201,2,14,1975,27.39439
201,2,14,1976,27.49898
201,2,14,1977,27.59811
201,2,14,1978,27.7186
201,2,14,1979,27.79683
201,2,14,1980,27.88056
201,2,14,1981,27.85111
201,2,14,1982,27.99811
201,2,14,1983,28.0245
201,2,14,1984,28.04917
201,2,14,1985,28.06745
201,2,14,1986,28.09688
201,2,14,1987,28.12375
201,2,14,1988,28.10409
201,2,14,1989,28.13665
201,2,14,1990,28.21125
201,2,14,1991,28.17546
201,2,14,1992,28.04227
201,2,14,1993,28.03221
201,2,14,1994,27.91553
201,2,14,1995,27.85846
201,2,14,1996,27.62377
201,2,14,1997,27.73694
201,2,14,1998,27.94629
201,2,14,1999,28.11916
201,2,14,2000,28.16716
201,2,14,2001,28.28284
201,2,14,2002,28.39634
201,2,14,2003,28.54852
201,2,14,2004,28.63621
201,2,14,2005,28.91808
201,2,14,2006,29.09035
201,2,14,2007,29.24221
201,2,14,2008,29.4593
201,2,14,2009,29.6264
201,2,14,2010,29.78094
201,2,14,2011,29.94185
201,2,14,2012,30.06872
201,2,14,2013,30.19268
201,2,14,2014,30.39508
201,2,14,2015,30.45354
201,2,14,2016,30.6705
201,2,14,2017,30.84059
201,2,14,2018,31.02141
201,2,14,2019,31.22463
201,3,14,1950,22.02129
201,3,14,1951,22.12037
201,3,14,1952,22.25613
201,3,14,1953,22.32105
201,3,14,1954,22.4609
201,3,14,1955,22.66573
201,3,14,1956,22.87406
201,3,14,1957,22.97618
201,3,14,1958,23.05216
201,3,14,1959,23.161
201,3,14,1960,23.30345
201,3,14,1961,23.48265
201,3,14,1962,23.78812
201,3,14,1963,24.0206
201,3,14,1964,24.22808
201,3,14,1965,24.37571
201,3,14,1966,24.50477
201,3,14,1967,24.57281
201,3,14,1968,24.67921
201,3,14,1969,24.80636
201,3,14,1970,24.93974
201,3,14,1971,25.02156
201,3,14,1972,25.19846
201,3,14,1973,25.23956
201,3,14,1974,25.28997
201,3,14,1975,25.44246
201,3,14,1976,25.63936
201,3,14,1977,25.79242
201,3,14,1978,25.94046
201,3,14,1979,26.05842
201,3,14,1980,26.18957
201,3,14,1981,26.22463
201,3,14,1982,26.36209
201,3,14,1983,26.41045
201,3,14,1984,26.59675
201,3,14,1985,26.66212
201,3,14,1986,26.70225
201,3,14,1987,26.66498
201,3,14,1988,26.65453
201,3,14,1989,26.63163
201,3,14,1990,26.65184
201,3,14,1991,26.5365
201,3,14,1992,26.33702
201,3,14,1993,26.23645
201,3,14,1994,26.06321
201,3,14,1995,25.93687
201,3,14,1996,25.67007
201,3,14,1997,25.80223
201,3,14,1998,25.99077
201,3,14,1999,26.06535
201,3,14,2000,26.20541
201,3,14,2001,26.33021
201,3,14,2002,26.52677
201,3,14,2003,26.69373
201,3,14,2004,26.90707
201,3,14,2005,27.07219
201,3,14,2006,27.2368
201,3,14,2007,27.39521
201,3,14,2008,27.49275
201,3,14,2009,27.55213
201,3,14,2010,27.58934
201,3,14,2011,27.68399
201,3,14,2012,27.78584
201,3,14,2013,27.94301
201,3,14,2014,28.14913
201,3,14,2015,28.37897
201,3,14,2016,28.62471
201,3,14,2017,28.86474
201,3,14,2018,29.11107
201,3,14,2019,29.37987
202,1,14,1950,22.83211
202,1,14,1951,22.83213
202,1,14,1952,22.97204
202,1,14,1953,23.28353
202,1,14,1954,23.56537
202,1,14,1955,23.82959
202,1,14,1956,24.00003
202,1,14,1957,23.87929
202,1,14,1958,24.04627
202,1,14,1959,24.25233
202,1,14,1960,16.33829
202,1,14,1961,20.7899
202,1,14,1962,25.03883
202,1,14,1963,25.11904
202,1,14,1964,25.27588
202,1,14,1965,25.5361
202,1,14,1966,25.63088
202,1,14,1967,25.77665
202,1,14,1968,25.90242
202,1,14,1969,26.05905
202,1,14,1970,26.20457
202,1,14,1971,26.34953
202,1,14,1972,26.40106
202,1,14,1973,26.53592
202,1,14,1974,26.69215
202,1,14,1975,26.77349
202,1,14,1976,26.87559
202,1,14,1977,26.98758
202,1,14,1978,27.03855
202,1,14,1979,27.19948
202,1,14,1980,27.32409
202,1,14,1981,27.41453
202,1,14,1982,27.55474
202,1,14,1983,27.76379
202,1,14,1984,27.73937
202,1,14,1985,27.80159
202,1,14,1986,27.57155
202,1,14,1987,27.56549
202,1,14,1988,27.3602
202,1,14,1989,27.2582
202,1,14,1990,26.96992
202,1,14,1991,26.75175
202,1,14,1992,26.40998
202,1,14,1993,26.10403
202,1,14,1994,25.97849
202,1,14,1995,25.72058
202,1,14,1996,25.51086
202,1,14,1997,25.16755
202,1,14,1998,24.81777
202,1,14,1999,24.57673
202,1,14,2000,24.42406
202,1,14,2001,24.32359
202,1,14,2002,24.33825
202,1,14,2003,24.39055
202,1,14,2004,24.47721
202,1,14,2005,24.62036
202,1,14,2006,24.7614
202,1,14,2007,24.88307
202,1,14,2008,25.14291
202,1,14,2009,25.38722
202,1,14,2010,25.76302
202,1,14,2011,26.00112
202,1,14,2012,26.11923
202,1,14,2013,26.19308
202,1,14,2014,26.35243
202,1,14,2015,26.68785
202,1,14,2016,27.03806
202,1,14,2017,27.48433
202,1,14,2018,27.86595
202,1,14,2019,28.14128
202,2,14,1950,25.79869
202,2,14,1951,25.73913
202,2,14,1952,25.84915
202,2,14,1953,26.034
202,2,14,1954,26.22008
202,2,14,1955,26.39045
202,2,14,1956,26.49046
202,2,14,1957,26.40412
202,2,14,1958,26.50507
202,2,14,1959,26.6214
202,2,14,1960,17.99378
202,2,14,1961,24.17232
202,2,14,1962,27.1226
202,2,14,1963,27.13668
202,2,14,1964,27.217
202,2,14,1965,27.37816
202,2,14,1966,27.42865
202,2,14,1967,27.50255
202,2,14,1968,27.54544
202,2,14,1969,27.63015
202,2,14,1970,27.70198
202,2,14,1971,27.78979
202,2,14,1972,27.77445
202,2,14,1973,27.84007
202,2,14,1974,27.90808
202,2,14,1975,27.9446
202,2,14,1976,27.99817
202,2,14,1977,28.08096
202,2,14,1978,28.16323
202,2,14,1979,28.26242
202,2,14,1980,28.32242
202,2,14,1981,28.39527
202,2,14,1982,28.48707
202,2,14,1983,28.6232
202,2,14,1984,28.73531
202,2,14,1985,28.90778
202,2,14,1986,28.96092
202,2,14,1987,29.17007
202,2,14,1988,29.24064
202,2,14,1989,29.26196
202,2,14,1990,29.2777
202,2,14,1991,29.24554
202,2,14,1992,29.17239
202,2,14,1993,29.12136
202,2,14,1994,29.03704
202,2,14,1995,28.9103
202,2,14,1996,28.7602
202,2,14,1997,28.53309
202,2,14,1998,28.21098
202,2,14,1999,27.98857
202,2,14,2000,27.80635
202,2,14,2001,27.78998
202,2,14,2002,27.73424
202,2,14,2003,27.77215
202,2,14,2004,27.86223
202,2,14,2005,28.11904
202,2,14,2006,28.35625
202,2,14,2007,28.58459
202,2,14,2008,28.88217
202,2,14,2009,29.15359
202,2,14,2010,29.3293
202,2,14,2011,29.60804
202,2,14,2012,29.8287
202,2,14,2013,30.06129
202,2,14,2014,30.13041
202,2,14,2015,30.32344
202,2,14,2016,30.62111
202,2,14,2017,31.04699
202,2,14,2018,31.33056
202,2,14,2019,31.55145
202,3,14,1950,24.33437
202,3,14,1951,24.31
202,3,14,1952,24.42599
202,3,14,1953,24.67564
202,3,14,1954,24.91479
202,3,14,1955,25.14359
202,3,14,1956,25.2611
202,3,14,1957,25.16134
202,3,14,1958,25.30949
202,3,14,1959,25.45043
202,3,14,1960,17.15426
202,3,14,1961,22.43712
202,3,14,1962,26.09783
202,3,14,1963,26.13953
202,3,14,1964,26.25748
202,3,14,1965,26.47061
202,3,14,1966,26.54058
202,3,14,1967,26.64446
202,3,14,1968,26.72685
202,3,14,1969,26.84629
202,3,14,1970,26.95383
202,3,14,1971,27.06939
202,3,14,1972,27.08697
202,3,14,1973,27.18713
202,3,14,1974,27.29893
202,3,14,1975,27.35403
202,3,14,1976,27.42981
202,3,14,1977,27.53019
202,3,14,1978,27.58854
202,3,14,1979,27.73062
202,3,14,1980,27.81834
202,3,14,1981,27.90844
202,3,14,1982,28.0157
202,3,14,1983,28.19524
202,3,14,1984,28.23819
202,3,14,1985,28.34344
202,3,14,1986,28.26003
202,3,14,1987,28.36033
202,3,14,1988,28.28413
202,3,14,1989,28.23994
202,3,14,1990,28.07526
202,3,14,1991,27.96141
202,3,14,1992,27.73392
202,3,14,1993,27.53712
202,3,14,1994,27.42465
202,3,14,1995,27.24645
202,3,14,1996,27.07211
202,3,14,1997,26.71157
202,3,14,1998,26.37547
202,3,14,1999,26.1687
202,3,14,2000,25.94915
202,3,14,2001,25.95012
202,3,14,2002,25.90784
202,3,14,2003,25.9556
202,3,14,2004,26.06247
202,3,14,2005,26.22239
202,3,14,2006,26.41976
202,3,14,2007,26.62462
202,3,14,2008,26.84545
202,3,14,2009,27.14581
202,3,14,2010,27.46368
202,3,14,2011,27.67205
202,3,14,2012,27.88685
202,3,14,2013,28.0096
202,3,14,2014,28.14265
202,3,14,2015,28.43095
202,3,14,2016,28.74716
202,3,14,2017,29.23437
202,3,14,2018,29.54258
202,3,14,2019,29.77828
203,1,14,1950,27.72854
203,1,14,1951,27.74477
203,1,14,1952,27.69936
203,1,14,1953,27.82017
203,1,14,1954,27.81249
203,1,14,1955,27.77089
203,1,14,1956,27.77131
203,1,14,1957,27.5962
203,1,14,1958,27.73509
203,1,14,1959,27.97774
203,1,14,1960,27.88316
203,1,14,1961,28.31451
203,1,14,1962,28.63977
203,1,14,1963,29.04078
203,1,14,1964,29.41496
203,1,14,1965,29.69489
203,1,14,1966,30.01383
203,1,14,1967,30.03228
203,1,14,1968,30.0465
203,1,14,1969,29.67635
203,1,14,1970,29.81089
203,1,14,1971,29.72772
203,1,14,1972,30.32712
203,1,14,1973,30.7271
203,1,14,1974,31.20346
203,1,14,1975,31.40427
203,1,14,1976,31.67595
203,1,14,1977,31.83518
203,1,14,1978,31.96404
203,1,14,1979,32.01639
203,1,14,1980,31.94294
203,1,14,1981,31.65623
203,1,14,1982,31.20551
203,1,14,1983,30.93118
203,1,14,1984,30.70837
203,1,14,1985,31.05442
203,1,14,1986,31.21758
203,1,14,1987,31.34697
203,1,14,1988,31.58533
203,1,14,1989,31.7674
203,1,14,1990,31.78571
203,1,14,1991,31.75132
203,1,14,1992,31.90861
203,1,14,1993,31.84646
203,1,14,1994,31.97381
203,1,14,1995,31.93312
203,1,14,1996,31.68865
203,1,14,1997,31.07419
203,1,14,1998,31.18064
203,1,14,1999,31.17778
203,1,14,2000,31.27218
203,1,14,2001,31.19711
203,1,14,2002,31.16598
203,1,14,2003,31.19765
203,1,14,2004,31.09842
203,1,14,2005,30.9893
203,1,14,2006,32.25617
203,1,14,2007,32.61786
203,1,14,2008,32.82101
203,1,14,2009,32.67656
203,1,14,2010,32.67326
203,1,14,2011,32.54311
203,1,14,2012,32.59673
203,1,14,2013,32.89004
203,1,14,2014,33.41833
203,1,14,2015,33.65639
203,1,14,2016,33.88983
203,1,14,2017,33.56515
203,1,14,2018,29.34374
203,1,14,2019,29.5806
203,2,14,1950,29.51601
203,2,14,1951,29.5414
203,2,14,1952,29.57357
203,2,14,1953,29.5123
203,2,14,1954,29.43447
203,2,14,1955,29.37261
203,2,14,1956,29.35057
203,2,14,1957,29.11055
203,2,14,1958,29.21765
203,2,14,1959,29.36042
203,2,14,1960,29.34893
203,2,14,1961,29.60278
203,2,14,1962,29.91867
203,2,14,1963,30.2633
203,2,14,1964,30.49706
203,2,14,1965,30.69521
203,2,14,1966,30.93035
203,2,14,1967,30.99948
203,2,14,1968,30.99111
203,2,14,1969,30.7073
203,2,14,1970,30.75694
203,2,14,1971,30.68127
203,2,14,1972,31.13558
203,2,14,1973,31.42101
203,2,14,1974,31.94365
203,2,14,1975,32.22132
203,2,14,1976,32.97942
203,2,14,1977,33.31343
203,2,14,1978,33.65643
203,2,14,1979,34.12167
203,2,14,1980,34.32399
203,2,14,1981,34.55354
203,2,14,1982,33.8212
203,2,14,1983,34.08483
203,2,14,1984,34.17983
203,2,14,1985,34.65384
203,2,14,1986,34.94713
203,2,14,1987,35.21035
203,2,14,1988,35.44187
203,2,14,1989,35.64393
203,2,14,1990,35.81272
203,2,14,1991,35.75429
203,2,14,1992,35.90551
203,2,14,1993,36.04811
203,2,14,1994,36.19557
203,2,14,1995,36.2555
203,2,14,1996,36.5295
203,2,14,1997,36.80251
203,2,14,1998,36.97546
203,2,14,1999,37.03891
203,2,14,2000,37.06702
203,2,14,2001,37.0418
203,2,14,2002,37.00772
203,2,14,2003,36.94516
203,2,14,2004,36.90683
203,2,14,2005,36.90804
203,2,14,2006,37.04121
203,2,14,2007,37.10113
203,2,14,2008,37.19945
203,2,14,2009,37.17788
203,2,14,2010,37.12718
203,2,14,2011,36.79794
203,2,14,2012,36.71725
203,2,14,2013,36.85328
203,2,14,2014,36.70511
203,2,14,2015,36.3373
203,2,14,2016,35.66228
203,2,14,2017,35.93303
203,2,14,2018,36.14261
203,2,14,2019,36.33871
203,3,14,1950,28.88086
203,3,14,1951,28.86392
203,3,14,1952,28.86131
203,3,14,1953,28.87879
203,3,14,1954,28.83133
203,3,14,1955,28.77011
203,3,14,1956,28.71524
203,3,14,1957,28.51366
203,3,14,1958,28.62972
203,3,14,1959,28.78589
203,3,14,1960,28.73763
203,3,14,1961,29.05126
203,3,14,1962,29.36295
203,3,14,1963,29.69504
203,3,14,1964,29.98913
203,3,14,1965,30.24257
203,3,14,1966,30.5262
203,3,14,1967,30.55055
203,3,14,1968,30.47394
203,3,14,1969,30.12824
203,3,14,1970,30.18597
203,3,14,1971,30.04388
203,3,14,1972,30.55784
203,3,14,1973,30.88655
203,3,14,1974,31.44303
203,3,14,1975,31.73146
203,3,14,1976,32.28377
203,3,14,1977,32.60302
203,3,14,1978,32.88731
203,3,14,1979,33.15656
203,3,14,1980,33.233
203,3,14,1981,33.23506
203,3,14,1982,32.65198
203,3,14,1983,32.61845
203,3,14,1984,32.55833
203,3,14,1985,32.9642
203,3,14,1986,33.21431
203,3,14,1987,33.49364
203,3,14,1988,33.74693
203,3,14,1989,33.89283
203,3,14,1990,33.92518
203,3,14,1991,33.8952
203,3,14,1992,34.08297
203,3,14,1993,34.15581
203,3,14,1994,34.32615
203,3,14,1995,34.35688
203,3,14,1996,34.36127
203,3,14,1997,34.09107
203,3,14,1998,34.28329
203,3,14,1999,34.33174
203,3,14,2000,34.40674
203,3,14,2001,34.38167
203,3,14,2002,34.32296
203,3,14,2003,34.33201
203,3,14,2004,34.29244
203,3,14,2005,34.19799
203,3,14,2006,34.88139
203,3,14,2007,34.97006
203,3,14,2008,35.06573
203,3,14,2009,35.06559
203,3,14,2010,35.03818
203,3,14,2011,34.80212
203,3,14,2012,34.82217
203,3,14,2013,35.02148
203,3,14,2014,35.14869
203,3,14,2015,35.04128
203,3,14,2016,34.69129
203,3,14,2017,34.67753
203,3,14,2018,32.74257
203,3,14,2019,32.99521
204,1,14,1950,24.57414
204,1,14,1951,24.48673
204,1,14,1952,24.65772
204,1,14,1953,24.75418
204,1,14,1954,24.77745
204,1,14,1955,24.85147
204,1,14,1956,24.94532
204,1,14,1957,25.06134
204,1,14,1958,25.13138
204,1,14,1959,25.2499
204,1,14,1960,25.37364
204,1,14,1961,25.45832
204,1,14,1962,25.56798
204,1,14,1963,25.71245
204,1,14,1964,25.79136
204,1,14,1965,25.89588
204,1,14,1966,25.64765
204,1,14,1967,25.74796
204,1,14,1968,25.72018
204,1,14,1969,25.69935
204,1,14,1970,25.83567
204,1,14,1971,25.97944
204,1,14,1972,26.11453
204,1,14,1973,26.27806
204,1,14,1974,26.31667
204,1,14,1975,26.44128
204,1,14,1976,26.25873
204,1,14,1977,26.38771
204,1,14,1978,26.42691
204,1,14,1979,26.37178
204,1,14,1980,26.15916
204,1,14,1981,26.04804
204,1,14,1982,25.96353
204,1,14,1983,26.0615
204,1,14,1984,26.17159
204,1,14,1985,26.55682
204,1,14,1986,26.5765
204,1,14,1987,26.32846
204,1,14,1988,26.76721
204,1,14,1989,26.79269
204,1,14,1990,26.62
204,1,14,1991,26.49104
204,1,14,1992,26.28753
204,1,14,1993,26.21246
204,1,14,1994,25.9224
204,1,14,1995,25.86553
204,1,14,1996,25.45256
204,1,14,1997,25.12927
204,1,14,1998,24.96784
204,1,14,1999,24.85753
204,1,14,2000,24.77044
204,1,14,2001,24.82124
204,1,14,2002,24.88217
204,1,14,2003,24.90844
204,1,14,2004,25.07182
204,1,14,2005,25.28111
204,1,14,2006,25.42388
204,1,14,2007,25.66276
204,1,14,2008,25.87031
204,1,14,2009,26.1004
204,1,14,2010,26.32985
204,1,14,2011,26.45878
204,1,14,2012,26.58482
204,1,14,2013,26.8693
204,1,14,2014,27.13161
204,1,14,2015,27.39081
204,1,14,2016,27.60082
204,1,14,2017,27.76128
204,1,14,2018,27.95375
204,1,14,2019,28.20766
204,2,14,1950,27.70527
204,2,14,1951,27.64078
204,2,14,1952,27.74885
204,2,14,1953,27.79062
204,2,14,1954,27.81074
204,2,14,1955,27.92379
204,2,14,1956,27.9106
204,2,14,1957,27.97402
204,2,14,1958,28.06863
204,2,14,1959,28.12702
204,2,14,1960,28.20159
204,2,14,1961,28.2743
204,2,14,1962,28.41513
204,2,14,1963,28.47186
204,2,14,1964,28.5597
204,2,14,1965,28.63087
204,2,14,1966,28.52139
204,2,14,1967,28.50631
204,2,14,1968,28.45206
204,2,14,1969,28.41506
204,2,14,1970,28.44014
204,2,14,1971,28.49454
204,2,14,1972,28.5324
204,2,14,1973,28.62164
204,2,14,1974,28.65249
204,2,14,1975,28.77946
204,2,14,1976,28.72058
204,2,14,1977,28.77358
204,2,14,1978,28.77182
204,2,14,1979,28.64432
204,2,14,1980,28.57672
204,2,14,1981,28.50674
204,2,14,1982,28.47029
204,2,14,1983,28.51792
204,2,14,1984,28.57087
204,2,14,1985,28.58463
204,2,14,1986,28.58533
204,2,14,1987,28.27946
204,2,14,1988,28.55523
204,2,14,1989,28.56783
204,2,14,1990,28.49674
204,2,14,1991,28.50678
204,2,14,1992,28.42994
204,2,14,1993,28.37861
204,2,14,1994,28.32687
204,2,14,1995,28.26992
204,2,14,1996,28.15701
204,2,14,1997,28.04035
204,2,14,1998,27.90997
204,2,14,1999,27.87777
204,2,14,2000,27.75826
204,2,14,2001,27.77699
204,2,14,2002,27.73927
204,2,14,2003,27.76784
204,2,14,2004,27.84607
204,2,14,2005,28.02102
204,2,14,2006,28.13227
204,2,14,2007,28.31003
204,2,14,2008,28.51159
204,2,14,2009,28.77273
204,2,14,2010,28.92616
204,2,14,2011,29.03997
204,2,14,2012,29.16532
204,2,14,2013,29.28486
204,2,14,2014,29.45506
204,2,14,2015,29.60835
204,2,14,2016,29.7484
204,2,14,2017,29.849
204,2,14,2018,30.02269
204,2,14,2019,30.21051
204,3,14,1950,26.13525
204,3,14,1951,26.06009
204,3,14,1952,26.21313
204,3,14,1953,26.28039
204,3,14,1954,26.30192
204,3,14,1955,26.42486
204,3,14,1956,26.45346
204,3,14,1957,26.56088
204,3,14,1958,26.60987
204,3,14,1959,26.72057
204,3,14,1960,26.80828
204,3,14,1961,26.89177
204,3,14,1962,27.02528
204,3,14,1963,27.08682
204,3,14,1964,27.19246
204,3,14,1965,27.28051
204,3,14,1966,27.09463
204,3,14,1967,27.12299
204,3,14,1968,27.10004
204,3,14,1969,27.06957
204,3,14,1970,27.13887
204,3,14,1971,27.2251
204,3,14,1972,27.3047
204,3,14,1973,27.41438
204,3,14,1974,27.4269
204,3,14,1975,27.49583
204,3,14,1976,27.43555
204,3,14,1977,27.50369
204,3,14,1978,27.5582
204,3,14,1979,27.44683
204,3,14,1980,27.3712
204,3,14,1981,27.2611
204,3,14,1982,27.14145
204,3,14,1983,27.18683
204,3,14,1984,27.23233
204,3,14,1985,27.42511
204,3,14,1986,27.39957
204,3,14,1987,27.08552
204,3,14,1988,27.50408
204,3,14,1989,27.55359
204,3,14,1990,27.40579
204,3,14,1991,27.37467
204,3,14,1992,27.27924
204,3,14,1993,27.19565
204,3,14,1994,27.03911
204,3,14,1995,26.92635
204,3,14,1996,26.66009
204,3,14,1997,26.39504
204,3,14,1998,26.24801
204,3,14,1999,26.14871
204,3,14,2000,25.98091
204,3,14,2001,26.01507
204,3,14,2002,25.98424
204,3,14,2003,26.09801
204,3,14,2004,26.25809
204,3,14,2005,26.51898
204,3,14,2006,26.63783
204,3,14,2007,26.84922
204,3,14,2008,26.99928
204,3,14,2009,27.25866
204,3,14,2010,27.41925
204,3,14,2011,27.53219
204,3,14,2012,27.70922
204,3,14,2013,27.92319
204,3,14,2014,28.13603
204,3,14,2015,28.32936
204,3,14,2016,28.52439
204,3,14,2017,28.64747
204,3,14,2018,28.87367
204,3,14,2019,29.09023
205,1,14,1950,22.90462
205,1,14,1951,22.96267
205,1,14,1952,23.06611
205,1,14,1953,23.17033
205,1,14,1954,23.23659
205,1,14,1955,23.32325
205,1,14,1956,23.4327
205,1,14,1957,23.5683
205,1,14,1958,23.63489
205,1,14,1959,23.86483
205,1,14,1960,24.05075
205,1,14,1961,24.19625
205,1,14,1962,24.34295
205,1,14,1963,24.56686
205,1,14,1964,24.80615
205,1,14,1965,25.07913
205,1,14,1966,25.23666
205,1,14,1967,25.34045
205,1,14,1968,25.44375
205,1,14,1969,25.60517
205,1,14,1970,25.90661
205,1,14,1971,26.08202
205,1,14,1972,26.2302
205,1,14,1973,26.3146
205,1,14,1974,26.45628
205,1,14,1975,26.57704
205,1,14,1976,26.74709
205,1,14,1977,26.86373
205,1,14,1978,27.02739
205,1,14,1979,27.09285
205,1,14,1980,27.36506
205,1,14,1981,27.40637
205,1,14,1982,27.25355
205,1,14,1983,27.13333
205,1,14,1984,26.93991
205,1,14,1985,26.82742
205,1,14,1986,26.66795
205,1,14,1987,26.28789
205,1,14,1988,25.92133
205,1,14,1989,25.43704
205,1,14,1990,25.07504
205,1,14,1991,24.70044
205,1,14,1992,24.21665
205,1,14,1993,23.81596
205,1,14,1994,23.33265
205,1,14,1995,22.87558
205,1,14,1996,22.62117
205,1,14,1997,22.50962
205,1,14,1998,22.33691
205,1,14,1999,22.32209
205,1,14,2000,22.34162
205,1,14,2001,22.4457
205,1,14,2002,22.53653
205,1,14,2003,22.63818
205,1,14,2004,22.78424
205,1,14,2005,23.08837
205,1,14,2006,23.53673
205,1,14,2007,23.9251
205,1,14,2008,24.29798
205,1,14,2009,24.62136
205,1,14,2010,24.77506
205,1,14,2011,24.9187
205,1,14,2012,25.35949
205,1,14,2013,25.6728
205,1,14,2014,26.11352
205,1,14,2015,26.61299
205,1,14,2016,27.06236
205,1,14,2017,27.44075
205,1,14,2018,27.86657
205,1,14,2019,28.25047
205,2,14,1950,26.63376
205,2,14,1951,26.67219
205,2,14,1952,26.75266
205,2,14,1953,26.82724
205,2,14,1954,26.90069
205,2,14,1955,26.92468
205,2,14,1956,26.96894
205,2,14,1957,27.01916
205,2,14,1958,27.08285
205,2,14,1959,27.23019
205,2,14,1960,27.33858
205,2,14,1961,27.41658
205,2,14,1962,27.52376
205,2,14,1963,27.66627
205,2,14,1964,27.83269
205,2,14,1965,28.0116
205,2,14,1966,28.07537
205,2,14,1967,28.14049
205,2,14,1968,28.20977
205,2,14,1969,28.33827
205,2,14,1970,28.51393
205,2,14,1971,28.61749
205,2,14,1972,28.72009
205,2,14,1973,28.76471
205,2,14,1974,28.84145
205,2,14,1975,28.91714
205,2,14,1976,29.03207
205,2,14,1977,29.09797
205,2,14,1978,29.21615
205,2,14,1979,29.25263
205,2,14,1980,29.28499
205,2,14,1981,29.25488
205,2,14,1982,29.25133
205,2,14,1983,29.30879
205,2,14,1984,29.45218
205,2,14,1985,29.54782
205,2,14,1986,29.69375
205,2,14,1987,29.73635
205,2,14,1988,29.7339
205,2,14,1989,29.69455
205,2,14,1990,29.66187
205,2,14,1991,29.65814
205,2,14,1992,29.56809
205,2,14,1993,29.39727
205,2,14,1994,29.12701
205,2,14,1995,28.79383
205,2,14,1996,28.56554
205,2,14,1997,28.25903
205,2,14,1998,27.98313
205,2,14,1999,27.6797
205,2,14,2000,27.52994
205,2,14,2001,27.50425
205,2,14,2002,27.49062
205,2,14,2003,27.48543
205,2,14,2004,27.61094
205,2,14,2005,27.88741
205,2,14,2006,28.2101
205,2,14,2007,28.50384
205,2,14,2008,28.81776
205,2,14,2009,29.0716
205,2,14,2010,29.17696
205,2,14,2011,29.46821
205,2,14,2012,29.82487
205,2,14,2013,30.13561
205,2,14,2014,30.34362
205,2,14,2015,30.77174
205,2,14,2016,31.1025
205,2,14,2017,31.36075
205,2,14,2018,31.70524
205,2,14,2019,31.93942
205,3,14,1950,24.53497
205,3,14,1951,24.58722
205,3,14,1952,24.68222
205,3,14,1953,24.76806
205,3,14,1954,24.84269
205,3,14,1955,24.90271
205,3,14,1956,24.98359
205,3,14,1957,25.10548
205,3,14,1958,25.14918
205,3,14,1959,25.33377
205,3,14,1960,25.4991
205,3,14,1961,25.60409
205,3,14,1962,25.73389
205,3,14,1963,25.91733
205,3,14,1964,26.12431
205,3,14,1965,26.34274
205,3,14,1966,26.46786
205,3,14,1967,26.55265
205,3,14,1968,26.63903
205,3,14,1969,26.77876
205,3,14,1970,27.0419
205,3,14,1971,27.17862
205,3,14,1972,27.30728
205,3,14,1973,27.372
205,3,14,1974,27.48813
205,3,14,1975,27.58873
205,3,14,1976,27.73771
205,3,14,1977,27.83361
205,3,14,1978,27.98497
205,3,14,1979,28.03195
205,3,14,1980,28.19949
205,3,14,1981,28.24055
205,3,14,1982,28.12041
205,3,14,1983,28.07228
205,3,14,1984,28.03603
205,3,14,1985,27.99863
205,3,14,1986,27.96477
205,3,14,1987,27.74368
205,3,14,1988,27.52631
205,3,14,1989,27.20986
205,3,14,1990,26.95732
205,3,14,1991,26.74215
205,3,14,1992,26.3791
205,3,14,1993,26.02923
205,3,14,1994,25.59069
205,3,14,1995,25.16493
205,3,14,1996,24.99296
205,3,14,1997,24.79739
205,3,14,1998,24.58862
205,3,14,1999,24.51244
205,3,14,2000,24.46377
205,3,14,2001,24.50452
205,3,14,2002,24.54384
205,3,14,2003,24.63694
205,3,14,2004,24.80115
205,3,14,2005,25.03841
205,3,14,2006,25.45713
205,3,14,2007,25.8328
205,3,14,2008,26.21611
205,3,14,2009,26.48767
205,3,14,2010,26.63905
205,3,14,2011,26.8372
205,3,14,2012,27.23335
205,3,14,2013,27.59187
205,3,14,2014,27.96497
205,3,14,2015,28.42653
205,3,14,2016,28.82178
205,3,14,2017,29.19546
205,3,14,2018,29.55169
205,3,14,2019,29.88112
206,1,14,1950,24.88722
206,1,14,1951,24.96384
206,1,14,1952,25.01629
206,1,14,1953,25.04541
206,1,14,1954,25.07421
206,1,14,1955,25.13142
206,1,14,1956,25.17467
206,1,14,1957,25.22947
206,1,14,1958,25.28677
206,1,14,1959,25.37863
206,1,14,1960,25.47641
206,1,14,1961,25.51074
206,1,14,1962,25.54937
206,1,14,1963,25.65632
206,1,14,1964,25.73537
206,1,14,1965,25.9054
206,1,14,1966,26.00516
206,1,14,1967,26.16957
206,1,14,1968,26.27478
206,1,14,1969,26.41976
206,1,14,1970,26.48821
206,1,14,1971,26.51046
206,1,14,1972,26.58639
206,1,14,1973,26.57038
206,1,14,1974,26.68756
206,1,14,1975,26.66034
206,1,14,1976,26.75957
206,1,14,1977,26.8294
206,1,14,1978,26.67132
206,1,14,1979,27.01897
206,1,14,1980,27.10692
206,1,14,1981,26.73848
206,1,14,1982,27.23418
206,1,14,1983,27.32266
206,1,14,1984,27.32766
206,1,14,1985,27.37729
206,1,14,1986,27.43166
206,1,14,1987,27.40912
206,1,14,1988,27.42267
206,1,14,1989,27.38562
206,1,14,1990,27.48035
206,1,14,1991,27.50729
206,1,14,1992,27.39457
206,1,14,1993,27.46374
206,1,14,1994,27.43077
206,1,14,1995,27.42142
206,1,14,1996,27.35364
206,1,14,1997,27.08465
206,1,14,1998,27.16197
206,1,14,1999,27.10213
206,1,14,2000,27.13142
206,1,14,2001,27.1113
206,1,14,2002,27.05567
206,1,14,2003,26.99888
206,1,14,2004,27.01732
206,1,14,2005,27.04962
206,1,14,2006,27.06481
206,1,14,2007,27.07229
206,1,14,2008,27.17545
206,1,14,2009,27.34173
206,1,14,2010,27.48291
206,1,14,2011,27.6412
206,1,14,2012,27.77863
206,1,14,2013,27.84482
206,1,14,2014,27.90215
206,1,14,2015,28.00157
206,1,14,2016,28.14516
206,1,14,2017,28.15614
206,1,14,2018,28.31281
206,1,14,2019,28.32741
206,2,14,1950,29.03374
206,2,14,1951,29.07939
206,2,14,1952,29.08232
206,2,14,1953,29.09298
206,2,14,1954,29.09503
206,2,14,1955,29.12583
206,2,14,1956,29.17307
206,2,14,1957,29.24786
206,2,14,1958,29.26851
206,2,14,1959,29.28841
206,2,14,1960,29.33829
206,2,14,1961,29.38736
206,2,14,1962,29.45612
206,2,14,1963,29.49441
206,2,14,1964,29.55309
206,2,14,1965,29.66608
206,2,14,1966,29.80924
206,2,14,1967,29.92464
206,2,14,1968,30.03047
206,2,14,1969,30.13874
206,2,14,1970,30.19253
206,2,14,1971,30.24877
206,2,14,1972,30.20995
206,2,14,1973,30.22323
206,2,14,1974,30.21533
206,2,14,1975,30.25656
206,2,14,1976,30.31145
206,2,14,1977,30.31425
206,2,14,1978,30.16138
206,2,14,1979,30.41508
206,2,14,1980,30.52358
206,2,14,1981,30.28204
206,2,14,1982,30.65431
206,2,14,1983,30.71443
206,2,14,1984,30.7053
206,2,14,1985,30.73254
206,2,14,1986,30.76118
206,2,14,1987,30.78041
206,2,14,1988,30.75473
206,2,14,1989,30.78056
206,2,14,1990,30.80725
206,2,14,1991,30.78029
206,2,14,1992,30.76792
206,2,14,1993,30.80093
206,2,14,1994,30.79636
206,2,14,1995,30.77393
206,2,14,1996,30.75076
206,2,14,1997,30.59727
206,2,14,1998,30.65482
206,2,14,1999,30.59441
206,2,14,2000,30.56834
206,2,14,2001,30.55711
206,2,14,2002,30.50615
206,2,14,2003,30.44196
206,2,14,2004,30.42104
206,2,14,2005,30.43747
206,2,14,2006,30.42175
206,2,14,2007,30.44648
206,2,14,2008,30.5083
206,2,14,2009,30.54697
206,2,14,2010,30.66385
206,2,14,2011,30.83262
206,2,14,2012,31.01071
206,2,14,2013,31.00617
206,2,14,2014,31.07551
206,2,14,2015,31.13702
206,2,14,2016,31.31371
206,2,14,2017,31.40719
206,2,14,2018,31.55602
206,2,14,2019,31.50976
206,3,14,1950,26.81505
206,3,14,1951,26.90721
206,3,14,1952,26.91519
206,3,14,1953,26.93438
206,3,14,1954,26.96858
206,3,14,1955,27.00038
206,3,14,1956,27.06578
206,3,14,1957,27.10067
206,3,14,1958,27.1909
206,3,14,1959,27.25955
206,3,14,1960,27.33227
206,3,14,1961,27.40047
206,3,14,1962,27.46483
206,3,14,1963,27.51804
206,3,14,1964,27.5843
206,3,14,1965,27.70508
206,3,14,1966,27.84787
206,3,14,1967,27.93275
206,3,14,1968,28.00568
206,3,14,1969,28.15418
206,3,14,1970,28.24569
206,3,14,1971,28.26196
206,3,14,1972,28.28726
206,3,14,1973,28.26478
206,3,14,1974,28.3617
206,3,14,1975,28.3626
206,3,14,1976,28.44502
206,3,14,1977,28.45858
206,3,14,1978,28.2827
206,3,14,1979,28.57999
206,3,14,1980,28.68084
206,3,14,1981,28.32106
206,3,14,1982,28.7674
206,3,14,1983,28.81287
206,3,14,1984,28.82199
206,3,14,1985,28.8492
206,3,14,1986,28.89258
206,3,14,1987,28.89128
206,3,14,1988,28.87438
206,3,14,1989,28.8598
206,3,14,1990,28.93268
206,3,14,1991,28.92718
206,3,14,1992,28.86055
206,3,14,1993,28.90845
206,3,14,1994,28.92503
206,3,14,1995,28.84149
206,3,14,1996,28.80696
206,3,14,1997,28.60647
206,3,14,1998,28.6931
206,3,14,1999,28.62181
206,3,14,2000,28.62821
206,3,14,2001,28.62789
206,3,14,2002,28.5722
206,3,14,2003,28.57229
206,3,14,2004,28.57897
206,3,14,2005,28.5697
206,3,14,2006,28.60215
206,3,14,2007,28.56975
206,3,14,2008,28.63795
206,3,14,2009,28.72953
206,3,14,2010,28.82401
206,3,14,2011,28.92401
206,3,14,2012,29.05176
206,3,14,2013,29.16141
206,3,14,2014,29.26585
206,3,14,2015,29.41746
206,3,14,2016,29.51825
206,3,14,2017,29.64472
206,3,14,2018,29.86323
206,3,14,2019,29.85246
207,1,14,1950,23.95911
207,1,14,1951,24.00947
207,1,14,1952,24.08364
207,1,14,1953,24.15941
207,1,14,1954,24.28925
207,1,14,1955,24.39374
207,1,14,1956,24.56398
207,1,14,1957,24.71535
207,1,14,1958,24.94542
207,1,14,1959,25.15036
207,1,14,1960,25.19341
207,1,14,1961,25.36547
207,1,14,1962,25.57984
207,1,14,1963,25.66848
207,1,14,1964,25.86921
207,1,14,1965,26.04605
207,1,14,1966,26.17353
207,1,14,1967,26.27779
207,1,14,1968,26.42857
207,1,14,1969,26.6594
207,1,14,1970,26.7323
207,1,14,1971,26.84746
207,1,14,1972,26.84662
207,1,14,1973,26.95685
207,1,14,1974,27.07184
207,1,14,1975,27.08546
207,1,14,1976,27.1316
207,1,14,1977,27.24045
207,1,14,1978,27.28303
207,1,14,1979,27.35836
207,1,14,1980,27.46087
207,1,14,1981,27.49663
207,1,14,1982,27.40061
207,1,14,1983,27.3634
207,1,14,1984,27.3885
207,1,14,1985,27.3642
207,1,14,1986,27.2876
207,1,14,1987,27.3397
207,1,14,1988,27.3228
207,1,14,1989,27.3501
207,1,14,1990,27.36305
207,1,14,1991,27.40228
207,1,14,1992,27.4375
207,1,14,1993,27.48685
207,1,14,1994,27.37922
207,1,14,1995,27.43651
207,1,14,1996,27.29733
207,1,14,1997,27.07761
207,1,14,1998,26.95447
207,1,14,1999,26.68882
207,1,14,2000,26.47867
207,1,14,2001,26.21678
207,1,14,2002,26.08475
207,1,14,2003,25.88765
207,1,14,2004,25.76714
207,1,14,2005,25.641
207,1,14,2006,25.53339
207,1,14,2007,25.50326
207,1,14,2008,25.54633
207,1,14,2009,25.61752
207,1,14,2010,25.72759
207,1,14,2011,25.89532
207,1,14,2012,26.1283
207,1,14,2013,26.27102
207,1,14,2014,26.4679
207,1,14,2015,26.63112
207,1,14,2016,26.85701
207,1,14,2017,27.15171
207,1,14,2018,27.47636
207,1,14,2019,27.72078
207,2,14,1950,27.54494
207,2,14,1951,27.55966
207,2,14,1952,27.59413
207,2,14,1953,27.66838
207,2,14,1954,27.73667
207,2,14,1955,27.74934
207,2,14,1956,27.89683
207,2,14,1957,27.99226
207,2,14,1958,28.15326
207,2,14,1959,28.25177
207,2,14,1960,28.29598
207,2,14,1961,28.40776
207,2,14,1962,28.5512
207,2,14,1963,28.62736
207,2,14,1964,28.70109
207,2,14,1965,28.79339
207,2,14,1966,28.86176
207,2,14,1967,28.91899
207,2,14,1968,28.99707
207,2,14,1969,29.05594
207,2,14,1970,29.15129
207,2,14,1971,29.24813
207,2,14,1972,29.32551
207,2,14,1973,29.40615
207,2,14,1974,29.44823
207,2,14,1975,29.48936
207,2,14,1976,29.53989
207,2,14,1977,29.57871
207,2,14,1978,29.62562
207,2,14,1979,29.63938
207,2,14,1980,29.7127
207,2,14,1981,29.68794
207,2,14,1982,29.69253
207,2,14,1983,29.67892
207,2,14,1984,29.61595
207,2,14,1985,29.66513
207,2,14,1986,29.66327
207,2,14,1987,29.62643
207,2,14,1988,29.62529
207,2,14,1989,29.6388
207,2,14,1990,29.65298
207,2,14,1991,29.6566
207,2,14,1992,29.64765
207,2,14,1993,29.70902
207,2,14,1994,29.69472
207,2,14,1995,29.67215
207,2,14,1996,29.56099
207,2,14,1997,29.5152
207,2,14,1998,29.589
207,2,14,1999,29.56474
207,2,14,2000,29.47942
207,2,14,2001,29.40205
207,2,14,2002,29.43661
207,2,14,2003,29.50067
207,2,14,2004,29.62351
207,2,14,2005,29.72343
207,2,14,2006,29.7988
207,2,14,2007,29.92244
207,2,14,2008,30.01088
207,2,14,2009,30.16903
207,2,14,2010,30.30314
207,2,14,2011,30.54772
207,2,14,2012,30.75227
207,2,14,2013,30.88456
207,2,14,2014,30.99926
207,2,14,2015,31.1527
207,2,14,2016,31.38768
207,2,14,2017,31.67531
207,2,14,2018,31.89938
207,2,14,2019,32.03538
207,3,14,1950,25.4569
207,3,14,1951,25.48462
207,3,14,1952,25.56643
207,3,14,1953,25.64018
207,3,14,1954,25.73445
207,3,14,1955,25.82555
207,3,14,1956,25.99842
207,3,14,1957,26.143
207,3,14,1958,26.34366
207,3,14,1959,26.52593
207,3,14,1960,26.56131
207,3,14,1961,26.70881
207,3,14,1962,26.89937
207,3,14,1963,26.9942
207,3,14,1964,27.12021
207,3,14,1965,27.30055
207,3,14,1966,27.34689
207,3,14,1967,27.42048
207,3,14,1968,27.51101
207,3,14,1969,27.61034
207,3,14,1970,27.7649
207,3,14,1971,27.86121
207,3,14,1972,27.9555
207,3,14,1973,28.09619
207,3,14,1974,28.20268
207,3,14,1975,28.22703
207,3,14,1976,28.27349
207,3,14,1977,28.36946
207,3,14,1978,28.44866
207,3,14,1979,28.45018
207,3,14,1980,28.52422
207,3,14,1981,28.49729
207,3,14,1982,28.49021
207,3,14,1983,28.48006
207,3,14,1984,28.43703
207,3,14,1985,28.47499
207,3,14,1986,28.45274
207,3,14,1987,28.48088
207,3,14,1988,28.46857
207,3,14,1989,28.48806
207,3,14,1990,28.50366
207,3,14,1991,28.50985
207,3,14,1992,28.53278
207,3,14,1993,28.58757
207,3,14,1994,28.52066
207,3,14,1995,28.55501
207,3,14,1996,28.41457
207,3,14,1997,28.27948
207,3,14,1998,28.24485
207,3,14,1999,28.07649
207,3,14,2000,27.91116
207,3,14,2001,27.74928
207,3,14,2002,27.68603
207,3,14,2003,27.60915
207,3,14,2004,27.57667
207,3,14,2005,27.53351
207,3,14,2006,27.47735
207,3,14,2007,27.44971
207,3,14,2008,27.50932
207,3,14,2009,27.56651
207,3,14,2010,27.77903
207,3,14,2011,28.04769
207,3,14,2012,28.3351
207,3,14,2013,28.5222
207,3,14,2014,28.70657
207,3,14,2015,28.8797
207,3,14,2016,29.14433
207,3,14,2017,29.46438
207,3,14,2018,29.77337
207,3,14,2019,29.95255
208,1,14,1950,22.53984
208,1,14,1951,22.70038
208,1,14,1952,22.7621
208,1,14,1953,22.94299
208,1,14,1954,23.09443
208,1,14,1955,23.11688
208,1,14,1956,23.2542
208,1,14,1957,23.41184
208,1,14,1958,23.46912
208,1,14,1959,23.6512
208,1,14,1960,23.75839
208,1,14,1961,23.92621
208,1,14,1962,24.09354
208,1,14,1963,24.34276
208,1,14,1964,24.47643
208,1,14,1965,24.6625
208,1,14,1966,24.73967
208,1,14,1967,24.88432
208,1,14,1968,24.89781
208,1,14,1969,25.07362
208,1,14,1970,25.14224
208,1,14,1971,25.29737
208,1,14,1972,25.46008
208,1,14,1973,25.52828
208,1,14,1974,25.67868
208,1,14,1975,25.7247
208,1,14,1976,25.87205
208,1,14,1977,26.06245
208,1,14,1978,26.15817
208,1,14,1979,26.33467
208,1,14,1980,26.46598
208,1,14,1981,26.58311
208,1,14,1982,26.76571
208,1,14,1983,26.86721
208,1,14,1984,27.2045
208,1,14,1985,27.50231
208,1,14,1986,27.69456
208,1,14,1987,27.66898
208,1,14,1988,27.73665
208,1,14,1989,27.77659
208,1,14,1990,27.7759
208,1,14,1991,27.81887
208,1,14,1992,27.70036
208,1,14,1993,27.65063
208,1,14,1994,27.54906
208,1,14,1995,27.40605
208,1,14,1996,27.29131
208,1,14,1997,27.08662
208,1,14,1998,26.89708
208,1,14,1999,26.69565
208,1,14,2000,26.54673
208,1,14,2001,26.52842
208,1,14,2002,26.46316
208,1,14,2003,26.53207
208,1,14,2004,26.53227
208,1,14,2005,26.58527
208,1,14,2006,26.6015
208,1,14,2007,26.62809
208,1,14,2008,26.66603
208,1,14,2009,26.70263
208,1,14,2010,26.76254
208,1,14,2011,26.9238
208,1,14,2012,26.89406
208,1,14,2013,26.94334
208,1,14,2014,26.74619
208,1,14,2015,27.13057
208,1,14,2016,27.44173
208,1,14,2017,27.72498
208,1,14,2018,28.05875
208,1,14,2019,28.35908
208,2,14,1950,24.89197
208,2,14,1951,25.01002
208,2,14,1952,25.01456
208,2,14,1953,25.11417
208,2,14,1954,25.22693
208,2,14,1955,25.20229
208,2,14,1956,25.30411
208,2,14,1957,25.34542
208,2,14,1958,25.38537
208,2,14,1959,25.47185
208,2,14,1960,25.51207
208,2,14,1961,25.60737
208,2,14,1962,25.69652
208,2,14,1963,25.846
208,2,14,1964,25.93115
208,2,14,1965,26.03073
208,2,14,1966,26.04519
208,2,14,1967,26.11611
208,2,14,1968,26.10535
208,2,14,1969,26.1758
208,2,14,1970,26.18068
208,2,14,1971,26.26881
208,2,14,1972,26.34801
208,2,14,1973,26.34799
208,2,14,1974,26.40894
208,2,14,1975,26.38964
208,2,14,1976,26.41457
208,2,14,1977,26.48755
208,2,14,1978,26.49023
208,2,14,1979,26.55188
208,2,14,1980,26.595
208,2,14,1981,26.58839
208,2,14,1982,26.66645
208,2,14,1983,26.71264
208,2,14,1984,26.87249
208,2,14,1985,26.94607
208,2,14,1986,27.12728
208,2,14,1987,27.2245
208,2,14,1988,27.25349
208,2,14,1989,27.31295
208,2,14,1990,27.46079
208,2,14,1991,27.56402
208,2,14,1992,27.68164
208,2,14,1993,27.73547
208,2,14,1994,27.80586
208,2,14,1995,27.89766
208,2,14,1996,28.00042
208,2,14,1997,28.04267
208,2,14,1998,28.06723
208,2,14,1999,28.03759
208,2,14,2000,28.05549
208,2,14,2001,28.1199
208,2,14,2002,28.12002
208,2,14,2003,28.22408
208,2,14,2004,28.3255
208,2,14,2005,28.48403
208,2,14,2006,28.55813
208,2,14,2007,28.65142
208,2,14,2008,28.70265
208,2,14,2009,28.80471
208,2,14,2010,28.97473
208,2,14,2011,29.07696
208,2,14,2012,29.16159
208,2,14,2013,29.26215
208,2,14,2014,28.77778
208,2,14,2015,29.27302
208,2,14,2016,29.69813
208,2,14,2017,29.8591
208,2,14,2018,30.13534
208,2,14,2019,30.36164
208,3,14,1950,23.60347
208,3,14,1951,23.74996
208,3,14,1952,23.78988
208,3,14,1953,23.93696
208,3,14,1954,24.07476
208,3,14,1955,24.07075
208,3,14,1956,24.19846
208,3,14,1957,24.30124
208,3,14,1958,24.34843
208,3,14,1959,24.4939
208,3,14,1960,24.57002
208,3,14,1961,24.70467
208,3,14,1962,24.83704
208,3,14,1963,25.03953
208,3,14,1964,25.14945
208,3,14,1965,25.30409
208,3,14,1966,25.34346
208,3,14,1967,25.45366
208,3,14,1968,25.45438
208,3,14,1969,25.58181
208,3,14,1970,25.62086
208,3,14,1971,25.74544
208,3,14,1972,25.8696
208,3,14,1973,25.90701
208,3,14,1974,26.01625
208,3,14,1975,26.03238
208,3,14,1976,26.12217
208,3,14,1977,26.255
208,3,14,1978,26.31094
208,3,14,1979,26.43656
208,3,14,1980,26.52629
208,3,14,1981,26.57845
208,3,14,1982,26.7153
208,3,14,1983,26.79748
208,3,14,1984,27.04265
208,3,14,1985,27.23515
208,3,14,1986,27.41737
208,3,14,1987,27.4504
208,3,14,1988,27.49991
208,3,14,1989,27.53887
208,3,14,1990,27.61675
208,3,14,1991,27.6929
208,3,14,1992,27.69742
208,3,14,1993,27.69057
208,3,14,1994,27.66945
208,3,14,1995,27.64713
208,3,14,1996,27.64792
208,3,14,1997,27.55043
208,3,14,1998,27.47052
208,3,14,1999,27.35967
208,3,14,2000,27.27794
208,3,14,2001,27.29062
208,3,14,2002,27.26099
208,3,14,2003,27.37338
208,3,14,2004,27.40731
208,3,14,2005,27.49808
208,3,14,2006,27.53293
208,3,14,2007,27.58264
208,3,14,2008,27.64777
208,3,14,2009,27.71288
208,3,14,2010,27.81356
208,3,14,2011,27.93841
208,3,14,2012,27.97489
208,3,14,2013,28.05144
208,3,14,2014,27.69888
208,3,14,2015,28.12122
208,3,14,2016,28.47625
208,3,14,2017,28.7148
208,3,14,2018,29.02198
208,3,14,2019,29.30982
209,1,14,1950,16.70856
209,1,14,1951,16.80777
209,1,14,1952,16.86792
209,1,14,1953,17.02266
209,1,14,1954,17.35994
209,1,14,1955,17.52281
209,1,14,1956,17.6682
209,1,14,1957,17.88033
209,1,14,1958,18.08355
209,1,14,1959,18.23013
209,1,14,1960,18.35313
209,1,14,1961,18.50182
209,1,14,1962,18.66728
209,1,14,1963,18.30636
209,1,14,1964,18.50644
209,1,14,1965,18.71665
209,1,14,1966,18.91312
209,1,14,1967,19.09426
209,1,14,1968,19.34733
209,1,14,1969,19.58371
209,1,14,1970,19.83366
209,1,14,1971,19.97092
209,1,14,1972,20.12697
209,1,14,1973,20.19708
209,1,14,1974,20.86733
209,1,14,1975,21.04099
209,1,14,1976,21.13296
209,1,14,1977,21.26084
209,1,14,1978,21.36937
209,1,14,1979,21.50837
209,1,14,1980,21.56557
209,1,14,1981,21.65797
209,1,14,1982,21.71145
209,1,14,1983,21.65942
209,1,14,1984,21.65116
209,1,14,1985,21.69101
209,1,14,1986,21.70379
209,1,14,1987,21.85632
209,1,14,1988,21.91476
209,1,14,1989,21.97559
209,1,14,1990,22.0765
209,1,14,1991,22.15551
209,1,14,1992,22.32053
209,1,14,1993,22.33461
209,1,14,1994,22.3474
209,1,14,1995,22.36751
209,1,14,1996,22.36535
209,1,14,1997,22.3704
209,1,14,1998,22.00497
209,1,14,1999,22.00151
209,1,14,2000,22.3151
209,1,14,2001,22.38043
209,1,14,2002,22.42921
209,1,14,2003,22.48636
209,1,14,2004,22.36286
209,1,14,2005,22.45257
209,1,14,2006,22.59696
209,1,14,2007,22.78661
209,1,14,2008,22.98465
209,1,14,2009,23.08525
209,1,14,2010,23.33546
209,1,14,2011,23.55438
209,1,14,2012,23.68676
209,1,14,2013,23.89775
209,1,14,2014,24.01921
209,1,14,2015,24.30362
209,1,14,2016,24.64772
209,1,14,2017,24.86223
209,1,14,2018,25.17005
209,1,14,2019,25.46159
209,2,14,1950,22.75944
209,2,14,1951,22.83354
209,2,14,1952,22.91159
209,2,14,1953,23.03678
209,2,14,1954,23.36301
209,2,14,1955,23.50799
209,2,14,1956,23.62002
209,2,14,1957,23.79861
209,2,14,1958,23.98691
209,2,14,1959,24.12754
209,2,14,1960,24.21481
209,2,14,1961,24.33372
209,2,14,1962,24.489
209,2,14,1963,24.20498
209,2,14,1964,24.3728
209,2,14,1965,24.55884
209,2,14,1966,24.75474
209,2,14,1967,24.88722
209,2,14,1968,25.14776
209,2,14,1969,25.31092
209,2,14,1970,25.47151
209,2,14,1971,25.59267
209,2,14,1972,25.70438
209,2,14,1973,25.74902
209,2,14,1974,26.27997
209,2,14,1975,26.39125
209,2,14,1976,26.47311
209,2,14,1977,26.52547
209,2,14,1978,26.60973
209,2,14,1979,26.71567
209,2,14,1980,26.75614
209,2,14,1981,26.83732
209,2,14,1982,26.85625
209,2,14,1983,26.81995
209,2,14,1984,26.80297
209,2,14,1985,26.8386
209,2,14,1986,26.85466
209,2,14,1987,26.96768
209,2,14,1988,26.99512
209,2,14,1989,27.03631
209,2,14,1990,27.06498
209,2,14,1991,27.1778
209,2,14,1992,27.23867
209,2,14,1993,27.24365
209,2,14,1994,27.24569
209,2,14,1995,27.2234
209,2,14,1996,27.18238
209,2,14,1997,27.13461
209,2,14,1998,26.91068
209,2,14,1999,26.79595
209,2,14,2000,27.00178
209,2,14,2001,27.1258
209,2,14,2002,27.07194
209,2,14,2003,27.09283
209,2,14,2004,27.00785
209,2,14,2005,27.08726
209,2,14,2006,27.07665
209,2,14,2007,27.16962
209,2,14,2008,27.34487
209,2,14,2009,27.502
209,2,14,2010,27.67195
209,2,14,2011,27.94312
209,2,14,2012,28.08607
209,2,14,2013,28.36752
209,2,14,2014,28.52721
209,2,14,2015,28.79149
209,2,14,2016,29.02908
209,2,14,2017,29.20533
209,2,14,2018,29.48248
209,2,14,2019,29.77485
209,3,14,1950,19.0094
209,3,14,1951,19.11569
209,3,14,1952,19.19063
209,3,14,1953,19.34778
209,3,14,1954,19.6891
209,3,14,1955,19.85117
209,3,14,1956,19.98521
209,3,14,1957,20.18934
209,3,14,1958,20.38744
209,3,14,1959,20.52966
209,3,14,1960,20.63617
209,3,14,1961,20.775
209,3,14,1962,20.93575
209,3,14,1963,20.59435
209,3,14,1964,20.78591
209,3,14,1965,20.9911
209,3,14,1966,21.19174
209,3,14,1967,21.36087
209,3,14,1968,21.62432
209,3,14,1969,21.83985
209,3,14,1970,22.08762
209,3,14,1971,22.19887
209,3,14,1972,22.36687
209,3,14,1973,22.42417
209,3,14,1974,23.0727
209,3,14,1975,23.23829
209,3,14,1976,23.34383
209,3,14,1977,23.4421
209,3,14,1978,23.55366
209,3,14,1979,23.69634
209,3,14,1980,23.76369
209,3,14,1981,23.86769
209,3,14,1982,23.92125
209,3,14,1983,23.89248
209,3,14,1984,23.89221
209,3,14,1985,23.94654
209,3,14,1986,23.99428
209,3,14,1987,24.1326
209,3,14,1988,24.19059
209,3,14,1989,24.26649
209,3,14,1990,24.35349
209,3,14,1991,24.47002
209,3,14,1992,24.60893
209,3,14,1993,24.6376
209,3,14,1994,24.64709
209,3,14,1995,24.64063
209,3,14,1996,24.65178
209,3,14,1997,24.65741
209,3,14,1998,24.3245
209,3,14,1999,24.29061
209,3,14,2000,24.60583
209,3,14,2001,24.67313
209,3,14,2002,24.67143
209,3,14,2003,24.66375
209,3,14,2004,24.61729
209,3,14,2005,24.67769
209,3,14,2006,24.76098
209,3,14,2007,24.93579
209,3,14,2008,25.12003
209,3,14,2009,25.24164
209,3,14,2010,25.47446
209,3,14,2011,25.72849
209,3,14,2012,25.8204
209,3,14,2013,26.10428
209,3,14,2014,26.23426
209,3,14,2015,26.51272
209,3,14,2016,26.81491
209,3,14,2017,27.04441
209,3,14,2018,27.37389
209,3,14,2019,27.62044
210,1,14,1950,21.82103
210,1,14,1951,21.90011
210,1,14,1952,22.04569
210,1,14,1953,22.2227
210,1,14,1954,22.44948
210,1,14,1955,22.53855
210,1,14,1956,22.61749
210,1,14,1957,22.65077
210,1,14,1958,22.74876
210,1,14,1959,22.88422
210,1,14,1960,23.0065
210,1,14,1961,23.07563
210,1,14,1962,23.18096
210,1,14,1963,23.30711
210,1,14,1964,23.44264
210,1,14,1965,23.56825
210,1,14,1966,23.80006
210,1,14,1967,23.91274
210,1,14,1968,24.03273
210,1,14,1969,24.32385
210,1,14,1970,24.58127
210,1,14,1971,24.85957
210,1,14,1972,25.18337
210,1,14,1973,25.52935
210,1,14,1974,25.81472
210,1,14,1975,26.10802
210,1,14,1976,26.40648
210,1,14,1977,26.67636
210,1,14,1978,26.90119
210,1,14,1979,27.19357
210,1,14,1980,27.35595
210,1,14,1981,27.53031
210,1,14,1982,27.65063
210,1,14,1983,27.82187
210,1,14,1984,27.94908
210,1,14,1985,28.09563
210,1,14,1986,28.07643
210,1,14,1987,28.05043
210,1,14,1988,28.09215
210,1,14,1989,28.0649
210,1,14,1990,26.9557
210,1,14,1991,27.64511
210,1,14,1992,27.60346
210,1,14,1993,26.90746
210,1,14,1994,26.25936
210,1,14,1995,26.48184
210,1,14,1996,26.04125
210,1,14,1997,26.64989
210,1,14,1998,26.68481
210,1,14,1999,26.89787
210,1,14,2000,27.13781
210,1,14,2001,27.3739
210,1,14,2002,27.30891
210,1,14,2003,27.33297
210,1,14,2004,28.0911
210,1,14,2005,28.28195
210,1,14,2006,28.40245
210,1,14,2007,28.56061
210,1,14,2008,28.70622
210,1,14,2009,28.87639
210,1,14,2010,28.93691
210,1,14,2011,29.10995
210,1,14,2012,29.40605
210,1,14,2013,29.60346
210,1,14,2014,28.10147
210,1,14,2015,29.19978
210,1,14,2016,30.06631
210,1,14,2017,30.20865
210,1,14,2018,30.31783
210,1,14,2019,30.44626
210,2,14,1950,26.07841
210,2,14,1951,26.11067
210,2,14,1952,26.22227
210,2,14,1953,26.35765
210,2,14,1954,26.51925
210,2,14,1955,26.57503
210,2,14,1956,26.60848
210,2,14,1957,26.63487
210,2,14,1958,26.68265
210,2,14,1959,26.77665
210,2,14,1960,26.81639
210,2,14,1961,26.8737
210,2,14,1962,26.93233
210,2,14,1963,27.02001
210,2,14,1964,27.07885
210,2,14,1965,27.1271
210,2,14,1966,27.24204
210,2,14,1967,27.3114
210,2,14,1968,27.37274
210,2,14,1969,27.56786
210,2,14,1970,27.72015
210,2,14,1971,27.80132
210,2,14,1972,27.89115
210,2,14,1973,28.0233
210,2,14,1974,28.11133
210,2,14,1975,28.17904
210,2,14,1976,28.27029
210,2,14,1977,28.35134
210,2,14,1978,28.40839
210,2,14,1979,28.50985
210,2,14,1980,28.48439
210,2,14,1981,28.47961
210,2,14,1982,28.49633
210,2,14,1983,28.51108
210,2,14,1984,28.53914
210,2,14,1985,28.56239
210,2,14,1986,28.50599
210,2,14,1987,28.46596
210,2,14,1988,28.48045
210,2,14,1989,28.43695
210,2,14,1990,27.80888
210,2,14,1991,28.18038
210,2,14,1992,28.06491
210,2,14,1993,27.73203
210,2,14,1994,27.33534
210,2,14,1995,27.44865
210,2,14,1996,27.33065
210,2,14,1997,27.53838
210,2,14,1998,27.67641
210,2,14,1999,27.82485
210,2,14,2000,28.0285
210,2,14,2001,28.19578
210,2,14,2002,28.20763
210,2,14,2003,28.20496
210,2,14,2004,28.62771
210,2,14,2005,28.77042
210,2,14,2006,28.98365
210,2,14,2007,29.13763
210,2,14,2008,29.30838
210,2,14,2009,29.46582
210,2,14,2010,29.61941
210,2,14,2011,29.83894
210,2,14,2012,30.02556
210,2,14,2013,30.16933
210,2,14,2014,27.55539
210,2,14,2015,29.31025
210,2,14,2016,30.65118
210,2,14,2017,30.8683
210,2,14,2018,31.04416
210,2,14,2019,31.17889
210,3,14,1950,23.62924
210,3,14,1951,23.69379
210,3,14,1952,23.83403
210,3,14,1953,23.9971
210,3,14,1954,24.20415
210,3,14,1955,24.27997
210,3,14,1956,24.33342
210,3,14,1957,24.36472
210,3,14,1958,24.45646
210,3,14,1959,24.57499
210,3,14,1960,24.65957
210,3,14,1961,24.70492
210,3,14,1962,24.78998
210,3,14,1963,24.90146
210,3,14,1964,24.99456
210,3,14,1965,25.08079
210,3,14,1966,25.27583
210,3,14,1967,25.36881
210,3,14,1968,25.46085
210,3,14,1969,25.71231
210,3,14,1970,25.9265
210,3,14,1971,26.12805
210,3,14,1972,26.35395
210,3,14,1973,26.61505
210,3,14,1974,26.81014
210,3,14,1975,27.00977
210,3,14,1976,27.22282
210,3,14,1977,27.41161
210,3,14,1978,27.56139
210,3,14,1979,27.77066
210,3,14,1980,27.85411
210,3,14,1981,27.95158
210,3,14,1982,28.02875
210,3,14,1983,28.12956
210,3,14,1984,28.21671
210,3,14,1985,28.30521
210,3,14,1986,28.27089
210,3,14,1987,28.24025
210,3,14,1988,28.26967
210,3,14,1989,28.23553
210,3,14,1990,27.34439
210,3,14,1991,27.89229
210,3,14,1992,27.82192
210,3,14,1993,27.28892
210,3,14,1994,26.7546
210,3,14,1995,26.92184
210,3,14,1996,26.63129
210,3,14,1997,27.05658
210,3,14,1998,27.1503
210,3,14,1999,27.32118
210,3,14,2000,27.55677
210,3,14,2001,27.73755
210,3,14,2002,27.7176
210,3,14,2003,27.76628
210,3,14,2004,28.35587
210,3,14,2005,28.49697
210,3,14,2006,28.66673
210,3,14,2007,28.81806
210,3,14,2008,28.9994
210,3,14,2009,29.15296
210,3,14,2010,29.26975
210,3,14,2011,29.4631
210,3,14,2012,29.71133
210,3,14,2013,29.87259
210,3,14,2014,27.84591
210,3,14,2015,29.26858
210,3,14,2016,30.34923
210,3,14,2017,30.51647
210,3,14,2018,30.65904
210,3,14,2019,30.79039
211,1,14,1950,20.90909
211,1,14,1951,20.97137
211,1,14,1952,21.13842
211,1,14,1953,21.2455
211,1,14,1954,21.28699
211,1,14,1955,21.33823
211,1,14,1956,21.44181
211,1,14,1957,21.54671
211,1,14,1958,21.67292
211,1,14,1959,21.76078
211,1,14,1960,21.9454
211,1,14,1961,22.08159
211,1,14,1962,22.27302
211,1,14,1963,22.37851
211,1,14,1964,22.44678
211,1,14,1965,22.55458
211,1,14,1966,22.62921
211,1,14,1967,22.71574
211,1,14,1968,22.75362
211,1,14,1969,22.75896
211,1,14,1970,23.01206
211,1,14,1971,23.12483
211,1,14,1972,23.28852
211,1,14,1973,23.41363
211,1,14,1974,23.58928
211,1,14,1975,23.80696
211,1,14,1976,24.02344
211,1,14,1977,24.36308
211,1,14,1978,24.55288
211,1,14,1979,24.83766
211,1,14,1980,25.10095
211,1,14,1981,25.24702
211,1,14,1982,25.41198
211,1,14,1983,25.71543
211,1,14,1984,25.84267
211,1,14,1985,25.98725
211,1,14,1986,26.28822
211,1,14,1987,26.30515
211,1,14,1988,26.50114
211,1,14,1989,26.70854
211,1,14,1990,26.80741
211,1,14,1991,27.00581
211,1,14,1992,27.10173
211,1,14,1993,27.18938
211,1,14,1994,27.19721
211,1,14,1995,27.33924
211,1,14,1996,27.50095
211,1,14,1997,27.41472
211,1,14,1998,27.44763
211,1,14,1999,28.06085
211,1,14,2000,28.12915
211,1,14,2001,28.27184
211,1,14,2002,28.3739
211,1,14,2003,28.52426
211,1,14,2004,28.62565
211,1,14,2005,28.74788
211,1,14,2006,28.88941
211,1,14,2007,28.93945
211,1,14,2008,29.10518
211,1,14,2009,29.15626
211,1,14,2010,29.32356
211,1,14,2011,29.57245
211,1,14,2012,29.66903
211,1,14,2013,29.79788
211,1,14,2014,29.90025
211,1,14,2015,30.03377
211,1,14,2016,30.29571
211,1,14,2017,30.43886
211,1,14,2018,30.55301
211,1,14,2019,30.75287
211,2,14,1950,23.97703
211,2,14,1951,24.00571
211,2,14,1952,24.11637
211,2,14,1953,24.16744
211,2,14,1954,24.19887
211,2,14,1955,24.2356
211,2,14,1956,24.26361
211,2,14,1957,24.30852
211,2,14,1958,24.39886
211,2,14,1959,24.44461
211,2,14,1960,24.5837
211,2,14,1961,24.66448
211,2,14,1962,24.77425
211,2,14,1963,24.84156
211,2,14,1964,24.86542
211,2,14,1965,24.92711
211,2,14,1966,24.92689
211,2,14,1967,24.94011
211,2,14,1968,24.9537
211,2,14,1969,24.97235
211,2,14,1970,25.06543
211,2,14,1971,25.03939
211,2,14,1972,25.17751
211,2,14,1973,25.25666
211,2,14,1974,25.31138
211,2,14,1975,25.44358
211,2,14,1976,25.52952
211,2,14,1977,25.71689
211,2,14,1978,25.83717
211,2,14,1979,25.97286
211,2,14,1980,26.08468
211,2,14,1981,26.15114
211,2,14,1982,26.30596
211,2,14,1983,26.36926
211,2,14,1984,26.36388
211,2,14,1985,26.44041
211,2,14,1986,26.63526
211,2,14,1987,26.66719
211,2,14,1988,26.70108
211,2,14,1989,26.71491
211,2,14,1990,26.73314
211,2,14,1991,26.81486
211,2,14,1992,26.92248
211,2,14,1993,27.02482
211,2,14,1994,27.01839
211,2,14,1995,26.9534
211,2,14,1996,27.0181
211,2,14,1997,26.8892
211,2,14,1998,26.90067
211,2,14,1999,27.22242
211,2,14,2000,27.26719
211,2,14,2001,27.43567
211,2,14,2002,27.6262
211,2,14,2003,27.89905
211,2,14,2004,28.15836
211,2,14,2005,28.42274
211,2,14,2006,28.62265
211,2,14,2007,28.83909
211,2,14,2008,29.07152
211,2,14,2009,29.25616
211,2,14,2010,29.39106
211,2,14,2011,29.63284
211,2,14,2012,29.73435
211,2,14,2013,29.88318
211,2,14,2014,29.94098
211,2,14,2015,30.06239
211,2,14,2016,30.25791
211,2,14,2017,30.36673
211,2,14,2018,30.5068
211,2,14,2019,30.68597
211,3,14,1950,22.33275
211,3,14,1951,22.38567
211,3,14,1952,22.54073
211,3,14,1953,22.63129
211,3,14,1954,22.66819
211,3,14,1955,22.7186
211,3,14,1956,22.78257
211,3,14,1957,22.86272
211,3,14,1958,22.9771
211,3,14,1959,23.04435
211,3,14,1960,23.22089
211,3,14,1961,23.32335
211,3,14,1962,23.47902
211,3,14,1963,23.57566
211,3,14,1964,23.61502
211,3,14,1965,23.68152
211,3,14,1966,23.74147
211,3,14,1967,23.77863
211,3,14,1968,23.82029
211,3,14,1969,23.85884
211,3,14,1970,24.01178
211,3,14,1971,24.05403
211,3,14,1972,24.18753
211,3,14,1973,24.31476
211,3,14,1974,24.40316
211,3,14,1975,24.60892
211,3,14,1976,24.7577
211,3,14,1977,25.01098
211,3,14,1978,25.151
211,3,14,1979,25.40356
211,3,14,1980,25.55676
211,3,14,1981,25.6472
211,3,14,1982,25.87341
211,3,14,1983,26.03367
211,3,14,1984,26.09876
211,3,14,1985,26.18731
211,3,14,1986,26.44947
211,3,14,1987,26.4805
211,3,14,1988,26.59436
211,3,14,1989,26.71199
211,3,14,1990,26.76536
211,3,14,1991,26.9037
211,3,14,1992,27.01395
211,3,14,1993,27.11183
211,3,14,1994,27.10336
211,3,14,1995,27.14332
211,3,14,1996,27.26533
211,3,14,1997,27.14127
211,3,14,1998,27.17928
211,3,14,1999,27.63896
211,3,14,2000,27.68206
211,3,14,2001,27.82421
211,3,14,2002,27.95203
211,3,14,2003,28.14709
211,3,14,2004,28.39276
211,3,14,2005,28.58676
211,3,14,2006,28.76791
211,3,14,2007,28.87482
211,3,14,2008,29.08833
211,3,14,2009,29.20734
211,3,14,2010,29.35941
211,3,14,2011,29.59479
211,3,14,2012,29.70042
211,3,14,2013,29.83917
211,3,14,2014,29.93878
211,3,14,2015,30.0378
211,3,14,2016,30.26246
211,3,14,2017,30.39252
211,3,14,2018,30.54171
211,3,14,2019,30.71571
212,1,14,1950,23.63395
212,1,14,1951,23.76718
212,1,14,1952,23.84119
212,1,14,1953,23.98688
212,1,14,1954,24.1824
212,1,14,1955,24.26821
212,1,14,1956,24.53077
212,1,14,1957,24.46696
212,1,14,1958,24.45062
212,1,14,1959,24.62683
212,1,14,1960,24.79373
212,1,14,1961,24.95529
212,1,14,1962,25.09213
212,1,14,1963,25.20714
212,1,14,1964,25.47849
212,1,14,1965,25.76265
212,1,14,1966,26.02795
212,1,14,1967,26.12727
212,1,14,1968,26.32299
212,1,14,1969,26.56088
212,1,14,1970,26.63451
212,1,14,1971,26.70459
212,1,14,1972,26.80333
212,1,14,1973,26.81364
212,1,14,1974,26.86151
212,1,14,1975,26.73921
212,1,14,1976,26.79722
212,1,14,1977,26.93583
212,1,14,1978,26.87638
212,1,14,1979,27.07349
212,1,14,1980,26.98238
212,1,14,1981,26.91874
212,1,14,1982,26.8089
212,1,14,1983,26.73052
212,1,14,1984,26.70831
212,1,14,1985,26.63352
212,1,14,1986,26.93538
212,1,14,1987,26.93328
212,1,14,1988,26.99756
212,1,14,1989,27.10712
212,1,14,1990,27.30356
212,1,14,1991,27.66854
212,1,14,1992,27.90784
212,1,14,1993,28.12452
212,1,14,1994,28.29373
212,1,14,1995,28.69257
212,1,14,1996,28.95755
212,1,14,1997,29.34146
212,1,14,1998,29.62331
212,1,14,1999,30.06068
212,1,14,2000,30.40534
212,1,14,2001,30.63898
212,1,14,2002,30.90724
212,1,14,2003,31.13786
212,1,14,2004,31.32776
212,1,14,2005,31.45767
212,1,14,2006,31.68236
212,1,14,2007,31.90136
212,1,14,2008,32.03549
212,1,14,2009,32.14876
212,1,14,2010,32.31308
212,1,14,2011,32.41265
212,1,14,2012,32.53655
212,1,14,2013,32.6538
212,1,14,2014,32.76347
212,1,14,2015,32.93032
212,1,14,2016,33.1229
212,1,14,2017,33.11896
212,1,14,2018,33.1033
212,1,14,2019,33.07933
212,2,14,1950,26.15521
212,2,14,1951,26.23323
212,2,14,1952,26.27512
212,2,14,1953,26.35786
212,2,14,1954,26.50352
212,2,14,1955,26.57162
212,2,14,1956,26.71013
212,2,14,1957,26.68004
212,2,14,1958,26.63019
212,2,14,1959,26.75178
212,2,14,1960,26.81889
212,2,14,1961,26.90959
212,2,14,1962,27.00948
212,2,14,1963,27.08392
212,2,14,1964,27.29027
212,2,14,1965,27.49284
212,2,14,1966,27.62943
212,2,14,1967,27.70215
212,2,14,1968,27.8306
212,2,14,1969,27.97241
212,2,14,1970,28.07398
212,2,14,1971,28.05425
212,2,14,1972,28.12074
212,2,14,1973,28.12609
212,2,14,1974,28.14752
212,2,14,1975,28.04663
212,2,14,1976,28.07697
212,2,14,1977,28.16456
212,2,14,1978,28.10025
212,2,14,1979,28.16488
212,2,14,1980,28.06168
212,2,14,1981,28.03416
212,2,14,1982,27.94306
212,2,14,1983,27.8341
212,2,14,1984,27.77446
212,2,14,1985,27.71127
212,2,14,1986,27.76572
212,2,14,1987,27.74666
212,2,14,1988,27.81752
212,2,14,1989,27.77018
212,2,14,1990,27.85614
212,2,14,1991,28.0639
212,2,14,1992,28.20242
212,2,14,1993,28.35729
212,2,14,1994,28.51987
212,2,14,1995,28.74631
212,2,14,1996,28.90621
212,2,14,1997,29.22449
212,2,14,1998,29.42395
212,2,14,1999,29.58464
212,2,14,2000,29.76284
212,2,14,2001,29.94299
212,2,14,2002,30.12254
212,2,14,2003,30.30398
212,2,14,2004,30.45077
212,2,14,2005,30.60434
212,2,14,2006,30.78016
212,2,14,2007,30.96789
212,2,14,2008,31.09152
212,2,14,2009,31.21559
212,2,14,2010,31.38323
212,2,14,2011,31.49411
212,2,14,2012,31.67457
212,2,14,2013,31.80823
212,2,14,2014,31.95238
212,2,14,2015,32.11063
212,2,14,2016,32.30186
212,2,14,2017,32.35194
212,2,14,2018,32.40405
212,2,14,2019,32.38651
212,3,14,1950,24.75589
212,3,14,1951,24.88858
212,3,14,1952,24.9593
212,3,14,1953,25.09217
212,3,14,1954,25.2803
212,3,14,1955,25.36641
212,3,14,1956,25.5933
212,3,14,1957,25.56168
212,3,14,1958,25.54398
212,3,14,1959,25.67467
212,3,14,1960,25.80307
212,3,14,1961,25.95703
212,3,14,1962,26.07479
212,3,14,1963,26.1643
212,3,14,1964,26.41924
212,3,14,1965,26.66077
212,3,14,1966,26.87164
212,3,14,1967,26.95662
212,3,14,1968,27.10432
212,3,14,1969,27.30917
212,3,14,1970,27.39999
212,3,14,1971,27.42341
212,3,14,1972,27.50509
212,3,14,1973,27.51242
212,3,14,1974,27.54656
212,3,14,1975,27.44044
212,3,14,1976,27.47655
212,3,14,1977,27.59489
212,3,14,1978,27.4958
212,3,14,1979,27.65258
212,3,14,1980,27.55378
212,3,14,1981,27.50425
212,3,14,1982,27.40381
212,3,14,1983,27.3086
212,3,14,1984,27.26576
212,3,14,1985,27.19125
212,3,14,1986,27.37005
212,3,14,1987,27.3585
212,3,14,1988,27.41943
212,3,14,1989,27.4506
212,3,14,1990,27.59105
212,3,14,1991,27.87748
212,3,14,1992,28.0612
212,3,14,1993,28.2428
212,3,14,1994,28.41247
212,3,14,1995,28.72364
212,3,14,1996,28.93951
212,3,14,1997,29.28497
212,3,14,1998,29.5185
212,3,14,1999,29.8238
212,3,14,2000,30.08489
212,3,14,2001,30.28761
212,3,14,2002,30.50545
212,3,14,2003,30.72587
212,3,14,2004,30.86884
212,3,14,2005,31.01658
212,3,14,2006,31.22657
212,3,14,2007,31.42364
212,3,14,2008,31.55172
212,3,14,2009,31.69251
212,3,14,2010,31.83374
212,3,14,2011,31.96995
212,3,14,2012,32.10945
212,3,14,2013,32.22926
212,3,14,2014,32.36088
212,3,14,2015,32.51629
212,3,14,2016,32.71105
212,3,14,2017,32.73392
212,3,14,2018,32.74339
212,3,14,2019,32.72211
213,1,14,1950,22.48052
213,1,14,1951,22.50582
213,1,14,1952,22.54781
213,1,14,1953,22.71167
213,1,14,1954,22.80869
213,1,14,1955,22.86934
213,1,14,1956,23.0759
213,1,14,1957,23.22569
213,1,14,1958,23.37427
213,1,14,1959,23.51325
213,1,14,1960,23.63961
213,1,14,1961,23.75178
213,1,14,1962,23.85517
213,1,14,1963,24.02991
213,1,14,1964,24.16806
213,1,14,1965,24.38297
213,1,14,1966,24.68523
213,1,14,1967,24.42355
213,1,14,1968,24.53123
213,1,14,1969,24.56875
213,1,14,1970,24.52415
213,1,14,1971,24.47311
213,1,14,1972,24.43199
213,1,14,1973,24.36439
213,1,14,1974,24.34049
213,1,14,1975,24.31271
213,1,14,1976,24.30018
213,1,14,1977,24.32532
213,1,14,1978,24.52116
213,1,14,1979,24.58109
213,1,14,1980,24.7993
213,1,14,1981,24.72229
213,1,14,1982,24.86101
213,1,14,1983,25.00328
213,1,14,1984,24.98692
213,1,14,1985,25.16569
213,1,14,1986,25.23749
213,1,14,1987,25.33551
213,1,14,1988,25.65683
213,1,14,1989,25.83171
213,1,14,1990,26.11169
213,1,14,1991,26.22846
213,1,14,1992,26.5507
213,1,14,1993,26.62161
213,1,14,1994,26.8101
213,1,14,1995,26.55922
213,1,14,1996,27.03526
213,1,14,1997,27.0909
213,1,14,1998,27.1163
213,1,14,1999,27.12202
213,1,14,2000,27.14252
213,1,14,2001,27.10673
213,1,14,2002,27.29143
213,1,14,2003,27.31954
213,1,14,2004,27.60812
213,1,14,2005,27.67029
213,1,14,2006,27.88819
213,1,14,2007,27.95451
213,1,14,2008,28.28302
213,1,14,2009,28.32009
213,1,14,2010,28.4184
213,1,14,2011,28.47295
213,1,14,2012,28.61648
213,1,14,2013,28.78652
213,1,14,2014,28.95616
213,1,14,2015,29.13695
213,1,14,2016,29.34836
213,1,14,2017,29.52056
213,1,14,2018,29.66686
213,1,14,2019,29.89703
213,2,14,1950,26.14268
213,2,14,1951,26.14989
213,2,14,1952,26.16246
213,2,14,1953,26.27244
213,2,14,1954,26.33282
213,2,14,1955,26.37488
213,2,14,1956,26.53694
213,2,14,1957,26.63097
213,2,14,1958,26.72548
213,2,14,1959,26.82509
213,2,14,1960,26.90762
213,2,14,1961,26.96122
213,2,14,1962,27.01994
213,2,14,1963,27.13576
213,2,14,1964,27.21242
213,2,14,1965,27.36992
213,2,14,1966,27.61893
213,2,14,1967,27.40342
213,2,14,1968,27.47992
213,2,14,1969,27.50482
213,2,14,1970,27.43934
213,2,14,1971,27.37147
213,2,14,1972,27.35456
213,2,14,1973,27.28433
213,2,14,1974,27.24115
213,2,14,1975,27.20759
213,2,14,1976,27.18305
213,2,14,1977,27.1657
213,2,14,1978,27.19388
213,2,14,1979,27.18841
213,2,14,1980,27.20427
213,2,14,1981,27.08289
213,2,14,1982,27.19246
213,2,14,1983,27.18662
213,2,14,1984,27.16999
213,2,14,1985,27.19529
213,2,14,1986,27.19246
213,2,14,1987,27.32428
213,2,14,1988,27.57117
213,2,14,1989,27.73395
213,2,14,1990,27.85982
213,2,14,1991,27.74902
213,2,14,1992,27.81533
213,2,14,1993,27.75453
213,2,14,1994,27.79807
213,2,14,1995,27.55369
213,2,14,1996,27.87757
213,2,14,1997,27.94696
213,2,14,1998,28.01576
213,2,14,1999,28.03977
213,2,14,2000,28.11127
213,2,14,2001,28.13505
213,2,14,2002,28.32403
213,2,14,2003,28.49214
213,2,14,2004,28.79788
213,2,14,2005,28.92494
213,2,14,2006,29.19049
213,2,14,2007,29.34229
213,2,14,2008,29.68332
213,2,14,2009,29.79648
213,2,14,2010,29.98592
213,2,14,2011,30.07758
213,2,14,2012,30.19776
213,2,14,2013,30.37639
213,2,14,2014,30.44516
213,2,14,2015,30.59599
213,2,14,2016,30.7174
213,2,14,2017,30.85483
213,2,14,2018,30.95877
213,2,14,2019,31.12591
213,3,14,1950,24.51551
213,3,14,1951,24.54192
213,3,14,1952,24.57701
213,3,14,1953,24.70467
213,3,14,1954,24.77398
213,3,14,1955,24.82393
213,3,14,1956,25.00222
213,3,14,1957,25.1161
213,3,14,1958,25.213
213,3,14,1959,25.31896
213,3,14,1960,25.43351
213,3,14,1961,25.49102
213,3,14,1962,25.55221
213,3,14,1963,25.68042
213,3,14,1964,25.77329
213,3,14,1965,25.94624
213,3,14,1966,26.20879
213,3,14,1967,25.9448
213,3,14,1968,26.01973
213,3,14,1969,26.0376
213,3,14,1970,25.95204
213,3,14,1971,25.8774
213,3,14,1972,25.8296
213,3,14,1973,25.74365
213,3,14,1974,25.69422
213,3,14,1975,25.64813
213,3,14,1976,25.61531
213,3,14,1977,25.6111
213,3,14,1978,25.72848
213,3,14,1979,25.75367
213,3,14,1980,25.87973
213,3,14,1981,25.7775
213,3,14,1982,25.89937
213,3,14,1983,25.97927
213,3,14,1984,25.95958
213,3,14,1985,26.07195
213,3,14,1986,26.10875
213,3,14,1987,26.22481
213,3,14,1988,26.50943
213,3,14,1989,26.69402
213,3,14,1990,26.90269
213,3,14,1991,26.92208
213,3,14,1992,27.13218
213,3,14,1993,27.14803
213,3,14,1994,27.26081
213,3,14,1995,27.02475
213,3,14,1996,27.41985
213,3,14,1997,27.48529
213,3,14,1998,27.54472
213,3,14,1999,27.56071
213,3,14,2000,27.60414
213,3,14,2001,27.60738
213,3,14,2002,27.79286
213,3,14,2003,27.88692
213,3,14,2004,28.18718
213,3,14,2005,28.27055
213,3,14,2006,28.53211
213,3,14,2007,28.61418
213,3,14,2008,28.96524
213,3,14,2009,29.0328
213,3,14,2010,29.19288
213,3,14,2011,29.26148
213,3,14,2012,29.39024
213,3,14,2013,29.57227
213,3,14,2014,29.70417
213,3,14,2015,29.85832
213,3,14,2016,30.02925
213,3,14,2017,30.19614
213,3,14,2018,30.31564
213,3,14,2019,30.51851
214,1,14,1950,24.7105
214,1,14,1951,24.79096
214,1,14,1952,24.83169
214,1,14,1953,24.92907
214,1,14,1954,25.04568
214,1,14,1955,25.202
214,1,14,1956,25.31052
214,1,14,1957,25.42289
214,1,14,1958,25.43329
214,1,14,1959,25.55357
214,1,14,1960,25.69284
214,1,14,1961,25.86307
214,1,14,1962,25.92332
214,1,14,1963,26.04013
214,1,14,1964,26.17754
214,1,14,1965,26.31335
214,1,14,1966,26.32394
214,1,14,1967,26.26217
214,1,14,1968,26.14841
214,1,14,1969,26.46115
214,1,14,1970,26.82225
214,1,14,1971,27.1896
214,1,14,1972,27.41567
214,1,14,1973,27.73359
214,1,14,1974,28.01238
214,1,14,1975,28.26412
214,1,14,1976,28.50589
214,1,14,1977,28.73736
214,1,14,1978,28.90639
214,1,14,1979,28.95059
214,1,14,1980,29.21739
214,1,14,1981,29.19262
214,1,14,1982,29.2484
214,1,14,1983,29.48296
214,1,14,1984,29.50662
214,1,14,1985,29.51276
214,1,14,1986,29.49031
214,1,14,1987,29.2469
214,1,14,1988,29.10477
214,1,14,1989,29.17482
214,1,14,1990,29.12185
214,1,14,1991,29.10465
214,1,14,1992,29.12178
214,1,14,1993,29.0498
214,1,14,1994,29.09447
214,1,14,1995,28.90994
214,1,14,1996,28.92881
214,1,14,1997,29.06894
214,1,14,1998,29.15029
214,1,14,1999,29.03366
214,1,14,2000,28.98378
214,1,14,2001,29.06715
214,1,14,2002,29.12128
214,1,14,2003,29.38522
214,1,14,2004,29.51564
214,1,14,2005,29.73904
214,1,14,2006,29.83333
214,1,14,2007,30.03291
214,1,14,2008,30.34074
214,1,14,2009,30.45621
214,1,14,2010,30.63229
214,1,14,2011,30.76744
214,1,14,2012,31.03422
214,1,14,2013,31.05981
214,1,14,2014,31.35307
214,1,14,2015,31.50492
214,1,14,2016,31.73938
214,1,14,2017,31.771
214,1,14,2018,31.89087
214,1,14,2019,32.06395
214,2,14,1950,27.37398
214,2,14,1951,27.43799
214,2,14,1952,27.46513
214,2,14,1953,27.48483
214,2,14,1954,27.59139
214,2,14,1955,27.70361
214,2,14,1956,27.75524
214,2,14,1957,27.76273
214,2,14,1958,27.81011
214,2,14,1959,27.90395
214,2,14,1960,28.01769
214,2,14,1961,28.11047
214,2,14,1962,28.14006
214,2,14,1963,28.27491
214,2,14,1964,28.34433
214,2,14,1965,28.36705
214,2,14,1966,28.53684
214,2,14,1967,28.46266
214,2,14,1968,28.36827
214,2,14,1969,28.52056
214,2,14,1970,28.8709
214,2,14,1971,29.06898
214,2,14,1972,29.30437
214,2,14,1973,29.46643
214,2,14,1974,29.67083
214,2,14,1975,29.85199
214,2,14,1976,29.9677
214,2,14,1977,30.22099
214,2,14,1978,30.2885
214,2,14,1979,30.40024
214,2,14,1980,30.42299
214,2,14,1981,30.40415
214,2,14,1982,30.4445
214,2,14,1983,30.48501
214,2,14,1984,30.5302
214,2,14,1985,30.61437
214,2,14,1986,30.54924
214,2,14,1987,30.47833
214,2,14,1988,30.50087
214,2,14,1989,30.51259
214,2,14,1990,30.56964
214,2,14,1991,30.54623
214,2,14,1992,30.54998
214,2,14,1993,30.60875
214,2,14,1994,30.59428
214,2,14,1995,30.62751
214,2,14,1996,30.58489
214,2,14,1997,30.69127
214,2,14,1998,30.60914
214,2,14,1999,30.58183
214,2,14,2000,30.75338
214,2,14,2001,30.67239
214,2,14,2002,30.6897
214,2,14,2003,30.97979
214,2,14,2004,31.22403
214,2,14,2005,31.50136
214,2,14,2006,31.61293
214,2,14,2007,31.87538
214,2,14,2008,31.99885
214,2,14,2009,32.14655
214,2,14,2010,32.36749
214,2,14,2011,32.53609
214,2,14,2012,32.65649
214,2,14,2013,32.87212
214,2,14,2014,33.02337
214,2,14,2015,33.09336
214,2,14,2016,33.24771
214,2,14,2017,33.33638
214,2,14,2018,33.35096
214,2,14,2019,33.45786
214,3,14,1950,25.54488
214,3,14,1951,25.49475
214,3,14,1952,25.64665
214,3,14,1953,25.72824
214,3,14,1954,25.80276
214,3,14,1955,25.8824
214,3,14,1956,25.91602
214,3,14,1957,25.9916
214,3,14,1958,25.90747
214,3,14,1959,26.06016
214,3,14,1960,26.13882
214,3,14,1961,26.25977
214,3,14,1962,26.33372
214,3,14,1963,26.5805
214,3,14,1964,26.58318
214,3,14,1965,26.60301
214,3,14,1966,26.77037
214,3,14,1967,26.7741
214,3,14,1968,26.62787
214,3,14,1969,26.7697
214,3,14,1970,27.0609
214,3,14,1971,27.30165
214,3,14,1972,27.60345
214,3,14,1973,27.81839
214,3,14,1974,28.14041
214,3,14,1975,28.32147
214,3,14,1976,28.47678
214,3,14,1977,28.61109
214,3,14,1978,28.76093
214,3,14,1979,28.98954
214,3,14,1980,29.12823
214,3,14,1981,29.1246
214,3,14,1982,29.16532
214,3,14,1983,29.191
214,3,14,1984,29.20762
214,3,14,1985,29.19774
214,3,14,1986,29.25942
214,3,14,1987,28.95385
214,3,14,1988,28.91949
214,3,14,1989,28.97735
214,3,14,1990,28.83995
214,3,14,1991,28.89308
214,3,14,1992,28.86444
214,3,14,1993,28.87464
214,3,14,1994,28.93441
214,3,14,1995,28.73067
214,3,14,1996,28.77428
214,3,14,1997,28.71062
214,3,14,1998,28.79079
214,3,14,1999,28.8596
214,3,14,2000,28.72762
214,3,14,2001,28.86817
214,3,14,2002,28.94022
214,3,14,2003,28.96168
214,3,14,2004,29.13342
214,3,14,2005,29.39425
214,3,14,2006,29.56384
214,3,14,2007,29.75869
214,3,14,2008,29.95819
214,3,14,2009,30.23455
214,3,14,2010,30.4318
214,3,14,2011,30.5962
214,3,14,2012,30.84877
214,3,14,2013,31.02046
214,3,14,2014,31.20239
214,3,14,2015,31.28484
214,3,14,2016,31.59065
214,3,14,2017,31.64329
214,3,14,2018,31.67915
214,3,14,2019,31.81672
215,1,14,1950,21.07535
215,1,14,1951,21.04577
215,1,14,1952,21.07223
215,1,14,1953,21.11134
215,1,14,1954,21.04932
215,1,14,1955,20.85269
215,1,14,1956,20.5931
215,1,14,1957,20.30987
215,1,14,1958,20.68197
215,1,14,1959,21.28708
215,1,14,1960,21.78427
215,1,14,1961,22.30839
215,1,14,1962,22.75319
215,1,14,1963,23.20071
215,1,14,1964,23.56838
215,1,14,1965,23.808
215,1,14,1966,23.90792
215,1,14,1967,24.34924
215,1,14,1968,24.56069
215,1,14,1969,24.85756
215,1,14,1970,25.23874
215,1,14,1971,25.54401
215,1,14,1972,25.88477
215,1,14,1973,26.22231
215,1,14,1974,26.42303
215,1,14,1975,26.74705
215,1,14,1976,27.04989
215,1,14,1977,27.30588
215,1,14,1978,27.587
215,1,14,1979,27.85576
215,1,14,1980,28.04887
215,1,14,1981,28.15358
215,1,14,1982,28.57121
215,1,14,1983,28.72715
215,1,14,1984,28.95805
215,1,14,1985,29.35111
215,1,14,1986,28.23629
215,1,14,1987,29.63153
215,1,14,1988,29.62595
215,1,14,1989,29.64828
215,1,14,1990,29.74355
215,1,14,1991,29.73185
215,1,14,1992,29.69144
215,1,14,1993,29.4765
215,1,14,1994,29.66498
215,1,14,1995,29.70214
215,1,14,1996,29.68548
215,1,14,1997,29.53856
215,1,14,1998,29.31682
215,1,14,1999,29.36997
215,1,14,2000,29.39654
215,1,14,2001,29.3497
215,1,14,2002,29.20955
215,1,14,2003,29.14755
215,1,14,2004,29.13654
215,1,14,2005,29.13365
215,1,14,2006,29.24391
215,1,14,2007,29.33811
215,1,14,2008,29.38606
215,1,14,2009,29.5728
215,1,14,2010,29.76328
215,1,14,2011,29.86134
215,1,14,2012,29.86047
215,1,14,2013,29.88376
215,1,14,2014,29.92879
215,1,14,2015,29.97544
215,1,14,2016,30.07768
215,1,14,2017,30.11929
215,1,14,2018,30.28546
215,1,14,2019,30.39137
215,2,14,1950,24.30519
215,2,14,1951,24.26006
215,2,14,1952,24.28623
215,2,14,1953,24.19874
215,2,14,1954,24.12213
215,2,14,1955,23.96473
215,2,14,1956,23.88945
215,2,14,1957,23.63782
215,2,14,1958,24.09191
215,2,14,1959,24.66441
215,2,14,1960,25.1926
215,2,14,1961,25.67229
215,2,14,1962,26.21114
215,2,14,1963,26.56435
215,2,14,1964,26.90416
215,2,14,1965,27.23893
215,2,14,1966,27.48539
215,2,14,1967,27.96761
215,2,14,1968,28.27857
215,2,14,1969,28.58117
215,2,14,1970,28.99254
215,2,14,1971,29.34095
215,2,14,1972,29.60202
215,2,14,1973,29.83007
215,2,14,1974,29.93703
215,2,14,1975,30.11794
215,2,14,1976,30.31984
215,2,14,1977,30.47681
215,2,14,1978,30.67017
215,2,14,1979,30.78028
215,2,14,1980,30.90816
215,2,14,1981,30.94687
215,2,14,1982,31.08797
215,2,14,1983,31.16651
215,2,14,1984,31.31832
215,2,14,1985,31.3951
215,2,14,1986,30.4592
215,2,14,1987,31.48313
215,2,14,1988,31.28562
215,2,14,1989,31.07879
215,2,14,1990,30.98863
215,2,14,1991,30.88414
215,2,14,1992,30.72488
215,2,14,1993,30.54484
215,2,14,1994,30.44531
215,2,14,1995,30.41655
215,2,14,1996,30.34047
215,2,14,1997,30.31047
215,2,14,1998,30.35278
215,2,14,1999,30.32846
215,2,14,2000,30.26504
215,2,14,2001,30.36772
215,2,14,2002,30.43535
215,2,14,2003,30.5195
215,2,14,2004,30.53454
215,2,14,2005,30.75553
215,2,14,2006,30.88491
215,2,14,2007,30.96865
215,2,14,2008,31.14665
215,2,14,2009,31.24655
215,2,14,2010,31.34537
215,2,14,2011,31.51399
215,2,14,2012,31.64977
215,2,14,2013,31.72528
215,2,14,2014,31.79588
215,2,14,2015,31.92583
215,2,14,2016,32.08768
215,2,14,2017,32.2566
215,2,14,2018,32.43555
215,2,14,2019,32.54038
215,3,14,1950,22.51654
215,3,14,1951,22.50074
215,3,14,1952,22.52144
215,3,14,1953,22.47497
215,3,14,1954,22.41722
215,3,14,1955,22.23286
215,3,14,1956,22.03762
215,3,14,1957,21.73713
215,3,14,1958,22.21055
215,3,14,1959,22.82919
215,3,14,1960,23.38149
215,3,14,1961,23.89959
215,3,14,1962,24.3515
215,3,14,1963,24.7296
215,3,14,1964,25.11526
215,3,14,1965,25.41234
215,3,14,1966,25.63083
215,3,14,1967,26.10563
215,3,14,1968,26.35583
215,3,14,1969,26.6206
215,3,14,1970,26.97709
215,3,14,1971,27.35005
215,3,14,1972,27.67791
215,3,14,1973,27.99454
215,3,14,1974,28.17604
215,3,14,1975,28.38851
215,3,14,1976,28.6076
215,3,14,1977,28.81187
215,3,14,1978,29.06495
215,3,14,1979,29.24516
215,3,14,1980,29.43635
215,3,14,1981,29.50954
215,3,14,1982,29.82142
215,3,14,1983,29.94541
215,3,14,1984,30.10065
215,3,14,1985,30.35042
215,3,14,1986,29.33276
215,3,14,1987,30.42397
215,3,14,1988,30.36063
215,3,14,1989,30.29594
215,3,14,1990,30.28786
215,3,14,1991,30.30625
215,3,14,1992,30.22278
215,3,14,1993,30.00898
215,3,14,1994,30.03106
215,3,14,1995,29.96366
215,3,14,1996,29.90527
215,3,14,1997,29.8411
215,3,14,1998,29.77347
215,3,14,1999,29.83971
215,3,14,2000,29.83733
215,3,14,2001,29.84236
215,3,14,2002,29.80813
215,3,14,2003,29.78651
215,3,14,2004,29.78201
215,3,14,2005,29.84213
215,3,14,2006,30.00633
215,3,14,2007,30.10546
215,3,14,2008,30.26807
215,3,14,2009,30.40835
215,3,14,2010,30.53307
215,3,14,2011,30.64964
215,3,14,2012,30.75094
215,3,14,2013,30.81342
215,3,14,2014,30.88591
215,3,14,2015,30.94063
215,3,14,2016,31.058
215,3,14,2017,31.12164
215,3,14,2018,31.33137
215,3,14,2019,31.46217
216,1,14,1950,23.71836
216,1,14,1951,23.81966
216,1,14,1952,23.87382
216,1,14,1953,23.98552
216,1,14,1954,23.87421
216,1,14,1955,23.87337
216,1,14,1956,23.95144
216,1,14,1957,24.03118
216,1,14,1958,24.08935
216,1,14,1959,24.13228
216,1,14,1960,24.21613
216,1,14,1961,24.25828
216,1,14,1962,24.27137
216,1,14,1963,24.23012
216,1,14,1964,24.22294
216,1,14,1965,24.24298
216,1,14,1966,24.21577
216,1,14,1967,24.17646
216,1,14,1968,24.17371
216,1,14,1969,24.2213
216,1,14,1970,24.21706
216,1,14,1971,24.28877
216,1,14,1972,24.33189
216,1,14,1973,24.39831
216,1,14,1974,24.48439
216,1,14,1975,24.55486
216,1,14,1976,24.68615
216,1,14,1977,24.83023
216,1,14,1978,24.92321
216,1,14,1979,25.09557
216,1,14,1980,25.29118
216,1,14,1981,25.51222
216,1,14,1982,25.73559
216,1,14,1983,26.03696
216,1,14,1984,26.29095
216,1,14,1985,26.51565
216,1,14,1986,26.63748
216,1,14,1987,26.71132
216,1,14,1988,26.7599
216,1,14,1989,26.81645
216,1,14,1990,26.84936
216,1,14,1991,26.93556
216,1,14,1992,26.89587
216,1,14,1993,26.86713
216,1,14,1994,26.78427
216,1,14,1995,26.79753
216,1,14,1996,26.8422
216,1,14,1997,26.80541
216,1,14,1998,26.86505
216,1,14,1999,26.97653
216,1,14,2000,27.20285
216,1,14,2001,27.34228
216,1,14,2002,27.38533
216,1,14,2003,27.78324
216,1,14,2004,27.98317
216,1,14,2005,28.1898
216,1,14,2006,28.36032
216,1,14,2007,28.57301
216,1,14,2008,28.89922
216,1,14,2009,29.11326
216,1,14,2010,29.19552
216,1,14,2011,29.29728
216,1,14,2012,29.37272
216,1,14,2013,29.43737
216,1,14,2014,29.54733
216,1,14,2015,29.59358
216,1,14,2016,29.75118
216,1,14,2017,29.8523
216,1,14,2018,30.01777
216,1,14,2019,30.14025
216,2,14,1950,27.46111
216,2,14,1951,27.49317
216,2,14,1952,27.53326
216,2,14,1953,27.611
216,2,14,1954,27.50142
216,2,14,1955,27.50856
216,2,14,1956,27.54425
216,2,14,1957,27.58614
216,2,14,1958,27.61754
216,2,14,1959,27.62456
216,2,14,1960,27.68835
216,2,14,1961,27.73335
216,2,14,1962,27.71657
216,2,14,1963,27.70362
216,2,14,1964,27.68701
216,2,14,1965,27.68885
216,2,14,1966,27.67211
216,2,14,1967,27.62219
216,2,14,1968,27.61667
216,2,14,1969,27.64698
216,2,14,1970,27.66688
216,2,14,1971,27.71714
216,2,14,1972,27.73947
216,2,14,1973,27.77116
216,2,14,1974,27.80576
216,2,14,1975,27.82696
216,2,14,1976,27.93712
216,2,14,1977,28.02071
216,2,14,1978,28.1092
216,2,14,1979,28.21355
216,2,14,1980,28.24698
216,2,14,1981,28.31883
216,2,14,1982,28.50497
216,2,14,1983,28.73213
216,2,14,1984,28.9362
216,2,14,1985,29.07145
216,2,14,1986,29.13176
216,2,14,1987,29.32197
216,2,14,1988,29.43236
216,2,14,1989,29.54601
216,2,14,1990,29.60571
216,2,14,1991,29.67584
216,2,14,1992,29.7041
216,2,14,1993,29.70829
216,2,14,1994,29.65201
216,2,14,1995,29.64973
216,2,14,1996,29.70233
216,2,14,1997,29.69695
216,2,14,1998,29.72457
216,2,14,1999,29.76919
216,2,14,2000,29.90268
216,2,14,2001,30.00104
216,2,14,2002,30.06918
216,2,14,2003,30.26385
216,2,14,2004,30.38506
216,2,14,2005,30.52141
216,2,14,2006,30.71508
216,2,14,2007,30.92349
216,2,14,2008,31.1204
216,2,14,2009,31.2061
216,2,14,2010,31.3162
216,2,14,2011,31.42909
216,2,14,2012,31.52203
216,2,14,2013,31.66464
216,2,14,2014,31.70812
216,2,14,2015,31.87092
216,2,14,2016,32.04238
216,2,14,2017,32.12227
216,2,14,2018,32.2181
216,2,14,2019,32.29965
216,3,14,1950,25.5537
216,3,14,1951,25.62248
216,3,14,1952,25.66472
216,3,14,1953,25.75231
216,3,14,1954,25.64289
216,3,14,1955,25.62232
216,3,14,1956,25.67989
216,3,14,1957,25.74219
216,3,14,1958,25.7792
216,3,14,1959,25.79994
216,3,14,1960,25.86364
216,3,14,1961,25.9016
216,3,14,1962,25.88993
216,3,14,1963,25.85425
216,3,14,1964,25.8316
216,3,14,1965,25.83065
216,3,14,1966,25.80182
216,3,14,1967,25.74195
216,3,14,1968,25.73896
216,3,14,1969,25.77291
216,3,14,1970,25.74766
216,3,14,1971,25.84129
216,3,14,1972,25.86863
216,3,14,1973,25.90735
216,3,14,1974,25.97673
216,3,14,1975,26.02821
216,3,14,1976,26.14265
216,3,14,1977,26.25034
216,3,14,1978,26.34989
216,3,14,1979,26.50766
216,3,14,1980,26.62649
216,3,14,1981,26.74115
216,3,14,1982,26.9309
216,3,14,1983,27.18972
216,3,14,1984,27.40656
216,3,14,1985,27.57412
216,3,14,1986,27.65797
216,3,14,1987,27.69508
216,3,14,1988,27.80429
216,3,14,1989,27.85571
216,3,14,1990,27.87729
216,3,14,1991,27.97339
216,3,14,1992,27.94885
216,3,14,1993,28.03743
216,3,14,1994,28.03773
216,3,14,1995,28.05733
216,3,14,1996,28.13106
216,3,14,1997,28.13977
216,3,14,1998,28.21057
216,3,14,1999,28.29183
216,3,14,2000,28.46838
216,3,14,2001,28.60945
216,3,14,2002,28.63197
216,3,14,2003,28.9102
216,3,14,2004,29.06487
216,3,14,2005,29.21444
216,3,14,2006,29.36191
216,3,14,2007,29.56405
216,3,14,2008,29.77338
216,3,14,2009,29.89376
216,3,14,2010,29.99181
216,3,14,2011,30.12283
216,3,14,2012,30.26646
216,3,14,2013,30.38015
216,3,14,2014,30.52835
216,3,14,2015,30.63894
216,3,14,2016,30.8037
216,3,14,2017,30.96841
216,3,14,2018,31.11895
216,3,14,2019,31.20486
217,1,14,1950,22.07833
217,1,14,1951,22.17121
217,1,14,1952,22.27623
217,1,14,1953,22.34931
217,1,14,1954,22.45775
217,1,14,1955,22.51382
217,1,14,1956,22.61266
217,1,14,1957,22.74157
217,1,14,1958,22.89175
217,1,14,1959,22.95189
217,1,14,1960,23.09027
217,1,14,1961,23.19869
217,1,14,1962,23.30164
217,1,14,1963,23.41097
217,1,14,1964,23.52658
217,1,14,1965,23.7628
217,1,14,1966,23.91875
217,1,14,1967,24.00979
217,1,14,1968,24.13832
217,1,14,1969,24.28822
217,1,14,1970,24.50616
217,1,14,1971,24.64788
217,1,14,1972,24.82191
217,1,14,1973,24.91861
217,1,14,1974,25.04837
217,1,14,1975,25.13214
217,1,14,1976,25.28414
217,1,14,1977,25.38941
217,1,14,1978,25.52473
217,1,14,1979,25.5376
217,1,14,1980,25.55405
217,1,14,1981,25.6465
217,1,14,1982,25.63846
217,1,14,1983,25.76254
217,1,14,1984,25.91029
217,1,14,1985,25.97218
217,1,14,1986,25.92732
217,1,14,1987,26.00814
217,1,14,1988,26.06353
217,1,14,1989,26.20933
217,1,14,1990,26.21511
217,1,14,1991,26.12315
217,1,14,1992,26.28156
217,1,14,1993,26.32804
217,1,14,1994,26.08665
217,1,14,1995,25.87662
217,1,14,1996,26.0061
217,1,14,1997,25.80839
217,1,14,1998,25.30513
217,1,14,1999,25.38721
217,1,14,2000,25.74885
217,1,14,2001,25.75556
217,1,14,2002,25.62402
217,1,14,2003,25.58854
217,1,14,2004,25.68018
217,1,14,2005,25.79051
217,1,14,2006,25.97954
217,1,14,2007,26.13223
217,1,14,2008,26.37481
217,1,14,2009,26.61054
217,1,14,2010,26.95653
217,1,14,2011,27.2382
217,1,14,2012,27.52828
217,1,14,2013,27.88226
217,1,14,2014,27.43796
217,1,14,2015,28.06763
217,1,14,2016,28.61066
217,1,14,2017,28.66475
217,1,14,2018,29.08625
217,1,14,2019,29.22357
217,2,14,1950,26.62487
217,2,14,1951,26.6939
217,2,14,1952,26.76285
217,2,14,1953,26.78812
217,2,14,1954,26.85314
217,2,14,1955,26.90204
217,2,14,1956,26.97001
217,2,14,1957,27.05191
217,2,14,1958,27.1538
217,2,14,1959,27.20384
217,2,14,1960,27.29789
217,2,14,1961,27.37601
217,2,14,1962,27.43709
217,2,14,1963,27.52706
217,2,14,1964,27.60898
217,2,14,1965,27.78076
217,2,14,1966,27.89417
217,2,14,1967,27.97772
217,2,14,1968,28.05953
217,2,14,1969,28.16054
217,2,14,1970,28.31942
217,2,14,1971,28.41982
217,2,14,1972,28.59521
217,2,14,1973,28.61885
217,2,14,1974,28.76616
217,2,14,1975,28.82946
217,2,14,1976,28.96609
217,2,14,1977,29.04652
217,2,14,1978,29.15103
217,2,14,1979,29.15638
217,2,14,1980,29.16969
217,2,14,1981,29.24679
217,2,14,1982,29.24055
217,2,14,1983,29.3408
217,2,14,1984,29.45024
217,2,14,1985,29.45588
217,2,14,1986,29.42939
217,2,14,1987,29.47489
217,2,14,1988,29.51313
217,2,14,1989,29.62725
217,2,14,1990,29.62168
217,2,14,1991,29.55242
217,2,14,1992,29.66557
217,2,14,1993,29.6368
217,2,14,1994,29.36219
217,2,14,1995,29.13599
217,2,14,1996,29.10335
217,2,14,1997,28.73486
217,2,14,1998,28.29442
217,2,14,1999,28.17333
217,2,14,2000,28.25989
217,2,14,2001,28.10002
217,2,14,2002,27.89562
217,2,14,2003,27.87669
217,2,14,2004,27.86512
217,2,14,2005,27.92855
217,2,14,2006,27.99528
217,2,14,2007,28.02746
217,2,14,2008,28.1897
217,2,14,2009,28.3605
217,2,14,2010,28.53363
217,2,14,2011,28.69698
217,2,14,2012,28.9496
217,2,14,2013,29.25179
217,2,14,2014,28.19072
217,2,14,2015,29.09949
217,2,14,2016,29.80454
217,2,14,2017,29.90601
217,2,14,2018,30.19851
217,2,14,2019,30.41098
217,3,14,1950,24.05637
217,3,14,1951,24.12548
217,3,14,1952,24.2037
217,3,14,1953,24.23562
217,3,14,1954,24.32845
217,3,14,1955,24.36774
217,3,14,1956,24.43553
217,3,14,1957,24.52972
217,3,14,1958,24.65623
217,3,14,1959,24.71561
217,3,14,1960,24.82745
217,3,14,1961,24.91923
217,3,14,1962,24.99425
217,3,14,1963,25.08465
217,3,14,1964,25.19953
217,3,14,1965,25.42588
217,3,14,1966,25.56723
217,3,14,1967,25.6503
217,3,14,1968,25.76041
217,3,14,1969,25.915
217,3,14,1970,26.11482
217,3,14,1971,26.24193
217,3,14,1972,26.41813
217,3,14,1973,26.49047
217,3,14,1974,26.64115
217,3,14,1975,26.71802
217,3,14,1976,26.86586
217,3,14,1977,26.96229
217,3,14,1978,27.08604
217,3,14,1979,27.10637
217,3,14,1980,27.12211
217,3,14,1981,27.21121
217,3,14,1982,27.20319
217,3,14,1983,27.31977
217,3,14,1984,27.46265
217,3,14,1985,27.49966
217,3,14,1986,27.47116
217,3,14,1987,27.54567
217,3,14,1988,27.60471
217,3,14,1989,27.73946
217,3,14,1990,27.74228
217,3,14,1991,27.66947
217,3,14,1992,27.81589
217,3,14,1993,27.84111
217,3,14,1994,27.59229
217,3,14,1995,27.38369
217,3,14,1996,27.44606
217,3,14,1997,27.17474
217,3,14,1998,26.70959
217,3,14,1999,26.68814
217,3,14,2000,26.95981
217,3,14,2001,26.88224
217,3,14,2002,26.71533
217,3,14,2003,26.67989
217,3,14,2004,26.71856
217,3,14,2005,26.8093
217,3,14,2006,26.96665
217,3,14,2007,27.04923
217,3,14,2008,27.25014
217,3,14,2009,27.45456
217,3,14,2010,27.73259
217,3,14,2011,27.93883
217,3,14,2012,28.19681
217,3,14,2013,28.53921
217,3,14,2014,27.80477
217,3,14,2015,28.58123
217,3,14,2016,29.1951
217,3,14,2017,29.25207
217,3,14,2018,29.59966
217,3,14,2019,29.79987
218,1,14,1950,23.52285
218,1,14,1951,23.58226
218,1,14,1952,23.70352
218,1,14,1953,23.67502
218,1,14,1954,23.70554
218,1,14,1955,23.83534
218,1,14,1956,23.96482
218,1,14,1957,24.04882
218,1,14,1958,24.09377
218,1,14,1959,24.13263
218,1,14,1960,24.16998
218,1,14,1961,24.30227
218,1,14,1962,24.4331
218,1,14,1963,24.6678
218,1,14,1964,24.90963
218,1,14,1965,25.03862
218,1,14,1966,25.39037
218,1,14,1967,25.56833
218,1,14,1968,25.65661
218,1,14,1969,25.79387
218,1,14,1970,26.04902
218,1,14,1971,26.2223
218,1,14,1972,26.45467
218,1,14,1973,26.52274
218,1,14,1974,26.72984
218,1,14,1975,26.81227
218,1,14,1976,26.88688
218,1,14,1977,26.97189
218,1,14,1978,27.05421
218,1,14,1979,27.20054
218,1,14,1980,27.25771
218,1,14,1981,27.31171
218,1,14,1982,27.25204
218,1,14,1983,27.25826
218,1,14,1984,27.27904
218,1,14,1985,27.21454
218,1,14,1986,27.27721
218,1,14,1987,27.12281
218,1,14,1988,27.05651
218,1,14,1989,27.04989
218,1,14,1990,26.94939
218,1,14,1991,26.87779
218,1,14,1992,26.78183
218,1,14,1993,26.55792
218,1,14,1994,26.27209
218,1,14,1995,26.03229
218,1,14,1996,25.73757
218,1,14,1997,25.42966
218,1,14,1998,25.16904
218,1,14,1999,25.09428
218,1,14,2000,24.97031
218,1,14,2001,24.84187
218,1,14,2002,24.74806
218,1,14,2003,24.45405
218,1,14,2004,24.57083
218,1,14,2005,24.54301
218,1,14,2006,24.67793
218,1,14,2007,24.69774
218,1,14,2008,24.64026
218,1,14,2009,24.89786
218,1,14,2010,25.17357
218,1,14,2011,25.51922
218,1,14,2012,25.79601
218,1,14,2013,25.93735
218,1,14,2014,26.10291
218,1,14,2015,26.39305
218,1,14,2016,26.80095
218,1,14,2017,27.11181
218,1,14,2018,27.41997
218,1,14,2019,27.7108
218,2,14,1950,26.99889
218,2,14,1951,27.02059
218,2,14,1952,27.09739
218,2,14,1953,27.05746
218,2,14,1954,27.06541
218,2,14,1955,27.13111
218,2,14,1956,27.22915
218,2,14,1957,27.25551
218,2,14,1958,27.29185
218,2,14,1959,27.31646
218,2,14,1960,27.32242
218,2,14,1961,27.40435
218,2,14,1962,27.5053
218,2,14,1963,27.6538
218,2,14,1964,27.82305
218,2,14,1965,27.92781
218,2,14,1966,28.12679
218,2,14,1967,28.221
218,2,14,1968,28.24367
218,2,14,1969,28.30509
218,2,14,1970,28.48035
218,2,14,1971,28.58882
218,2,14,1972,28.72545
218,2,14,1973,28.77276
218,2,14,1974,28.85724
218,2,14,1975,28.93372
218,2,14,1976,28.97454
218,2,14,1977,29.02537
218,2,14,1978,29.0462
218,2,14,1979,29.11143
218,2,14,1980,29.15186
218,2,14,1981,29.15123
218,2,14,1982,29.13633
218,2,14,1983,29.11874
218,2,14,1984,29.05841
218,2,14,1985,29.14674
218,2,14,1986,29.17594
218,2,14,1987,29.20175
218,2,14,1988,29.25988
218,2,14,1989,29.32298
218,2,14,1990,29.42299
218,2,14,1991,29.51502
218,2,14,1992,29.55371
218,2,14,1993,29.55555
218,2,14,1994,29.60497
218,2,14,1995,29.64167
218,2,14,1996,29.61196
218,2,14,1997,29.47834
218,2,14,1998,29.51581
218,2,14,1999,29.50938
218,2,14,2000,29.32277
218,2,14,2001,29.22317
218,2,14,2002,29.15463
218,2,14,2003,29.18901
218,2,14,2004,29.33479
218,2,14,2005,29.49624
218,2,14,2006,29.69041
218,2,14,2007,29.64972
218,2,14,2008,29.68995
218,2,14,2009,29.90696
218,2,14,2010,30.15979
218,2,14,2011,30.4495
218,2,14,2012,30.62853
218,2,14,2013,30.8732
218,2,14,2014,31.10764
218,2,14,2015,31.24274
218,2,14,2016,31.47944
218,2,14,2017,31.73515
218,2,14,2018,31.89774
218,2,14,2019,31.98265
218,3,14,1950,25.09458
218,3,14,1951,25.15768
218,3,14,1952,25.26871
218,3,14,1953,25.25349
218,3,14,1954,25.27772
218,3,14,1955,25.39072
218,3,14,1956,25.51466
218,3,14,1957,25.58303
218,3,14,1958,25.62863
218,3,14,1959,25.67051
218,3,14,1960,25.69302
218,3,14,1961,25.81019
218,3,14,1962,25.92893
218,3,14,1963,26.1328
218,3,14,1964,26.33729
218,3,14,1965,26.45418
218,3,14,1966,26.73959
218,3,14,1967,26.89823
218,3,14,1968,26.93591
218,3,14,1969,27.04403
218,3,14,1970,27.26421
218,3,14,1971,27.40614
218,3,14,1972,27.58852
218,3,14,1973,27.63823
218,3,14,1974,27.79425
218,3,14,1975,27.8745
218,3,14,1976,27.92234
218,3,14,1977,28.0014
218,3,14,1978,28.04671
218,3,14,1979,28.16411
218,3,14,1980,28.21035
218,3,14,1981,28.23244
218,3,14,1982,28.19398
218,3,14,1983,28.18873
218,3,14,1984,28.17473
218,3,14,1985,28.19143
218,3,14,1986,28.22949
218,3,14,1987,28.15486
218,3,14,1988,28.17062
218,3,14,1989,28.17517
218,3,14,1990,28.18617
218,3,14,1991,28.18646
218,3,14,1992,28.17228
218,3,14,1993,28.05468
218,3,14,1994,27.92649
218,3,14,1995,27.82005
218,3,14,1996,27.63298
218,3,14,1997,27.43889
218,3,14,1998,27.29743
218,3,14,1999,27.25613
218,3,14,2000,27.16742
218,3,14,2001,27.01037
218,3,14,2002,26.9273
218,3,14,2003,26.83083
218,3,14,2004,27.00045
218,3,14,2005,27.02912
218,3,14,2006,27.20981
218,3,14,2007,27.20418
218,3,14,2008,27.20956
218,3,14,2009,27.49169
218,3,14,2010,27.76651
218,3,14,2011,28.05619
218,3,14,2012,28.30817
218,3,14,2013,28.49859
218,3,14,2014,28.73811
218,3,14,2015,28.96038
218,3,14,2016,29.23627
218,3,14,2017,29.52453
218,3,14,2018,29.79322
218,3,14,2019,30.01459
239,1,14,1950,23.39409
239,1,14,1951,23.72283
239,1,14,1952,24.07122
239,1,14,1953,24.29178
239,1,14,1954,24.58647
239,1,14,1955,24.77402
239,1,14,1956,24.9268
239,1,14,1957,25.0721
239,1,14,1958,24.2923
239,1,14,1959,23.14978
239,1,14,1960,21.0923
239,1,14,1961,22.20338
239,1,14,1962,25.10462
239,1,14,1963,25.92889
239,1,14,1964,26.18729
239,1,14,1965,26.37199
239,1,14,1966,26.6523
239,1,14,1967,26.87602
239,1,14,1968,26.91693
239,1,14,1969,27.03277
239,1,14,1970,27.18105
239,1,14,1971,27.49371
239,1,14,1972,27.64586
239,1,14,1973,27.8588
239,1,14,1974,27.92353
239,1,14,1975,27.86502
239,1,14,1976,27.79633
239,1,14,1977,28.04035
239,1,14,1978,28.12956
239,1,14,1979,28.1462
239,1,14,1980,28.36237
239,1,14,1981,28.42884
239,1,14,1982,28.65288
239,1,14,1983,28.7575
239,1,14,1984,28.94997
239,1,14,1985,29.09199
239,1,14,1986,29.32948
239,1,14,1987,29.28671
239,1,14,1988,29.33521
239,1,14,1989,29.33515
239,1,14,1990,29.52951
239,1,14,1991,29.59316
239,1,14,1992,29.66714
239,1,14,1993,29.73999
239,1,14,1994,29.82915
239,1,14,1995,29.75141
239,1,14,1996,29.94209
239,1,14,1997,30.13952
239,1,14,1998,30.2313
239,1,14,1999,30.29249
239,1,14,2000,30.32816
239,1,14,2001,30.48367
239,1,14,2002,30.56604
239,1,14,2003,30.67173
239,1,14,2004,30.60551
239,1,14,2005,30.74182
239,1,14,2006,31.11321
239,1,14,2007,31.36763
239,1,14,2008,31.39658
239,1,14,2009,31.52725
239,1,14,2010,31.63207
239,1,14,2011,31.74621
239,1,14,2012,31.95973
239,1,14,2013,32.22546
239,1,14,2014,32.52899
239,1,14,2015,32.74345
239,1,14,2016,33.00821
239,1,14,2017,33.27262
239,1,14,2018,33.53898
239,1,14,2019,33.69866
239,2,14,1950,27.77607
239,2,14,1951,28.00239
239,2,14,1952,28.35529
239,2,14,1953,28.52205
239,2,14,1954,28.7229
239,2,14,1955,28.8929
239,2,14,1956,28.98782
239,2,14,1957,29.15092
239,2,14,1958,28.1793
239,2,14,1959,27.09391
239,2,14,1960,25.1038
239,2,14,1961,25.45694
239,2,14,1962,28.93085
239,2,14,1963,29.85253
239,2,14,1964,30.0129
239,2,14,1965,30.172
239,2,14,1966,30.29058
239,2,14,1967,30.43597
239,2,14,1968,30.47849
239,2,14,1969,30.65592
239,2,14,1970,30.74843
239,2,14,1971,30.88324
239,2,14,1972,30.95339
239,2,14,1973,31.11078
239,2,14,1974,30.98857
239,2,14,1975,30.99573
239,2,14,1976,30.94829
239,2,14,1977,31.08448
239,2,14,1978,31.23542
239,2,14,1979,31.23747
239,2,14,1980,31.35609
239,2,14,1981,31.47914
239,2,14,1982,31.77321
239,2,14,1983,31.99947
239,2,14,1984,32.20087
239,2,14,1985,32.38595
239,2,14,1986,32.51704
239,2,14,1987,32.62273
239,2,14,1988,32.77196
239,2,14,1989,32.78308
239,2,14,1990,33.0679
239,2,14,1991,33.21109
239,2,14,1992,33.34813
239,2,14,1993,33.44795
239,2,14,1994,33.69855
239,2,14,1995,33.87199
239,2,14,1996,34.07118
239,2,14,1997,34.28871
239,2,14,1998,34.55508
239,2,14,1999,34.55747
239,2,14,2000,34.60723
239,2,14,2001,34.78553
239,2,14,2002,34.8167
239,2,14,2003,34.90929
239,2,14,2004,34.9381
239,2,14,2005,35.21156
239,2,14,2006,35.55377
239,2,14,2007,35.85763
239,2,14,2008,36.0118
239,2,14,2009,36.27269
239,2,14,2010,36.44922
239,2,14,2011,36.64928
239,2,14,2012,36.97936
239,2,14,2013,37.25445
239,2,14,2014,37.50071
239,2,14,2015,37.78626
239,2,14,2016,37.9711
239,2,14,2017,38.16821
239,2,14,2018,38.32918
239,2,14,2019,38.48827
239,3,14,1950,25.05427
239,3,14,1951,25.41323
239,3,14,1952,25.70646
239,3,14,1953,26.05335
239,3,14,1954,26.16878
239,3,14,1955,26.3994
239,3,14,1956,26.5094
239,3,14,1957,26.66239
239,3,14,1958,25.84388
239,3,14,1959,24.71477
239,3,14,1960,22.83621
239,3,14,1961,23.59597
239,3,14,1962,26.6783
239,3,14,1963,27.58852
239,3,14,1964,27.70918
239,3,14,1965,27.92439
239,3,14,1966,28.09986
239,3,14,1967,28.29554
239,3,14,1968,28.37592
239,3,14,1969,28.50245
239,3,14,1970,28.68438
239,3,14,1971,28.88457
239,3,14,1972,28.98776
239,3,14,1973,29.13755
239,3,14,1974,29.12271
239,3,14,1975,29.11742
239,3,14,1976,29.05918
239,3,14,1977,29.24368
239,3,14,1978,29.33488
239,3,14,1979,29.37104
239,3,14,1980,29.49427
239,3,14,1981,29.64373
239,3,14,1982,29.87444
239,3,14,1983,29.98172
239,3,14,1984,30.19472
239,3,14,1985,30.36588
239,3,14,1986,30.57692
239,3,14,1987,30.64215
239,3,14,1988,30.72839
239,3,14,1989,30.79487
239,3,14,1990,31.00815
239,3,14,1991,31.07432
239,3,14,1992,31.23745
239,3,14,1993,31.35358
239,3,14,1994,31.53569
239,3,14,1995,31.56722
239,3,14,1996,31.79605
239,3,14,1997,31.99279
239,3,14,1998,32.18305
239,3,14,1999,32.22734
239,3,14,2000,32.25475
239,3,14,2001,32.42336
239,3,14,2002,32.46636
239,3,14,2003,32.57284
239,3,14,2004,32.56138
239,3,14,2005,32.78744
239,3,14,2006,33.13973
239,3,14,2007,33.41417
239,3,14,2008,33.50697
239,3,14,2009,33.67835
239,3,14,2010,33.84224
239,3,14,2011,33.97662
239,3,14,2012,34.23125
239,3,14,2013,34.50247
239,3,14,2014,34.77675
239,3,14,2015,35.01466
239,3,14,2016,35.19496
239,3,14,2017,35.3723
239,3,14,2018,35.64796
239,3,14,2019,35.75614
240,1,14,1950,27.0021
240,1,14,1951,26.85348
240,1,14,1952,27.16365
240,1,14,1953,27.30807
240,1,14,1954,27.48995
240,1,14,1955,27.54879
240,1,14,1956,27.48571
240,1,14,1957,27.45638
240,1,14,1958,27.73828
240,1,14,1959,27.58416
240,1,14,1960,27.74889
240,1,14,1961,27.77333
240,1,14,1962,27.59183
240,1,14,1963,27.6515
240,1,14,1964,27.87558
240,1,14,1965,27.78586
240,1,14,1966,27.83013
240,1,14,1967,27.74184
240,1,14,1968,27.57891
240,1,14,1969,27.34261
240,1,14,1970,27.49682
240,1,14,1971,27.54135
240,1,14,1972,27.63295
240,1,14,1973,27.67124
240,1,14,1974,27.72258
240,1,14,1975,27.58944
240,1,14,1976,27.59652
240,1,14,1977,27.58282
240,1,14,1978,27.55088
240,1,14,1979,27.5394
240,1,14,1980,27.55778
240,1,14,1981,27.71078
240,1,14,1982,27.85515
240,1,14,1983,27.77936
240,1,14,1984,27.72817
240,1,14,1985,27.93902
240,1,14,1986,28.45846
240,1,14,1987,28.53888
240,1,14,1988,28.6274
240,1,14,1989,28.60788
240,1,14,1990,28.57339
240,1,14,1991,28.58207
240,1,14,1992,28.40334
240,1,14,1993,27.90724
240,1,14,1994,27.63445
240,1,14,1995,27.76603
240,1,14,1996,28.17086
240,1,14,1997,28.57144
240,1,14,1998,28.83748
240,1,14,1999,28.73666
240,1,14,2000,28.79683
240,1,14,2001,28.89145
240,1,14,2002,28.84239
240,1,14,2003,28.8915
240,1,14,2004,29.19462
240,1,14,2005,29.21019
240,1,14,2006,29.79287
240,1,14,2007,30.11237
240,1,14,2008,30.27134
240,1,14,2009,30.73075
240,1,14,2010,30.93624
240,1,14,2011,31.3766
240,1,14,2012,31.62026
240,1,14,2013,31.89125
240,1,14,2014,32.07225
240,1,14,2015,32.00925
240,1,14,2016,32.26847
240,1,14,2017,32.626
240,1,14,2018,32.94793
240,1,14,2019,33.17239
240,2,14,1950,30.94275
240,2,14,1951,30.88266
240,2,14,1952,31.15867
240,2,14,1953,31.33041
240,2,14,1954,31.50211
240,2,14,1955,31.66445
240,2,14,1956,31.66147
240,2,14,1957,31.73524
240,2,14,1958,32.03136
240,2,14,1959,31.95252
240,2,14,1960,32.20748
240,2,14,1961,32.30311
240,2,14,1962,32.20094
240,2,14,1963,32.36307
240,2,14,1964,32.66047
240,2,14,1965,32.6477
240,2,14,1966,32.72511
240,2,14,1967,32.70243
240,2,14,1968,32.59944
240,2,14,1969,32.47641
240,2,14,1970,32.63618
240,2,14,1971,32.7707
240,2,14,1972,32.86623
240,2,14,1973,32.96021
240,2,14,1974,33.08476
240,2,14,1975,33.06826
240,2,14,1976,33.14144
240,2,14,1977,33.26993
240,2,14,1978,33.31422
240,2,14,1979,33.35068
240,2,14,1980,33.41242
240,2,14,1981,33.56824
240,2,14,1982,33.72407
240,2,14,1983,33.69083
240,2,14,1984,33.68705
240,2,14,1985,33.77395
240,2,14,1986,34.11584
240,2,14,1987,34.21807
240,2,14,1988,34.33502
240,2,14,1989,34.42376
240,2,14,1990,34.49377
240,2,14,1991,34.51042
240,2,14,1992,34.47687
240,2,14,1993,34.1392
240,2,14,1994,34.00736
240,2,14,1995,34.14092
240,2,14,1996,34.41357
240,2,14,1997,34.63137
240,2,14,1998,34.83077
240,2,14,1999,34.77479
240,2,14,2000,34.89955
240,2,14,2001,35.01861
240,2,14,2002,35.02486
240,2,14,2003,35.0698
240,2,14,2004,35.36733
240,2,14,2005,35.4251
240,2,14,2006,35.81213
240,2,14,2007,36.0413
240,2,14,2008,36.15864
240,2,14,2009,36.42961
240,2,14,2010,36.62094
240,2,14,2011,36.92362
240,2,14,2012,37.08738
240,2,14,2013,37.27699
240,2,14,2014,37.43674
240,2,14,2015,37.4143
240,2,14,2016,37.59717
240,2,14,2017,37.83119
240,2,14,2018,37.97363
240,2,14,2019,38.11437
240,3,14,1950,29.06192
240,3,14,1951,28.96917
240,3,14,1952,29.28527
240,3,14,1953,29.42959
240,3,14,1954,29.6058
240,3,14,1955,29.71242
240,3,14,1956,29.69436
240,3,14,1957,29.71603
240,3,14,1958,30.0468
240,3,14,1959,29.96066
240,3,14,1960,30.18242
240,3,14,1961,30.24931
240,3,14,1962,30.10698
240,3,14,1963,30.21786
240,3,14,1964,30.4891
240,3,14,1965,30.43819
240,3,14,1966,30.50279
240,3,14,1967,30.44863
240,3,14,1968,30.31343
240,3,14,1969,30.1285
240,3,14,1970,30.28738
240,3,14,1971,30.38344
240,3,14,1972,30.48109
240,3,14,1973,30.55221
240,3,14,1974,30.63444
240,3,14,1975,30.55699
240,3,14,1976,30.59279
240,3,14,1977,30.65201
240,3,14,1978,30.65089
240,3,14,1979,30.65696
240,3,14,1980,30.69563
240,3,14,1981,30.85114
240,3,14,1982,30.99887
240,3,14,1983,30.93466
240,3,14,1984,30.90038
240,3,14,1985,31.04607
240,3,14,1986,31.48657
240,3,14,1987,31.57446
240,3,14,1988,31.6727
240,3,14,1989,31.69518
240,3,14,1990,31.69702
240,3,14,1991,31.70084
240,3,14,1992,31.5763
240,3,14,1993,31.13427
240,3,14,1994,30.91053
240,3,14,1995,31.04035
240,3,14,1996,31.3851
240,3,14,1997,31.71069
240,3,14,1998,31.94575
240,3,14,1999,31.8515
240,3,14,2000,31.93308
240,3,14,2001,32.0312
240,3,14,2002,32.00364
240,3,14,2003,32.04661
240,3,14,2004,32.35022
240,3,14,2005,32.37763
240,3,14,2006,32.87779
240,3,14,2007,33.15279
240,3,14,2008,33.29292
240,3,14,2009,33.67066
240,3,14,2010,33.86482
240,3,14,2011,34.23702
240,3,14,2012,34.43894
240,3,14,2013,34.66912
240,3,14,2014,34.83546
240,3,14,2015,34.7894
240,3,14,2016,35.01116
240,3,14,2017,35.30476
240,3,14,2018,35.50071
240,3,14,2019,35.65549
241,1,14,1950,24.17621
241,1,14,1951,24.31637
241,1,14,1952,24.67667
241,1,14,1953,24.85083
241,1,14,1954,25.10066
241,1,14,1955,25.1566
241,1,14,1956,25.26782
241,1,14,1957,25.33825
241,1,14,1958,25.58796
241,1,14,1959,25.70525
241,1,14,1960,25.88174
241,1,14,1961,26.11447
241,1,14,1962,26.24298
241,1,14,1963,26.2658
241,1,14,1964,26.4758
241,1,14,1965,26.49266
241,1,14,1966,26.63256
241,1,14,1967,26.69135
241,1,14,1968,26.70621
241,1,14,1969,26.7359
241,1,14,1970,26.81062
241,1,14,1971,27.32653
241,1,14,1972,27.39782
241,1,14,1973,27.50402
241,1,14,1974,27.64339
241,1,14,1975,27.94341
241,1,14,1976,27.95495
241,1,14,1977,28.16667
241,1,14,1978,28.47122
241,1,14,1979,28.51485
241,1,14,1980,28.57572
241,1,14,1981,28.73283
241,1,14,1982,28.8816
241,1,14,1983,28.79631
241,1,14,1984,28.8193
241,1,14,1985,28.85934
241,1,14,1986,29.19169
241,1,14,1987,29.34539
241,1,14,1988,29.38297
241,1,14,1989,29.61498
241,1,14,1990,29.81421
241,1,14,1991,30.04535
241,1,14,1992,30.13827
241,1,14,1993,30.15008
241,1,14,1994,30.35594
241,1,14,1995,30.53293
241,1,14,1996,30.67897
241,1,14,1997,30.92174
241,1,14,1998,30.91978
241,1,14,1999,31.07582
241,1,14,2000,31.35144
241,1,14,2001,31.48203
241,1,14,2002,31.46822
241,1,14,2003,31.57457
241,1,14,2004,31.76087
241,1,14,2005,32.00918
241,1,14,2006,32.15055
241,1,14,2007,32.30914
241,1,14,2008,32.32434
241,1,14,2009,32.31195
241,1,14,2010,32.24187
241,1,14,2011,32.65093
241,1,14,2012,32.7474
241,1,14,2013,32.79412
241,1,14,2014,32.96056
241,1,14,2015,33.0462
241,1,14,2016,33.09974
241,1,14,2017,33.27843
241,1,14,2018,33.64033
241,1,14,2019,33.82694
241,2,14,1950,27.68444
241,2,14,1951,27.82785
241,2,14,1952,28.1661
241,2,14,1953,28.27331
241,2,14,1954,28.66032
241,2,14,1955,28.77496
241,2,14,1956,28.91272
241,2,14,1957,28.91791
241,2,14,1958,29.20606
241,2,14,1959,29.27518
241,2,14,1960,29.49776
241,2,14,1961,29.78324
241,2,14,1962,29.93058
241,2,14,1963,29.92375
241,2,14,1964,30.14327
241,2,14,1965,30.18489
241,2,14,1966,30.27438
241,2,14,1967,30.43192
241,2,14,1968,30.46453
241,2,14,1969,30.51354
241,2,14,1970,30.62905
241,2,14,1971,31.0692
241,2,14,1972,31.1511
241,2,14,1973,31.26902
241,2,14,1974,31.49412
241,2,14,1975,31.66847
241,2,14,1976,31.67702
241,2,14,1977,32.12284
241,2,14,1978,32.29114
241,2,14,1979,32.37425
241,2,14,1980,32.46933
241,2,14,1981,32.54129
241,2,14,1982,32.76969
241,2,14,1983,32.73459
241,2,14,1984,32.74425
241,2,14,1985,32.75304
241,2,14,1986,33.04868
241,2,14,1987,33.21709
241,2,14,1988,33.3294
241,2,14,1989,33.58677
241,2,14,1990,33.81064
241,2,14,1991,34.03949
241,2,14,1992,34.11459
241,2,14,1993,34.16127
241,2,14,1994,34.31259
241,2,14,1995,34.38862
241,2,14,1996,34.55687
241,2,14,1997,34.80588
241,2,14,1998,34.904
241,2,14,1999,35.0761
241,2,14,2000,35.36802
241,2,14,2001,35.52503
241,2,14,2002,35.5949
241,2,14,2003,35.63843
241,2,14,2004,35.80619
241,2,14,2005,35.99958
241,2,14,2006,36.20563
241,2,14,2007,36.34158
241,2,14,2008,36.44355
241,2,14,2009,36.43109
241,2,14,2010,36.29838
241,2,14,2011,36.62819
241,2,14,2012,36.74034
241,2,14,2013,36.75115
241,2,14,2014,36.80557
241,2,14,2015,36.90872
241,2,14,2016,36.97659
241,2,14,2017,37.16826
241,2,14,2018,37.43135
241,2,14,2019,37.59921
241,3,14,1950,25.76681
241,3,14,1951,25.91611
241,3,14,1952,26.26183
241,3,14,1953,26.40495
241,3,14,1954,26.72094
241,3,14,1955,26.77739
241,3,14,1956,26.90832
241,3,14,1957,26.96604
241,3,14,1958,27.23821
241,3,14,1959,27.33348
241,3,14,1960,27.51789
241,3,14,1961,27.7745
241,3,14,1962,27.91368
241,3,14,1963,27.93201
241,3,14,1964,28.16052
241,3,14,1965,28.17512
241,3,14,1966,28.30869
241,3,14,1967,28.41032
241,3,14,1968,28.42479
241,3,14,1969,28.47316
241,3,14,1970,28.57337
241,3,14,1971,29.04871
241,3,14,1972,29.14256
241,3,14,1973,29.25514
241,3,14,1974,29.45192
241,3,14,1975,29.67934
241,3,14,1976,29.70239
241,3,14,1977,30.04506
241,3,14,1978,30.30121
241,3,14,1979,30.36875
241,3,14,1980,30.4624
241,3,14,1981,30.576
241,3,14,1982,30.76136
241,3,14,1983,30.70264
241,3,14,1984,30.7159
241,3,14,1985,30.75161
241,3,14,1986,31.07397
241,3,14,1987,31.23454
241,3,14,1988,31.31234
241,3,14,1989,31.56368
241,3,14,1990,31.78548
241,3,14,1991,32.01299
241,3,14,1992,32.09898
241,3,14,1993,32.1315
241,3,14,1994,32.3166
241,3,14,1995,32.44746
241,3,14,1996,32.60526
241,3,14,1997,32.85556
241,3,14,1998,32.89984
241,3,14,1999,33.06886
241,3,14,2000,33.35898
241,3,14,2001,33.50169
241,3,14,2002,33.53537
241,3,14,2003,33.605
241,3,14,2004,33.78967
241,3,14,2005,34.01269
241,3,14,2006,34.18692
241,3,14,2007,34.33806
241,3,14,2008,34.39511
241,3,14,2009,34.37823
241,3,14,2010,34.28937
241,3,14,2011,34.66307
241,3,14,2012,34.76929
241,3,14,2013,34.79393
241,3,14,2014,34.90776
241,3,14,2015,35.01392
241,3,14,2016,35.08048
241,3,14,2017,35.26743
241,3,14,2018,35.55886
241,3,14,2019,35.69493
242,1,14,1950,21.46009
242,1,14,1951,21.62221
242,1,14,1952,21.68195
242,1,14,1953,21.82864
242,1,14,1954,21.95122
242,1,14,1955,21.98285
242,1,14,1956,22.08093
242,1,14,1957,22.15378
242,1,14,1958,22.21932
242,1,14,1959,22.33901
242,1,14,1960,22.24278
242,1,14,1961,22.40819
242,1,14,1962,22.54955
242,1,14,1963,22.75844
242,1,14,1964,22.78792
242,1,14,1965,22.85615
242,1,14,1966,22.967
242,1,14,1967,23.04598
242,1,14,1968,23.11093
242,1,14,1969,23.26364
242,1,14,1970,23.47478
242,1,14,1971,23.60221
242,1,14,1972,23.61015
242,1,14,1973,23.87822
242,1,14,1974,24.0472
242,1,14,1975,24.19628
242,1,14,1976,24.35424
242,1,14,1977,24.48587
242,1,14,1978,24.63956
242,1,14,1979,24.71555
242,1,14,1980,24.80717
242,1,14,1981,24.91659
242,1,14,1982,25.00282
242,1,14,1983,24.99938
242,1,14,1984,25.00662
242,1,14,1985,25.15868
242,1,14,1986,25.22088
242,1,14,1987,25.21521
242,1,14,1988,25.15576
242,1,14,1989,25.09733
242,1,14,1990,25.03348
242,1,14,1991,24.98203
242,1,14,1992,24.86799
242,1,14,1993,24.80449
242,1,14,1994,24.31465
242,1,14,1995,24.49677
242,1,14,1996,24.23785
242,1,14,1997,24.15856
242,1,14,1998,24.10749
242,1,14,1999,24.07384
242,1,14,2000,24.04465
242,1,14,2001,24.15231
242,1,14,2002,24.24439
242,1,14,2003,24.32274
242,1,14,2004,24.44421
242,1,14,2005,24.63866
242,1,14,2006,24.87867
242,1,14,2007,25.1242
242,1,14,2008,25.4776
242,1,14,2009,25.70813
242,1,14,2010,25.93127
242,1,14,2011,26.19986
242,1,14,2012,26.39288
242,1,14,2013,26.64255
242,1,14,2014,26.89674
242,1,14,2015,27.08664
242,1,14,2016,27.34775
242,1,14,2017,27.54662
242,1,14,2018,27.82692
242,1,14,2019,28.08916
242,2,14,1950,25.49891
242,2,14,1951,25.47023
242,2,14,1952,25.54889
242,2,14,1953,25.62357
242,2,14,1954,25.69515
242,2,14,1955,25.74697
242,2,14,1956,25.82275
242,2,14,1957,25.81831
242,2,14,1958,25.88084
242,2,14,1959,26.00243
242,2,14,1960,25.73684
242,2,14,1961,25.99282
242,2,14,1962,26.14725
242,2,14,1963,26.18237
242,2,14,1964,26.30456
242,2,14,1965,26.35688
242,2,14,1966,26.46253
242,2,14,1967,26.47856
242,2,14,1968,26.50106
242,2,14,1969,26.61459
242,2,14,1970,26.7202
242,2,14,1971,26.89546
242,2,14,1972,26.96489
242,2,14,1973,27.15767
242,2,14,1974,27.27618
242,2,14,1975,27.4015
242,2,14,1976,27.49813
242,2,14,1977,27.62293
242,2,14,1978,27.67979
242,2,14,1979,27.81409
242,2,14,1980,27.83213
242,2,14,1981,27.90676
242,2,14,1982,27.95658
242,2,14,1983,27.91578
242,2,14,1984,27.91114
242,2,14,1985,28.17414
242,2,14,1986,28.16318
242,2,14,1987,28.23384
242,2,14,1988,28.2807
242,2,14,1989,28.28866
242,2,14,1990,28.29933
242,2,14,1991,28.31577
242,2,14,1992,28.22774
242,2,14,1993,28.17361
242,2,14,1994,27.6352
242,2,14,1995,27.95205
242,2,14,1996,27.76638
242,2,14,1997,27.58864
242,2,14,1998,27.47954
242,2,14,1999,27.49262
242,2,14,2000,27.37695
242,2,14,2001,27.52925
242,2,14,2002,27.56566
242,2,14,2003,27.63227
242,2,14,2004,27.80319
242,2,14,2005,27.98187
242,2,14,2006,28.20235
242,2,14,2007,28.60753
242,2,14,2008,28.87759
242,2,14,2009,29.18309
242,2,14,2010,29.36995
242,2,14,2011,29.69561
242,2,14,2012,29.90263
242,2,14,2013,30.217
242,2,14,2014,30.33904
242,2,14,2015,30.55724
242,2,14,2016,30.73628
242,2,14,2017,30.91123
242,2,14,2018,31.20239
242,2,14,2019,31.38004
242,3,14,1950,23.19917
242,3,14,1951,23.31396
242,3,14,1952,23.39788
242,3,14,1953,23.53092
242,3,14,1954,23.59286
242,3,14,1955,23.67823
242,3,14,1956,23.7588
242,3,14,1957,23.76457
242,3,14,1958,23.80282
242,3,14,1959,23.98603
242,3,14,1960,23.78828
242,3,14,1961,23.99717
242,3,14,1962,24.1699
242,3,14,1963,24.25314
242,3,14,1964,24.34573
242,3,14,1965,24.44302
242,3,14,1966,24.56704
242,3,14,1967,24.6014
242,3,14,1968,24.64415
242,3,14,1969,24.7435
242,3,14,1970,24.94727
242,3,14,1971,25.06164
242,3,14,1972,25.09484
242,3,14,1973,25.34109
242,3,14,1974,25.47174
242,3,14,1975,25.64089
242,3,14,1976,25.79545
242,3,14,1977,25.87285
242,3,14,1978,26.01728
242,3,14,1979,26.10479
242,3,14,1980,26.15983
242,3,14,1981,26.20715
242,3,14,1982,26.34046
242,3,14,1983,26.30931
242,3,14,1984,26.30061
242,3,14,1985,26.47982
242,3,14,1986,26.50047
242,3,14,1987,26.55682
242,3,14,1988,26.54944
242,3,14,1989,26.50529
242,3,14,1990,26.47071
242,3,14,1991,26.45248
242,3,14,1992,26.3719
242,3,14,1993,26.27743
242,3,14,1994,25.79207
242,3,14,1995,26.01911
242,3,14,1996,25.83321
242,3,14,1997,25.68513
242,3,14,1998,25.5646
242,3,14,1999,25.58433
242,3,14,2000,25.53452
242,3,14,2001,25.64215
242,3,14,2002,25.72068
242,3,14,2003,25.79417
242,3,14,2004,25.94214
242,3,14,2005,26.1534
242,3,14,2006,26.37422
242,3,14,2007,26.7343
242,3,14,2008,27.03017
242,3,14,2009,27.32378
242,3,14,2010,27.55641
242,3,14,2011,27.82539
242,3,14,2012,28.0725
242,3,14,2013,28.28661
242,3,14,2014,28.47867
242,3,14,2015,28.72113
242,3,14,2016,28.94607
242,3,14,2017,29.13107
242,3,14,2018,29.4577
242,3,14,2019,29.60578
243,1,14,1950,22.97632
243,1,14,1951,23.20032
243,1,14,1952,23.4715
243,1,14,1953,23.7403
243,1,14,1954,23.81577
243,1,14,1955,23.9265
243,1,14,1956,24.14215
243,1,14,1957,24.29104
243,1,14,1958,24.46682
243,1,14,1959,24.63256
243,1,14,1960,24.73079
243,1,14,1961,25.02097
243,1,14,1962,24.96936
243,1,14,1963,25.33415
243,1,14,1964,25.61473
243,1,14,1965,25.83307
243,1,14,1966,25.8371
243,1,14,1967,25.89481
243,1,14,1968,25.91124
243,1,14,1969,26.01905
243,1,14,1970,26.18003
243,1,14,1971,26.63056
243,1,14,1972,26.67649
243,1,14,1973,26.7347
243,1,14,1974,27.11021
243,1,14,1975,27.25491
243,1,14,1976,27.30659
243,1,14,1977,27.6474
243,1,14,1978,27.7503
243,1,14,1979,28.19164
243,1,14,1980,28.04613
243,1,14,1981,28.0254
243,1,14,1982,27.8115
243,1,14,1983,28.08591
243,1,14,1984,28.37347
243,1,14,1985,28.15956
243,1,14,1986,27.7901
243,1,14,1987,28.16034
243,1,14,1988,28.6147
243,1,14,1989,29.0248
243,1,14,1990,29.07137
243,1,14,1991,29.2992
243,1,14,1992,29.48082
243,1,14,1993,29.52358
243,1,14,1994,29.60632
243,1,14,1995,29.74073
243,1,14,1996,29.92124
243,1,14,1997,29.97863
243,1,14,1998,30.10562
243,1,14,1999,30.2101
243,1,14,2000,30.4876
243,1,14,2001,30.54179
243,1,14,2002,30.56798
243,1,14,2003,30.4202
243,1,14,2004,30.64017
243,1,14,2005,30.77045
243,1,14,2006,30.84633
243,1,14,2007,31.16562
243,1,14,2008,31.28078
243,1,14,2009,31.39869
243,1,14,2010,31.56757
243,1,14,2011,31.70698
243,1,14,2012,31.77812
243,1,14,2013,31.79801
243,1,14,2014,31.60914
243,1,14,2015,31.58314
243,1,14,2016,32.08543
243,1,14,2017,32.46468
243,1,14,2018,32.48754
243,1,14,2019,32.61973
243,2,14,1950,27.41205
243,2,14,1951,27.62906
243,2,14,1952,27.83089
243,2,14,1953,27.97889
243,2,14,1954,28.03383
243,2,14,1955,28.34579
243,2,14,1956,28.4105
243,2,14,1957,28.51199
243,2,14,1958,28.65939
243,2,14,1959,28.7752
243,2,14,1960,28.8858
243,2,14,1961,29.21203
243,2,14,1962,29.19036
243,2,14,1963,29.56949
243,2,14,1964,29.82771
243,2,14,1965,29.92351
243,2,14,1966,29.85913
243,2,14,1967,29.85007
243,2,14,1968,29.81896
243,2,14,1969,29.85892
243,2,14,1970,29.92387
243,2,14,1971,30.22491
243,2,14,1972,30.23221
243,2,14,1973,30.28554
243,2,14,1974,30.59381
243,2,14,1975,30.83521
243,2,14,1976,30.85502
243,2,14,1977,31.05802
243,2,14,1978,31.1323
243,2,14,1979,31.3289
243,2,14,1980,31.20569
243,2,14,1981,30.92115
243,2,14,1982,30.67792
243,2,14,1983,30.81316
243,2,14,1984,31.12708
243,2,14,1985,30.82536
243,2,14,1986,30.479
243,2,14,1987,30.73589
243,2,14,1988,31.05702
243,2,14,1989,31.32133
243,2,14,1990,31.38057
243,2,14,1991,31.5563
243,2,14,1992,31.65491
243,2,14,1993,31.69267
243,2,14,1994,31.78751
243,2,14,1995,31.93595
243,2,14,1996,31.96628
243,2,14,1997,31.9992
243,2,14,1998,32.07007
243,2,14,1999,32.17373
243,2,14,2000,32.42348
243,2,14,2001,32.43625
243,2,14,2002,32.47005
243,2,14,2003,32.48899
243,2,14,2004,32.69216
243,2,14,2005,32.72973
243,2,14,2006,32.7715
243,2,14,2007,33.06135
243,2,14,2008,33.14677
243,2,14,2009,33.22557
243,2,14,2010,33.32931
243,2,14,2011,33.49452
243,2,14,2012,33.48379
243,2,14,2013,33.67786
243,2,14,2014,33.4953
243,2,14,2015,33.47671
243,2,14,2016,33.93887
243,2,14,2017,34.25104
243,2,14,2018,34.29914
243,2,14,2019,34.47113
243,3,14,1950,24.89074
243,3,14,1951,25.10262
243,3,14,1952,25.39413
243,3,14,1953,25.60102
243,3,14,1954,25.69662
243,3,14,1955,25.88049
243,3,14,1956,26.05903
243,3,14,1957,26.19212
243,3,14,1958,26.37242
243,3,14,1959,26.5182
243,3,14,1960,26.62121
243,3,14,1961,26.91623
243,3,14,1962,26.8792
243,3,14,1963,27.25184
243,3,14,1964,27.53423
243,3,14,1965,27.68842
243,3,14,1966,27.68423
243,3,14,1967,27.70907
243,3,14,1968,27.6919
243,3,14,1969,27.76231
243,3,14,1970,27.89502
243,3,14,1971,28.26607
243,3,14,1972,28.31133
243,3,14,1973,28.34654
243,3,14,1974,28.69682
243,3,14,1975,28.89474
243,3,14,1976,28.93276
243,3,14,1977,29.21961
243,3,14,1978,29.29877
243,3,14,1979,29.62496
243,3,14,1980,29.49952
243,3,14,1981,29.35571
243,3,14,1982,29.13925
243,3,14,1983,29.35301
243,3,14,1984,29.66075
243,3,14,1985,29.39317
243,3,14,1986,29.03466
243,3,14,1987,29.35675
243,3,14,1988,29.75062
243,3,14,1989,30.09353
243,3,14,1990,30.14645
243,3,14,1991,30.34517
243,3,14,1992,30.49418
243,3,14,1993,30.51891
243,3,14,1994,30.6162
243,3,14,1995,30.76171
243,3,14,1996,30.87995
243,3,14,1997,30.92279
243,3,14,1998,31.03063
243,3,14,1999,31.12092
243,3,14,2000,31.38068
243,3,14,2001,31.41396
243,3,14,2002,31.44886
243,3,14,2003,31.37621
243,3,14,2004,31.60364
243,3,14,2005,31.68106
243,3,14,2006,31.74429
243,3,14,2007,32.05694
243,3,14,2008,32.15102
243,3,14,2009,32.26044
243,3,14,2010,32.38416
243,3,14,2011,32.54017
243,3,14,2012,32.5711
243,3,14,2013,32.67081
243,3,14,2014,32.49694
243,3,14,2015,32.46756
243,3,14,2016,32.93881
243,3,14,2017,33.29104
243,3,14,2018,33.32533
243,3,14,2019,33.46216
244,1,14,1950,22.46301
244,1,14,1951,22.72664
244,1,14,1952,22.80508
244,1,14,1953,22.98796
244,1,14,1954,23.17647
244,1,14,1955,23.31203
244,1,14,1956,23.36465
244,1,14,1957,23.5316
244,1,14,1958,23.53105
244,1,14,1959,23.73974
244,1,14,1960,23.59923
244,1,14,1961,23.82947
244,1,14,1962,23.97811
244,1,14,1963,24.03577
244,1,14,1964,24.29992
244,1,14,1965,24.0633
244,1,14,1966,24.20497
244,1,14,1967,24.27562
244,1,14,1968,24.51529
244,1,14,1969,24.64023
244,1,14,1970,24.39137
244,1,14,1971,24.29908
244,1,14,1972,24.50258
244,1,14,1973,24.57322
244,1,14,1974,24.61415
244,1,14,1975,24.54084
244,1,14,1976,24.53423
244,1,14,1977,24.80039
244,1,14,1978,25.09047
244,1,14,1979,25.54614
244,1,14,1980,25.455
244,1,14,1981,25.3544
244,1,14,1982,25.86434
244,1,14,1983,25.8133
244,1,14,1984,25.78772
244,1,14,1985,25.81574
244,1,14,1986,26.01043
244,1,14,1987,26.16006
244,1,14,1988,26.1426
244,1,14,1989,26.24538
244,1,14,1990,26.36235
244,1,14,1991,26.27661
244,1,14,1992,26.51705
244,1,14,1993,26.64122
244,1,14,1994,26.85971
244,1,14,1995,27.10692
244,1,14,1996,27.08992
244,1,14,1997,26.7529
244,1,14,1998,26.93343
244,1,14,1999,27.35672
244,1,14,2000,27.41593
244,1,14,2001,27.52609
244,1,14,2002,27.71756
244,1,14,2003,27.93167
244,1,14,2004,28.51465
244,1,14,2005,28.56087
244,1,14,2006,28.54354
244,1,14,2007,28.54967
244,1,14,2008,28.57589
244,1,14,2009,28.95374
244,1,14,2010,29.16263
244,1,14,2011,29.3796
244,1,14,2012,29.54069
244,1,14,2013,29.66714
244,1,14,2014,29.9616
244,1,14,2015,30.20572
244,1,14,2016,30.50088
244,1,14,2017,30.8931
244,1,14,2018,31.26055
244,1,14,2019,31.66452
244,2,14,1950,24.37209
244,2,14,1951,24.54889
244,2,14,1952,24.69512
244,2,14,1953,24.65624
244,2,14,1954,24.84163
244,2,14,1955,24.93484
244,2,14,1956,24.87147
244,2,14,1957,24.9662
244,2,14,1958,25.04362
244,2,14,1959,25.15968
244,2,14,1960,25.14118
244,2,14,1961,25.15712
244,2,14,1962,25.20477
244,2,14,1963,25.31603
244,2,14,1964,25.44205
244,2,14,1965,25.19063
244,2,14,1966,25.24758
244,2,14,1967,25.27902
244,2,14,1968,25.35336
244,2,14,1969,25.43755
244,2,14,1970,25.30618
244,2,14,1971,25.01986
244,2,14,1972,25.20935
244,2,14,1973,25.66288
244,2,14,1974,25.83271
244,2,14,1975,25.78324
244,2,14,1976,26.17886
244,2,14,1977,26.19637
244,2,14,1978,26.5465
244,2,14,1979,27.07114
244,2,14,1980,27.34237
244,2,14,1981,27.49465
244,2,14,1982,27.61256
244,2,14,1983,27.60961
244,2,14,1984,27.59627
244,2,14,1985,27.56471
244,2,14,1986,27.81295
244,2,14,1987,27.92144
244,2,14,1988,28.03329
244,2,14,1989,28.30572
244,2,14,1990,28.44095
244,2,14,1991,28.42937
244,2,14,1992,28.39975
244,2,14,1993,28.65879
244,2,14,1994,28.98453
244,2,14,1995,29.19779
244,2,14,1996,29.26731
244,2,14,1997,29.10918
244,2,14,1998,29.16905
244,2,14,1999,29.45244
244,2,14,2000,29.67904
244,2,14,2001,29.76016
244,2,14,2002,29.94109
244,2,14,2003,30.37471
244,2,14,2004,30.90605
244,2,14,2005,30.98223
244,2,14,2006,31.03778
244,2,14,2007,31.1633
244,2,14,2008,31.34292
244,2,14,2009,31.8916
244,2,14,2010,32.1009
244,2,14,2011,32.22029
244,2,14,2012,32.30758
244,2,14,2013,32.30432
244,2,14,2014,32.35755
244,2,14,2015,32.3173
244,2,14,2016,32.57827
244,2,14,2017,33.01007
244,2,14,2018,33.28131
244,2,14,2019,33.68863
244,3,14,1950,22.94992
244,3,14,1951,23.05601
244,3,14,1952,23.18511
244,3,14,1953,23.32329
244,3,14,1954,23.4321
244,3,14,1955,23.56314
244,3,14,1956,23.64494
244,3,14,1957,23.73094
244,3,14,1958,23.6751
244,3,14,1959,23.90462
244,3,14,1960,23.83515
244,3,14,1961,23.84991
244,3,14,1962,24.03271
244,3,14,1963,24.15501
244,3,14,1964,24.3535
244,3,14,1965,24.17638
244,3,14,1966,24.20876
244,3,14,1967,24.36018
244,3,14,1968,24.57916
244,3,14,1969,24.60329
244,3,14,1970,24.45888
244,3,14,1971,24.3309
244,3,14,1972,24.58449
244,3,14,1973,24.91531
244,3,14,1974,24.97227
244,3,14,1975,24.93905
244,3,14,1976,25.09855
244,3,14,1977,25.26212
244,3,14,1978,25.60308
244,3,14,1979,26.08648
244,3,14,1980,26.16081
244,3,14,1981,26.16982
244,3,14,1982,26.50097
244,3,14,1983,26.48605
244,3,14,1984,26.43067
244,3,14,1985,26.46898
244,3,14,1986,26.6585
244,3,14,1987,26.81697
244,3,14,1988,26.82148
244,3,14,1989,27.02673
244,3,14,1990,27.12956
244,3,14,1991,27.10985
244,3,14,1992,27.21447
244,3,14,1993,27.43264
244,3,14,1994,27.66927
244,3,14,1995,27.90658
244,3,14,1996,27.94915
244,3,14,1997,27.67842
244,3,14,1998,27.81347
244,3,14,1999,28.14583
244,3,14,2000,28.32877
244,3,14,2001,28.44505
244,3,14,2002,28.61249
244,3,14,2003,28.92136
244,3,14,2004,29.48231
244,3,14,2005,29.56425
244,3,14,2006,29.5636
244,3,14,2007,29.6552
244,3,14,2008,29.72645
244,3,14,2009,30.15224
244,3,14,2010,30.40486
244,3,14,2011,30.54751
244,3,14,2012,30.73749
244,3,14,2013,30.76727
244,3,14,2014,30.93797
244,3,14,2015,31.04869
244,3,14,2016,31.2927
244,3,14,2017,31.68018
244,3,14,2018,31.88554
244,3,14,2019,32.18496
298,1,14,1950,27.19827
298,1,14,1951,27.17621
298,1,14,1952,27.20401
298,1,14,1953,27.30278
298,1,14,1954,27.19054
298,1,14,1955,27.05194
298,1,14,1956,26.95805
298,1,14,1957,26.89987
298,1,14,1958,31.01749
298,1,14,1959,31.62105
298,1,14,1960,31.5451
298,1,14,1961,31.59359
298,1,14,1962,31.49735
298,1,14,1963,31.29392
298,1,14,1964,31.21925
298,1,14,1965,30.11846
298,1,14,1966,26.19438
298,1,14,1967,28.41965
298,1,14,1968,27.66147
298,1,14,1969,27.68831
298,1,14,1970,27.7695
298,1,14,1971,27.93245
298,1,14,1972,28.13872
298,1,14,1973,28.41113
298,1,14,1974,28.31226
298,1,14,1975,26.73227
298,1,14,1976,26.91211
298,1,14,1977,27.06923
298,1,14,1978,27.19226
298,1,14,1979,28.32062
298,1,14,1980,28.63409
298,1,14,1981,28.72792
298,1,14,1982,28.83674
298,1,14,1983,28.89436
298,1,14,1984,28.8077
298,1,14,1985,28.87783
298,1,14,1986,28.72253
298,1,14,1987,28.67917
298,1,14,1988,28.59826
298,1,14,1989,28.53165
298,1,14,1990,27.76114
298,1,14,1991,27.64369
298,1,14,1992,27.68651
298,1,14,1993,27.82081
298,1,14,1994,27.90434
298,1,14,1995,27.97407
298,1,14,1996,28.06901
298,1,14,1997,28.2159
298,1,14,1998,28.29996
298,1,14,1999,28.43177
298,1,14,2000,28.53647
298,1,14,2001,28.64829
298,1,14,2002,28.6937
298,1,14,2003,28.63041
298,1,14,2004,28.78234
298,1,14,2005,28.79434
298,1,14,2006,28.87698
298,1,14,2007,29.06092
298,1,14,2008,28.92597
298,1,14,2009,28.55184
298,1,14,2010,29.10899
298,1,14,2011,29.19135
298,1,14,2012,29.3139
298,1,14,2013,29.3764
298,1,14,2014,29.51404
298,1,14,2015,29.60521
298,1,14,2016,29.69056
298,1,14,2017,29.78673
298,1,14,2018,29.88065
298,1,14,2019,30.01486
298,2,14,1950,29.88779
298,2,14,1951,29.93347
298,2,14,1952,29.95779
298,2,14,1953,29.92848
298,2,14,1954,29.89698
298,2,14,1955,29.97448
298,2,14,1956,29.86481
298,2,14,1957,29.94342
298,2,14,1958,30.02927
298,2,14,1959,30.15549
298,2,14,1960,30.32784
298,2,14,1961,30.43142
298,2,14,1962,29.16747
298,2,14,1963,29.38408
298,2,14,1964,29.7461
298,2,14,1965,29.62056
298,2,14,1966,27.1444
298,2,14,1967,29.44328
298,2,14,1968,30.56036
298,2,14,1969,31.28879
298,2,14,1970,30.76351
298,2,14,1971,30.86757
298,2,14,1972,31.71141
298,2,14,1973,32.44277
298,2,14,1974,31.61116
298,2,14,1975,31.75188
298,2,14,1976,31.89755
298,2,14,1977,31.93469
298,2,14,1978,31.99631
298,2,14,1979,32.11586
298,2,14,1980,32.21077
298,2,14,1981,32.29516
298,2,14,1982,32.38728
298,2,14,1983,32.47315
298,2,14,1984,32.49489
298,2,14,1985,32.57982
298,2,14,1986,32.67855
298,2,14,1987,32.86622
298,2,14,1988,32.92957
298,2,14,1989,33.08358
298,2,14,1990,33.11538
298,2,14,1991,33.07332
298,2,14,1992,33.0606
298,2,14,1993,33.07714
298,2,14,1994,33.01328
298,2,14,1995,32.97801
298,2,14,1996,32.95266
298,2,14,1997,32.96765
298,2,14,1998,32.95315
298,2,14,1999,32.98127
298,2,14,2000,33.0052
298,2,14,2001,33.03184
298,2,14,2002,32.99399
298,2,14,2003,32.97208
298,2,14,2004,33.1038
298,2,14,2005,33.20173
298,2,14,2006,33.22952
298,2,14,2007,33.32245
298,2,14,2008,33.37503
298,2,14,2009,32.99419
298,2,14,2010,33.48469
298,2,14,2011,33.45645
298,2,14,2012,33.38605
298,2,14,2013,33.30462
298,2,14,2014,33.39444
298,2,14,2015,33.39162
298,2,14,2016,33.48459
298,2,14,2017,33.58563
298,2,14,2018,33.73122
298,2,14,2019,33.87134
298,3,14,1950,28.48585
298,3,14,1951,28.50016
298,3,14,1952,28.52965
298,3,14,1953,28.5847
298,3,14,1954,28.41935
298,3,14,1955,28.34744
298,3,14,1956,28.26291
298,3,14,1957,28.27098
298,3,14,1958,30.21407
298,3,14,1959,30.52907
298,3,14,1960,30.66093
298,3,14,1961,30.75607
298,3,14,1962,29.91766
298,3,14,1963,29.99348
298,3,14,1964,30.17792
298,3,14,1965,29.62773
298,3,14,1966,26.45955
298,3,14,1967,28.813
298,3,14,1968,28.89992
298,3,14,1969,29.24089
298,3,14,1970,29.07658
298,3,14,1971,29.16325
298,3,14,1972,29.62642
298,3,14,1973,29.94308
298,3,14,1974,29.50725
298,3,14,1975,28.6703
298,3,14,1976,28.83275
298,3,14,1977,28.94299
298,3,14,1978,29.11837
298,3,14,1979,29.74138
298,3,14,1980,29.9887
298,3,14,1981,30.11564
298,3,14,1982,30.2124
298,3,14,1983,30.28758
298,3,14,1984,30.26966
298,3,14,1985,30.41103
298,3,14,1986,30.35143
298,3,14,1987,30.45137
298,3,14,1988,30.40629
298,3,14,1989,30.47113
298,3,14,1990,30.08809
298,3,14,1991,29.97789
298,3,14,1992,29.95458
298,3,14,1993,30.0659
298,3,14,1994,30.09093
298,3,14,1995,30.08771
298,3,14,1996,30.16494
298,3,14,1997,30.21959
298,3,14,1998,30.28879
298,3,14,1999,30.36042
298,3,14,2000,30.4077
298,3,14,2001,30.45184
298,3,14,2002,30.45585
298,3,14,2003,30.44512
298,3,14,2004,30.56407
298,3,14,2005,30.61494
298,3,14,2006,30.67228
298,3,14,2007,30.81582
298,3,14,2008,30.81781
298,3,14,2009,30.49251
298,3,14,2010,31.0255
298,3,14,2011,31.03986
298,3,14,2012,31.05779
298,3,14,2013,31.07419
298,3,14,2014,31.23498
298,3,14,2015,31.30348
298,3,14,2016,31.47226
298,3,14,2017,31.58218
298,3,14,2018,31.70067
298,3,14,2019,31.87147
305,1,14,1950,25.2129
305,1,14,1951,25.82582
305,1,14,1952,25.88845
305,1,14,1953,26.16599
305,1,14,1954,27.1011
305,1,14,1955,26.44123
305,1,14,1956,25.39747
305,1,14,1957,25.61793
305,1,14,1958,26.11467
305,1,14,1959,25.75385
305,1,14,1960,25.566
305,1,14,1961,26.00455
305,1,14,1962,26.3805
305,1,14,1963,26.17692
305,1,14,1964,26.03418
305,1,14,1965,27.3973
305,1,14,1966,27.2954
305,1,14,1967,27.29976
305,1,14,1968,27.29431
305,1,14,1969,27.20623
305,1,14,1970,27.22796
305,1,14,1971,27.46604
305,1,14,1972,27.82573
305,1,14,1973,28.02257
305,1,14,1974,27.97364
305,1,14,1975,28.15754
305,1,14,1976,28.27297
305,1,14,1977,28.40134
305,1,14,1978,28.48549
305,1,14,1979,28.50579
305,1,14,1980,28.5116
305,1,14,1981,28.26854
305,1,14,1982,27.94393
305,1,14,1983,27.97624
305,1,14,1984,27.93768
305,1,14,1985,27.85047
305,1,14,1986,27.82879
305,1,14,1987,27.90991
305,1,14,1988,28.04847
305,1,14,1989,28.10771
305,1,14,1990,28.04357
305,1,14,1991,28.60909
305,1,14,1992,29.41547
305,1,14,1993,29.50956
305,1,14,1994,29.96194
305,1,14,1995,30.79645
305,1,14,1996,30.67325
305,1,14,1997,31.58079
305,1,14,1998,31.9767
305,1,14,1999,32.15654
305,1,14,2000,32.0927
305,1,14,2001,32.82545
305,1,14,2002,33.04048
305,1,14,2003,33.16324
305,1,14,2004,33.39373
305,1,14,2005,33.54542
305,1,14,2006,33.53471
305,1,14,2007,33.72437
305,1,14,2008,33.83601
305,1,14,2009,34.04237
305,1,14,2010,34.1658
305,1,14,2011,34.32439
305,1,14,2012,34.38291
305,1,14,2013,34.52971
305,1,14,2014,34.56654
305,1,14,2015,34.75158
305,1,14,2016,35.07494
305,1,14,2017,35.28584
305,1,14,2018,35.48767
305,1,14,2019,35.59891
305,2,14,1950,28.97835
305,2,14,1951,29.4222
305,2,14,1952,29.43753
305,2,14,1953,29.4912
305,2,14,1954,30.13203
305,2,14,1955,30.3804
305,2,14,1956,30.8349
305,2,14,1957,31.29353
305,2,14,1958,31.50917
305,2,14,1959,31.2573
305,2,14,1960,30.97463
305,2,14,1961,31.26714
305,2,14,1962,31.43349
305,2,14,1963,31.57736
305,2,14,1964,31.7147
305,2,14,1965,31.86179
305,2,14,1966,32.10916
305,2,14,1967,32.36871
305,2,14,1968,32.60034
305,2,14,1969,32.8855
305,2,14,1970,33.13124
305,2,14,1971,33.38563
305,2,14,1972,33.78611
305,2,14,1973,34.06996
305,2,14,1974,34.36758
305,2,14,1975,34.57799
305,2,14,1976,34.89496
305,2,14,1977,35.1472
305,2,14,1978,35.36073
305,2,14,1979,35.57861
305,2,14,1980,35.72751
305,2,14,1981,35.74907
305,2,14,1982,35.58444
305,2,14,1983,35.57057
305,2,14,1984,35.36014
305,2,14,1985,35.18843
305,2,14,1986,35.04422
305,2,14,1987,35.10971
305,2,14,1988,35.15349
305,2,14,1989,35.18626
305,2,14,1990,34.95926
305,2,14,1991,35.21034
305,2,14,1992,35.28864
305,2,14,1993,35.31595
305,2,14,1994,35.5217
305,2,14,1995,35.97478
305,2,14,1996,35.98511
305,2,14,1997,36.48975
305,2,14,1998,36.84909
305,2,14,1999,37.16874
305,2,14,2000,37.44756
305,2,14,2001,38.1894
305,2,14,2002,38.88651
305,2,14,2003,39.54466
305,2,14,2004,40.10072
305,2,14,2005,40.39434
305,2,14,2006,40.7035
305,2,14,2007,41.01812
305,2,14,2008,41.22526
305,2,14,2009,41.38003
305,2,14,2010,41.63456
305,2,14,2011,41.81593
305,2,14,2012,42.0032
305,2,14,2013,42.09934
305,2,14,2014,42.21557
305,2,14,2015,42.29803
305,2,14,2016,42.3565
305,2,14,2017,42.47025
305,2,14,2018,42.54996
305,2,14,2019,42.62848
305,3,14,1950,27.07346
305,3,14,1951,27.57915
305,3,14,1952,27.56226
305,3,14,1953,27.66448
305,3,14,1954,28.50602
305,3,14,1955,28.27454
305,3,14,1956,27.83964
305,3,14,1957,28.18949
305,3,14,1958,28.54368
305,3,14,1959,28.19899
305,3,14,1960,27.99657
305,3,14,1961,28.40641
305,3,14,1962,28.71007
305,3,14,1963,28.63831
305,3,14,1964,28.61998
305,3,14,1965,29.40808
305,3,14,1966,29.50159
305,3,14,1967,29.62712
305,3,14,1968,29.71718
305,3,14,1969,29.81966
305,3,14,1970,29.965
305,3,14,1971,30.21469
305,3,14,1972,30.58564
305,3,14,1973,30.8727
305,3,14,1974,30.97177
305,3,14,1975,31.18409
305,3,14,1976,31.40817
305,3,14,1977,31.64354
305,3,14,1978,31.77937
305,3,14,1979,31.85628
305,3,14,1980,31.90173
305,3,14,1981,31.75432
305,3,14,1982,31.49754
305,3,14,1983,31.53528
305,3,14,1984,31.45103
305,3,14,1985,31.33426
305,3,14,1986,31.25728
305,3,14,1987,31.30268
305,3,14,1988,31.42168
305,3,14,1989,31.47906
305,3,14,1990,31.36811
305,3,14,1991,31.7993
305,3,14,1992,32.30956
305,3,14,1993,32.37981
305,3,14,1994,32.71696
305,3,14,1995,33.40441
305,3,14,1996,33.32059
305,3,14,1997,34.04074
305,3,14,1998,34.38368
305,3,14,1999,34.66933
305,3,14,2000,34.76985
305,3,14,2001,35.46623
305,3,14,2002,35.88751
305,3,14,2003,36.29316
305,3,14,2004,36.69805
305,3,14,2005,36.93024
305,3,14,2006,37.1106
305,3,14,2007,37.36169
305,3,14,2008,37.52929
305,3,14,2009,37.72218
305,3,14,2010,37.93154
305,3,14,2011,38.06471
305,3,14,2012,38.15921
305,3,14,2013,38.21495
305,3,14,2014,38.2778
305,3,14,2015,38.43622
305,3,14,2016,38.68104
305,3,14,2017,38.85121
305,3,14,2018,39.02415
305,3,14,2019,39.12619
320,1,14,1950,24.07938
320,1,14,1951,24.19166
320,1,14,1952,24.36665
320,1,14,1953,24.24328
320,1,14,1954,24.0604
320,1,14,1955,24.2636
320,1,14,1956,24.71261
320,1,14,1957,25.14487
320,1,14,1958,25.6979
320,1,14,1959,26.19252
320,1,14,1960,26.38551
320,1,14,1961,25.57666
320,1,14,1962,25.92723
320,1,14,1963,26.25914
320,1,14,1964,26.56091
320,1,14,1965,26.82774
320,1,14,1966,26.93531
320,1,14,1967,27.13078
320,1,14,1968,27.29866
320,1,14,1969,27.33324
320,1,14,1970,27.5051
320,1,14,1971,27.46382
320,1,14,1972,27.45871
320,1,14,1973,27.37939
320,1,14,1974,27.18998
320,1,14,1975,26.90589
320,1,14,1976,26.56027
320,1,14,1977,26.29602
320,1,14,1978,26.25233
320,1,14,1979,26.3055
320,1,14,1980,26.32195
320,1,14,1981,26.18832
320,1,14,1982,26.23561
320,1,14,1983,26.23254
320,1,14,1984,26.36501
320,1,14,1985,26.57612
320,1,14,1986,26.91986
320,1,14,1987,26.96885
320,1,14,1988,27.26947
320,1,14,1989,27.47525
320,1,14,1990,27.02731
320,1,14,1991,27.99479
320,1,14,1992,28.23309
320,1,14,1993,28.50852
320,1,14,1994,28.67018
320,1,14,1995,28.80957
320,1,14,1996,28.99442
320,1,14,1997,27.76241
320,1,14,1998,29.36842
320,1,14,1999,29.45548
320,1,14,2000,29.7102
320,1,14,2001,29.98018
320,1,14,2002,29.99703
320,1,14,2003,30.0725
320,1,14,2004,30.15725
320,1,14,2005,30.26972
320,1,14,2006,30.55345
320,1,14,2007,30.752
320,1,14,2008,30.9332
320,1,14,2009,31.15205
320,1,14,2010,31.09639
320,1,14,2011,31.04389
320,1,14,2012,31.03579
320,1,14,2013,30.97528
320,1,14,2014,30.94949
320,1,14,2015,31.06655
320,1,14,2016,31.1883
320,1,14,2017,31.34746
320,1,14,2018,31.42098
320,1,14,2019,31.55709
320,2,14,1950,22.93007
320,2,14,1951,22.96484
320,2,14,1952,23.17746
320,2,14,1953,23.3705
320,2,14,1954,23.58732
320,2,14,1955,23.83344
320,2,14,1956,24.1307
320,2,14,1957,24.44088
320,2,14,1958,24.98248
320,2,14,1959,25.38347
320,2,14,1960,25.78751
320,2,14,1961,26.1877
320,2,14,1962,26.6114
320,2,14,1963,27.014
320,2,14,1964,27.44448
320,2,14,1965,27.84103
320,2,14,1966,28.1815
320,2,14,1967,28.55071
320,2,14,1968,28.93345
320,2,14,1969,29.35542
320,2,14,1970,29.65968
320,2,14,1971,29.89321
320,2,14,1972,30.16053
320,2,14,1973,30.31875
320,2,14,1974,30.31844
320,2,14,1975,30.35455
320,2,14,1976,30.21662
320,2,14,1977,29.96701
320,2,14,1978,30.08215
320,2,14,1979,30.20399
320,2,14,1980,30.32095
320,2,14,1981,30.64066
320,2,14,1982,30.66418
320,2,14,1983,30.85194
320,2,14,1984,30.98949
320,2,14,1985,31.09603
320,2,14,1986,31.33711
320,2,14,1987,31.28903
320,2,14,1988,31.80439
320,2,14,1989,32.11252
320,2,14,1990,31.74418
320,2,14,1991,32.78695
320,2,14,1992,33.11673
320,2,14,1993,33.43989
320,2,14,1994,33.63644
320,2,14,1995,33.84687
320,2,14,1996,34.07191
320,2,14,1997,32.73986
320,2,14,1998,34.47082
320,2,14,1999,34.56288
320,2,14,2000,34.77413
320,2,14,2001,35.03018
320,2,14,2002,35.15774
320,2,14,2003,35.26588
320,2,14,2004,35.35198
320,2,14,2005,35.47608
320,2,14,2006,35.64577
320,2,14,2007,35.80423
320,2,14,2008,35.98459
320,2,14,2009,36.15663
320,2,14,2010,36.27105
320,2,14,2011,36.31273
320,2,14,2012,36.39457
320,2,14,2013,36.54325
320,2,14,2014,36.61003
320,2,14,2015,36.69146
320,2,14,2016,36.80144
320,2,14,2017,36.91752
320,2,14,2018,37.01101
320,2,14,2019,37.10756
320,3,14,1950,23.52805
320,3,14,1951,23.60242
320,3,14,1952,23.74641
320,3,14,1953,23.8034
320,3,14,1954,23.82398
320,3,14,1955,24.08952
320,3,14,1956,24.44956
320,3,14,1957,24.8363
320,3,14,1958,25.42229
320,3,14,1959,25.84563
320,3,14,1960,26.15149
320,3,14,1961,25.80467
320,3,14,1962,26.17419
320,3,14,1963,26.4964
320,3,14,1964,26.93207
320,3,14,1965,27.25767
320,3,14,1966,27.49541
320,3,14,1967,27.73299
320,3,14,1968,27.952
320,3,14,1969,28.11642
320,3,14,1970,28.27941
320,3,14,1971,28.41453
320,3,14,1972,28.51059
320,3,14,1973,28.49746
320,3,14,1974,28.36131
320,3,14,1975,28.17424
320,3,14,1976,27.91004
320,3,14,1977,27.57927
320,3,14,1978,27.61288
320,3,14,1979,27.61905
320,3,14,1980,27.67361
320,3,14,1981,27.75025
320,3,14,1982,27.85415
320,3,14,1983,27.95427
320,3,14,1984,28.17023
320,3,14,1985,28.3973
320,3,14,1986,28.73501
320,3,14,1987,28.73703
320,3,14,1988,29.09291
320,3,14,1989,29.37622
320,3,14,1990,28.9387
320,3,14,1991,29.94102
320,3,14,1992,30.23483
320,3,14,1993,30.54123
320,3,14,1994,30.76147
320,3,14,1995,30.95437
320,3,14,1996,31.10557
320,3,14,1997,29.78862
320,3,14,1998,31.41337
320,3,14,1999,31.5021
320,3,14,2000,31.62895
320,3,14,2001,31.89126
320,3,14,2002,32.04465
320,3,14,2003,32.20015
320,3,14,2004,32.3297
320,3,14,2005,32.48237
320,3,14,2006,32.72969
320,3,14,2007,32.88682
320,3,14,2008,33.1092
320,3,14,2009,33.23677
320,3,14,2010,33.27472
320,3,14,2011,33.29441
320,3,14,2012,33.34348
320,3,14,2013,33.41542
320,3,14,2014,33.52645
320,3,14,2015,33.61896
320,3,14,2016,33.71317
320,3,14,2017,33.9128
320,3,14,2018,33.99956
320,3,14,2019,34.13995
349,1,14,1950,22.66809
349,1,14,1951,22.84613
349,1,14,1952,22.87732
349,1,14,1953,23.07609
349,1,14,1954,23.29154
349,1,14,1955,23.51746
349,1,14,1956,23.86292
349,1,14,1957,24.32269
349,1,14,1958,24.71873
349,1,14,1959,25.05144
349,1,14,1960,25.25337
349,1,14,1961,24.33962
349,1,14,1962,24.36708
349,1,14,1963,25.36263
349,1,14,1964,25.75864
349,1,14,1965,26.02599
349,1,14,1966,26.26351
349,1,14,1967,26.58012
349,1,14,1968,26.77757
349,1,14,1969,26.99406
349,1,14,1970,27.02642
349,1,14,1971,27.11618
349,1,14,1972,27.11727
349,1,14,1973,26.80021
349,1,14,1974,25.7284
349,1,14,1975,25.60892
349,1,14,1976,25.46236
349,1,14,1977,25.36275
349,1,14,1978,25.4116
349,1,14,1979,25.54832
349,1,14,1980,25.71163
349,1,14,1981,25.78132
349,1,14,1982,25.86065
349,1,14,1983,25.86731
349,1,14,1984,25.91819
349,1,14,1985,25.95917
349,1,14,1986,25.99652
349,1,14,1987,26.04208
349,1,14,1988,26.13021
349,1,14,1989,26.16692
349,1,14,1990,26.15899
349,1,14,1991,26.37894
349,1,14,1992,26.64344
349,1,14,1993,26.83787
349,1,14,1994,27.06695
349,1,14,1995,27.16676
349,1,14,1996,27.39637
349,1,14,1997,27.59376
349,1,14,1998,27.72947
349,1,14,1999,27.85728
349,1,14,2000,27.98166
349,1,14,2001,28.10506
349,1,14,2002,28.28904
349,1,14,2003,28.42473
349,1,14,2004,28.57268
349,1,14,2005,28.72882
349,1,14,2006,28.80484
349,1,14,2007,29.02919
349,1,14,2008,29.26799
349,1,14,2009,29.39369
349,1,14,2010,29.47144
349,1,14,2011,29.76036
349,1,14,2012,30.05433
349,1,14,2013,30.25302
349,1,14,2014,30.55427
349,1,14,2015,30.92319
349,1,14,2016,31.17023
349,1,14,2017,31.29423
349,1,14,2018,31.46368
349,1,14,2019,31.74738
349,2,14,1950,25.21981
349,2,14,1951,25.24505
349,2,14,1952,25.24318
349,2,14,1953,25.29396
349,2,14,1954,25.54643
349,2,14,1955,25.92401
349,2,14,1956,26.44462
349,2,14,1957,26.89181
349,2,14,1958,27.40093
349,2,14,1959,27.78607
349,2,14,1960,28.19334
349,2,14,1961,28.43774
349,2,14,1962,28.65206
349,2,14,1963,28.8511
349,2,14,1964,29.10142
349,2,14,1965,29.18658
349,2,14,1966,29.30844
349,2,14,1967,29.31424
349,2,14,1968,29.42139
349,2,14,1969,29.36313
349,2,14,1970,29.19847
349,2,14,1971,29.15407
349,2,14,1972,29.0141
349,2,14,1973,28.85657
349,2,14,1974,28.72672
349,2,14,1975,28.72275
349,2,14,1976,28.80664
349,2,14,1977,28.93503
349,2,14,1978,29.06998
349,2,14,1979,29.20117
349,2,14,1980,29.32237
349,2,14,1981,29.35754
349,2,14,1982,29.39723
349,2,14,1983,29.43158
349,2,14,1984,29.46384
349,2,14,1985,29.44294
349,2,14,1986,29.4826
349,2,14,1987,29.49805
349,2,14,1988,29.47614
349,2,14,1989,29.49563
349,2,14,1990,29.4137
349,2,14,1991,29.41444
349,2,14,1992,29.31156
349,2,14,1993,28.40679
349,2,14,1994,28.17179
349,2,14,1995,28.09901
349,2,14,1996,28.1092
349,2,14,1997,28.14327
349,2,14,1998,28.37423
349,2,14,1999,28.58268
349,2,14,2000,28.83368
349,2,14,2001,29.15535
349,2,14,2002,29.39481
349,2,14,2003,30.12818
349,2,14,2004,31.54698
349,2,14,2005,31.73355
349,2,14,2006,32.0071
349,2,14,2007,32.23198
349,2,14,2008,32.49536
349,2,14,2009,32.88706
349,2,14,2010,33.27664
349,2,14,2011,33.59268
349,2,14,2012,33.91892
349,2,14,2013,34.18403
349,2,14,2014,34.41574
349,2,14,2015,34.73154
349,2,14,2016,34.92168
349,2,14,2017,35.16863
349,2,14,2018,35.3305
349,2,14,2019,35.49035
349,3,14,1950,24.01855
349,3,14,1951,24.08058
349,3,14,1952,24.04926
349,3,14,1953,24.14463
349,3,14,1954,24.36428
349,3,14,1955,24.64583
349,3,14,1956,25.04848
349,3,14,1957,25.47044
349,3,14,1958,25.86369
349,3,14,1959,26.19545
349,3,14,1960,26.4646
349,3,14,1961,26.07552
349,3,14,1962,26.21317
349,3,14,1963,26.84105
349,3,14,1964,27.19636
349,3,14,1965,27.37619
349,3,14,1966,27.52655
349,3,14,1967,27.71212
349,3,14,1968,27.84995
349,3,14,1969,27.95154
349,3,14,1970,27.9061
349,3,14,1971,27.84932
349,3,14,1972,27.77849
349,3,14,1973,27.53272
349,3,14,1974,26.92873
349,3,14,1975,26.87096
349,3,14,1976,26.84478
349,3,14,1977,26.85092
349,3,14,1978,26.9996
349,3,14,1979,27.13847
349,3,14,1980,27.31646
349,3,14,1981,27.34333
349,3,14,1982,27.43288
349,3,14,1983,27.53188
349,3,14,1984,27.54956
349,3,14,1985,27.55907
349,3,14,1986,27.54937
349,3,14,1987,27.52252
349,3,14,1988,27.53111
349,3,14,1989,27.53957
349,3,14,1990,27.44568
349,3,14,1991,27.51888
349,3,14,1992,27.5578
349,3,14,1993,27.1409
349,3,14,1994,27.11115
349,3,14,1995,27.17058
349,3,14,1996,27.32801
349,3,14,1997,27.47544
349,3,14,1998,27.66905
349,3,14,1999,27.8467
349,3,14,2000,28.09046
349,3,14,2001,28.35553
349,3,14,2002,28.54283
349,3,14,2003,28.9727
349,3,14,2004,29.69741
349,3,14,2005,29.87692
349,3,14,2006,30.09411
349,3,14,2007,30.26508
349,3,14,2008,30.4512
349,3,14,2009,30.68127
349,3,14,2010,30.89682
349,3,14,2011,31.23349
349,3,14,2012,31.56377
349,3,14,2013,31.85079
349,3,14,2014,32.07643
349,3,14,2015,32.50187
349,3,14,2016,32.70011
349,3,14,2017,33.02307
349,3,14,2018,33.19008
349,3,14,2019,33.39427
351,1,14,1950,30.23862
351,1,14,1951,30.01832
351,1,14,1952,29.16097
351,1,14,1953,28.4546
351,1,14,1954,27.77047
351,1,14,1955,27.15248
351,1,14,1956,27.22147
351,1,14,1957,27.61108
351,1,14,1958,27.53048
351,1,14,1959,27.43746
351,1,14,1960,27.30457
351,1,14,1961,27.11934
351,1,14,1962,26.94197
351,1,14,1963,26.77708
351,1,14,1964,26.42196
351,1,14,1965,26.25317
351,1,14,1966,26.44245
351,1,14,1967,26.46901
351,1,14,1968,26.32323
351,1,14,1969,26.26388
351,1,14,1970,26.61375
351,1,14,1971,26.69964
351,1,14,1972,26.66671
351,1,14,1973,26.66648
351,1,14,1974,26.80746
351,1,14,1975,27.0712
351,1,14,1976,27.20825
351,1,14,1977,27.89843
351,1,14,1978,28.71297
351,1,14,1979,29.24187
351,1,14,1980,29.08534
351,1,14,1981,29.07136
351,1,14,1982,29.07244
351,1,14,1983,29.36506
351,1,14,1984,29.52045
351,1,14,1985,29.71382
351,1,14,1986,30.27454
351,1,14,1987,30.40452
351,1,14,1988,30.5339
351,1,14,1989,30.52389
351,1,14,1990,30.55574
351,1,14,1991,30.56165
351,1,14,1992,30.73649
351,1,14,1993,30.83756
351,1,14,1994,30.7775
351,1,14,1995,31.91531
351,1,14,1996,32.95192
351,1,14,1997,29.22764
351,1,14,1998,33.36351
351,1,14,1999,33.52901
351,1,14,2000,33.50826
351,1,14,2001,33.51399
351,1,14,2002,33.59705
351,1,14,2003,34.05796
351,1,14,2004,34.00077
351,1,14,2005,33.90738
351,1,14,2006,33.85186
351,1,14,2007,33.72809
351,1,14,2008,33.6578
351,1,14,2009,33.47243
351,1,14,2010,33.545
351,1,14,2011,33.8175
351,1,14,2012,33.80855
351,1,14,2013,33.71876
351,1,14,2014,33.74108
351,1,14,2015,33.92332
351,1,14,2016,34.01561
351,1,14,2017,34.15522
351,1,14,2018,34.34401
351,1,14,2019,34.50231
351,2,14,1950,32.27958
351,2,14,1951,32.52587
351,2,14,1952,32.45387
351,2,14,1953,32.41005
351,2,14,1954,32.41792
351,2,14,1955,31.38254
351,2,14,1956,30.44704
351,2,14,1957,30.45703
351,2,14,1958,30.59336
351,2,14,1959,30.79025
351,2,14,1960,30.783
351,2,14,1961,30.65841
351,2,14,1962,30.06571
351,2,14,1963,29.57494
351,2,14,1964,29.51802
351,2,14,1965,29.97934
351,2,14,1966,29.67687
351,2,14,1967,29.10244
351,2,14,1968,29.05381
351,2,14,1969,29.33
351,2,14,1970,29.71886
351,2,14,1971,29.96932
351,2,14,1972,30.09968
351,2,14,1973,30.25478
351,2,14,1974,30.51949
351,2,14,1975,30.88666
351,2,14,1976,31.25093
351,2,14,1977,31.65412
351,2,14,1978,31.80812
351,2,14,1979,32.10548
351,2,14,1980,32.32548
351,2,14,1981,32.37339
351,2,14,1982,32.605
351,2,14,1983,32.88832
351,2,14,1984,33.08291
351,2,14,1985,33.46219
351,2,14,1986,33.64749
351,2,14,1987,33.81925
351,2,14,1988,34.03365
351,2,14,1989,34.18331
351,2,14,1990,34.02825
351,2,14,1991,33.95232
351,2,14,1992,34.01243
351,2,14,1993,34.49215
351,2,14,1994,35.47035
351,2,14,1995,35.74937
351,2,14,1996,35.97297
351,2,14,1997,33.22343
351,2,14,1998,36.26602
351,2,14,1999,36.34071
351,2,14,2000,36.39275
351,2,14,2001,36.4466
351,2,14,2002,36.48663
351,2,14,2003,36.47145
351,2,14,2004,37.65853
351,2,14,2005,39.56239
351,2,14,2006,39.80611
351,2,14,2007,39.99056
351,2,14,2008,39.9151
351,2,14,2009,39.76182
351,2,14,2010,39.89459
351,2,14,2011,39.97459
351,2,14,2012,39.50573
351,2,14,2013,39.15795
351,2,14,2014,39.06301
351,2,14,2015,39.05941
351,2,14,2016,39.13254
351,2,14,2017,39.17427
351,2,14,2018,39.26111
351,2,14,2019,38.88846
351,3,14,1950,31.14551
351,3,14,1951,31.08838
351,3,14,1952,30.66541
351,3,14,1953,30.19339
351,3,14,1954,29.73417
351,3,14,1955,28.93026
351,3,14,1956,28.60043
351,3,14,1957,28.76032
351,3,14,1958,28.72712
351,3,14,1959,28.74611
351,3,14,1960,28.66946
351,3,14,1961,28.53683
351,3,14,1962,28.21219
351,3,14,1963,27.89185
351,3,14,1964,27.69509
351,3,14,1965,27.91165
351,3,14,1966,27.8617
351,3,14,1967,27.55886
351,3,14,1968,27.44236
351,3,14,1969,27.50649
351,3,14,1970,27.82223
351,3,14,1971,28.00783
351,3,14,1972,28.03037
351,3,14,1973,28.08774
351,3,14,1974,28.29777
351,3,14,1975,28.58577
351,3,14,1976,28.8534
351,3,14,1977,29.42549
351,3,14,1978,29.94551
351,3,14,1979,30.40726
351,3,14,1980,30.42288
351,3,14,1981,30.42811
351,3,14,1982,30.54867
351,3,14,1983,30.84445
351,3,14,1984,31.10596
351,3,14,1985,31.41937
351,3,14,1986,31.80706
351,3,14,1987,31.97101
351,3,14,1988,32.1027
351,3,14,1989,32.14038
351,3,14,1990,32.07354
351,3,14,1991,32.01421
351,3,14,1992,32.07392
351,3,14,1993,32.27939
351,3,14,1994,32.71959
351,3,14,1995,33.53254
351,3,14,1996,34.1482
351,3,14,1997,30.9566
351,3,14,1998,34.53728
351,3,14,1999,34.661
351,3,14,2000,34.701
351,3,14,2001,34.78234
351,3,14,2002,34.8965
351,3,14,2003,35.21292
351,3,14,2004,35.78258
351,3,14,2005,36.54609
351,3,14,2006,36.55006
351,3,14,2007,36.53715
351,3,14,2008,36.46376
351,3,14,2009,36.31206
351,3,14,2010,36.50292
351,3,14,2011,36.7901
351,3,14,2012,36.56556
351,3,14,2013,36.2796
351,3,14,2014,36.22885
351,3,14,2015,36.30655
351,3,14,2016,36.41321
351,3,14,2017,36.53255
351,3,14,2018,36.69467
351,3,14,2019,36.64429
367,1,14,1950,28.95151
367,1,14,1951,28.72857
367,1,14,1952,28.708
367,1,14,1953,28.77067
367,1,14,1954,28.83694
367,1,14,1955,28.80189
367,1,14,1956,28.91853
367,1,14,1957,28.97863
367,1,14,1958,29.10091
367,1,14,1959,29.1068
367,1,14,1960,29.26594
367,1,14,1961,29.48653
367,1,14,1962,29.59422
367,1,14,1963,29.78149
367,1,14,1964,29.89116
367,1,14,1965,29.92815
367,1,14,1966,29.96948
367,1,14,1967,30.11752
367,1,14,1968,30.21608
367,1,14,1969,30.31339
367,1,14,1970,30.37397
367,1,14,1971,30.56541
367,1,14,1972,30.76845
367,1,14,1973,31.08198
367,1,14,1974,31.24651
367,1,14,1975,31.45941
367,1,14,1976,31.54443
367,1,14,1977,31.61373
367,1,14,1978,31.65025
367,1,14,1979,31.63596
367,1,14,1980,31.59174
367,1,14,1981,31.62493
367,1,14,1982,31.56869
367,1,14,1983,31.76965
367,1,14,1984,32.23543
367,1,14,1985,32.62993
367,1,14,1986,32.96891
367,1,14,1987,33.41828
367,1,14,1988,33.52433
367,1,14,1989,33.73882
367,1,14,1990,33.91457
367,1,14,1991,34.03284
367,1,14,1992,34.20885
367,1,14,1993,34.32026
367,1,14,1994,34.46559
367,1,14,1995,34.63658
367,1,14,1996,34.76711
367,1,14,1997,34.97085
367,1,14,1998,35.07733
367,1,14,1999,35.10239
367,1,14,2000,35.15793
367,1,14,2001,35.18596
367,1,14,2002,35.1296
367,1,14,2003,35.23023
367,1,14,2004,35.2178
367,1,14,2005,35.16388
367,1,14,2006,35.19081
367,1,14,2007,35.17488
367,1,14,2008,35.11689
367,1,14,2009,35.0915
367,1,14,2010,35.09617
367,1,14,2011,35.13471
367,1,14,2012,35.16147
367,1,14,2013,35.20855
367,1,14,2014,35.36612
367,1,14,2015,35.43419
367,1,14,2016,35.65196
367,1,14,2017,35.78546
367,1,14,2018,35.92015
367,1,14,2019,36.06264
367,2,14,1950,32.08426
367,2,14,1951,32.05191
367,2,14,1952,32.05499
367,2,14,1953,32.24236
367,2,14,1954,32.37404
367,2,14,1955,32.51985
367,2,14,1956,32.78079
367,2,14,1957,32.99097
367,2,14,1958,33.22346
367,2,14,1959,33.45165
367,2,14,1960,33.54655
367,2,14,1961,33.60153
367,2,14,1962,33.74037
367,2,14,1963,33.79276
367,2,14,1964,33.94958
367,2,14,1965,34.04121
367,2,14,1966,34.19656
367,2,14,1967,34.27311
367,2,14,1968,34.45604
367,2,14,1969,34.65074
367,2,14,1970,34.91089
367,2,14,1971,35.07804
367,2,14,1972,35.34923
367,2,14,1973,35.7231
367,2,14,1974,36.00111
367,2,14,1975,36.18897
367,2,14,1976,36.40624
367,2,14,1977,36.59774
367,2,14,1978,36.74293
367,2,14,1979,37.02783
367,2,14,1980,37.21351
367,2,14,1981,37.42328
367,2,14,1982,37.51387
367,2,14,1983,37.90497
367,2,14,1984,38.31536
367,2,14,1985,38.60581
367,2,14,1986,38.84629
367,2,14,1987,39.36367
367,2,14,1988,39.4775
367,2,14,1989,39.63171
367,2,14,1990,39.75784
367,2,14,1991,39.94758
367,2,14,1992,40.03526
367,2,14,1993,40.2057
367,2,14,1994,40.31288
367,2,14,1995,40.36791
367,2,14,1996,40.43629
367,2,14,1997,40.46311
367,2,14,1998,40.53615
367,2,14,1999,40.50349
367,2,14,2000,40.46736
367,2,14,2001,40.43265
367,2,14,2002,40.3018
367,2,14,2003,40.20609
367,2,14,2004,40.166
367,2,14,2005,40.08475
367,2,14,2006,39.94266
367,2,14,2007,39.92105
367,2,14,2008,39.62567
367,2,14,2009,39.45634
367,2,14,2010,39.3599
367,2,14,2011,39.31625
367,2,14,2012,39.30705
367,2,14,2013,39.37006
367,2,14,2014,39.48526
367,2,14,2015,39.66253
367,2,14,2016,39.9732
367,2,14,2017,40.25196
367,2,14,2018,40.29478
367,2,14,2019,40.59095
367,3,14,1950,30.45244
367,3,14,1951,30.39054
367,3,14,1952,30.47038
367,3,14,1953,30.58885
367,3,14,1954,30.67153
367,3,14,1955,30.76707
367,3,14,1956,30.84182
367,3,14,1957,30.98668
367,3,14,1958,31.10937
367,3,14,1959,31.22223
367,3,14,1960,31.34528
367,3,14,1961,31.45703
367,3,14,1962,31.58292
367,3,14,1963,31.66312
367,3,14,1964,31.80543
367,3,14,1965,31.991
367,3,14,1966,32.12853
367,3,14,1967,32.23498
367,3,14,1968,32.38345
367,3,14,1969,32.54208
367,3,14,1970,32.75438
367,3,14,1971,32.97524
367,3,14,1972,33.21992
367,3,14,1973,33.55278
367,3,14,1974,33.80041
367,3,14,1975,34.01231
367,3,14,1976,34.13726
367,3,14,1977,34.29267
367,3,14,1978,34.34204
367,3,14,1979,34.43866
367,3,14,1980,34.514
367,3,14,1981,34.57556
367,3,14,1982,34.62538
367,3,14,1983,34.85116
367,3,14,1984,35.33398
367,3,14,1985,35.7158
367,3,14,1986,36.03543
367,3,14,1987,36.42415
367,3,14,1988,36.67007
367,3,14,1989,36.78888
367,3,14,1990,36.95385
367,3,14,1991,37.08182
367,3,14,1992,37.20373
367,3,14,1993,37.25709
367,3,14,1994,37.40024
367,3,14,1995,37.5513
367,3,14,1996,37.69519
367,3,14,1997,37.83034
367,3,14,1998,37.84525
367,3,14,1999,37.8684
367,3,14,2000,37.85435
367,3,14,2001,37.86109
367,3,14,2002,37.79073
367,3,14,2003,37.76592
367,3,14,2004,37.7034
367,3,14,2005,37.64053
367,3,14,2006,37.56143
367,3,14,2007,37.57487
367,3,14,2008,37.36136
367,3,14,2009,37.24475
367,3,14,2010,37.15387
367,3,14,2011,37.14525
367,3,14,2012,37.11446
367,3,14,2013,37.16789
367,3,14,2014,37.26768
367,3,14,2015,37.43164
367,3,14,2016,37.72459
367,3,14,2017,37.89988
367,3,14,2018,38.10662
367,3,14,2019,38.28677
369,1,14,1950,26.83989
369,1,14,1951,26.92944
369,1,14,1952,26.91588
369,1,14,1953,26.91088
369,1,14,1954,26.8801
369,1,14,1955,26.95061
369,1,14,1956,27.00988
369,1,14,1957,27.04734
369,1,14,1958,27.12985
369,1,14,1959,27.21436
369,1,14,1960,27.24573
369,1,14,1961,27.25179
369,1,14,1962,27.18465
369,1,14,1963,27.15212
369,1,14,1964,27.20452
369,1,14,1965,27.18631
369,1,14,1966,26.97492
369,1,14,1967,26.91494
369,1,14,1968,26.77306
369,1,14,1969,26.61856
369,1,14,1970,26.49903
369,1,14,1971,26.30548
369,1,14,1972,26.19006
369,1,14,1973,26.10394
369,1,14,1974,26.02754
369,1,14,1975,26.01708
369,1,14,1976,25.95989
369,1,14,1977,25.92938
369,1,14,1978,25.85519
369,1,14,1979,25.82993
369,1,14,1980,25.64981
369,1,14,1981,25.50837
369,1,14,1982,25.41412
369,1,14,1983,25.25636
369,1,14,1984,25.10171
369,1,14,1985,24.93753
369,1,14,1986,24.868
369,1,14,1987,24.7383
369,1,14,1988,24.60696
369,1,14,1989,24.4732
369,1,14,1990,24.40449
369,1,14,1991,24.32236
369,1,14,1992,24.04465
369,1,14,1993,23.87157
369,1,14,1994,23.70506
369,1,14,1995,23.4594
369,1,14,1996,23.09848
369,1,14,1997,22.86543
369,1,14,1998,22.74781
369,1,14,1999,22.51351
369,1,14,2000,22.47261
369,1,14,2001,22.3833
369,1,14,2002,22.21087
369,1,14,2003,22.26012
369,1,14,2004,22.1982
369,1,14,2005,22.31216
369,1,14,2006,22.46175
369,1,14,2007,22.46951
369,1,14,2008,22.57876
369,1,14,2009,22.71446
369,1,14,2010,22.9648
369,1,14,2011,23.26089
369,1,14,2012,23.50422
369,1,14,2013,23.82283
369,1,14,2014,24.11124
369,1,14,2015,24.3064
369,1,14,2016,24.50782
369,1,14,2017,24.73626
369,1,14,2018,24.90744
369,1,14,2019,24.97175
369,2,14,1950,26.60693
369,2,14,1951,26.72023
369,2,14,1952,26.7496
369,2,14,1953,26.6532
369,2,14,1954,26.66125
369,2,14,1955,26.6493
369,2,14,1956,26.73698
369,2,14,1957,26.71062
369,2,14,1958,26.68652
369,2,14,1959,26.6913
369,2,14,1960,26.67584
369,2,14,1961,26.71144
369,2,14,1962,26.71326
369,2,14,1963,26.84023
369,2,14,1964,26.83815
369,2,14,1965,26.83159
369,2,14,1966,27.06641
369,2,14,1967,27.63984
369,2,14,1968,27.66261
369,2,14,1969,27.67074
369,2,14,1970,27.6455
369,2,14,1971,27.68494
369,2,14,1972,27.78321
369,2,14,1973,27.85408
369,2,14,1974,27.93921
369,2,14,1975,28.01102
369,2,14,1976,28.17912
369,2,14,1977,28.23021
369,2,14,1978,28.32181
369,2,14,1979,28.42628
369,2,14,1980,28.45892
369,2,14,1981,28.5803
369,2,14,1982,28.58253
369,2,14,1983,28.62568
369,2,14,1984,28.57114
369,2,14,1985,28.59757
369,2,14,1986,28.57841
369,2,14,1987,28.47445
369,2,14,1988,28.4066
369,2,14,1989,28.33066
369,2,14,1990,28.29717
369,2,14,1991,28.12636
369,2,14,1992,27.90493
369,2,14,1993,27.86472
369,2,14,1994,27.50056
369,2,14,1995,27.37055
369,2,14,1996,27.07783
369,2,14,1997,26.8097
369,2,14,1998,26.53972
369,2,14,1999,26.43065
369,2,14,2000,26.38518
369,2,14,2001,26.28013
369,2,14,2002,26.3228
369,2,14,2003,26.33844
369,2,14,2004,26.27866
369,2,14,2005,26.36459
369,2,14,2006,26.46252
369,2,14,2007,26.51203
369,2,14,2008,26.57861
369,2,14,2009,26.69728
369,2,14,2010,26.7963
369,2,14,2011,26.98409
369,2,14,2012,27.16408
369,2,14,2013,27.35918
369,2,14,2014,27.59505
369,2,14,2015,27.82056
369,2,14,2016,28.04007
369,2,14,2017,28.17054
369,2,14,2018,28.30503
369,2,14,2019,28.52202
369,3,14,1950,26.78988
369,3,14,1951,26.89176
369,3,14,1952,26.84599
369,3,14,1953,26.8229
369,3,14,1954,26.84897
369,3,14,1955,26.79567
369,3,14,1956,26.85196
369,3,14,1957,26.91625
369,3,14,1958,26.95144
369,3,14,1959,26.97761
369,3,14,1960,27.01777
369,3,14,1961,27.00393
369,3,14,1962,26.96394
369,3,14,1963,26.98495
369,3,14,1964,27.03862
369,3,14,1965,26.93423
369,3,14,1966,26.92399
369,3,14,1967,27.02438
369,3,14,1968,26.79328
369,3,14,1969,26.59901
369,3,14,1970,26.47583
369,3,14,1971,26.37084
369,3,14,1972,26.35313
369,3,14,1973,26.32274
369,3,14,1974,26.2618
369,3,14,1975,26.25256
369,3,14,1976,26.30269
369,3,14,1977,26.35125
369,3,14,1978,26.38089
369,3,14,1979,26.38607
369,3,14,1980,26.40794
369,3,14,1981,26.35789
369,3,14,1982,26.35875
369,3,14,1983,26.28528
369,3,14,1984,26.20817
369,3,14,1985,26.18712
369,3,14,1986,26.16998
369,3,14,1987,26.13844
369,3,14,1988,26.16628
369,3,14,1989,26.04216
369,3,14,1990,25.98574
369,3,14,1991,25.77801
369,3,14,1992,25.60551
369,3,14,1993,25.48396
369,3,14,1994,25.31431
369,3,14,1995,24.98402
369,3,14,1996,24.73489
369,3,14,1997,24.45348
369,3,14,1998,24.2742
369,3,14,1999,24.08859
369,3,14,2000,24.0576
369,3,14,2001,24.0316
369,3,14,2002,23.9036
369,3,14,2003,23.90118
369,3,14,2004,23.95188
369,3,14,2005,24.02892
369,3,14,2006,24.12075
369,3,14,2007,24.17249
369,3,14,2008,24.30215
369,3,14,2009,24.44231
369,3,14,2010,24.64571
369,3,14,2011,24.92862
369,3,14,2012,25.11895
369,3,14,2013,25.34081
369,3,14,2014,25.5747
369,3,14,2015,25.71167
369,3,14,2016,25.8379
369,3,14,2017,26.03444
369,3,14,2018,26.11295
369,3,14,2019,26.23822
374,1,14,1950,25.22518
374,1,14,1951,25.26059
374,1,14,1952,25.37597
374,1,14,1953,25.4682
374,1,14,1954,25.7773
374,1,14,1955,26.02362
374,1,14,1956,26.28878
374,1,14,1957,26.55952
374,1,14,1958,26.80345
374,1,14,1959,27.07599
374,1,14,1960,27.11638
374,1,14,1961,27.02114
374,1,14,1962,26.88241
374,1,14,1963,26.81354
374,1,14,1964,26.72935
374,1,14,1965,26.62632
374,1,14,1966,26.54305
374,1,14,1967,26.47386
374,1,14,1968,26.23361
374,1,14,1969,26.30297
374,1,14,1970,26.32662
374,1,14,1971,26.31136
374,1,14,1972,26.18831
374,1,14,1973,25.9916
374,1,14,1974,26.24581
374,1,14,1975,26.43141
374,1,14,1976,26.5284
374,1,14,1977,26.66804
374,1,14,1978,26.78718
374,1,14,1979,26.93845
374,1,14,1980,27.17555
374,1,14,1981,27.14232
374,1,14,1982,27.20704
374,1,14,1983,27.36252
374,1,14,1984,27.4087
374,1,14,1985,27.366
374,1,14,1986,27.40188
374,1,14,1987,27.42183
374,1,14,1988,27.42808
374,1,14,1989,27.28764
374,1,14,1990,27.1644
374,1,14,1991,27.11409
374,1,14,1992,27.09435
374,1,14,1993,27.08602
374,1,14,1994,26.97456
374,1,14,1995,26.89903
374,1,14,1996,26.82727
374,1,14,1997,26.76046
374,1,14,1998,26.77447
374,1,14,1999,26.30949
374,1,14,2000,26.92613
374,1,14,2001,26.98449
374,1,14,2002,27.05607
374,1,14,2003,27.13213
374,1,14,2004,27.00953
374,1,14,2005,27.27658
374,1,14,2006,27.40401
374,1,14,2007,27.58878
374,1,14,2008,27.78975
374,1,14,2009,28.0657
374,1,14,2010,28.21189
374,1,14,2011,28.23489
374,1,14,2012,28.31829
374,1,14,2013,28.36921
374,1,14,2014,28.50177
374,1,14,2015,28.49556
374,1,14,2016,28.5744
374,1,14,2017,28.65183
374,1,14,2018,28.79751
374,1,14,2019,28.86273
374,2,14,1950,27.68882
374,2,14,1951,27.8499
374,2,14,1952,28.11579
374,2,14,1953,28.46508
374,2,14,1954,28.79902
374,2,14,1955,28.86679
374,2,14,1956,29.11474
374,2,14,1957,29.28088
374,2,14,1958,29.55215
374,2,14,1959,29.88347
374,2,14,1960,30.10927
374,2,14,1961,30.33076
374,2,14,1962,30.51135
374,2,14,1963,30.84654
374,2,14,1964,31.11384
374,2,14,1965,31.40792
374,2,14,1966,31.52817
374,2,14,1967,31.73938
374,2,14,1968,31.83319
374,2,14,1969,32.20443
374,2,14,1970,32.46196
374,2,14,1971,32.75577
374,2,14,1972,33.13756
374,2,14,1973,33.61564
374,2,14,1974,33.46546
374,2,14,1975,33.45705
374,2,14,1976,33.43925
374,2,14,1977,33.40331
374,2,14,1978,33.36574
374,2,14,1979,33.36024
374,2,14,1980,33.38526
374,2,14,1981,33.22716
374,2,14,1982,33.11697
374,2,14,1983,33.02097
374,2,14,1984,32.96099
374,2,14,1985,32.92251
374,2,14,1986,32.93162
374,2,14,1987,32.92937
374,2,14,1988,32.89423
374,2,14,1989,32.66214
374,2,14,1990,32.38655
374,2,14,1991,32.18721
374,2,14,1992,31.92344
374,2,14,1993,31.85218
374,2,14,1994,31.90874
374,2,14,1995,31.94434
374,2,14,1996,31.96541
374,2,14,1997,31.99295
374,2,14,1998,32.15364
374,2,14,1999,31.7933
374,2,14,2000,32.35513
374,2,14,2001,32.43561
374,2,14,2002,32.46567
374,2,14,2003,32.56551
374,2,14,2004,32.34425
374,2,14,2005,32.61864
374,2,14,2006,32.64566
374,2,14,2007,32.69284
374,2,14,2008,32.62656
374,2,14,2009,32.8801
374,2,14,2010,33.04223
374,2,14,2011,33.1714
374,2,14,2012,33.31029
374,2,14,2013,33.39085
374,2,14,2014,33.50254
374,2,14,2015,33.6183
374,2,14,2016,33.62919
374,2,14,2017,33.69668
374,2,14,2018,33.6987
374,2,14,2019,33.81939
374,3,14,1950,26.44903
374,3,14,1951,26.51797
374,3,14,1952,26.71824
374,3,14,1953,26.98536
374,3,14,1954,27.35927
374,3,14,1955,27.47952
374,3,14,1956,27.70061
374,3,14,1957,27.96715
374,3,14,1958,28.21088
374,3,14,1959,28.51861
374,3,14,1960,28.65776
374,3,14,1961,28.70641
374,3,14,1962,28.72427
374,3,14,1963,28.84681
374,3,14,1964,28.96162
374,3,14,1965,29.09109
374,3,14,1966,29.101
374,3,14,1967,29.17793
374,3,14,1968,29.07519
374,3,14,1969,29.25982
374,3,14,1970,29.44449
374,3,14,1971,29.63451
374,3,14,1972,29.7944
374,3,14,1973,29.86433
374,3,14,1974,30.00991
374,3,14,1975,30.08428
374,3,14,1976,30.06739
374,3,14,1977,30.16745
374,3,14,1978,30.25059
374,3,14,1979,30.31006
374,3,14,1980,30.37448
374,3,14,1981,30.31046
374,3,14,1982,30.2325
374,3,14,1983,30.2613
374,3,14,1984,30.23139
374,3,14,1985,30.17379
374,3,14,1986,30.17949
374,3,14,1987,30.21882
374,3,14,1988,30.17572
374,3,14,1989,29.92869
374,3,14,1990,29.62235
374,3,14,1991,29.43577
374,3,14,1992,29.2613
374,3,14,1993,29.20442
374,3,14,1994,29.21281
374,3,14,1995,29.23305
374,3,14,1996,29.25005
374,3,14,1997,29.26687
374,3,14,1998,29.3889
374,3,14,1999,28.94389
374,3,14,2000,29.54213
374,3,14,2001,29.58098
374,3,14,2002,29.63429
374,3,14,2003,29.71103
374,3,14,2004,29.51091
374,3,14,2005,29.82134
374,3,14,2006,29.86397
374,3,14,2007,29.98094
374,3,14,2008,30.00626
374,3,14,2009,30.22836
374,3,14,2010,30.43132
374,3,14,2011,30.53005
374,3,14,2012,30.6623
374,3,14,2013,30.74165
374,3,14,2014,30.86206
374,3,14,2015,30.94169
374,3,14,2016,31.06212
374,3,14,2017,31.15107
374,3,14,2018,31.17589
374,3,14,2019,31.31485
376,1,14,1950,27.44984
376,1,14,1951,27.51255
376,1,14,1952,27.62693
376,1,14,1953,27.69425
376,1,14,1954,27.65866
376,1,14,1955,27.61642
376,1,14,1956,27.62967
376,1,14,1957,27.60749
376,1,14,1958,27.64396
376,1,14,1959,27.59897
376,1,14,1960,27.52851
376,1,14,1961,27.50821
376,1,14,1962,27.54703
376,1,14,1963,27.59122
376,1,14,1964,27.62417
376,1,14,1965,27.67631
376,1,14,1966,27.73519
376,1,14,1967,27.7901
376,1,14,1968,27.85275
376,1,14,1969,27.93435
376,1,14,1970,28.01153
376,1,14,1971,28.07175
376,1,14,1972,28.12353
376,1,14,1973,28.17833
376,1,14,1974,28.25196
376,1,14,1975,28.35529
376,1,14,1976,28.4057
376,1,14,1977,28.63359
376,1,14,1978,28.68178
376,1,14,1979,28.85077
376,1,14,1980,28.84637
376,1,14,1981,28.80738
376,1,14,1982,28.75237
376,1,14,1983,28.77481
376,1,14,1984,28.86877
376,1,14,1985,29.1182
376,1,14,1986,29.26691
376,1,14,1987,29.4061
376,1,14,1988,29.46475
376,1,14,1989,29.48165
376,1,14,1990,29.37625
376,1,14,1991,29.36592
376,1,14,1992,29.44088
376,1,14,1993,29.54831
376,1,14,1994,29.60471
376,1,14,1995,29.68112
376,1,14,1996,29.67704
376,1,14,1997,29.59879
376,1,14,1998,29.53508
376,1,14,1999,29.69142
376,1,14,2000,29.82505
376,1,14,2001,30.02124
376,1,14,2002,29.96104
376,1,14,2003,29.8388
376,1,14,2004,29.75104
376,1,14,2005,29.66235
376,1,14,2006,29.72883
376,1,14,2007,29.7322
376,1,14,2008,29.68699
376,1,14,2009,29.54475
376,1,14,2010,29.47417
376,1,14,2011,29.4661
376,1,14,2012,29.35477
376,1,14,2013,29.36359
376,1,14,2014,29.42723
376,1,14,2015,29.42275
376,1,14,2016,29.44383
376,1,14,2017,29.62131
376,1,14,2018,29.82352
376,1,14,2019,30.03879
376,2,14,1950,30.49947
376,2,14,1951,30.55335
376,2,14,1952,30.61907
376,2,14,1953,30.57557
376,2,14,1954,30.6193
376,2,14,1955,30.66069
376,2,14,1956,30.60717
376,2,14,1957,30.56841
376,2,14,1958,30.54786
376,2,14,1959,30.52363
376,2,14,1960,30.45891
376,2,14,1961,30.43979
376,2,14,1962,30.48858
376,2,14,1963,30.54081
376,2,14,1964,30.5791
376,2,14,1965,30.61841
376,2,14,1966,30.68956
376,2,14,1967,30.79331
376,2,14,1968,30.81707
376,2,14,1969,30.83057
376,2,14,1970,30.91164
376,2,14,1971,30.97141
376,2,14,1972,31.00892
376,2,14,1973,31.04172
376,2,14,1974,31.14121
376,2,14,1975,31.20311
376,2,14,1976,31.27591
376,2,14,1977,31.46415
376,2,14,1978,31.56534
376,2,14,1979,31.66737
376,2,14,1980,31.60786
376,2,14,1981,31.61194
376,2,14,1982,31.62436
376,2,14,1983,31.75327
376,2,14,1984,31.86359
376,2,14,1985,31.84156
376,2,14,1986,31.89903
376,2,14,1987,31.94365
376,2,14,1988,31.96918
376,2,14,1989,31.90017
376,2,14,1990,32.03986
376,2,14,1991,32.25348
376,2,14,1992,32.53989
376,2,14,1993,32.79914
376,2,14,1994,32.9317
376,2,14,1995,33.06425
376,2,14,1996,33.16584
376,2,14,1997,33.2217
376,2,14,1998,33.29166
376,2,14,1999,33.41722
376,2,14,2000,33.70827
376,2,14,2001,33.63089
376,2,14,2002,33.74964
376,2,14,2003,33.87228
376,2,14,2004,33.923
376,2,14,2005,34.00665
376,2,14,2006,34.2105
376,2,14,2007,34.42263
376,2,14,2008,34.58964
376,2,14,2009,34.65567
376,2,14,2010,34.81506
376,2,14,2011,34.73677
376,2,14,2012,34.74587
376,2,14,2013,34.61919
376,2,14,2014,34.56981
376,2,14,2015,34.49192
376,2,14,2016,34.55888
376,2,14,2017,34.71561
376,2,14,2018,34.87952
376,2,14,2019,35.08644
376,3,14,1950,28.92867
376,3,14,1951,29.02817
376,3,14,1952,29.07762
376,3,14,1953,29.08347
376,3,14,1954,29.04534
376,3,14,1955,29.1076
376,3,14,1956,29.0597
376,3,14,1957,29.02068
376,3,14,1958,29.04237
376,3,14,1959,28.97327
376,3,14,1960,28.91271
376,3,14,1961,28.90848
376,3,14,1962,28.94369
376,3,14,1963,28.97823
376,3,14,1964,29.01269
376,3,14,1965,29.06923
376,3,14,1966,29.11691
376,3,14,1967,29.2091
376,3,14,1968,29.24715
376,3,14,1969,29.29714
376,3,14,1970,29.35574
376,3,14,1971,29.43635
376,3,14,1972,29.4782
376,3,14,1973,29.51647
376,3,14,1974,29.5763
376,3,14,1975,29.65606
376,3,14,1976,29.67456
376,3,14,1977,29.81845
376,3,14,1978,29.87229
376,3,14,1979,29.95655
376,3,14,1980,29.97298
376,3,14,1981,29.98201
376,3,14,1982,29.97521
376,3,14,1983,30.00837
376,3,14,1984,30.04799
376,3,14,1985,30.09987
376,3,14,1986,30.08509
376,3,14,1987,30.10433
376,3,14,1988,30.17059
376,3,14,1989,30.17264
376,3,14,1990,30.21694
376,3,14,1991,30.33742
376,3,14,1992,30.49278
376,3,14,1993,30.67166
376,3,14,1994,30.79392
376,3,14,1995,30.79925
376,3,14,1996,30.80681
376,3,14,1997,30.77691
376,3,14,1998,30.758
376,3,14,1999,30.8851
376,3,14,2000,31.13033
376,3,14,2001,31.2383
376,3,14,2002,31.39942
376,3,14,2003,31.48492
376,3,14,2004,31.47179
376,3,14,2005,31.50394
376,3,14,2006,31.63336
376,3,14,2007,31.72578
376,3,14,2008,31.68866
376,3,14,2009,31.68621
376,3,14,2010,31.65123
376,3,14,2011,31.62662
376,3,14,2012,31.675
376,3,14,2013,31.65216
376,3,14,2014,31.61265
376,3,14,2015,31.55754
376,3,14,2016,31.63989
376,3,14,2017,31.83453
376,3,14,2018,32.01457
376,3,14,2019,32.27048
380,1,14,1950,20.86454
380,1,14,1951,20.9888
380,1,14,1952,21.17603
380,1,14,1953,21.2578
380,1,14,1954,21.36664
380,1,14,1955,21.56963
380,1,14,1956,21.67496
380,1,14,1957,21.8738
380,1,14,1958,22.0825
380,1,14,1959,22.247
380,1,14,1960,22.30109
380,1,14,1961,22.41229
380,1,14,1962,22.64029
380,1,14,1963,22.79661
380,1,14,1964,22.92459
380,1,14,1965,23.11982
380,1,14,1966,23.29818
380,1,14,1967,23.4798
380,1,14,1968,23.6507
380,1,14,1969,23.86532
380,1,14,1970,23.98332
380,1,14,1971,24.07282
380,1,14,1972,24.24407
380,1,14,1973,24.27912
380,1,14,1974,24.36529
380,1,14,1975,24.48734
380,1,14,1976,24.55006
380,1,14,1977,24.52866
380,1,14,1978,24.49702
380,1,14,1979,24.55682
380,1,14,1980,24.59864
380,1,14,1981,24.64138
380,1,14,1982,24.71442
380,1,14,1983,24.76452
380,1,14,1984,24.7853
380,1,14,1985,24.94722
380,1,14,1986,25.04432
380,1,14,1987,25.21517
380,1,14,1988,25.33359
380,1,14,1989,25.5093
380,1,14,1990,25.69315
380,1,14,1991,25.90598
380,1,14,1992,26.0619
380,1,14,1993,26.23579
380,1,14,1994,26.6894
380,1,14,1995,26.7389
380,1,14,1996,26.68868
380,1,14,1997,26.76967
380,1,14,1998,26.78953
380,1,14,1999,26.69449
380,1,14,2000,26.81509
380,1,14,2001,26.86941
380,1,14,2002,26.83874
380,1,14,2003,26.94994
380,1,14,2004,27.03167
380,1,14,2005,26.96149
380,1,14,2006,26.91231
380,1,14,2007,26.93495
380,1,14,2008,26.96818
380,1,14,2009,26.99346
380,1,14,2010,27.00105
380,1,14,2011,27.02202
380,1,14,2012,27.06995
380,1,14,2013,27.09599
380,1,14,2014,27.1561
380,1,14,2015,27.26443
380,1,14,2016,27.31033
380,1,14,2017,27.37392
380,1,14,2018,27.45654
380,1,14,2019,27.4845
380,2,14,1950,27.02449
380,2,14,1951,27.15936
380,2,14,1952,27.33254
380,2,14,1953,27.36879
380,2,14,1954,27.47524
380,2,14,1955,27.66001
380,2,14,1956,27.75851
380,2,14,1957,27.95727
380,2,14,1958,28.15003
380,2,14,1959,28.28519
380,2,14,1960,28.34308
380,2,14,1961,28.47429
380,2,14,1962,28.60944
380,2,14,1963,28.79404
380,2,14,1964,28.90006
380,2,14,1965,29.07498
380,2,14,1966,29.256
380,2,14,1967,29.42121
380,2,14,1968,29.59264
380,2,14,1969,29.78089
380,2,14,1970,29.86763
380,2,14,1971,29.94261
380,2,14,1972,30.01856
380,2,14,1973,30.06016
380,2,14,1974,30.14149
380,2,14,1975,30.20089
380,2,14,1976,30.22838
380,2,14,1977,30.26042
380,2,14,1978,30.23683
380,2,14,1979,30.18726
380,2,14,1980,30.18616
380,2,14,1981,30.13819
380,2,14,1982,30.19802
380,2,14,1983,30.27273
380,2,14,1984,30.27261
380,2,14,1985,30.39408
380,2,14,1986,30.46529
380,2,14,1987,30.50473
380,2,14,1988,30.58885
380,2,14,1989,30.67155
380,2,14,1990,30.74568
380,2,14,1991,30.7703
380,2,14,1992,30.85392
380,2,14,1993,30.87403
380,2,14,1994,30.87631
380,2,14,1995,30.92454
380,2,14,1996,31.00542
380,2,14,1997,31.0365
380,2,14,1998,31.04959
380,2,14,1999,30.96823
380,2,14,2000,31.17041
380,2,14,2001,31.24173
380,2,14,2002,31.32897
380,2,14,2003,31.50781
380,2,14,2004,31.43273
380,2,14,2005,31.40941
380,2,14,2006,31.43414
380,2,14,2007,31.51955
380,2,14,2008,31.58619
380,2,14,2009,31.58869
380,2,14,2010,31.58751
380,2,14,2011,31.63568
380,2,14,2012,31.66882
380,2,14,2013,31.62478
380,2,14,2014,31.76006
380,2,14,2015,31.83231
380,2,14,2016,31.97141
380,2,14,2017,32.04572
380,2,14,2018,31.98937
380,2,14,2019,32.08243
380,3,14,1950,23.87521
380,3,14,1951,23.98871
380,3,14,1952,24.16997
380,3,14,1953,24.21747
380,3,14,1954,24.31337
380,3,14,1955,24.50169
380,3,14,1956,24.59472
380,3,14,1957,24.76469
380,3,14,1958,24.95975
380,3,14,1959,25.10579
380,3,14,1960,25.13432
380,3,14,1961,25.25308
380,3,14,1962,25.42912
380,3,14,1963,25.57056
380,3,14,1964,25.68308
380,3,14,1965,25.86007
380,3,14,1966,26.02444
380,3,14,1967,26.18565
380,3,14,1968,26.34323
380,3,14,1969,26.53219
380,3,14,1970,26.61946
380,3,14,1971,26.72852
380,3,14,1972,26.86866
380,3,14,1973,26.94622
380,3,14,1974,27.03933
380,3,14,1975,27.13454
380,3,14,1976,27.19858
380,3,14,1977,27.21923
380,3,14,1978,27.17295
380,3,14,1979,27.13555
380,3,14,1980,27.19328
380,3,14,1981,27.20224
380,3,14,1982,27.26845
380,3,14,1983,27.3064
380,3,14,1984,27.29698
380,3,14,1985,27.42909
380,3,14,1986,27.49949
380,3,14,1987,27.63934
380,3,14,1988,27.67619
380,3,14,1989,27.83311
380,3,14,1990,27.92124
380,3,14,1991,28.07878
380,3,14,1992,28.25306
380,3,14,1993,28.33882
380,3,14,1994,28.64631
380,3,14,1995,28.70731
380,3,14,1996,28.66934
380,3,14,1997,28.69841
380,3,14,1998,28.67994
380,3,14,1999,28.57779
380,3,14,2000,28.70666
380,3,14,2001,28.74347
380,3,14,2002,28.80118
380,3,14,2003,28.95529
380,3,14,2004,28.9857
380,3,14,2005,28.95723
380,3,14,2006,28.98573
380,3,14,2007,28.99375
380,3,14,2008,29.02581
380,3,14,2009,29.05647
380,3,14,2010,29.07477
380,3,14,2011,29.09702
380,3,14,2012,29.12811
380,3,14,2013,29.19695
380,3,14,2014,29.27706
380,3,14,2015,29.37143
380,3,14,2016,29.43599
380,3,14,2017,29.50729
380,3,14,2018,29.5517
380,3,14,2019,29.62166
385,1,14,1950,28.75331
385,1,14,1951,28.54368
385,1,14,1952,29.38064
385,1,14,1953,31.38172
385,1,14,1954,31.4168
385,1,14,1955,31.1702
385,1,14,1956,30.13458
385,1,14,1957,30.23663
385,1,14,1958,30.51537
385,1,14,1959,30.40312
385,1,14,1960,30.61236
385,1,14,1961,30.22384
385,1,14,1962,30.45875
385,1,14,1963,30.31121
385,1,14,1964,30.46489
385,1,14,1965,30.43981
385,1,14,1966,30.72344
385,1,14,1967,30.6567
385,1,14,1968,30.47115
385,1,14,1969,29.87766
385,1,14,1970,29.96395
385,1,14,1971,30.31192
385,1,14,1972,29.74383
385,1,14,1973,29.65347
385,1,14,1974,29.92632
385,1,14,1975,30.20626
385,1,14,1976,30.28082
385,1,14,1977,30.36795
385,1,14,1978,30.52998
385,1,14,1979,30.61138
385,1,14,1980,30.87712
385,1,14,1981,30.77502
385,1,14,1982,30.91749
385,1,14,1983,31.37236
385,1,14,1984,31.30846
385,1,14,1985,30.68659
385,1,14,1986,30.80956
385,1,14,1987,31.10003
385,1,14,1988,30.77778
385,1,14,1989,31.03817
385,1,14,1990,31.14738
385,1,14,1991,31.25809
385,1,14,1992,31.24242
385,1,14,1993,31.22247
385,1,14,1994,31.31656
385,1,14,1995,30.9327
385,1,14,1996,31.25981
385,1,14,1997,32.0019
385,1,14,1998,31.54346
385,1,14,1999,32.30391
385,1,14,2000,32.6753
385,1,14,2001,32.46566
385,1,14,2002,33.31922
385,1,14,2003,33.54607
385,1,14,2004,33.52908
385,1,14,2005,33.55163
385,1,14,2006,33.97899
385,1,14,2007,34.24057
385,1,14,2008,34.54501
385,1,14,2009,34.33084
385,1,14,2010,35.09789
385,1,14,2011,34.74397
385,1,14,2012,35.40193
385,1,14,2013,35.32974
385,1,14,2014,35.68889
385,1,14,2015,36.13322
385,1,14,2016,35.97539
385,1,14,2017,36.74731
385,1,14,2018,37.85123
385,1,14,2019,38.2889
385,2,14,1950,27.65202
385,2,14,1951,28.06951
385,2,14,1952,29.00775
385,2,14,1953,30.67584
385,2,14,1954,31.48025
385,2,14,1955,31.46127
385,2,14,1956,31.54694
385,2,14,1957,31.72042
385,2,14,1958,31.90023
385,2,14,1959,32.38564
385,2,14,1960,32.56528
385,2,14,1961,32.77913
385,2,14,1962,32.65538
385,2,14,1963,33.01024
385,2,14,1964,33.05622
385,2,14,1965,33.27181
385,2,14,1966,33.19495
385,2,14,1967,33.49355
385,2,14,1968,33.34204
385,2,14,1969,33.45651
385,2,14,1970,33.59342
385,2,14,1971,33.9186
385,2,14,1972,33.81812
385,2,14,1973,33.83725
385,2,14,1974,34.18807
385,2,14,1975,34.45205
385,2,14,1976,34.64677
385,2,14,1977,34.70602
385,2,14,1978,35.01375
385,2,14,1979,35.32529
385,2,14,1980,35.36755
385,2,14,1981,35.51344
385,2,14,1982,35.24643
385,2,14,1983,35.78003
385,2,14,1984,35.75566
385,2,14,1985,35.63637
385,2,14,1986,35.93094
385,2,14,1987,36.20858
385,2,14,1988,35.81201
385,2,14,1989,36.1258
385,2,14,1990,36.43843
385,2,14,1991,36.57727
385,2,14,1992,36.69773
385,2,14,1993,36.61827
385,2,14,1994,36.73852
385,2,14,1995,36.63765
385,2,14,1996,36.60964
385,2,14,1997,37.35721
385,2,14,1998,37.14495
385,2,14,1999,37.63933
385,2,14,2000,37.86449
385,2,14,2001,38.03003
385,2,14,2002,38.55138
385,2,14,2003,38.49192
385,2,14,2004,38.51967
385,2,14,2005,38.89568
385,2,14,2006,39.31366
385,2,14,2007,39.32837
385,2,14,2008,39.37896
385,2,14,2009,39.54542
385,2,14,2010,39.937
385,2,14,2011,39.64503
385,2,14,2012,40.38042
385,2,14,2013,40.21658
385,2,14,2014,40.51002
385,2,14,2015,41.27705
385,2,14,2016,40.91641
385,2,14,2017,41.43099
385,2,14,2018,42.08167
385,2,14,2019,42.30277
385,3,14,1950,27.91798
385,3,14,1951,28.09256
385,3,14,1952,28.98346
385,3,14,1953,30.78725
385,3,14,1954,31.25754
385,3,14,1955,31.18424
385,3,14,1956,30.71541
385,3,14,1957,30.85942
385,3,14,1958,31.07387
385,3,14,1959,31.23776
385,3,14,1960,31.42143
385,3,14,1961,31.30195
385,3,14,1962,31.33541
385,3,14,1963,31.40917
385,3,14,1964,31.5311
385,3,14,1965,31.64762
385,3,14,1966,31.79211
385,3,14,1967,31.96777
385,3,14,1968,31.76118
385,3,14,1969,31.51856
385,3,14,1970,31.62965
385,3,14,1971,31.97415
385,3,14,1972,31.62778
385,3,14,1973,31.59492
385,3,14,1974,31.90118
385,3,14,1975,32.18677
385,3,14,1976,32.33173
385,3,14,1977,32.40234
385,3,14,1978,32.63742
385,3,14,1979,32.83885
385,3,14,1980,32.9997
385,3,14,1981,33.01587
385,3,14,1982,32.98006
385,3,14,1983,33.48115
385,3,14,1984,33.43514
385,3,14,1985,33.058
385,3,14,1986,33.26369
385,3,14,1987,33.5658
385,3,14,1988,33.19924
385,3,14,1989,33.49199
385,3,14,1990,33.7111
385,3,14,1991,33.8502
385,3,14,1992,33.89617
385,3,14,1993,33.86842
385,3,14,1994,33.96871
385,3,14,1995,33.73166
385,3,14,1996,33.89173
385,3,14,1997,34.63365
385,3,14,1998,34.29898
385,3,14,1999,34.94503
385,3,14,2000,35.25028
385,3,14,2001,35.21641
385,3,14,2002,35.91991
385,3,14,2003,36.10065
385,3,14,2004,36.03725
385,3,14,2005,36.21611
385,3,14,2006,36.66315
385,3,14,2007,36.79771
385,3,14,2008,36.96079
385,3,14,2009,36.9423
385,3,14,2010,37.54414
385,3,14,2011,37.20177
385,3,14,2012,37.89616
385,3,14,2013,37.78924
385,3,14,2014,38.10759
385,3,14,2015,38.71306
385,3,14,2016,38.46754
385,3,14,2017,39.21255
385,3,14,2018,40.09403
385,3,14,2019,40.424
393,1,14,1950,27.68202
393,1,14,1951,28.02188
393,1,14,1952,28.38725
393,1,14,1953,28.6625
393,1,14,1954,28.95008
393,1,14,1955,29.12786
393,1,14,1956,29.248
393,1,14,1957,29.78337
393,1,14,1958,30.11005
393,1,14,1959,29.85462
393,1,14,1960,29.66839
393,1,14,1961,30.05116
393,1,14,1962,29.83819
393,1,14,1963,29.28903
393,1,14,1964,28.91074
393,1,14,1965,28.84502
393,1,14,1966,28.71364
393,1,14,1967,28.35706
393,1,14,1968,27.84979
393,1,14,1969,27.21341
393,1,14,1970,26.57241
393,1,14,1971,25.8127
393,1,14,1972,25.17076
393,1,14,1973,24.95129
393,1,14,1974,25.08477
393,1,14,1975,25.48497
393,1,14,1976,25.94267
393,1,14,1977,26.13669
393,1,14,1978,26.43258
393,1,14,1979,26.59631
393,1,14,1980,26.79267
393,1,14,1981,27.09221
393,1,14,1982,27.27313
393,1,14,1983,26.21247
393,1,14,1984,25.87348
393,1,14,1985,25.82446
393,1,14,1986,25.80492
393,1,14,1987,25.8148
393,1,14,1988,25.88272
393,1,14,1989,25.9667
393,1,14,1990,26.18289
393,1,14,1991,26.3295
393,1,14,1992,26.53081
393,1,14,1993,26.78431
393,1,14,1994,26.95145
393,1,14,1995,27.03448
393,1,14,1996,27.34825
393,1,14,1997,27.55689
393,1,14,1998,27.68108
393,1,14,1999,28.00349
393,1,14,2000,28.39244
393,1,14,2001,28.6258
393,1,14,2002,28.87321
393,1,14,2003,29.03877
393,1,14,2004,28.28067
393,1,14,2005,28.39163
393,1,14,2006,28.43185
393,1,14,2007,28.4623
393,1,14,2008,30.32967
393,1,14,2009,30.57785
393,1,14,2010,30.59784
393,1,14,2011,30.58938
393,1,14,2012,30.59861
393,1,14,2013,30.53032
393,1,14,2014,30.43354
393,1,14,2015,30.43203
393,1,14,2016,30.53601
393,1,14,2017,30.59405
393,1,14,2018,30.43609
393,1,14,2019,28.68789
393,2,14,1950,31.94279
393,2,14,1951,32.598
393,2,14,1952,32.74541
393,2,14,1953,32.82305
393,2,14,1954,32.93752
393,2,14,1955,32.77958
393,2,14,1956,32.6532
393,2,14,1957,32.25803
393,2,14,1958,31.96844
393,2,14,1959,31.89707
393,2,14,1960,31.65321
393,2,14,1961,31.77615
393,2,14,1962,32.25884
393,2,14,1963,32.21707
393,2,14,1964,31.99783
393,2,14,1965,31.97867
393,2,14,1966,31.92465
393,2,14,1967,31.8407
393,2,14,1968,31.54143
393,2,14,1969,31.29596
393,2,14,1970,30.86402
393,2,14,1971,30.56797
393,2,14,1972,30.32025
393,2,14,1973,30.20374
393,2,14,1974,30.38722
393,2,14,1975,30.78297
393,2,14,1976,31.10035
393,2,14,1977,31.28006
393,2,14,1978,29.27507
393,2,14,1979,28.49984
393,2,14,1980,28.35481
393,2,14,1981,28.29258
393,2,14,1982,28.3693
393,2,14,1983,28.39094
393,2,14,1984,28.27417
393,2,14,1985,28.21095
393,2,14,1986,28.09845
393,2,14,1987,28.23971
393,2,14,1988,28.19255
393,2,14,1989,28.16382
393,2,14,1990,28.81381
393,2,14,1991,31.23022
393,2,14,1992,31.45223
393,2,14,1993,31.7419
393,2,14,1994,31.37721
393,2,14,1995,30.92958
393,2,14,1996,31.13465
393,2,14,1997,31.40544
393,2,14,1998,31.50597
393,2,14,1999,31.79763
393,2,14,2000,32.024
393,2,14,2001,32.32346
393,2,14,2002,32.60842
393,2,14,2003,32.8943
393,2,14,2004,33.11936
393,2,14,2005,33.28084
393,2,14,2006,33.37975
393,2,14,2007,33.49051
393,2,14,2008,33.65157
393,2,14,2009,33.76171
393,2,14,2010,33.89347
393,2,14,2011,34.04881
393,2,14,2012,34.1398
393,2,14,2013,34.18219
393,2,14,2014,34.17096
393,2,14,2015,34.24862
393,2,14,2016,34.32096
393,2,14,2017,34.45414
393,2,14,2018,34.52246
393,2,14,2019,34.5779
393,3,14,1950,29.99248
393,3,14,1951,30.54225
393,3,14,1952,30.83289
393,3,14,1953,31.02562
393,3,14,1954,31.27096
393,3,14,1955,31.27245
393,3,14,1956,31.20638
393,3,14,1957,31.09792
393,3,14,1958,30.98854
393,3,14,1959,30.85699
393,3,14,1960,30.60829
393,3,14,1961,30.8337
393,3,14,1962,31.05547
393,3,14,1963,30.77135
393,3,14,1964,30.48882
393,3,14,1965,30.38817
393,3,14,1966,30.35743
393,3,14,1967,30.13871
393,3,14,1968,29.71288
393,3,14,1969,29.29752
393,3,14,1970,28.81248
393,3,14,1971,28.33121
393,3,14,1972,27.90767
393,3,14,1973,27.72453
393,3,14,1974,27.88671
393,3,14,1975,28.27594
393,3,14,1976,28.69665
393,3,14,1977,28.86848
393,3,14,1978,27.90671
393,3,14,1979,27.54277
393,3,14,1980,27.57996
393,3,14,1981,27.58827
393,3,14,1982,27.60347
393,3,14,1983,27.12666
393,3,14,1984,26.95635
393,3,14,1985,26.86561
393,3,14,1986,26.82021
393,3,14,1987,26.87922
393,3,14,1988,26.89095
393,3,14,1989,26.92286
393,3,14,1990,27.32743
393,3,14,1991,28.55853
393,3,14,1992,28.81811
393,3,14,1993,29.12093
393,3,14,1994,29.09293
393,3,14,1995,28.95932
393,3,14,1996,29.23126
393,3,14,1997,29.52277
393,3,14,1998,29.6135
393,3,14,1999,29.91076
393,3,14,2000,30.18363
393,3,14,2001,30.40737
393,3,14,2002,30.6454
393,3,14,2003,30.85159
393,3,14,2004,30.5965
393,3,14,2005,30.74582
393,3,14,2006,30.79329
393,3,14,2007,30.87901
393,3,14,2008,31.88112
393,3,14,2009,32.05168
393,3,14,2010,32.19118
393,3,14,2011,32.26986
393,3,14,2012,32.33916
393,3,14,2013,32.37479
393,3,14,2014,32.28948
393,3,14,2015,32.3335
393,3,14,2016,32.41421
393,3,14,2017,32.5047
393,3,14,2018,32.4246
393,3,14,2019,31.40346
396,1,14,1950,31.70651
396,1,14,1951,31.60508
396,1,14,1952,31.52402
396,1,14,1953,31.43298
396,1,14,1954,31.33588
396,1,14,1955,31.06996
396,1,14,1956,31.06319
396,1,14,1957,31.00829
396,1,14,1958,30.89437
396,1,14,1959,30.70592
396,1,14,1960,30.49434
396,1,14,1961,30.30519
396,1,14,1962,30.07774
396,1,14,1963,30.00927
396,1,14,1964,29.98588
396,1,14,1965,29.8097
396,1,14,1966,29.92948
396,1,14,1967,30.06752
396,1,14,1968,30.2241
396,1,14,1969,30.27205
396,1,14,1970,30.34371
396,1,14,1971,30.39694
396,1,14,1972,30.60832
396,1,14,1973,30.89291
396,1,14,1974,31.1606
396,1,14,1975,31.40729
396,1,14,1976,31.65715
396,1,14,1977,31.76473
396,1,14,1978,31.90043
396,1,14,1979,31.99486
396,1,14,1980,32.07401
396,1,14,1981,32.37101
396,1,14,1982,32.77838
396,1,14,1983,33.06328
396,1,14,1984,33.50119
396,1,14,1985,33.79538
396,1,14,1986,34.15768
396,1,14,1987,34.55608
396,1,14,1988,34.78357
396,1,14,1989,35.05627
396,1,14,1990,35.21335
396,1,14,1991,35.34898
396,1,14,1992,35.4994
396,1,14,1993,35.62082
396,1,14,1994,35.66829
396,1,14,1995,35.85875
396,1,14,1996,36.12785
396,1,14,1997,36.32192
396,1,14,1998,36.36403
396,1,14,1999,36.52385
396,1,14,2000,36.66211
396,1,14,2001,36.99512
396,1,14,2002,37.20081
396,1,14,2003,37.52567
396,1,14,2004,37.79149
396,1,14,2005,38.12803
396,1,14,2006,38.48466
396,1,14,2007,38.75417
396,1,14,2008,39.07986
396,1,14,2009,39.44183
396,1,14,2010,39.57347
396,1,14,2011,39.73965
396,1,14,2012,39.70214
396,1,14,2013,39.66932
396,1,14,2014,39.71371
396,1,14,2015,39.5915
396,1,14,2016,39.62607
396,1,14,2017,39.80809
396,1,14,2018,39.79805
396,1,14,2019,39.97471
396,2,14,1950,37.21623
396,2,14,1951,37.00723
396,2,14,1952,36.9446
396,2,14,1953,36.94677
396,2,14,1954,36.85665
396,2,14,1955,36.74563
396,2,14,1956,36.70232
396,2,14,1957,36.58382
396,2,14,1958,36.49252
396,2,14,1959,36.36072
396,2,14,1960,36.15387
396,2,14,1961,36.02306
396,2,14,1962,35.93026
396,2,14,1963,35.76977
396,2,14,1964,35.66672
396,2,14,1965,35.59727
396,2,14,1966,35.53455
396,2,14,1967,35.68125
396,2,14,1968,35.70248
396,2,14,1969,35.84915
396,2,14,1970,36.20461
396,2,14,1971,36.4865
396,2,14,1972,36.68071
396,2,14,1973,36.92582
396,2,14,1974,37.15826
396,2,14,1975,37.27561
396,2,14,1976,37.33009
396,2,14,1977,37.39397
396,2,14,1978,37.46619
396,2,14,1979,37.7159
396,2,14,1980,37.92197
396,2,14,1981,38.27971
396,2,14,1982,38.59345
396,2,14,1983,38.83684
396,2,14,1984,38.99227
396,2,14,1985,39.19618
396,2,14,1986,39.39308
396,2,14,1987,39.62783
396,2,14,1988,39.73064
396,2,14,1989,39.87835
396,2,14,1990,40.09979
396,2,14,1991,40.29162
396,2,14,1992,40.44293
396,2,14,1993,40.78905
396,2,14,1994,40.96859
396,2,14,1995,41.1369
396,2,14,1996,41.41914
396,2,14,1997,41.66459
396,2,14,1998,41.81935
396,2,14,1999,41.98244
396,2,14,2000,42.01603
396,2,14,2001,41.99388
396,2,14,2002,41.93825
396,2,14,2003,41.845
396,2,14,2004,41.77531
396,2,14,2005,41.80254
396,2,14,2006,41.95904
396,2,14,2007,42.0994
396,2,14,2008,42.25748
396,2,14,2009,42.49331
396,2,14,2010,42.68583
396,2,14,2011,42.88857
396,2,14,2012,42.84659
396,2,14,2013,42.97628
396,2,14,2014,43.03542
396,2,14,2015,43.08673
396,2,14,2016,43.19921
396,2,14,2017,43.25322
396,2,14,2018,43.34606
396,2,14,2019,43.41199
396,3,14,1950,34.41691
396,3,14,1951,34.14376
396,3,14,1952,34.0144
396,3,14,1953,34.04439
396,3,14,1954,33.98712
396,3,14,1955,33.74854
396,3,14,1956,33.79297
396,3,14,1957,33.69922
396,3,14,1958,33.5644
396,3,14,1959,33.35642
396,3,14,1960,33.16415
396,3,14,1961,33.0436
396,3,14,1962,32.89601
396,3,14,1963,32.73878
396,3,14,1964,32.62948
396,3,14,1965,32.48601
396,3,14,1966,32.51519
396,3,14,1967,32.70012
396,3,14,1968,32.70749
396,3,14,1969,32.74778
396,3,14,1970,32.83467
396,3,14,1971,32.93618
396,3,14,1972,33.08772
396,3,14,1973,33.33324
396,3,14,1974,33.62622
396,3,14,1975,33.87171
396,3,14,1976,34.04275
396,3,14,1977,34.15803
396,3,14,1978,34.23756
396,3,14,1979,34.44134
396,3,14,1980,34.60043
396,3,14,1981,34.94707
396,3,14,1982,35.33836
396,3,14,1983,35.6223
396,3,14,1984,35.90632
396,3,14,1985,36.18084
396,3,14,1986,36.49683
396,3,14,1987,36.90976
396,3,14,1988,37.18439
396,3,14,1989,37.45391
396,3,14,1990,37.69622
396,3,14,1991,37.88161
396,3,14,1992,37.95158
396,3,14,1993,38.08138
396,3,14,1994,38.16829
396,3,14,1995,38.41309
396,3,14,1996,38.61916
396,3,14,1997,38.74667
396,3,14,1998,38.81431
396,3,14,1999,38.98049
396,3,14,2000,39.02831
396,3,14,2001,39.21297
396,3,14,2002,39.40715
396,3,14,2003,39.51239
396,3,14,2004,39.58566
396,3,14,2005,39.83689
396,3,14,2006,40.11933
396,3,14,2007,40.41702
396,3,14,2008,40.70894
396,3,14,2009,41.03569
396,3,14,2010,41.19039
396,3,14,2011,41.3
396,3,14,2012,41.30189
396,3,14,2013,41.35401
396,3,14,2014,41.34123
396,3,14,2015,41.32331
396,3,14,2016,41.40023
396,3,14,2017,41.52957
396,3,14,2018,41.59836
396,3,14,2019,41.74736
413,1,14,1950,23.3996
413,1,14,1951,23.47557
413,1,14,1952,23.58059
413,1,14,1953,23.72379
413,1,14,1954,23.98849
413,1,14,1955,24.16231
413,1,14,1956,24.38902
413,1,14,1957,24.7541
413,1,14,1958,24.97497
413,1,14,1959,25.18204
413,1,14,1960,25.33348
413,1,14,1961,25.53633
413,1,14,1962,25.77268
413,1,14,1963,25.97311
413,1,14,1964,26.17222
413,1,14,1965,26.31169
413,1,14,1966,26.32541
413,1,14,1967,26.41011
413,1,14,1968,26.50489
413,1,14,1969,26.6512
413,1,14,1970,26.88903
413,1,14,1971,27.10506
413,1,14,1972,27.36051
413,1,14,1973,27.51903
413,1,14,1974,27.59432
413,1,14,1975,27.54755
413,1,14,1976,27.68204
413,1,14,1977,28.00294
413,1,14,1978,28.3138
413,1,14,1979,28.74008
413,1,14,1980,29.05881
413,1,14,1981,29.38202
413,1,14,1982,29.74809
413,1,14,1983,29.88492
413,1,14,1984,29.90962
413,1,14,1985,29.94066
413,1,14,1986,29.99793
413,1,14,1987,30.00699
413,1,14,1988,30.07155
413,1,14,1989,30.17907
413,1,14,1990,30.30506
413,1,14,1991,30.40681
413,1,14,1992,30.50743
413,1,14,1993,30.70071
413,1,14,1994,30.81772
413,1,14,1995,30.84551
413,1,14,1996,30.95528
413,1,14,1997,31.08469
413,1,14,1998,31.116
413,1,14,1999,31.16988
413,1,14,2000,31.32403
413,1,14,2001,31.48994
413,1,14,2002,31.50543
413,1,14,2003,31.54208
413,1,14,2004,31.61814
413,1,14,2005,31.68375
413,1,14,2006,31.74979
413,1,14,2007,31.90006
413,1,14,2008,32.03153
413,1,14,2009,32.18296
413,1,14,2010,32.30194
413,1,14,2011,32.34438
413,1,14,2012,32.43248
413,1,14,2013,32.57398
413,1,14,2014,32.66301
413,1,14,2015,32.69619
413,1,14,2016,32.85508
413,1,14,2017,33.02211
413,1,14,2018,33.08427
413,1,14,2019,33.22923
413,2,14,1950,25.99344
413,2,14,1951,26.12658
413,2,14,1952,26.24623
413,2,14,1953,26.32905
413,2,14,1954,26.47114
413,2,14,1955,26.55582
413,2,14,1956,26.60751
413,2,14,1957,26.69146
413,2,14,1958,26.72798
413,2,14,1959,26.82546
413,2,14,1960,26.96559
413,2,14,1961,26.99394
413,2,14,1962,27.029
413,2,14,1963,27.06357
413,2,14,1964,27.13992
413,2,14,1965,27.17215
413,2,14,1966,27.2492
413,2,14,1967,27.29019
413,2,14,1968,27.39361
413,2,14,1969,27.45709
413,2,14,1970,27.53468
413,2,14,1971,27.57376
413,2,14,1972,27.66347
413,2,14,1973,27.80908
413,2,14,1974,27.88259
413,2,14,1975,27.96005
413,2,14,1976,28.0586
413,2,14,1977,28.13806
413,2,14,1978,28.20236
413,2,14,1979,28.273
413,2,14,1980,28.33173
413,2,14,1981,28.36772
413,2,14,1982,28.39069
413,2,14,1983,28.37089
413,2,14,1984,28.44753
413,2,14,1985,28.54263
413,2,14,1986,28.60651
413,2,14,1987,28.79482
413,2,14,1988,28.86217
413,2,14,1989,28.9505
413,2,14,1990,29.04922
413,2,14,1991,29.13596
413,2,14,1992,29.28145
413,2,14,1993,29.36307
413,2,14,1994,29.43214
413,2,14,1995,29.49464
413,2,14,1996,29.64427
413,2,14,1997,29.80067
413,2,14,1998,29.83225
413,2,14,1999,29.92176
413,2,14,2000,30.09848
413,2,14,2001,30.10095
413,2,14,2002,30.13672
413,2,14,2003,30.28055
413,2,14,2004,30.33759
413,2,14,2005,30.41005
413,2,14,2006,30.45211
413,2,14,2007,30.63624
413,2,14,2008,30.66335
413,2,14,2009,30.68989
413,2,14,2010,30.87119
413,2,14,2011,30.93155
413,2,14,2012,31.06429
413,2,14,2013,31.20048
413,2,14,2014,31.27586
413,2,14,2015,31.34254
413,2,14,2016,31.48355
413,2,14,2017,31.56023
413,2,14,2018,31.65206
413,2,14,2019,31.6937
413,3,14,1950,24.74799
413,3,14,1951,24.85146
413,3,14,1952,24.94514
413,3,14,1953,25.01806
413,3,14,1954,25.17952
413,3,14,1955,25.31012
413,3,14,1956,25.46093
413,3,14,1957,25.59347
413,3,14,1958,25.68659
413,3,14,1959,25.81299
413,3,14,1960,26.01367
413,3,14,1961,26.18527
413,3,14,1962,26.26782
413,3,14,1963,26.44178
413,3,14,1964,26.53422
413,3,14,1965,26.63728
413,3,14,1966,26.78031
413,3,14,1967,26.88653
413,3,14,1968,26.98351
413,3,14,1969,27.09574
413,3,14,1970,27.21639
413,3,14,1971,27.30705
413,3,14,1972,27.36958
413,3,14,1973,27.43141
413,3,14,1974,27.42399
413,3,14,1975,27.47842
413,3,14,1976,27.5157
413,3,14,1977,27.70516
413,3,14,1978,27.86816
413,3,14,1979,28.10557
413,3,14,1980,28.32542
413,3,14,1981,28.58815
413,3,14,1982,28.84391
413,3,14,1983,28.93344
413,3,14,1984,29.02145
413,3,14,1985,29.1028
413,3,14,1986,29.18491
413,3,14,1987,29.30972
413,3,14,1988,29.34859
413,3,14,1989,29.40628
413,3,14,1990,29.5246
413,3,14,1991,29.59073
413,3,14,1992,29.69382
413,3,14,1993,29.75818
413,3,14,1994,29.82709
413,3,14,1995,29.92881
413,3,14,1996,30.07748
413,3,14,1997,30.20441
413,3,14,1998,30.32178
413,3,14,1999,30.4329
413,3,14,2000,30.57947
413,3,14,2001,30.67845
413,3,14,2002,30.76009
413,3,14,2003,30.84952
413,3,14,2004,30.93797
413,3,14,2005,31.03305
413,3,14,2006,31.08354
413,3,14,2007,31.17084
413,3,14,2008,31.19777
413,3,14,2009,31.24649
413,3,14,2010,31.30616
413,3,14,2011,31.40386
413,3,14,2012,31.54359
413,3,14,2013,31.71831
413,3,14,2014,31.85201
413,3,14,2015,31.92972
413,3,14,2016,32.01791
413,3,14,2017,32.15608
413,3,14,2018,32.34098
413,3,14,2019,32.43986
416,1,14,1950,20.13504
416,1,14,1951,20.26183
416,1,14,1952,20.43314
416,1,14,1953,20.59279
416,1,14,1954,20.84062
416,1,14,1955,21.04099
416,1,14,1956,21.27913
416,1,14,1957,21.48646
416,1,14,1958,21.55684
416,1,14,1959,21.71508
416,1,14,1960,21.88378
416,1,14,1961,22.05884
416,1,14,1962,22.20441
416,1,14,1963,22.40542
416,1,14,1964,22.58048
416,1,14,1965,22.73326
416,1,14,1966,22.87675
416,1,14,1967,23.04965
416,1,14,1968,23.21873
416,1,14,1969,23.38398
416,1,14,1970,23.5409
416,1,14,1971,23.61724
416,1,14,1972,23.31973
416,1,14,1973,23.77988
416,1,14,1974,23.7124
416,1,14,1975,23.83679
416,1,14,1976,23.85496
416,1,14,1977,23.91247
416,1,14,1978,23.95349
416,1,14,1979,24.06247
416,1,14,1980,24.08442
416,1,14,1981,24.16748
416,1,14,1982,24.13332
416,1,14,1983,24.09976
416,1,14,1984,24.10401
416,1,14,1985,24.17922
416,1,14,1986,24.14468
416,1,14,1987,24.16149
416,1,14,1988,24.28486
416,1,14,1989,24.39075
416,1,14,1990,24.45333
416,1,14,1991,24.63765
416,1,14,1992,24.70665
416,1,14,1993,24.79475
416,1,14,1994,24.95531
416,1,14,1995,25.01204
416,1,14,1996,25.09603
416,1,14,1997,25.15104
416,1,14,1998,25.26821
416,1,14,1999,25.48053
416,1,14,2000,24.22699
416,1,14,2001,26.03896
416,1,14,2002,26.25689
416,1,14,2003,26.48066
416,1,14,2004,26.6154
416,1,14,2005,26.8412
416,1,14,2006,27.03264
416,1,14,2007,27.19295
416,1,14,2008,27.35125
416,1,14,2009,27.48909
416,1,14,2010,27.60193
416,1,14,2011,27.69897
416,1,14,2012,27.8017
416,1,14,2013,27.91363
416,1,14,2014,28.03831
416,1,14,2015,28.14062
416,1,14,2016,28.27868
416,1,14,2017,28.43946
416,1,14,2018,28.57188
416,1,14,2019,28.71326
416,2,14,1950,25.12519
416,2,14,1951,25.22829
416,2,14,1952,25.37672
416,2,14,1953,25.50689
416,2,14,1954,25.74616
416,2,14,1955,25.88834
416,2,14,1956,26.09565
416,2,14,1957,26.28584
416,2,14,1958,26.32738
416,2,14,1959,26.46858
416,2,14,1960,26.58715
416,2,14,1961,26.71724
416,2,14,1962,26.87538
416,2,14,1963,27.03201
416,2,14,1964,27.17632
416,2,14,1965,27.30613
416,2,14,1966,27.38323
416,2,14,1967,27.54236
416,2,14,1968,27.6797
416,2,14,1969,27.81453
416,2,14,1970,27.92576
416,2,14,1971,27.96654
416,2,14,1972,27.75774
416,2,14,1973,28.07075
416,2,14,1974,28.00597
416,2,14,1975,28.06648
416,2,14,1976,28.1081
416,2,14,1977,28.12696
416,2,14,1978,28.14578
416,2,14,1979,28.19796
416,2,14,1980,28.17306
416,2,14,1981,28.22909
416,2,14,1982,28.23013
416,2,14,1983,28.17458
416,2,14,1984,28.14714
416,2,14,1985,28.1807
416,2,14,1986,28.10384
416,2,14,1987,28.09516
416,2,14,1988,28.16031
416,2,14,1989,28.22106
416,2,14,1990,28.241
416,2,14,1991,28.28671
416,2,14,1992,28.31464
416,2,14,1993,28.21548
416,2,14,1994,28.25294
416,2,14,1995,28.10495
416,2,14,1996,28.11163
416,2,14,1997,28.15373
416,2,14,1998,28.3564
416,2,14,1999,28.34752
416,2,14,2000,26.84952
416,2,14,2001,28.56252
416,2,14,2002,28.77641
416,2,14,2003,28.95043
416,2,14,2004,29.07972
416,2,14,2005,29.29688
416,2,14,2006,29.54559
416,2,14,2007,29.74729
416,2,14,2008,29.96236
416,2,14,2009,30.0982
416,2,14,2010,30.19324
416,2,14,2011,30.27652
416,2,14,2012,30.37077
416,2,14,2013,30.43424
416,2,14,2014,30.6287
416,2,14,2015,30.76561
416,2,14,2016,30.88927
416,2,14,2017,31.00276
416,2,14,2018,31.01305
416,2,14,2019,31.07781
416,3,14,1950,22.77287
416,3,14,1951,22.89875
416,3,14,1952,23.07095
416,3,14,1953,23.22574
416,3,14,1954,23.47952
416,3,14,1955,23.66763
416,3,14,1956,23.89793
416,3,14,1957,24.10479
416,3,14,1958,24.1571
416,3,14,1959,24.32619
416,3,14,1960,24.47145
416,3,14,1961,24.62511
416,3,14,1962,24.77026
416,3,14,1963,24.95401
416,3,14,1964,25.11339
416,3,14,1965,25.25819
416,3,14,1966,25.36023
416,3,14,1967,25.52049
416,3,14,1968,25.66858
416,3,14,1969,25.8145
416,3,14,1970,25.94452
416,3,14,1971,25.99946
416,3,14,1972,25.73591
416,3,14,1973,26.12224
416,3,14,1974,26.04667
416,3,14,1975,26.13901
416,3,14,1976,26.16502
416,3,14,1977,26.19526
416,3,14,1978,26.22097
416,3,14,1979,26.29943
416,3,14,1980,26.29041
416,3,14,1981,26.34628
416,3,14,1982,26.33416
416,3,14,1983,26.27624
416,3,14,1984,26.25789
416,3,14,1985,26.3071
416,3,14,1986,26.24942
416,3,14,1987,26.24649
416,3,14,1988,26.3407
416,3,14,1989,26.41476
416,3,14,1990,26.44205
416,3,14,1991,26.5684
416,3,14,1992,26.60803
416,3,14,1993,26.61861
416,3,14,1994,26.68429
416,3,14,1995,26.64891
416,3,14,1996,26.69915
416,3,14,1997,26.71586
416,3,14,1998,26.88999
416,3,14,1999,26.96812
416,3,14,2000,25.5691
416,3,14,2001,27.32885
416,3,14,2002,27.56509
416,3,14,2003,27.69097
416,3,14,2004,27.88346
416,3,14,2005,28.05485
416,3,14,2006,28.30295
416,3,14,2007,28.49642
416,3,14,2008,28.6776
416,3,14,2009,28.82189
416,3,14,2010,28.9133
416,3,14,2011,29.01351
416,3,14,2012,29.10697
416,3,14,2013,29.20634
416,3,14,2014,29.34425
416,3,14,2015,29.44783
416,3,14,2016,29.59734
416,3,14,2017,29.73939
416,3,14,2018,29.82663
416,3,14,2019,29.93702
422,1,14,1950,24.90775
422,1,14,1951,24.57697
422,1,14,1952,24.59617
422,1,14,1953,24.83731
422,1,14,1954,24.97736
422,1,14,1955,24.95911
422,1,14,1956,24.96621
422,1,14,1957,24.92812
422,1,14,1958,24.92279
422,1,14,1959,24.92359
422,1,14,1960,24.99833
422,1,14,1961,25.29076
422,1,14,1962,25.35971
422,1,14,1963,25.43674
422,1,14,1964,25.54315
422,1,14,1965,25.71581
422,1,14,1966,25.85999
422,1,14,1967,26.10868
422,1,14,1968,26.29947
422,1,14,1969,26.45652
422,1,14,1970,26.81151
422,1,14,1971,26.88494
422,1,14,1972,26.95135
422,1,14,1973,26.95512
422,1,14,1974,27.26738
422,1,14,1975,27.55949
422,1,14,1976,28.23982
422,1,14,1977,29.1419
422,1,14,1978,29.53907
422,1,14,1979,29.81948
422,1,14,1980,29.9649
422,1,14,1981,29.88579
422,1,14,1982,29.05329
422,1,14,1983,29.3006
422,1,14,1984,29.97403
422,1,14,1985,30.58274
422,1,14,1986,30.67743
422,1,14,1987,30.48124
422,1,14,1988,30.67712
422,1,14,1989,31.12597
422,1,14,1990,31.65468
422,1,14,1991,31.87482
422,1,14,1992,31.96179
422,1,14,1993,31.9531
422,1,14,1994,31.76345
422,1,14,1995,32.20917
422,1,14,1996,32.3074
422,1,14,1997,32.44626
422,1,14,1998,32.56449
422,1,14,1999,32.29785
422,1,14,2000,32.45474
422,1,14,2001,32.34224
422,1,14,2002,32.4411
422,1,14,2003,32.42397
422,1,14,2004,32.4811
422,1,14,2005,32.55466
422,1,14,2006,32.00563
422,1,14,2007,28.77485
422,1,14,2008,28.69473
422,1,14,2009,28.70333
422,1,14,2010,28.69286
422,1,14,2011,28.76928
422,1,14,2012,28.80431
422,1,14,2013,28.91345
422,1,14,2014,28.92947
422,1,14,2015,28.86441
422,1,14,2016,29.04902
422,1,14,2017,29.11242
422,1,14,2018,29.32786
422,1,14,2019,29.46837
422,2,14,1950,29.45046
422,2,14,1951,29.58119
422,2,14,1952,29.61143
422,2,14,1953,29.69647
422,2,14,1954,29.73872
422,2,14,1955,29.73193
422,2,14,1956,29.68756
422,2,14,1957,29.7193
422,2,14,1958,29.84437
422,2,14,1959,29.69816
422,2,14,1960,29.67778
422,2,14,1961,29.74632
422,2,14,1962,29.78405
422,2,14,1963,29.89067
422,2,14,1964,30.03964
422,2,14,1965,30.27101
422,2,14,1966,30.43588
422,2,14,1967,30.60685
422,2,14,1968,30.78906
422,2,14,1969,31.0849
422,2,14,1970,31.44942
422,2,14,1971,31.66093
422,2,14,1972,31.87396
422,2,14,1973,32.05436
422,2,14,1974,32.11117
422,2,14,1975,32.18565
422,2,14,1976,32.27013
422,2,14,1977,32.35108
422,2,14,1978,32.40314
422,2,14,1979,32.42448
422,2,14,1980,32.40815
422,2,14,1981,32.55379
422,2,14,1982,32.77858
422,2,14,1983,32.99553
422,2,14,1984,33.17693
422,2,14,1985,33.3152
422,2,14,1986,33.52534
422,2,14,1987,33.63289
422,2,14,1988,33.81512
422,2,14,1989,34.06262
422,2,14,1990,34.45214
422,2,14,1991,34.63566
422,2,14,1992,34.7471
422,2,14,1993,34.80743
422,2,14,1994,34.77342
422,2,14,1995,34.71641
422,2,14,1996,34.62471
422,2,14,1997,34.7901
422,2,14,1998,34.84528
422,2,14,1999,34.72602
422,2,14,2000,34.69178
422,2,14,2001,34.72632
422,2,14,2002,34.89644
422,2,14,2003,35.00879
422,2,14,2004,35.0748
422,2,14,2005,35.16263
422,2,14,2006,35.1749
422,2,14,2007,35.18697
422,2,14,2008,35.28607
422,2,14,2009,35.34724
422,2,14,2010,35.45486
422,2,14,2011,35.6059
422,2,14,2012,35.75664
422,2,14,2013,35.92115
422,2,14,2014,36.08849
422,2,14,2015,36.24497
422,2,14,2016,36.48277
422,2,14,2017,36.49197
422,2,14,2018,36.67198
422,2,14,2019,36.77601
422,3,14,1950,27.2078
422,3,14,1951,27.07701
422,3,14,1952,27.05284
422,3,14,1953,27.23534
422,3,14,1954,27.28282
422,3,14,1955,27.2225
422,3,14,1956,27.12621
422,3,14,1957,27.12539
422,3,14,1958,27.20379
422,3,14,1959,27.18957
422,3,14,1960,27.1991
422,3,14,1961,27.43236
422,3,14,1962,27.46586
422,3,14,1963,27.57921
422,3,14,1964,27.71484
422,3,14,1965,27.88629
422,3,14,1966,27.99414
422,3,14,1967,28.16961
422,3,14,1968,28.34459
422,3,14,1969,28.59276
422,3,14,1970,28.9252
422,3,14,1971,29.11972
422,3,14,1972,29.23031
422,3,14,1973,29.4214
422,3,14,1974,29.66759
422,3,14,1975,29.89139
422,3,14,1976,30.26885
422,3,14,1977,30.72137
422,3,14,1978,30.87975
422,3,14,1979,31.00552
422,3,14,1980,31.06725
422,3,14,1981,31.09219
422,3,14,1982,30.75113
422,3,14,1983,31.00336
422,3,14,1984,31.47046
422,3,14,1985,31.86436
422,3,14,1986,32.05208
422,3,14,1987,32.06236
422,3,14,1988,32.22134
422,3,14,1989,32.59781
422,3,14,1990,33.14046
422,3,14,1991,33.31197
422,3,14,1992,33.39274
422,3,14,1993,33.33103
422,3,14,1994,33.19939
422,3,14,1995,33.40719
422,3,14,1996,33.43794
422,3,14,1997,33.62781
422,3,14,1998,33.68178
422,3,14,1999,33.5204
422,3,14,2000,33.60413
422,3,14,2001,33.53976
422,3,14,2002,33.6687
422,3,14,2003,33.73305
422,3,14,2004,33.8086
422,3,14,2005,33.88461
422,3,14,2006,33.62283
422,3,14,2007,31.80793
422,3,14,2008,31.82515
422,3,14,2009,31.86535
422,3,14,2010,31.89886
422,3,14,2011,31.99841
422,3,14,2012,32.04774
422,3,14,2013,32.17067
422,3,14,2014,32.25487
422,3,14,2015,32.33582
422,3,14,2016,32.60972
422,3,14,2017,32.66808
422,3,14,2018,32.89163
422,3,14,2019,33.05524
433,1,14,1950,27.40156
433,1,14,1951,27.0676
433,1,14,1952,27.63126
433,1,14,1953,27.74151
433,1,14,1954,27.72459
433,1,14,1955,27.64328
433,1,14,1956,27.72884
433,1,14,1957,27.64437
433,1,14,1958,27.6852
433,1,14,1959,27.64383
433,1,14,1960,27.70252
433,1,14,1961,27.47296
433,1,14,1962,27.59607
433,1,14,1963,27.32426
433,1,14,1964,27.6448
433,1,14,1965,27.60575
433,1,14,1966,27.52366
433,1,14,1967,27.82824
433,1,14,1968,27.71287
433,1,14,1969,27.26871
433,1,14,1970,27.17908
433,1,14,1971,27.20742
433,1,14,1972,26.7865
433,1,14,1973,26.66488
433,1,14,1974,26.59603
433,1,14,1975,26.86943
433,1,14,1976,26.88619
433,1,14,1977,26.98067
433,1,14,1978,27.37063
433,1,14,1979,27.38124
433,1,14,1980,27.51422
433,1,14,1981,27.67133
433,1,14,1982,28.04139
433,1,14,1983,28.20095
433,1,14,1984,28.23559
433,1,14,1985,28.32466
433,1,14,1986,28.54889
433,1,14,1987,28.9634
433,1,14,1988,29.11226
433,1,14,1989,29.33169
433,1,14,1990,29.6415
433,1,14,1991,29.90421
433,1,14,1992,30.12125
433,1,14,1993,30.25836
433,1,14,1994,30.65277
433,1,14,1995,30.88518
433,1,14,1996,31.29005
433,1,14,1997,31.44558
433,1,14,1998,31.6455
433,1,14,1999,31.84973
433,1,14,2000,32.38944
433,1,14,2001,32.92277
433,1,14,2002,32.96183
433,1,14,2003,33.3023
433,1,14,2004,33.4338
433,1,14,2005,33.76064
433,1,14,2006,33.97333
433,1,14,2007,34.1415
433,1,14,2008,34.47958
433,1,14,2009,34.82018
433,1,14,2010,34.9912
433,1,14,2011,35.32863
433,1,14,2012,35.35245
433,1,14,2013,35.42527
433,1,14,2014,35.80396
433,1,14,2015,35.75991
433,1,14,2016,35.9117
433,1,14,2017,35.98914
433,1,14,2018,35.76433
433,1,14,2019,35.84154
433,2,14,1950,29.77305
433,2,14,1951,29.47689
433,2,14,1952,30.26796
433,2,14,1953,30.6407
433,2,14,1954,30.61305
433,2,14,1955,30.49684
433,2,14,1956,30.74026
433,2,14,1957,30.91141
433,2,14,1958,30.99756
433,2,14,1959,30.97402
433,2,14,1960,30.88936
433,2,14,1961,31.03572
433,2,14,1962,31.28005
433,2,14,1963,31.36604
433,2,14,1964,31.77659
433,2,14,1965,31.87468
433,2,14,1966,31.93842
433,2,14,1967,32.4003
433,2,14,1968,32.0847
433,2,14,1969,32.10838
433,2,14,1970,32.12634
433,2,14,1971,32.38547
433,2,14,1972,32.07415
433,2,14,1973,31.93673
433,2,14,1974,32.15763
433,2,14,1975,32.25983
433,2,14,1976,32.16368
433,2,14,1977,32.45378
433,2,14,1978,32.79114
433,2,14,1979,32.82862
433,2,14,1980,32.74556
433,2,14,1981,32.82828
433,2,14,1982,32.85859
433,2,14,1983,33.26941
433,2,14,1984,33.38277
433,2,14,1985,33.43069
433,2,14,1986,33.71891
433,2,14,1987,33.94184
433,2,14,1988,33.81108
433,2,14,1989,34.26821
433,2,14,1990,34.36125
433,2,14,1991,34.70238
433,2,14,1992,35.09935
433,2,14,1993,34.89248
433,2,14,1994,35.18028
433,2,14,1995,35.2178
433,2,14,1996,35.59447
433,2,14,1997,35.88413
433,2,14,1998,36.01374
433,2,14,1999,35.97324
433,2,14,2000,36.26821
433,2,14,2001,36.74481
433,2,14,2002,36.90338
433,2,14,2003,37.16232
433,2,14,2004,37.43676
433,2,14,2005,37.70726
433,2,14,2006,37.81785
433,2,14,2007,37.97952
433,2,14,2008,38.10354
433,2,14,2009,38.27784
433,2,14,2010,38.34201
433,2,14,2011,38.62545
433,2,14,2012,38.60588
433,2,14,2013,38.74161
433,2,14,2014,38.76075
433,2,14,2015,38.75936
433,2,14,2016,38.75393
433,2,14,2017,38.72609
433,2,14,2018,38.64769
433,2,14,2019,38.61279
433,3,14,1950,28.56816
433,3,14,1951,28.25297
433,3,14,1952,28.93424
433,3,14,1953,29.19547
433,3,14,1954,29.17604
433,3,14,1955,29.06516
433,3,14,1956,29.22497
433,3,14,1957,29.2777
433,3,14,1958,29.34034
433,3,14,1959,29.29309
433,3,14,1960,29.28954
433,3,14,1961,29.24993
433,3,14,1962,29.43515
433,3,14,1963,29.34028
433,3,14,1964,29.71212
433,3,14,1965,29.74058
433,3,14,1966,29.71501
433,3,14,1967,30.10407
433,3,14,1968,29.90473
433,3,14,1969,29.68335
433,3,14,1970,29.63528
433,3,14,1971,29.76932
433,3,14,1972,29.39432
433,3,14,1973,29.26908
433,3,14,1974,29.33545
433,3,14,1975,29.54291
433,3,14,1976,29.5034
433,3,14,1977,29.69457
433,3,14,1978,30.06556
433,3,14,1979,30.08935
433,3,14,1980,30.13605
433,3,14,1981,30.24208
433,3,14,1982,30.4673
433,3,14,1983,30.75329
433,3,14,1984,30.80833
433,3,14,1985,30.89305
433,3,14,1986,31.15
433,3,14,1987,31.4651
433,3,14,1988,31.49316
433,3,14,1989,31.84863
433,3,14,1990,32.05307
433,3,14,1991,32.36011
433,3,14,1992,32.6627
433,3,14,1993,32.61884
433,3,14,1994,32.96383
433,3,14,1995,33.10267
433,3,14,1996,33.50579
433,3,14,1997,33.71252
433,3,14,1998,33.88424
433,3,14,1999,33.97162
433,3,14,2000,34.39221
433,3,14,2001,34.89174
433,3,14,2002,34.97977
433,3,14,2003,35.29681
433,3,14,2004,35.48127
433,3,14,2005,35.78792
433,3,14,2006,35.91487
433,3,14,2007,36.07669
433,3,14,2008,36.32253
433,3,14,2009,36.56865
433,3,14,2010,36.69198
433,3,14,2011,36.97935
433,3,14,2012,36.98889
433,3,14,2013,37.08981
433,3,14,2014,37.27614
433,3,14,2015,37.24914
433,3,14,2016,37.31468
433,3,14,2017,37.32026
433,3,14,2018,37.15292
433,3,14,2019,37.14546
434,1,14,1950,25.75211
434,1,14,1951,25.6478
434,1,14,1952,25.86401
434,1,14,1953,26.09734
434,1,14,1954,25.98827
434,1,14,1955,25.99205
434,1,14,1956,26.01439
434,1,14,1957,26.00777
434,1,14,1958,26.05439
434,1,14,1959,25.95391
434,1,14,1960,25.97744
434,1,14,1961,25.8289
434,1,14,1962,25.73494
434,1,14,1963,25.6482
434,1,14,1964,25.96581
434,1,14,1965,26.05013
434,1,14,1966,26.15827
434,1,14,1967,26.31091
434,1,14,1968,26.11894
434,1,14,1969,26.02295
434,1,14,1970,26.11625
434,1,14,1971,26.24496
434,1,14,1972,26.06008
434,1,14,1973,26.02605
434,1,14,1974,26.12397
434,1,14,1975,26.25214
434,1,14,1976,26.33568
434,1,14,1977,26.71135
434,1,14,1978,26.83908
434,1,14,1979,26.91957
434,1,14,1980,27.25114
434,1,14,1981,27.16509
434,1,14,1982,27.34989
434,1,14,1983,27.5316
434,1,14,1984,27.82625
434,1,14,1985,27.92493
434,1,14,1986,28.03169
434,1,14,1987,28.38796
434,1,14,1988,28.42914
434,1,14,1989,28.65048
434,1,14,1990,29.00336
434,1,14,1991,29.21415
434,1,14,1992,29.36869
434,1,14,1993,29.32051
434,1,14,1994,29.74826
434,1,14,1995,29.87068
434,1,14,1996,30.02537
434,1,14,1997,30.35444
434,1,14,1998,30.53977
434,1,14,1999,30.61061
434,1,14,2000,31.06148
434,1,14,2001,31.29798
434,1,14,2002,31.42777
434,1,14,2003,31.65515
434,1,14,2004,32.03365
434,1,14,2005,32.42868
434,1,14,2006,32.66526
434,1,14,2007,32.90341
434,1,14,2008,33.13479
434,1,14,2009,33.57055
434,1,14,2010,33.75365
434,1,14,2011,34.01156
434,1,14,2012,34.1976
434,1,14,2013,34.27641
434,1,14,2014,34.48776
434,1,14,2015,34.43701
434,1,14,2016,34.40034
434,1,14,2017,34.51494
434,1,14,2018,34.18411
434,1,14,2019,34.27099
434,2,14,1950,29.06804
434,2,14,1951,29.09516
434,2,14,1952,29.47974
434,2,14,1953,29.95353
434,2,14,1954,29.88137
434,2,14,1955,29.75145
434,2,14,1956,29.83944
434,2,14,1957,30.00373
434,2,14,1958,30.04148
434,2,14,1959,30.02702
434,2,14,1960,30.15633
434,2,14,1961,30.13303
434,2,14,1962,30.23399
434,2,14,1963,30.34152
434,2,14,1964,30.76369
434,2,14,1965,30.88726
434,2,14,1966,30.90947
434,2,14,1967,31.24347
434,2,14,1968,31.09068
434,2,14,1969,31.12095
434,2,14,1970,31.32255
434,2,14,1971,31.59447
434,2,14,1972,31.52355
434,2,14,1973,31.52356
434,2,14,1974,31.6591
434,2,14,1975,31.84191
434,2,14,1976,31.80972
434,2,14,1977,32.07285
434,2,14,1978,32.08467
434,2,14,1979,32.2075
434,2,14,1980,32.36991
434,2,14,1981,32.34616
434,2,14,1982,32.33624
434,2,14,1983,32.62865
434,2,14,1984,32.79668
434,2,14,1985,32.8897
434,2,14,1986,33.08788
434,2,14,1987,33.2727
434,2,14,1988,33.37801
434,2,14,1989,33.31279
434,2,14,1990,33.68055
434,2,14,1991,33.92599
434,2,14,1992,34.02386
434,2,14,1993,34.04949
434,2,14,1994,34.31627
434,2,14,1995,34.52974
434,2,14,1996,34.62419
434,2,14,1997,34.8637
434,2,14,1998,34.97258
434,2,14,1999,34.99493
434,2,14,2000,35.29652
434,2,14,2001,35.59425
434,2,14,2002,35.65975
434,2,14,2003,35.75908
434,2,14,2004,36.0608
434,2,14,2005,36.28276
434,2,14,2006,36.46952
434,2,14,2007,36.62627
434,2,14,2008,36.82805
434,2,14,2009,37.14237
434,2,14,2010,37.30549
434,2,14,2011,37.3381
434,2,14,2012,37.39058
434,2,14,2013,37.44102
434,2,14,2014,37.69474
434,2,14,2015,37.81694
434,2,14,2016,37.88697
434,2,14,2017,37.97432
434,2,14,2018,37.68465
434,2,14,2019,37.7174
434,3,14,1950,27.45298
434,3,14,1951,27.41775
434,3,14,1952,27.71863
434,3,14,1953,28.08279
434,3,14,1954,27.99067
434,3,14,1955,27.93371
434,3,14,1956,27.99357
434,3,14,1957,28.07464
434,3,14,1958,28.11967
434,3,14,1959,28.0621
434,3,14,1960,28.14079
434,3,14,1961,28.05115
434,3,14,1962,28.05315
434,3,14,1963,28.05562
434,3,14,1964,28.43149
434,3,14,1965,28.53529
434,3,14,1966,28.6165
434,3,14,1967,28.86174
434,3,14,1968,28.68095
434,3,14,1969,28.63283
434,3,14,1970,28.78134
434,3,14,1971,28.98391
434,3,14,1972,28.84801
434,3,14,1973,28.82566
434,3,14,1974,28.94381
434,3,14,1975,29.10223
434,3,14,1976,29.13332
434,3,14,1977,29.4653
434,3,14,1978,29.53761
434,3,14,1979,29.6387
434,3,14,1980,29.89528
434,3,14,1981,29.8248
434,3,14,1982,29.92461
434,3,14,1983,30.15232
434,3,14,1984,30.38601
434,3,14,1985,30.47671
434,3,14,1986,30.62643
434,3,14,1987,30.91443
434,3,14,1988,30.98493
434,3,14,1989,31.06733
434,3,14,1990,31.42925
434,3,14,1991,31.65303
434,3,14,1992,31.77712
434,3,14,1993,31.75421
434,3,14,1994,32.11392
434,3,14,1995,32.27655
434,3,14,1996,32.38984
434,3,14,1997,32.68182
434,3,14,1998,32.82485
434,3,14,1999,32.86967
434,3,14,2000,33.24608
434,3,14,2001,33.51222
434,3,14,2002,33.60769
434,3,14,2003,33.76771
434,3,14,2004,34.11012
434,3,14,2005,34.41033
434,3,14,2006,34.61335
434,3,14,2007,34.81464
434,3,14,2008,35.02198
434,3,14,2009,35.39616
434,3,14,2010,35.56585
434,3,14,2011,35.72124
434,3,14,2012,35.82582
434,3,14,2013,35.88418
434,3,14,2014,36.11709
434,3,14,2015,36.14172
434,3,14,2016,36.15568
434,3,14,2017,36.23795
434,3,14,2018,35.88048
434,3,14,2019,35.93412
435,1,14,1950,25.16566
435,1,14,1951,25.19248
435,1,14,1952,25.14356
435,1,14,1953,25.16572
435,1,14,1954,25.22485
435,1,14,1955,25.32389
435,1,14,1956,25.44312
435,1,14,1957,25.42647
435,1,14,1958,25.48792
435,1,14,1959,25.52498
435,1,14,1960,25.67044
435,1,14,1961,25.73936
435,1,14,1962,25.78112
435,1,14,1963,25.70808
435,1,14,1964,25.80072
435,1,14,1965,25.93353
435,1,14,1966,25.99102
435,1,14,1967,25.97576
435,1,14,1968,26.08864
435,1,14,1969,26.29937
435,1,14,1970,26.41845
435,1,14,1971,26.56193
435,1,14,1972,26.78171
435,1,14,1973,27.09545
435,1,14,1974,27.21409
435,1,14,1975,27.35709
435,1,14,1976,27.48432
435,1,14,1977,27.69844
435,1,14,1978,27.74176
435,1,14,1979,27.84879
435,1,14,1980,27.7528
435,1,14,1981,27.74041
435,1,14,1982,27.70596
435,1,14,1983,27.64466
435,1,14,1984,27.62829
435,1,14,1985,27.6355
435,1,14,1986,27.62635
435,1,14,1987,27.574
435,1,14,1988,27.64885
435,1,14,1989,27.75483
435,1,14,1990,27.7413
435,1,14,1991,27.75926
435,1,14,1992,27.68123
435,1,14,1993,27.70067
435,1,14,1994,27.64493
435,1,14,1995,27.62264
435,1,14,1996,27.72893
435,1,14,1997,27.30062
435,1,14,1998,27.52525
435,1,14,1999,27.8757
435,1,14,2000,28.06172
435,1,14,2001,28.27714
435,1,14,2002,28.54055
435,1,14,2003,28.62573
435,1,14,2004,28.79876
435,1,14,2005,28.85216
435,1,14,2006,28.92197
435,1,14,2007,29.13231
435,1,14,2008,29.25985
435,1,14,2009,29.27615
435,1,14,2010,29.47468
435,1,14,2011,29.40169
435,1,14,2012,29.53069
435,1,14,2013,29.56255
435,1,14,2014,29.68235
435,1,14,2015,29.93125
435,1,14,2016,30.00275
435,1,14,2017,30.00963
435,1,14,2018,30.28231
435,1,14,2019,30.39473
435,2,14,1950,27.58098
435,2,14,1951,27.59824
435,2,14,1952,27.55195
435,2,14,1953,27.55445
435,2,14,1954,27.57749
435,2,14,1955,27.62884
435,2,14,1956,27.70042
435,2,14,1957,27.68738
435,2,14,1958,27.744
435,2,14,1959,27.75804
435,2,14,1960,27.87747
435,2,14,1961,27.96362
435,2,14,1962,28.05171
435,2,14,1963,28.02322
435,2,14,1964,28.12901
435,2,14,1965,28.22837
435,2,14,1966,28.2973
435,2,14,1967,28.33691
435,2,14,1968,28.44346
435,2,14,1969,28.65475
435,2,14,1970,28.80277
435,2,14,1971,28.97331
435,2,14,1972,29.20458
435,2,14,1973,29.46036
435,2,14,1974,29.61066
435,2,14,1975,29.72685
435,2,14,1976,29.83956
435,2,14,1977,29.98265
435,2,14,1978,29.99598
435,2,14,1979,30.13488
435,2,14,1980,30.08028
435,2,14,1981,30.09781
435,2,14,1982,30.13754
435,2,14,1983,30.04112
435,2,14,1984,30.04218
435,2,14,1985,30.05819
435,2,14,1986,30.17096
435,2,14,1987,30.25209
435,2,14,1988,30.38176
435,2,14,1989,30.548
435,2,14,1990,30.67108
435,2,14,1991,30.80346
435,2,14,1992,30.83547
435,2,14,1993,30.96455
435,2,14,1994,30.94778
435,2,14,1995,31.01659
435,2,14,1996,31.15306
435,2,14,1997,30.87623
435,2,14,1998,31.09545
435,2,14,1999,31.38574
435,2,14,2000,31.5105
435,2,14,2001,31.65464
435,2,14,2002,31.92978
435,2,14,2003,32.14285
435,2,14,2004,32.15145
435,2,14,2005,32.27994
435,2,14,2006,32.37276
435,2,14,2007,32.52441
435,2,14,2008,32.6884
435,2,14,2009,32.69037
435,2,14,2010,32.82478
435,2,14,2011,32.78786
435,2,14,2012,32.78206
435,2,14,2013,32.79322
435,2,14,2014,32.93681
435,2,14,2015,33.06866
435,2,14,2016,33.20256
435,2,14,2017,33.08235
435,2,14,2018,33.12623
435,2,14,2019,33.30391
435,3,14,1950,26.25577
435,3,14,1951,26.28524
435,3,14,1952,26.24158
435,3,14,1953,26.2622
435,3,14,1954,26.31389
435,3,14,1955,26.3917
435,3,14,1956,26.49567
435,3,14,1957,26.48253
435,3,14,1958,26.53552
435,3,14,1959,26.57678
435,3,14,1960,26.70841
435,3,14,1961,26.79173
435,3,14,1962,26.84537
435,3,14,1963,26.79622
435,3,14,1964,26.89933
435,3,14,1965,27.01475
435,3,14,1966,27.06756
435,3,14,1967,27.07305
435,3,14,1968,27.17519
435,3,14,1969,27.3925
435,3,14,1970,27.52236
435,3,14,1971,27.66862
435,3,14,1972,27.88725
435,3,14,1973,28.17064
435,3,14,1974,28.3024
435,3,14,1975,28.42755
435,3,14,1976,28.52549
435,3,14,1977,28.71562
435,3,14,1978,28.73856
435,3,14,1979,28.85292
435,3,14,1980,28.76558
435,3,14,1981,28.76149
435,3,14,1982,28.73373
435,3,14,1983,28.66529
435,3,14,1984,28.64568
435,3,14,1985,28.64977
435,3,14,1986,28.68674
435,3,14,1987,28.67561
435,3,14,1988,28.76356
435,3,14,1989,28.88703
435,3,14,1990,28.92848
435,3,14,1991,28.98726
435,3,14,1992,28.94739
435,3,14,1993,29.00772
435,3,14,1994,28.94524
435,3,14,1995,28.98468
435,3,14,1996,29.07819
435,3,14,1997,28.74021
435,3,14,1998,28.93795
435,3,14,1999,29.25182
435,3,14,2000,29.45029
435,3,14,2001,29.63431
435,3,14,2002,29.88467
435,3,14,2003,30.06557
435,3,14,2004,30.19623
435,3,14,2005,30.25359
435,3,14,2006,30.34041
435,3,14,2007,30.52423
435,3,14,2008,30.66405
435,3,14,2009,30.67735
435,3,14,2010,30.8433
435,3,14,2011,30.84079
435,3,14,2012,30.88018
435,3,14,2013,30.94628
435,3,14,2014,31.07569
435,3,14,2015,31.28869
435,3,14,2016,31.37718
435,3,14,2017,31.36264
435,3,14,2018,31.56135
435,3,14,2019,31.68471
478,1,14,1950,23.92886
478,1,14,1951,24.12432
478,1,14,1952,24.40884
478,1,14,1953,24.59735
478,1,14,1954,24.78703
478,1,14,1955,24.93769
478,1,14,1956,25.05063
478,1,14,1957,25.12021
478,1,14,1958,24.98531
478,1,14,1959,24.55261
478,1,14,1960,23.84783
478,1,14,1961,24.40059
478,1,14,1962,25.37946
478,1,14,1963,25.68401
478,1,14,1964,25.88241
478,1,14,1965,25.88651
478,1,14,1966,26.02915
478,1,14,1967,26.06584
478,1,14,1968,26.06678
478,1,14,1969,26.10218
478,1,14,1970,26.19825
478,1,14,1971,26.36119
478,1,14,1972,26.52731
478,1,14,1973,26.60021
478,1,14,1974,26.75414
478,1,14,1975,26.7407
478,1,14,1976,26.77956
478,1,14,1977,26.96703
478,1,14,1978,27.12499
478,1,14,1979,27.23486
478,1,14,1980,27.28782
478,1,14,1981,27.37998
478,1,14,1982,27.60306
478,1,14,1983,27.65341
478,1,14,1984,27.6988
478,1,14,1985,27.8099
478,1,14,1986,28.08157
478,1,14,1987,28.16756
478,1,14,1988,28.21258
478,1,14,1989,28.27961
478,1,14,1990,28.38341
478,1,14,1991,28.4285
478,1,14,1992,28.46525
478,1,14,1993,28.39723
478,1,14,1994,28.40786
478,1,14,1995,28.50003
478,1,14,1996,28.66648
478,1,14,1997,28.79754
478,1,14,1998,28.90914
478,1,14,1999,29.02932
478,1,14,2000,29.10852
478,1,14,2001,29.22637
478,1,14,2002,29.31483
478,1,14,2003,29.44854
478,1,14,2004,29.63782
478,1,14,2005,29.77591
478,1,14,2006,30.05972
478,1,14,2007,30.26971
478,1,14,2008,30.34702
478,1,14,2009,30.62798
478,1,14,2010,30.73375
478,1,14,2011,30.93208
478,1,14,2012,31.15771
478,1,14,2013,31.35999
478,1,14,2014,31.55159
478,1,14,2015,31.69396
478,1,14,2016,31.90217
478,1,14,2017,32.18408
478,1,14,2018,32.35549
478,1,14,2019,32.50354
478,2,14,1950,28.04788
478,2,14,1951,28.17649
478,2,14,1952,28.45721
478,2,14,1953,28.6118
478,2,14,1954,28.83839
478,2,14,1955,28.99003
478,2,14,1956,29.05075
478,2,14,1957,29.15939
478,2,14,1958,29.0328
478,2,14,1959,28.68167
478,2,14,1960,28.00989
478,2,14,1961,28.27536
478,2,14,1962,29.51303
478,2,14,1963,29.85506
478,2,14,1964,30.05038
478,2,14,1965,30.08232
478,2,14,1966,30.16351
478,2,14,1967,30.22891
478,2,14,1968,30.21953
478,2,14,1969,30.25397
478,2,14,1970,30.35981
478,2,14,1971,30.44515
478,2,14,1972,30.56805
478,2,14,1973,30.74981
478,2,14,1974,30.85861
478,2,14,1975,30.88776
478,2,14,1976,30.99775
478,2,14,1977,31.14259
478,2,14,1978,31.24955
478,2,14,1979,31.40417
478,2,14,1980,31.48262
478,2,14,1981,31.59683
478,2,14,1982,31.73934
478,2,14,1983,31.79837
478,2,14,1984,31.86233
478,2,14,1985,31.92268
478,2,14,1986,32.13694
478,2,14,1987,32.26412
478,2,14,1988,32.35116
478,2,14,1989,32.46925
478,2,14,1990,32.60897
478,2,14,1991,32.6938
478,2,14,1992,32.71787
478,2,14,1993,32.71455
478,2,14,1994,32.75444
478,2,14,1995,32.92175
478,2,14,1996,33.07704
478,2,14,1997,33.1428
478,2,14,1998,33.28804
478,2,14,1999,33.34428
478,2,14,2000,33.45487
478,2,14,2001,33.57786
478,2,14,2002,33.63545
478,2,14,2003,33.77013
478,2,14,2004,33.98666
478,2,14,2005,34.14545
478,2,14,2006,34.37744
478,2,14,2007,34.60888
478,2,14,2008,34.74087
478,2,14,2009,35.01077
478,2,14,2010,35.16769
478,2,14,2011,35.35221
478,2,14,2012,35.53407
478,2,14,2013,35.69024
478,2,14,2014,35.82242
478,2,14,2015,35.91481
478,2,14,2016,36.06662
478,2,14,2017,36.2698
478,2,14,2018,36.37195
478,2,14,2019,36.53462
478,3,14,1950,25.80464
478,3,14,1951,25.95154
478,3,14,1952,26.24151
478,3,14,1953,26.44599
478,3,14,1954,26.63385
478,3,14,1955,26.79538
478,3,14,1956,26.90764
478,3,14,1957,26.9709
478,3,14,1958,26.84466
478,3,14,1959,26.47814
478,3,14,1960,25.85546
478,3,14,1961,26.22171
478,3,14,1962,27.32093
478,3,14,1963,27.65905
478,3,14,1964,27.84595
478,3,14,1965,27.84578
478,3,14,1966,27.97129
478,3,14,1967,28.04087
478,3,14,1968,28.03442
478,3,14,1969,28.06424
478,3,14,1970,28.16974
478,3,14,1971,28.29956
478,3,14,1972,28.43939
478,3,14,1973,28.58642
478,3,14,1974,28.70597
478,3,14,1975,28.72962
478,3,14,1976,28.77358
478,3,14,1977,28.95145
478,3,14,1978,29.08668
478,3,14,1979,29.23271
478,3,14,1980,29.29774
478,3,14,1981,29.40316
478,3,14,1982,29.58798
478,3,14,1983,29.6322
478,3,14,1984,29.67048
478,3,14,1985,29.75625
478,3,14,1986,30.01225
478,3,14,1987,30.09397
478,3,14,1988,30.16936
478,3,14,1989,30.25411
478,3,14,1990,30.38454
478,3,14,1991,30.43769
478,3,14,1992,30.47724
478,3,14,1993,30.42742
478,3,14,1994,30.47588
478,3,14,1995,30.61267
478,3,14,1996,30.77733
478,3,14,1997,30.87741
478,3,14,1998,31.01688
478,3,14,1999,31.10003
478,3,14,2000,31.19011
478,3,14,2001,31.31992
478,3,14,2002,31.39074
478,3,14,2003,31.51482
478,3,14,2004,31.72577
478,3,14,2005,31.86708
478,3,14,2006,32.14701
478,3,14,2007,32.34666
478,3,14,2008,32.4643
478,3,14,2009,32.73462
478,3,14,2010,32.87031
478,3,14,2011,33.05309
478,3,14,2012,33.27502
478,3,14,2013,33.44942
478,3,14,2014,33.63068
478,3,14,2015,33.7098
478,3,14,2016,33.88428
478,3,14,2017,34.11506
478,3,14,2018,34.26152
478,3,14,2019,34.39833
479,1,14,1950,23.92783
479,1,14,1951,24.12402
479,1,14,1952,24.40819
479,1,14,1953,24.59607
479,1,14,1954,24.78577
479,1,14,1955,24.93616
479,1,14,1956,25.05076
479,1,14,1957,25.11963
479,1,14,1958,24.98406
479,1,14,1959,24.55073
479,1,14,1960,23.84473
479,1,14,1961,24.39816
479,1,14,1962,25.37795
479,1,14,1963,25.68174
479,1,14,1964,25.88025
479,1,14,1965,25.88401
479,1,14,1966,26.02641
479,1,14,1967,26.06557
479,1,14,1968,26.06421
479,1,14,1969,26.0997
479,1,14,1970,26.19686
479,1,14,1971,26.3589
479,1,14,1972,26.52521
479,1,14,1973,26.59967
479,1,14,1974,26.75163
479,1,14,1975,26.73684
479,1,14,1976,26.77653
479,1,14,1977,26.96323
479,1,14,1978,27.12038
479,1,14,1979,27.23123
479,1,14,1980,27.28396
479,1,14,1981,27.37486
479,1,14,1982,27.59982
479,1,14,1983,27.64802
479,1,14,1984,27.6929
479,1,14,1985,27.80392
479,1,14,1986,28.07517
479,1,14,1987,28.16134
479,1,14,1988,28.20637
479,1,14,1989,28.27314
479,1,14,1990,28.3762
479,1,14,1991,28.42128
479,1,14,1992,28.45748
479,1,14,1993,28.38859
479,1,14,1994,28.39887
479,1,14,1995,28.49089
479,1,14,1996,28.65577
479,1,14,1997,28.78711
479,1,14,1998,28.89855
479,1,14,1999,29.01799
479,1,14,2000,29.0968
479,1,14,2001,29.21439
479,1,14,2002,29.30225
479,1,14,2003,29.43528
479,1,14,2004,29.62499
479,1,14,2005,29.76249
479,1,14,2006,30.04595
479,1,14,2007,30.2558
479,1,14,2008,30.33317
479,1,14,2009,30.61458
479,1,14,2010,30.71997
479,1,14,2011,30.91857
479,1,14,2012,31.14379
479,1,14,2013,31.34611
479,1,14,2014,31.53678
479,1,14,2015,31.68225
479,1,14,2016,31.88856
479,1,14,2017,32.16956
479,1,14,2018,32.34374
479,1,14,2019,32.4914
479,2,14,1950,28.04675
479,2,14,1951,28.17512
479,2,14,1952,28.45495
479,2,14,1953,28.60852
479,2,14,1954,28.8347
479,2,14,1955,28.98616
479,2,14,1956,29.04761
479,2,14,1957,29.15555
479,2,14,1958,29.02947
479,2,14,1959,28.67735
479,2,14,1960,28.00494
479,2,14,1961,28.26967
479,2,14,1962,29.50923
479,2,14,1963,29.85103
479,2,14,1964,30.04649
479,2,14,1965,30.07791
479,2,14,1966,30.15978
479,2,14,1967,30.22605
479,2,14,1968,30.21523
479,2,14,1969,30.24944
479,2,14,1970,30.35551
479,2,14,1971,30.44021
479,2,14,1972,30.56305
479,2,14,1973,30.74645
479,2,14,1974,30.85376
479,2,14,1975,30.88215
479,2,14,1976,30.9923
479,2,14,1977,31.13667
479,2,14,1978,31.24398
479,2,14,1979,31.39867
479,2,14,1980,31.47711
479,2,14,1981,31.5907
479,2,14,1982,31.73444
479,2,14,1983,31.79132
479,2,14,1984,31.85559
479,2,14,1985,31.91537
479,2,14,1986,32.12912
479,2,14,1987,32.25533
479,2,14,1988,32.34229
479,2,14,1989,32.46077
479,2,14,1990,32.59966
479,2,14,1991,32.68444
479,2,14,1992,32.70833
479,2,14,1993,32.70414
479,2,14,1994,32.74339
479,2,14,1995,32.91098
479,2,14,1996,33.0652
479,2,14,1997,33.13027
479,2,14,1998,33.27508
479,2,14,1999,33.3321
479,2,14,2000,33.44184
479,2,14,2001,33.56461
479,2,14,2002,33.62088
479,2,14,2003,33.75606
479,2,14,2004,33.97243
479,2,14,2005,34.13088
479,2,14,2006,34.36231
479,2,14,2007,34.59353
479,2,14,2008,34.7261
479,2,14,2009,34.9963
479,2,14,2010,35.15217
479,2,14,2011,35.33757
479,2,14,2012,35.51928
479,2,14,2013,35.67556
479,2,14,2014,35.80675
479,2,14,2015,35.89923
479,2,14,2016,36.05227
479,2,14,2017,36.25573
479,2,14,2018,36.3561
479,2,14,2019,36.52126
479,3,14,1950,25.80399
479,3,14,1951,25.95056
479,3,14,1952,26.23971
479,3,14,1953,26.44319
479,3,14,1954,26.63145
479,3,14,1955,26.79254
479,3,14,1956,26.90499
479,3,14,1957,26.96862
479,3,14,1958,26.84209
479,3,14,1959,26.47474
479,3,14,1960,25.85096
479,3,14,1961,26.21785
479,3,14,1962,27.31789
479,3,14,1963,27.65562
479,3,14,1964,27.8427
479,3,14,1965,27.84229
479,3,14,1966,27.96769
479,3,14,1967,28.03908
479,3,14,1968,28.03081
479,3,14,1969,28.06022
479,3,14,1970,28.16677
479,3,14,1971,28.29545
479,3,14,1972,28.43512
479,3,14,1973,28.58407
479,3,14,1974,28.70185
479,3,14,1975,28.72488
479,3,14,1976,28.76877
479,3,14,1977,28.9468
479,3,14,1978,29.08149
479,3,14,1979,29.22839
479,3,14,1980,29.29305
479,3,14,1981,29.39701
479,3,14,1982,29.58393
479,3,14,1983,29.62587
479,3,14,1984,29.66381
479,3,14,1985,29.74962
479,3,14,1986,30.00517
479,3,14,1987,30.08704
479,3,14,1988,30.16134
479,3,14,1989,30.24605
479,3,14,1990,30.37619
479,3,14,1991,30.4291
479,3,14,1992,30.46841
479,3,14,1993,30.41808
479,3,14,1994,30.46558
479,3,14,1995,30.60237
479,3,14,1996,30.76654
479,3,14,1997,30.86582
479,3,14,1998,31.00516
479,3,14,1999,31.08779
479,3,14,2000,31.17723
479,3,14,2001,31.30679
479,3,14,2002,31.37721
479,3,14,2003,31.50076
479,3,14,2004,31.71185
479,3,14,2005,31.85297
479,3,14,2006,32.1324
479,3,14,2007,32.33207
479,3,14,2008,32.44992
479,3,14,2009,32.72054
479,3,14,2010,32.85564
479,3,14,2011,33.03863
479,3,14,2012,33.26045
479,3,14,2013,33.43505
479,3,14,2014,33.61601
479,3,14,2015,33.69682
479,3,14,2016,33.87
479,3,14,2017,34.10103
479,3,14,2018,34.24642
479,3,14,2019,34.38467
522,1,14,1950,24.44963
522,1,14,1951,24.44436
522,1,14,1952,24.604
522,1,14,1953,24.68127
522,1,14,1954,24.79527
522,1,14,1955,24.88588
522,1,14,1956,25.09718
522,1,14,1957,25.1964
522,1,14,1958,25.3573
522,1,14,1959,25.52596
522,1,14,1960,25.72706
522,1,14,1961,25.7821
522,1,14,1962,25.87806
522,1,14,1963,25.78694
522,1,14,1964,25.85953
522,1,14,1965,25.95835
522,1,14,1966,26.00248
522,1,14,1967,26.01196
522,1,14,1968,26.00815
522,1,14,1969,26.11685
522,1,14,1970,26.09497
522,1,14,1971,26.15544
522,1,14,1972,26.20119
522,1,14,1973,26.31182
522,1,14,1974,26.2868
522,1,14,1975,26.23181
522,1,14,1976,26.26521
522,1,14,1977,26.4318
522,1,14,1978,26.51275
522,1,14,1979,26.59168
522,1,14,1980,26.70803
522,1,14,1981,26.93633
522,1,14,1982,27.08231
522,1,14,1983,26.27891
522,1,14,1984,26.10058
522,1,14,1985,26.19393
522,1,14,1986,27.40535
522,1,14,1987,27.48852
522,1,14,1988,27.61507
522,1,14,1989,27.5752
522,1,14,1990,27.75624
522,1,14,1991,27.80333
522,1,14,1992,27.92172
522,1,14,1993,28.05141
522,1,14,1994,28.35529
522,1,14,1995,28.57162
522,1,14,1996,28.63141
522,1,14,1997,28.75477
522,1,14,1998,28.94726
522,1,14,1999,29.32015
522,1,14,2000,29.61036
522,1,14,2001,29.9009
522,1,14,2002,30.04322
522,1,14,2003,30.25049
522,1,14,2004,30.48301
522,1,14,2005,30.84871
522,1,14,2006,31.00123
522,1,14,2007,31.12189
522,1,14,2008,31.30491
522,1,14,2009,31.44262
522,1,14,2010,31.55037
522,1,14,2011,31.5282
522,1,14,2012,31.65825
522,1,14,2013,31.62544
522,1,14,2014,31.75739
522,1,14,2015,31.72126
522,1,14,2016,31.82441
522,1,14,2017,31.86674
522,1,14,2018,31.76452
522,1,14,2019,31.86276
522,2,14,1950,27.73066
522,2,14,1951,27.69223
522,2,14,1952,27.78113
522,2,14,1953,27.85121
522,2,14,1954,27.90062
522,2,14,1955,27.9244
522,2,14,1956,28.05793
522,2,14,1957,28.11936
522,2,14,1958,28.23049
522,2,14,1959,28.30964
522,2,14,1960,28.44208
522,2,14,1961,28.45133
522,2,14,1962,28.52758
522,2,14,1963,28.41312
522,2,14,1964,28.45214
522,2,14,1965,28.50486
522,2,14,1966,28.48393
522,2,14,1967,28.47114
522,2,14,1968,28.42331
522,2,14,1969,28.47409
522,2,14,1970,28.4371
522,2,14,1971,28.44552
522,2,14,1972,28.45483
522,2,14,1973,28.51581
522,2,14,1974,28.48833
522,2,14,1975,28.38979
522,2,14,1976,28.55105
522,2,14,1977,28.70198
522,2,14,1978,28.71181
522,2,14,1979,28.85293
522,2,14,1980,28.94877
522,2,14,1981,29.13927
522,2,14,1982,29.22203
522,2,14,1983,28.44332
522,2,14,1984,28.38699
522,2,14,1985,28.50341
522,2,14,1986,29.63743
522,2,14,1987,29.78607
522,2,14,1988,29.91286
522,2,14,1989,30.13284
522,2,14,1990,30.38946
522,2,14,1991,30.64958
522,2,14,1992,30.78271
522,2,14,1993,30.97368
522,2,14,1994,31.14246
522,2,14,1995,31.33539
522,2,14,1996,31.40388
522,2,14,1997,31.50406
522,2,14,1998,31.6515
522,2,14,1999,31.93689
522,2,14,2000,32.17973
522,2,14,2001,32.37322
522,2,14,2002,32.48694
522,2,14,2003,32.64046
522,2,14,2004,32.75467
522,2,14,2005,32.94074
522,2,14,2006,33.06351
522,2,14,2007,33.10695
522,2,14,2008,33.23927
522,2,14,2009,33.26273
522,2,14,2010,33.31572
522,2,14,2011,33.2358
522,2,14,2012,33.29288
522,2,14,2013,33.28937
522,2,14,2014,33.3531
522,2,14,2015,33.3256
522,2,14,2016,33.3259
522,2,14,2017,33.39049
522,2,14,2018,33.26908
522,2,14,2019,33.36247
522,3,14,1950,25.74068
522,3,14,1951,25.723
522,3,14,1952,25.85055
522,3,14,1953,25.92569
522,3,14,1954,25.98997
522,3,14,1955,26.04962
522,3,14,1956,26.22327
522,3,14,1957,26.30523
522,3,14,1958,26.44777
522,3,14,1959,26.58526
522,3,14,1960,26.7635
522,3,14,1961,26.80095
522,3,14,1962,26.90086
522,3,14,1963,26.80941
522,3,14,1964,26.87676
522,3,14,1965,26.97061
522,3,14,1966,27.00741
522,3,14,1967,27.00949
522,3,14,1968,26.99969
522,3,14,1969,27.09721
522,3,14,1970,27.08314
522,3,14,1971,27.12843
522,3,14,1972,27.17634
522,3,14,1973,27.26474
522,3,14,1974,27.2474
522,3,14,1975,27.17914
522,3,14,1976,27.28896
522,3,14,1977,27.44613
522,3,14,1978,27.49522
522,3,14,1979,27.60614
522,3,14,1980,27.72354
522,3,14,1981,27.92902
522,3,14,1982,28.04141
522,3,14,1983,27.26556
522,3,14,1984,27.13216
522,3,14,1985,27.23981
522,3,14,1986,28.41846
522,3,14,1987,28.52933
522,3,14,1988,28.65867
522,3,14,1989,28.72903
522,3,14,1990,28.92909
522,3,14,1991,29.07068
522,3,14,1992,29.1908
522,3,14,1993,29.3455
522,3,14,1994,29.58623
522,3,14,1995,29.79218
522,3,14,1996,29.85046
522,3,14,1997,29.96859
522,3,14,1998,30.13285
522,3,14,1999,30.47157
522,3,14,2000,30.74036
522,3,14,2001,30.9892
522,3,14,2002,31.11831
522,3,14,2003,31.30186
522,3,14,2004,31.48864
522,3,14,2005,31.77975
522,3,14,2006,31.89694
522,3,14,2007,31.98114
522,3,14,2008,32.14324
522,3,14,2009,32.24937
522,3,14,2010,32.32596
522,3,14,2011,32.28416
522,3,14,2012,32.38234
522,3,14,2013,32.36142
522,3,14,2014,32.48651
522,3,14,2015,32.43335
522,3,14,2016,32.49412
522,3,14,2017,32.53086
522,3,14,2018,32.43323
522,3,14,2019,32.52991
523,1,14,1950,28.33163
523,1,14,1951,28.38031
523,1,14,1952,28.3962
523,1,14,1953,28.62205
523,1,14,1954,29.16127
523,1,14,1955,29.21362
523,1,14,1956,29.01116
523,1,14,1957,28.44608
523,1,14,1958,28.09772
523,1,14,1959,27.00918
523,1,14,1960,26.75043
523,1,14,1961,27.15064
523,1,14,1962,26.88393
523,1,14,1963,26.70647
523,1,14,1964,26.77576
523,1,14,1965,26.59322
523,1,14,1966,26.55383
523,1,14,1967,26.87521
523,1,14,1968,26.44251
523,1,14,1969,26.5861
523,1,14,1970,26.93464
523,1,14,1971,26.902
523,1,14,1972,26.94084
523,1,14,1973,26.80918
523,1,14,1974,27.11271
523,1,14,1975,27.54872
523,1,14,1976,27.8277
523,1,14,1977,27.75623
523,1,14,1978,28.0108
523,1,14,1979,28.13648
523,1,14,1980,28.36915
523,1,14,1981,28.41063
523,1,14,1982,29.06962
523,1,14,1983,29.05532
523,1,14,1984,29.043
523,1,14,1985,29.04215
523,1,14,1986,29.1156
523,1,14,1987,29.4553
523,1,14,1988,29.30053
523,1,14,1989,29.522
523,1,14,1990,29.67827
523,1,14,1991,29.58044
523,1,14,1992,29.97478
523,1,14,1993,30.13542
523,1,14,1994,30.02961
523,1,14,1995,29.97766
523,1,14,1996,30.18437
523,1,14,1997,30.28351
523,1,14,1998,30.42903
523,1,14,1999,30.45651
523,1,14,2000,30.4728
523,1,14,2001,30.73638
523,1,14,2002,30.76902
523,1,14,2003,30.76809
523,1,14,2004,30.9798
523,1,14,2005,31.09213
523,1,14,2006,31.0456
523,1,14,2007,31.35447
523,1,14,2008,31.3519
523,1,14,2009,31.55878
523,1,14,2010,31.66307
523,1,14,2011,31.64728
523,1,14,2012,31.76074
523,1,14,2013,31.63102
523,1,14,2014,32.00132
523,1,14,2015,31.81216
523,1,14,2016,31.9003
523,1,14,2017,33.10274
523,1,14,2018,33.62328
523,1,14,2019,33.99073
523,2,14,1950,32.08066
523,2,14,1951,32.17707
523,2,14,1952,32.38761
523,2,14,1953,32.69131
523,2,14,1954,33.02094
523,2,14,1955,33.34161
523,2,14,1956,33.14429
523,2,14,1957,32.69202
523,2,14,1958,32.61687
523,2,14,1959,31.81797
523,2,14,1960,32.02354
523,2,14,1961,32.08885
523,2,14,1962,32.04365
523,2,14,1963,32.11986
523,2,14,1964,32.16349
523,2,14,1965,32.29993
523,2,14,1966,32.37409
523,2,14,1967,32.68091
523,2,14,1968,32.89025
523,2,14,1969,32.73712
523,2,14,1970,33.05083
523,2,14,1971,33.44556
523,2,14,1972,33.23193
523,2,14,1973,33.48875
523,2,14,1974,33.7053
523,2,14,1975,34.37169
523,2,14,1976,34.46534
523,2,14,1977,34.5502
523,2,14,1978,35.02155
523,2,14,1979,35.01329
523,2,14,1980,35.09241
523,2,14,1981,35.15043
523,2,14,1982,35.64069
523,2,14,1983,35.30008
523,2,14,1984,35.23229
523,2,14,1985,35.3777
523,2,14,1986,35.51177
523,2,14,1987,35.65116
523,2,14,1988,35.4738
523,2,14,1989,35.80081
523,2,14,1990,35.75571
523,2,14,1991,35.80733
523,2,14,1992,36.07761
523,2,14,1993,35.45496
523,2,14,1994,35.79565
523,2,14,1995,35.86296
523,2,14,1996,35.66308
523,2,14,1997,35.70318
523,2,14,1998,35.72197
523,2,14,1999,35.41729
523,2,14,2000,35.60548
523,2,14,2001,35.40567
523,2,14,2002,35.41079
523,2,14,2003,35.48556
523,2,14,2004,35.27581
523,2,14,2005,35.52254
523,2,14,2006,35.52918
523,2,14,2007,35.84724
523,2,14,2008,35.72473
523,2,14,2009,35.87198
523,2,14,2010,35.88216
523,2,14,2011,36.05488
523,2,14,2012,35.94947
523,2,14,2013,36.04074
523,2,14,2014,35.97264
523,2,14,2015,35.94471
523,2,14,2016,35.96728
523,2,14,2017,36.82665
523,2,14,2018,37.66329
523,2,14,2019,37.86293
523,3,14,1950,29.52471
523,3,14,1951,29.46905
523,3,14,1952,29.60448
523,3,14,1953,29.90731
523,3,14,1954,30.23049
523,3,14,1955,30.33203
523,3,14,1956,30.2911
523,3,14,1957,29.99036
523,3,14,1958,29.98648
523,3,14,1959,29.27839
523,3,14,1960,29.24072
523,3,14,1961,29.51295
523,3,14,1962,29.3463
523,3,14,1963,29.28377
523,3,14,1964,29.36612
523,3,14,1965,29.32895
523,3,14,1966,29.34142
523,3,14,1967,29.6879
523,3,14,1968,29.54666
523,3,14,1969,29.57411
523,3,14,1970,29.92423
523,3,14,1971,30.07841
523,3,14,1972,30.02722
523,3,14,1973,30.07918
523,3,14,1974,30.36326
523,3,14,1975,30.93182
523,3,14,1976,31.12903
523,3,14,1977,31.12439
523,3,14,1978,31.50336
523,3,14,1979,31.55726
523,3,14,1980,31.73856
523,3,14,1981,31.79131
523,3,14,1982,32.3982
523,3,14,1983,32.224
523,3,14,1984,32.18334
523,3,14,1985,32.24575
523,3,14,1986,32.35158
523,3,14,1987,32.61685
523,3,14,1988,32.44303
523,3,14,1989,32.72006
523,3,14,1990,32.78711
523,3,14,1991,32.74248
523,3,14,1992,33.07595
523,3,14,1993,32.87854
523,3,14,1994,32.9792
523,3,14,1995,32.96855
523,3,14,1996,32.96969
523,3,14,1997,33.04076
523,3,14,1998,33.11301
523,3,14,1999,32.98593
523,3,14,2000,33.08034
523,3,14,2001,33.11015
523,3,14,2002,33.10951
523,3,14,2003,33.15495
523,3,14,2004,33.15384
523,3,14,2005,33.33335
523,3,14,2006,33.29189
523,3,14,2007,33.60574
523,3,14,2008,33.54786
523,3,14,2009,33.72741
523,3,14,2010,33.76458
523,3,14,2011,33.84993
523,3,14,2012,33.84748
523,3,14,2013,33.83402
523,3,14,2014,33.96885
523,3,14,2015,33.85246
523,3,14,2016,33.9168
523,3,14,2017,34.73113
523,3,14,2018,35.22823
523,3,14,2019,35.34966
524,1,14,1950,27.79456
524,1,14,1951,27.92022
524,1,14,1952,28.21454
524,1,14,1953,28.32338
524,1,14,1954,30.6101
524,1,14,1955,30.25722
524,1,14,1956,29.72439
524,1,14,1957,29.00084
524,1,14,1958,28.65261
524,1,14,1959,28.17048
524,1,14,1960,27.58907
524,1,14,1961,27.84918
524,1,14,1962,27.72103
524,1,14,1963,27.77826
524,1,14,1964,27.06815
524,1,14,1965,28.12782
524,1,14,1966,28.5845
524,1,14,1967,28.66515
524,1,14,1968,28.10273
524,1,14,1969,28.11021
524,1,14,1970,28.12627
524,1,14,1971,28.34533
524,1,14,1972,28.8545
524,1,14,1973,28.82266
524,1,14,1974,29.33732
524,1,14,1975,29.582
524,1,14,1976,29.68449
524,1,14,1977,29.88903
524,1,14,1978,29.62443
524,1,14,1979,29.7933
524,1,14,1980,29.58741
524,1,14,1981,30.24684
524,1,14,1982,30.03012
524,1,14,1983,30.14003
524,1,14,1984,30.10445
524,1,14,1985,30.03204
524,1,14,1986,30.49096
524,1,14,1987,30.91364
524,1,14,1988,31.16512
524,1,14,1989,31.22556
524,1,14,1990,31.54826
524,1,14,1991,31.68216
524,1,14,1992,31.92587
524,1,14,1993,31.90203
524,1,14,1994,32.0205
524,1,14,1995,32.0806
524,1,14,1996,32.51506
524,1,14,1997,32.93526
524,1,14,1998,33.31726
524,1,14,1999,33.40847
524,1,14,2000,33.33361
524,1,14,2001,33.319
524,1,14,2002,33.37828
524,1,14,2003,33.81184
524,1,14,2004,34.24147
524,1,14,2005,34.70436
524,1,14,2006,34.78247
524,1,14,2007,34.83671
524,1,14,2008,35.08432
524,1,14,2009,35.1697
524,1,14,2010,35.23883
524,1,14,2011,35.28187
524,1,14,2012,35.55592
524,1,14,2013,35.74711
524,1,14,2014,35.62468
524,1,14,2015,35.71236
524,1,14,2016,35.81495
524,1,14,2017,36.43435
524,1,14,2018,36.50736
524,1,14,2019,36.79224
524,2,14,1950,31.12485
524,2,14,1951,31.27076
524,2,14,1952,31.48227
524,2,14,1953,31.6988
524,2,14,1954,33.76077
524,2,14,1955,33.74568
524,2,14,1956,33.32092
524,2,14,1957,32.92667
524,2,14,1958,32.86008
524,2,14,1959,32.36378
524,2,14,1960,32.19095
524,2,14,1961,32.25943
524,2,14,1962,32.43396
524,2,14,1963,32.58991
524,2,14,1964,31.70057
524,2,14,1965,33.0883
524,2,14,1966,33.18142
524,2,14,1967,33.43028
524,2,14,1968,33.63945
524,2,14,1969,33.79736
524,2,14,1970,33.75479
524,2,14,1971,33.61709
524,2,14,1972,33.64808
524,2,14,1973,33.71944
524,2,14,1974,33.59167
524,2,14,1975,33.47149
524,2,14,1976,33.47836
524,2,14,1977,33.72773
524,2,14,1978,34.18226
524,2,14,1979,35.0422
524,2,14,1980,35.15711
524,2,14,1981,35.01425
524,2,14,1982,34.87511
524,2,14,1983,34.78778
524,2,14,1984,34.7216
524,2,14,1985,34.6802
524,2,14,1986,34.71681
524,2,14,1987,34.96195
524,2,14,1988,35.1686
524,2,14,1989,35.31737
524,2,14,1990,35.4908
524,2,14,1991,35.59196
524,2,14,1992,35.55813
524,2,14,1993,35.585
524,2,14,1994,35.61449
524,2,14,1995,35.60611
524,2,14,1996,35.60967
524,2,14,1997,35.84471
524,2,14,1998,35.94998
524,2,14,1999,35.90517
524,2,14,2000,35.99912
524,2,14,2001,36.22147
524,2,14,2002,36.44895
524,2,14,2003,36.60698
524,2,14,2004,36.85893
524,2,14,2005,37.00506
524,2,14,2006,37.0939
524,2,14,2007,37.27343
524,2,14,2008,37.46585
524,2,14,2009,37.54355
524,2,14,2010,37.97106
524,2,14,2011,38.05906
524,2,14,2012,38.11596
524,2,14,2013,38.21659
524,2,14,2014,38.24634
524,2,14,2015,38.50051
524,2,14,2016,38.84744
524,2,14,2017,39.29463
524,2,14,2018,38.95101
524,2,14,2019,38.81308
524,3,14,1950,28.50025
524,3,14,1951,28.64597
524,3,14,1952,28.84425
524,3,14,1953,28.93186
524,3,14,1954,31.05203
524,3,14,1955,30.96589
524,3,14,1956,30.55662
524,3,14,1957,30.00309
524,3,14,1958,29.82165
524,3,14,1959,29.47734
524,3,14,1960,29.07039
524,3,14,1961,29.29069
524,3,14,1962,29.27656
524,3,14,1963,29.38236
524,3,14,1964,28.62271
524,3,14,1965,29.79686
524,3,14,1966,30.22338
524,3,14,1967,30.39047
524,3,14,1968,30.13354
524,3,14,1969,30.20358
524,3,14,1970,30.25912
524,3,14,1971,30.35801
524,3,14,1972,30.73528
524,3,14,1973,30.74224
524,3,14,1974,31.08166
524,3,14,1975,31.14164
524,3,14,1976,31.2375
524,3,14,1977,31.4572
524,3,14,1978,31.49955
524,3,14,1979,31.96812
524,3,14,1980,31.86059
524,3,14,1981,32.27386
524,3,14,1982,32.06698
524,3,14,1983,32.1052
524,3,14,1984,32.10467
524,3,14,1985,32.01582
524,3,14,1986,32.3301
524,3,14,1987,32.67852
524,3,14,1988,32.92021
524,3,14,1989,33.02236
524,3,14,1990,33.30361
524,3,14,1991,33.42572
524,3,14,1992,33.5347
524,3,14,1993,33.53267
524,3,14,1994,33.59769
524,3,14,1995,33.62846
524,3,14,1996,33.83873
524,3,14,1997,34.16527
524,3,14,1998,34.42027
524,3,14,1999,34.47805
524,3,14,2000,34.46998
524,3,14,2001,34.58638
524,3,14,2002,34.69773
524,3,14,2003,35.02059
524,3,14,2004,35.34121
524,3,14,2005,35.67981
524,3,14,2006,35.77564
524,3,14,2007,35.86414
524,3,14,2008,36.09971
524,3,14,2009,36.19608
524,3,14,2010,36.40135
524,3,14,2011,36.46381
524,3,14,2012,36.64287
524,3,14,2013,36.7935
524,3,14,2014,36.76249
524,3,14,2015,36.93815
524,3,14,2016,37.12513
524,3,14,2017,37.57194
524,3,14,2018,37.35237
524,3,14,2019,37.3113
525,1,14,1950,29.15349
525,1,14,1951,29.2287
525,1,14,1952,29.18897
525,1,14,1953,29.52779
525,1,14,1954,30.04946
525,1,14,1955,29.985
525,1,14,1956,29.76182
525,1,14,1957,29.08341
525,1,14,1958,28.63527
525,1,14,1959,27.65539
525,1,14,1960,27.47725
525,1,14,1961,27.41159
525,1,14,1962,27.31798
525,1,14,1963,27.08361
525,1,14,1964,27.33026
525,1,14,1965,27.85113
525,1,14,1966,27.68963
525,1,14,1967,27.81132
525,1,14,1968,27.83861
525,1,14,1969,27.87066
525,1,14,1970,28.18787
525,1,14,1971,28.08294
525,1,14,1972,28.28962
525,1,14,1973,28.61165
525,1,14,1974,28.60417
525,1,14,1975,29.80149
525,1,14,1976,30.24558
525,1,14,1977,30.19804
525,1,14,1978,30.29374
525,1,14,1979,30.60123
525,1,14,1980,30.44907
525,1,14,1981,30.63958
525,1,14,1982,31.04531
525,1,14,1983,31.52058
525,1,14,1984,31.21334
525,1,14,1985,31.64991
525,1,14,1986,31.46287
525,1,14,1987,31.56556
525,1,14,1988,31.74961
525,1,14,1989,32.002
525,1,14,1990,32.39468
525,1,14,1991,32.47773
525,1,14,1992,32.49338
525,1,14,1993,32.16437
525,1,14,1994,32.41158
525,1,14,1995,32.62803
525,1,14,1996,32.75162
525,1,14,1997,33.15864
525,1,14,1998,33.1644
525,1,14,1999,33.17619
525,1,14,2000,33.50321
525,1,14,2001,33.66346
525,1,14,2002,33.65128
525,1,14,2003,33.91885
525,1,14,2004,34.32008
525,1,14,2005,34.15904
525,1,14,2006,34.34687
525,1,14,2007,34.75461
525,1,14,2008,35.14739
525,1,14,2009,35.31697
525,1,14,2010,35.41108
525,1,14,2011,35.64008
525,1,14,2012,35.40345
525,1,14,2013,35.36969
525,1,14,2014,35.71167
525,1,14,2015,35.51116
525,1,14,2016,35.06642
525,1,14,2017,36.01747
525,1,14,2018,36.94602
525,1,14,2019,37.26302
525,2,14,1950,34.19871
525,2,14,1951,34.30797
525,2,14,1952,34.42453
525,2,14,1953,34.84969
525,2,14,1954,35.07682
525,2,14,1955,35.20119
525,2,14,1956,35.0827
525,2,14,1957,34.68565
525,2,14,1958,34.41824
525,2,14,1959,33.79527
525,2,14,1960,34.08367
525,2,14,1961,33.85475
525,2,14,1962,33.75137
525,2,14,1963,33.4834
525,2,14,1964,33.44103
525,2,14,1965,33.91568
525,2,14,1966,34.51827
525,2,14,1967,34.29425
525,2,14,1968,34.44766
525,2,14,1969,34.54898
525,2,14,1970,34.46166
525,2,14,1971,34.39801
525,2,14,1972,34.86973
525,2,14,1973,34.92178
525,2,14,1974,35.33364
525,2,14,1975,35.797
525,2,14,1976,36.24857
525,2,14,1977,36.36522
525,2,14,1978,36.42238
525,2,14,1979,36.42987
525,2,14,1980,36.09721
525,2,14,1981,36.63972
525,2,14,1982,36.79216
525,2,14,1983,36.66811
525,2,14,1984,36.72408
525,2,14,1985,36.89228
525,2,14,1986,36.93022
525,2,14,1987,36.82403
525,2,14,1988,37.07741
525,2,14,1989,37.20205
525,2,14,1990,37.46906
525,2,14,1991,37.41918
525,2,14,1992,37.61497
525,2,14,1993,37.16866
525,2,14,1994,37.35715
525,2,14,1995,37.22507
525,2,14,1996,37.26616
525,2,14,1997,37.54353
525,2,14,1998,37.40945
525,2,14,1999,37.39455
525,2,14,2000,37.47579
525,2,14,2001,37.79192
525,2,14,2002,37.75173
525,2,14,2003,37.92548
525,2,14,2004,38.07798
525,2,14,2005,37.92794
525,2,14,2006,38.03507
525,2,14,2007,38.6028
525,2,14,2008,38.83326
525,2,14,2009,38.85911
525,2,14,2010,39.16408
525,2,14,2011,39.17893
525,2,14,2012,39.21195
525,2,14,2013,39.29958
525,2,14,2014,39.32981
525,2,14,2015,39.26206
525,2,14,2016,39.14309
525,2,14,2017,39.97353
525,2,14,2018,40.71051
525,2,14,2019,40.85151
525,3,14,1950,30.64946
525,3,14,1951,30.77796
525,3,14,1952,30.84146
525,3,14,1953,31.18384
525,3,14,1954,31.75638
525,3,14,1955,31.71783
525,3,14,1956,31.46314
525,3,14,1957,31.06557
525,3,14,1958,30.90454
525,3,14,1959,30.27459
525,3,14,1960,30.31014
525,3,14,1961,30.20081
525,3,14,1962,30.10629
525,3,14,1963,29.90096
525,3,14,1964,30.04045
525,3,14,1965,30.5683
525,3,14,1966,30.71781
525,3,14,1967,30.72679
525,3,14,1968,30.81105
525,3,14,1969,30.90915
525,3,14,1970,31.08061
525,3,14,1971,30.99325
525,3,14,1972,31.34094
525,3,14,1973,31.56992
525,3,14,1974,31.76725
525,3,14,1975,32.64515
525,3,14,1976,33.09828
525,3,14,1977,33.13568
525,3,14,1978,33.23036
525,3,14,1979,33.40624
525,3,14,1980,33.17415
525,3,14,1981,33.52779
525,3,14,1982,33.82713
525,3,14,1983,34.05595
525,3,14,1984,33.90222
525,3,14,1985,34.22452
525,3,14,1986,34.13408
525,3,14,1987,34.13804
525,3,14,1988,34.37515
525,3,14,1989,34.56478
525,3,14,1990,34.90429
525,3,14,1991,34.8968
525,3,14,1992,35.00082
525,3,14,1993,34.62101
525,3,14,1994,34.85289
525,3,14,1995,34.89235
525,3,14,1996,34.97389
525,3,14,1997,35.31693
525,3,14,1998,35.24948
525,3,14,1999,35.24284
525,3,14,2000,35.45159
525,3,14,2001,35.69449
525,3,14,2002,35.66262
525,3,14,2003,35.87526
525,3,14,2004,36.16274
525,3,14,2005,36.00532
525,3,14,2006,36.14117
525,3,14,2007,36.62478
525,3,14,2008,36.94614
525,3,14,2009,37.04827
525,3,14,2010,37.24186
525,3,14,2011,37.35032
525,3,14,2012,37.25307
525,3,14,2013,37.28126
525,3,14,2014,37.46466
525,3,14,2015,37.31763
525,3,14,2016,37.03991
525,3,14,2017,37.65288
525,3,14,2018,38.25414
525,3,14,2019,38.30592
526,1,14,1950,30.08589
526,1,14,1951,30.0816
526,1,14,1952,30.18447
526,1,14,1953,30.51477
526,1,14,1954,30.87542
526,1,14,1955,30.80242
526,1,14,1956,30.58038
526,1,14,1957,30.04016
526,1,14,1958,29.76259
526,1,14,1959,28.82848
526,1,14,1960,28.52186
526,1,14,1961,28.74729
526,1,14,1962,28.22205
526,1,14,1963,27.86666
526,1,14,1964,27.79105
526,1,14,1965,28.03261
526,1,14,1966,28.11547
526,1,14,1967,28.15306
526,1,14,1968,27.72816
526,1,14,1969,27.72861
526,1,14,1970,28.12187
526,1,14,1971,28.21295
526,1,14,1972,28.12353
526,1,14,1973,27.9287
526,1,14,1974,27.99446
526,1,14,1975,28.37798
526,1,14,1976,29.03908
526,1,14,1977,29.13219
526,1,14,1978,29.2821
526,1,14,1979,29.59179
526,1,14,1980,29.24253
526,1,14,1981,29.63333
526,1,14,1982,29.66753
526,1,14,1983,29.66177
526,1,14,1984,29.59887
526,1,14,1985,29.78839
526,1,14,1986,29.92166
526,1,14,1987,29.88794
526,1,14,1988,30.14319
526,1,14,1989,30.16952
526,1,14,1990,30.45533
526,1,14,1991,30.49113
526,1,14,1992,30.61911
526,1,14,1993,30.5231
526,1,14,1994,30.46119
526,1,14,1995,30.57075
526,1,14,1996,30.75028
526,1,14,1997,30.7066
526,1,14,1998,30.91697
526,1,14,1999,31.09767
526,1,14,2000,31.09911
526,1,14,2001,31.29433
526,1,14,2002,31.4039
526,1,14,2003,31.54344
526,1,14,2004,31.92819
526,1,14,2005,31.91552
526,1,14,2006,32.02158
526,1,14,2007,32.27211
526,1,14,2008,31.90487
526,1,14,2009,32.20694
526,1,14,2010,32.37016
526,1,14,2011,32.16312
526,1,14,2012,32.32008
526,1,14,2013,32.37177
526,1,14,2014,32.445
526,1,14,2015,32.19423
526,1,14,2016,32.45708
526,1,14,2017,33.73743
526,1,14,2018,34.3114
526,1,14,2019,34.67049
526,2,14,1950,33.97749
526,2,14,1951,34.09365
526,2,14,1952,34.11905
526,2,14,1953,34.37807
526,2,14,1954,34.84273
526,2,14,1955,35.00339
526,2,14,1956,34.84666
526,2,14,1957,34.43824
526,2,14,1958,34.22032
526,2,14,1959,33.55308
526,2,14,1960,33.55446
526,2,14,1961,33.91736
526,2,14,1962,33.42033
526,2,14,1963,33.54106
526,2,14,1964,33.52815
526,2,14,1965,33.9958
526,2,14,1966,34.13284
526,2,14,1967,34.25714
526,2,14,1968,33.74968
526,2,14,1969,33.84913
526,2,14,1970,34.42462
526,2,14,1971,34.41683
526,2,14,1972,34.32216
526,2,14,1973,34.4523
526,2,14,1974,34.6419
526,2,14,1975,35.146
526,2,14,1976,35.55544
526,2,14,1977,35.74354
526,2,14,1978,35.6354
526,2,14,1979,36.09669
526,2,14,1980,36.00215
526,2,14,1981,36.0641
526,2,14,1982,36.27282
526,2,14,1983,36.18383
526,2,14,1984,36.13063
526,2,14,1985,35.93284
526,2,14,1986,36.25783
526,2,14,1987,36.21229
526,2,14,1988,36.01641
526,2,14,1989,36.48665
526,2,14,1990,36.23037
526,2,14,1991,36.50482
526,2,14,1992,36.48301
526,2,14,1993,36.08114
526,2,14,1994,36.22052
526,2,14,1995,36.19185
526,2,14,1996,36.28205
526,2,14,1997,35.7314
526,2,14,1998,35.92142
526,2,14,1999,35.98873
526,2,14,2000,35.81346
526,2,14,2001,36.12075
526,2,14,2002,35.71775
526,2,14,2003,36.2753
526,2,14,2004,36.13269
526,2,14,2005,36.41884
526,2,14,2006,36.48029
526,2,14,2007,36.40195
526,2,14,2008,36.18826
526,2,14,2009,36.36114
526,2,14,2010,36.57367
526,2,14,2011,36.5866
526,2,14,2012,36.289
526,2,14,2013,36.42685
526,2,14,2014,36.34859
526,2,14,2015,36.21372
526,2,14,2016,36.11915
526,2,14,2017,37.06399
526,2,14,2018,37.90034
526,2,14,2019,38.08066
526,3,14,1950,31.17794
526,3,14,1951,31.08262
526,3,14,1952,31.28857
526,3,14,1953,31.54961
526,3,14,1954,31.95406
526,3,14,1955,31.95191
526,3,14,1956,31.98214
526,3,14,1957,31.50957
526,3,14,1958,31.48991
526,3,14,1959,30.94395
526,3,14,1960,30.77277
526,3,14,1961,31.09024
526,3,14,1962,30.57142
526,3,14,1963,30.44445
526,3,14,1964,30.4194
526,3,14,1965,30.77836
526,3,14,1966,30.90073
526,3,14,1967,30.98302
526,3,14,1968,30.5288
526,3,14,1969,30.58416
526,3,14,1970,31.08825
526,3,14,1971,31.12935
526,3,14,1972,31.06266
526,3,14,1973,31.00673
526,3,14,1974,31.14895
526,3,14,1975,31.61652
526,3,14,1976,32.17584
526,3,14,1977,32.31166
526,3,14,1978,32.36541
526,3,14,1979,32.76141
526,3,14,1980,32.52315
526,3,14,1981,32.76199
526,3,14,1982,32.89414
526,3,14,1983,32.8359
526,3,14,1984,32.78526
526,3,14,1985,32.80725
526,3,14,1986,33.01333
526,3,14,1987,32.99791
526,3,14,1988,33.0375
526,3,14,1989,33.29506
526,3,14,1990,33.31513
526,3,14,1991,33.46299
526,3,14,1992,33.53567
526,3,14,1993,33.27834
526,3,14,1994,33.31356
526,3,14,1995,33.36779
526,3,14,1996,33.49168
526,3,14,1997,33.19326
526,3,14,1998,33.41393
526,3,14,1999,33.51686
526,3,14,2000,33.44802
526,3,14,2001,33.66961
526,3,14,2002,33.55308
526,3,14,2003,33.89323
526,3,14,2004,33.99665
526,3,14,2005,34.1369
526,3,14,2006,34.21606
526,3,14,2007,34.28904
526,3,14,2008,33.99176
526,3,14,2009,34.22668
526,3,14,2010,34.41267
526,3,14,2011,34.31843
526,3,14,2012,34.25006
526,3,14,2013,34.33501
526,3,14,2014,34.34075
526,3,14,2015,34.13529
526,3,14,2016,34.21642
526,3,14,2017,35.05665
526,3,14,2018,35.51667
526,3,14,2019,35.79693
527,1,14,1950,29.90149
527,1,14,1951,29.9422
527,1,14,1952,29.94848
527,1,14,1953,30.25209
527,1,14,1954,30.45714
527,1,14,1955,30.51243
527,1,14,1956,30.20676
527,1,14,1957,29.65335
527,1,14,1958,29.01786
527,1,14,1959,27.91684
527,1,14,1960,27.71867
527,1,14,1961,27.92284
527,1,14,1962,27.89971
527,1,14,1963,27.66054
527,1,14,1964,27.75632
527,1,14,1965,27.88862
527,1,14,1966,27.87503
527,1,14,1967,28.02046
527,1,14,1968,28.08294
527,1,14,1969,28.16661
527,1,14,1970,28.42922
527,1,14,1971,28.56489
527,1,14,1972,28.8097
527,1,14,1973,28.92805
527,1,14,1974,29.305
527,1,14,1975,29.53228
527,1,14,1976,29.82406
527,1,14,1977,30.17705
527,1,14,1978,30.12546
527,1,14,1979,30.29192
527,1,14,1980,30.25733
527,1,14,1981,30.59843
527,1,14,1982,30.6487
527,1,14,1983,30.99513
527,1,14,1984,30.98762
527,1,14,1985,31.01704
527,1,14,1986,31.10891
527,1,14,1987,31.22393
527,1,14,1988,31.38973
527,1,14,1989,31.48802
527,1,14,1990,31.90151
527,1,14,1991,32.14231
527,1,14,1992,32.28278
527,1,14,1993,32.34138
527,1,14,1994,32.51151
527,1,14,1995,32.55748
527,1,14,1996,33.03623
527,1,14,1997,33.2931
527,1,14,1998,33.24293
527,1,14,1999,33.51416
527,1,14,2000,33.67324
527,1,14,2001,33.68056
527,1,14,2002,33.90757
527,1,14,2003,33.91708
527,1,14,2004,34.34781
527,1,14,2005,34.49739
527,1,14,2006,34.67684
527,1,14,2007,34.98364
527,1,14,2008,35.38977
527,1,14,2009,35.512
527,1,14,2010,36.00922
527,1,14,2011,35.91218
527,1,14,2012,36.03145
527,1,14,2013,36.12365
527,1,14,2014,36.31753
527,1,14,2015,36.24851
527,1,14,2016,36.3506
527,1,14,2017,37.57922
527,1,14,2018,38.16285
527,1,14,2019,38.41847
527,2,14,1950,33.91657
527,2,14,1951,34.12892
527,2,14,1952,34.24745
527,2,14,1953,34.62992
527,2,14,1954,34.8391
527,2,14,1955,34.94973
527,2,14,1956,34.84101
527,2,14,1957,34.47698
527,2,14,1958,34.06493
527,2,14,1959,33.30473
527,2,14,1960,33.26616
527,2,14,1961,33.43211
527,2,14,1962,33.39344
527,2,14,1963,33.33025
527,2,14,1964,33.37226
527,2,14,1965,33.45539
527,2,14,1966,33.53364
527,2,14,1967,33.68483
527,2,14,1968,33.80637
527,2,14,1969,33.80091
527,2,14,1970,33.89419
527,2,14,1971,33.98539
527,2,14,1972,34.26009
527,2,14,1973,34.41169
527,2,14,1974,34.70757
527,2,14,1975,34.9525
527,2,14,1976,35.34639
527,2,14,1977,35.50288
527,2,14,1978,35.62429
527,2,14,1979,35.72618
527,2,14,1980,35.62572
527,2,14,1981,35.76825
527,2,14,1982,35.91494
527,2,14,1983,36.01264
527,2,14,1984,35.94975
527,2,14,1985,36.05812
527,2,14,1986,36.08796
527,2,14,1987,36.10523
527,2,14,1988,36.05832
527,2,14,1989,36.18983
527,2,14,1990,36.64149
527,2,14,1991,36.76999
527,2,14,1992,37.03997
527,2,14,1993,36.98409
527,2,14,1994,37.0299
527,2,14,1995,37.23744
527,2,14,1996,37.21841
527,2,14,1997,37.28154
527,2,14,1998,37.32591
527,2,14,1999,37.33357
527,2,14,2000,37.46331
527,2,14,2001,37.39984
527,2,14,2002,37.70069
527,2,14,2003,37.64885
527,2,14,2004,38.04043
527,2,14,2005,38.21775
527,2,14,2006,38.42492
527,2,14,2007,38.74797
527,2,14,2008,39.02582
527,2,14,2009,39.14745
527,2,14,2010,39.51189
527,2,14,2011,39.52714
527,2,14,2012,39.6117
527,2,14,2013,39.86061
527,2,14,2014,39.89336
527,2,14,2015,39.91528
527,2,14,2016,40.03526
527,2,14,2017,41.139
527,2,14,2018,41.81653
527,2,14,2019,41.84188
527,3,14,1950,31.12186
527,3,14,1951,31.22716
527,3,14,1952,31.3841
527,3,14,1953,31.56014
527,3,14,1954,32.00204
527,3,14,1955,31.97519
527,3,14,1956,31.80743
527,3,14,1957,31.45275
527,3,14,1958,31.12812
527,3,14,1959,30.48015
527,3,14,1960,30.3579
527,3,14,1961,30.55647
527,3,14,1962,30.54353
527,3,14,1963,30.37636
527,3,14,1964,30.46431
527,3,14,1965,30.59193
527,3,14,1966,30.6227
527,3,14,1967,30.7898
527,3,14,1968,30.88847
527,3,14,1969,30.94252
527,3,14,1970,31.14265
527,3,14,1971,31.26866
527,3,14,1972,31.54253
527,3,14,1973,31.67483
527,3,14,1974,32.0363
527,3,14,1975,32.27998
527,3,14,1976,32.62657
527,3,14,1977,32.89849
527,3,14,1978,32.93128
527,3,14,1979,33.06522
527,3,14,1980,32.99711
527,3,14,1981,33.25222
527,3,14,1982,33.34921
527,3,14,1983,33.58014
527,3,14,1984,33.54584
527,3,14,1985,33.60861
527,3,14,1986,33.66662
527,3,14,1987,33.7358
527,3,14,1988,33.79348
527,3,14,1989,33.9089
527,3,14,1990,34.34384
527,3,14,1991,34.53108
527,3,14,1992,34.73506
527,3,14,1993,34.73974
527,3,14,1994,34.84788
527,3,14,1995,34.96853
527,3,14,1996,35.2033
527,3,14,1997,35.35486
527,3,14,1998,35.35392
527,3,14,1999,35.49201
527,3,14,2000,35.62817
527,3,14,2001,35.59324
527,3,14,2002,35.85607
527,3,14,2003,35.83907
527,3,14,2004,36.25226
527,3,14,2005,36.41719
527,3,14,2006,36.59311
527,3,14,2007,36.91369
527,3,14,2008,37.25676
527,3,14,2009,37.37771
527,3,14,2010,37.80335
527,3,14,2011,37.76729
527,3,14,2012,37.86329
527,3,14,2013,38.02533
527,3,14,2014,38.13865
527,3,14,2015,38.11115
527,3,14,2016,38.22116
527,3,14,2017,39.14238
527,3,14,2018,39.53486
527,3,14,2019,39.61544
528,1,14,1950,30.30765
528,1,14,1951,30.24069
528,1,14,1952,30.41077
528,1,14,1953,30.56048
528,1,14,1954,30.96414
528,1,14,1955,30.9419
528,1,14,1956,30.64735
528,1,14,1957,30.00149
528,1,14,1958,29.55096
528,1,14,1959,28.62449
528,1,14,1960,28.97311
528,1,14,1961,28.79868
528,1,14,1962,28.4976
528,1,14,1963,28.46013
528,1,14,1964,28.66382
528,1,14,1965,28.95564
528,1,14,1966,28.77314
528,1,14,1967,29.1046
528,1,14,1968,28.54872
528,1,14,1969,29.16468
528,1,14,1970,29.14663
528,1,14,1971,29.06711
528,1,14,1972,29.22329
528,1,14,1973,29.21086
528,1,14,1974,29.73165
528,1,14,1975,30.03244
528,1,14,1976,30.31786
528,1,14,1977,30.56068
528,1,14,1978,30.59936
528,1,14,1979,30.79049
528,1,14,1980,31.00194
528,1,14,1981,31.04121
528,1,14,1982,31.11465
528,1,14,1983,31.59435
528,1,14,1984,31.7876
528,1,14,1985,31.93139
528,1,14,1986,31.90391
528,1,14,1987,32.19374
528,1,14,1988,32.39597
528,1,14,1989,32.56076
528,1,14,1990,32.92946
528,1,14,1991,32.67686
528,1,14,1992,33.25652
528,1,14,1993,33.156
528,1,14,1994,32.81958
528,1,14,1995,33.16074
528,1,14,1996,33.43873
528,1,14,1997,33.60297
528,1,14,1998,33.70954
528,1,14,1999,33.81965
528,1,14,2000,34.18718
528,1,14,2001,34.15919
528,1,14,2002,34.07114
528,1,14,2003,34.31847
528,1,14,2004,34.81009
528,1,14,2005,34.85169
528,1,14,2006,35.247
528,1,14,2007,35.21782
528,1,14,2008,35.2138
528,1,14,2009,35.49342
528,1,14,2010,35.91307
528,1,14,2011,35.7365
528,1,14,2012,35.89432
528,1,14,2013,36.1092
528,1,14,2014,35.91901
528,1,14,2015,36.1111
528,1,14,2016,35.71139
528,1,14,2017,36.96102
528,1,14,2018,37.13036
528,1,14,2019,37.4619
528,2,14,1950,34.28488
528,2,14,1951,34.46922
528,2,14,1952,34.60482
528,2,14,1953,34.91596
528,2,14,1954,35.24904
528,2,14,1955,35.30201
528,2,14,1956,35.14147
528,2,14,1957,34.64883
528,2,14,1958,34.28885
528,2,14,1959,33.63278
528,2,14,1960,33.77317
528,2,14,1961,33.95756
528,2,14,1962,33.96128
528,2,14,1963,34.16027
528,2,14,1964,33.87054
528,2,14,1965,34.18898
528,2,14,1966,34.47044
528,2,14,1967,34.57453
528,2,14,1968,34.04266
528,2,14,1969,34.7935
528,2,14,1970,34.85568
528,2,14,1971,34.8226
528,2,14,1972,34.75323
528,2,14,1973,34.89884
528,2,14,1974,35.49263
528,2,14,1975,35.99167
528,2,14,1976,35.947
528,2,14,1977,36.32851
528,2,14,1978,36.45075
528,2,14,1979,36.73421
528,2,14,1980,36.46511
528,2,14,1981,36.33075
528,2,14,1982,36.70507
528,2,14,1983,36.63594
528,2,14,1984,36.5629
528,2,14,1985,37.05728
528,2,14,1986,36.7006
528,2,14,1987,37.04942
528,2,14,1988,37.17942
528,2,14,1989,37.55292
528,2,14,1990,37.61483
528,2,14,1991,37.60922
528,2,14,1992,37.80419
528,2,14,1993,37.28488
528,2,14,1994,37.51371
528,2,14,1995,37.33326
528,2,14,1996,37.30398
528,2,14,1997,37.39586
528,2,14,1998,37.24446
528,2,14,1999,37.32153
528,2,14,2000,37.47811
528,2,14,2001,37.36027
528,2,14,2002,37.51094
528,2,14,2003,37.58401
528,2,14,2004,38.08756
528,2,14,2005,38.22312
528,2,14,2006,38.36961
528,2,14,2007,38.54535
528,2,14,2008,38.51641
528,2,14,2009,38.53412
528,2,14,2010,38.93905
528,2,14,2011,38.88692
528,2,14,2012,39.09735
528,2,14,2013,39.14138
528,2,14,2014,39.10607
528,2,14,2015,39.16921
528,2,14,2016,39.32626
528,2,14,2017,40.31348
528,2,14,2018,40.85044
528,2,14,2019,40.98378
528,3,14,1950,31.47784
528,3,14,1951,31.58146
528,3,14,1952,31.64005
528,3,14,1953,31.92219
528,3,14,1954,32.32091
528,3,14,1955,32.36053
528,3,14,1956,32.12311
528,3,14,1957,31.78378
528,3,14,1958,31.48477
528,3,14,1959,30.92087
528,3,14,1960,31.19893
528,3,14,1961,31.18915
528,3,14,1962,31.0101
528,3,14,1963,31.10112
528,3,14,1964,31.11277
528,3,14,1965,31.41612
528,3,14,1966,31.45163
528,3,14,1967,31.69009
528,3,14,1968,31.15603
528,3,14,1969,31.84737
528,3,14,1970,31.88529
528,3,14,1971,31.85958
528,3,14,1972,31.88714
528,3,14,1973,31.97422
528,3,14,1974,32.54365
528,3,14,1975,32.93115
528,3,14,1976,33.09647
528,3,14,1977,33.40501
528,3,14,1978,33.49612
528,3,14,1979,33.74419
528,3,14,1980,33.73448
528,3,14,1981,33.68632
528,3,14,1982,33.92075
528,3,14,1983,34.14495
528,3,14,1984,34.21046
528,3,14,1985,34.54583
528,3,14,1986,34.34145
528,3,14,1987,34.64781
528,3,14,1988,34.82415
528,3,14,1989,35.08542
528,3,14,1990,35.31783
528,3,14,1991,35.17656
528,3,14,1992,35.57357
528,3,14,1993,35.25227
528,3,14,1994,35.17665
528,3,14,1995,35.27208
528,3,14,1996,35.4081
528,3,14,1997,35.52428
528,3,14,1998,35.50151
528,3,14,1999,35.57137
528,3,14,2000,35.85139
528,3,14,2001,35.78024
528,3,14,2002,35.78314
528,3,14,2003,35.94959
528,3,14,2004,36.44585
528,3,14,2005,36.53683
528,3,14,2006,36.79633
528,3,14,2007,36.86443
528,3,14,2008,36.8528
528,3,14,2009,37.00086
528,3,14,2010,37.39664
528,3,14,2011,37.29234
528,3,14,2012,37.47186
528,3,14,2013,37.60829
528,3,14,2014,37.48402
528,3,14,2015,37.60348
528,3,14,2016,37.47474
528,3,14,2017,38.27532
528,3,14,2018,38.57038
528,3,14,2019,38.68269
529,1,14,1950,30.03183
529,1,14,1951,29.88719
529,1,14,1952,29.91041
529,1,14,1953,30.24691
529,1,14,1954,30.58759
529,1,14,1955,30.30807
529,1,14,1956,30.02477
529,1,14,1957,29.57389
529,1,14,1958,28.91875
529,1,14,1959,27.92832
529,1,14,1960,27.76904
529,1,14,1961,28.08517
529,1,14,1962,27.81698
529,1,14,1963,27.73328
529,1,14,1964,27.87698
529,1,14,1965,27.97113
529,1,14,1966,27.91815
529,1,14,1967,27.98804
529,1,14,1968,28.01452
529,1,14,1969,28.45034
529,1,14,1970,28.77469
529,1,14,1971,28.65979
529,1,14,1972,28.93534
529,1,14,1973,29.01718
529,1,14,1974,29.42521
529,1,14,1975,29.67913
529,1,14,1976,29.95878
529,1,14,1977,30.22142
529,1,14,1978,30.31977
529,1,14,1979,30.5271
529,1,14,1980,30.22411
529,1,14,1981,30.81898
529,1,14,1982,30.78134
529,1,14,1983,31.01401
529,1,14,1984,31.22588
529,1,14,1985,31.19412
529,1,14,1986,31.43892
529,1,14,1987,31.72131
529,1,14,1988,31.90466
529,1,14,1989,31.9241
529,1,14,1990,32.77306
529,1,14,1991,32.72034
529,1,14,1992,32.63524
529,1,14,1993,32.80591
529,1,14,1994,32.73846
529,1,14,1995,32.87642
529,1,14,1996,33.1645
529,1,14,1997,33.57037
529,1,14,1998,33.70987
529,1,14,1999,33.76642
529,1,14,2000,33.68955
529,1,14,2001,34.30232
529,1,14,2002,34.10741
529,1,14,2003,34.34936
529,1,14,2004,34.74676
529,1,14,2005,34.91166
529,1,14,2006,35.2104
529,1,14,2007,35.62834
529,1,14,2008,35.68117
529,1,14,2009,36.11605
529,1,14,2010,36.01859
529,1,14,2011,36.26585
529,1,14,2012,36.24939
529,1,14,2013,36.34083
529,1,14,2014,36.59297
529,1,14,2015,36.39068
529,1,14,2016,36.36902
529,1,14,2017,37.24815
529,1,14,2018,37.84986
529,1,14,2019,38.15159
529,2,14,1950,33.74521
529,2,14,1951,33.8473
529,2,14,1952,33.9423
529,2,14,1953,34.21083
529,2,14,1954,34.60748
529,2,14,1955,34.40644
529,2,14,1956,34.17017
529,2,14,1957,33.74376
529,2,14,1958,33.18776
529,2,14,1959,32.52114
529,2,14,1960,32.725
529,2,14,1961,32.94858
529,2,14,1962,32.68617
529,2,14,1963,32.73688
529,2,14,1964,33.12282
529,2,14,1965,33.20517
529,2,14,1966,33.38102
529,2,14,1967,33.52745
529,2,14,1968,33.35147
529,2,14,1969,34.06028
529,2,14,1970,34.32866
529,2,14,1971,34.4432
529,2,14,1972,34.44454
529,2,14,1973,34.86662
529,2,14,1974,35.0001
529,2,14,1975,35.42411
529,2,14,1976,35.52382
529,2,14,1977,35.83986
529,2,14,1978,36.13664
529,2,14,1979,36.29268
529,2,14,1980,35.96478
529,2,14,1981,36.37335
529,2,14,1982,36.33501
529,2,14,1983,36.65522
529,2,14,1984,36.3816
529,2,14,1985,36.64372
529,2,14,1986,36.59846
529,2,14,1987,36.89811
529,2,14,1988,36.99819
529,2,14,1989,37.05836
529,2,14,1990,37.5143
529,2,14,1991,37.73059
529,2,14,1992,37.84349
529,2,14,1993,37.66723
529,2,14,1994,37.60559
529,2,14,1995,37.55424
529,2,14,1996,37.64822
529,2,14,1997,37.64662
529,2,14,1998,37.76032
529,2,14,1999,38.07683
529,2,14,2000,37.90998
529,2,14,2001,37.82919
529,2,14,2002,38.18338
529,2,14,2003,38.46121
529,2,14,2004,38.57438
529,2,14,2005,39.04609
529,2,14,2006,39.00406
529,2,14,2007,39.33538
529,2,14,2008,39.40116
529,2,14,2009,39.4716
529,2,14,2010,39.82141
529,2,14,2011,39.87279
529,2,14,2012,39.95065
529,2,14,2013,39.89284
529,2,14,2014,40.15883
529,2,14,2015,40.1103
529,2,14,2016,40.23132
529,2,14,2017,41.18054
529,2,14,2018,41.61702
529,2,14,2019,41.79738
529,3,14,1950,31.07352
529,3,14,1951,31.11838
529,3,14,1952,31.25088
529,3,14,1953,31.42791
529,3,14,1954,31.90495
529,3,14,1955,31.68821
529,3,14,1956,31.64799
529,3,14,1957,31.17869
529,3,14,1958,30.67633
529,3,14,1959,30.09907
529,3,14,1960,30.10728
529,3,14,1961,30.39722
529,3,14,1962,30.13172
529,3,14,1963,30.12788
529,3,14,1964,30.39717
529,3,14,1965,30.50424
529,3,14,1966,30.56517
529,3,14,1967,30.67475
529,3,14,1968,30.63276
529,3,14,1969,31.21371
529,3,14,1970,31.51794
529,3,14,1971,31.52204
529,3,14,1972,31.68089
529,3,14,1973,31.90821
529,3,14,1974,32.22277
529,3,14,1975,32.56591
529,3,14,1976,32.79375
529,3,14,1977,33.06427
529,3,14,1978,33.28679
529,3,14,1979,33.44687
529,3,14,1980,33.13293
529,3,14,1981,33.65739
529,3,14,1982,33.64017
529,3,14,1983,33.93126
529,3,14,1984,33.87712
529,3,14,1985,33.99871
529,3,14,1986,34.11772
529,3,14,1987,34.38406
529,3,14,1988,34.5253
529,3,14,1989,34.57105
529,3,14,1990,35.24095
529,3,14,1991,35.33736
529,3,14,1992,35.33657
529,3,14,1993,35.30972
529,3,14,1994,35.25034
529,3,14,1995,35.29978
529,3,14,1996,35.4896
529,3,14,1997,35.68555
529,3,14,1998,35.79069
529,3,14,1999,35.98595
529,3,14,2000,35.84884
529,3,14,2001,36.11658
529,3,14,2002,36.20966
529,3,14,2003,36.45853
529,3,14,2004,36.72595
529,3,14,2005,37.03358
529,3,14,2006,37.14736
529,3,14,2007,37.51026
529,3,14,2008,37.57635
529,3,14,2009,37.83019
529,3,14,2010,37.95787
529,3,14,2011,38.10296
529,3,14,2012,38.12584
529,3,14,2013,38.14064
529,3,14,2014,38.39297
529,3,14,2015,38.26943
529,3,14,2016,38.2867
529,3,14,2017,39.0324
529,3,14,2018,39.31103
529,3,14,2019,39.54826
530,1,14,1950,28.15181
530,1,14,1951,28.23572
530,1,14,1952,28.38767
530,1,14,1953,28.63889
530,1,14,1954,29.03654
530,1,14,1955,28.90383
530,1,14,1956,28.46825
530,1,14,1957,27.85153
530,1,14,1958,27.62252
530,1,14,1959,27.06618
530,1,14,1960,26.69628
530,1,14,1961,27.06893
530,1,14,1962,26.95092
530,1,14,1963,27.24316
530,1,14,1964,26.77521
530,1,14,1965,26.52431
530,1,14,1966,26.436
530,1,14,1967,26.405
530,1,14,1968,26.21909
530,1,14,1969,26.48834
530,1,14,1970,26.63507
530,1,14,1971,27.08831
530,1,14,1972,27.21956
530,1,14,1973,27.54026
530,1,14,1974,27.68495
530,1,14,1975,28.02815
530,1,14,1976,28.20996
530,1,14,1977,28.4783
530,1,14,1978,28.89363
530,1,14,1979,29.11745
530,1,14,1980,29.17484
530,1,14,1981,29.71764
530,1,14,1982,29.81049
530,1,14,1983,30.27753
530,1,14,1984,30.13664
530,1,14,1985,29.98523
530,1,14,1986,29.92812
530,1,14,1987,30.02129
530,1,14,1988,30.33311
530,1,14,1989,30.42356
530,1,14,1990,30.78541
530,1,14,1991,31.0906
530,1,14,1992,31.25985
530,1,14,1993,31.17998
530,1,14,1994,30.97971
530,1,14,1995,31.35487
530,1,14,1996,31.5785
530,1,14,1997,32.15638
530,1,14,1998,32.21224
530,1,14,1999,32.34172
530,1,14,2000,32.59809
530,1,14,2001,32.84235
530,1,14,2002,33.14933
530,1,14,2003,33.07095
530,1,14,2004,33.13743
530,1,14,2005,33.27151
530,1,14,2006,33.74899
530,1,14,2007,33.8539
530,1,14,2008,34.06795
530,1,14,2009,34.16701
530,1,14,2010,34.45172
530,1,14,2011,34.8064
530,1,14,2012,35.06516
530,1,14,2013,35.00452
530,1,14,2014,35.12688
530,1,14,2015,34.90277
530,1,14,2016,34.66624
530,1,14,2017,34.92552
530,1,14,2018,35.26627
530,1,14,2019,35.54794
530,2,14,1950,32.19994
530,2,14,1951,32.30754
530,2,14,1952,32.43726
530,2,14,1953,32.56944
530,2,14,1954,33.11503
530,2,14,1955,33.06939
530,2,14,1956,32.86307
530,2,14,1957,32.36993
530,2,14,1958,32.26503
530,2,14,1959,32.1561
530,2,14,1960,32.00595
530,2,14,1961,31.97171
530,2,14,1962,31.93339
530,2,14,1963,31.96045
530,2,14,1964,32.15489
530,2,14,1965,32.24356
530,2,14,1966,32.19974
530,2,14,1967,32.3623
530,2,14,1968,32.37224
530,2,14,1969,32.50715
530,2,14,1970,32.59604
530,2,14,1971,32.99167
530,2,14,1972,33.11173
530,2,14,1973,33.38663
530,2,14,1974,33.72539
530,2,14,1975,34.15006
530,2,14,1976,34.45651
530,2,14,1977,34.60141
530,2,14,1978,34.59717
530,2,14,1979,34.74351
530,2,14,1980,34.80501
530,2,14,1981,34.97937
530,2,14,1982,35.17108
530,2,14,1983,35.37543
530,2,14,1984,35.41262
530,2,14,1985,35.34736
530,2,14,1986,35.36549
530,2,14,1987,35.36878
530,2,14,1988,35.43153
530,2,14,1989,35.48854
530,2,14,1990,35.6042
530,2,14,1991,35.6789
530,2,14,1992,35.81042
530,2,14,1993,35.95238
530,2,14,1994,36.02567
530,2,14,1995,36.09147
530,2,14,1996,36.04473
530,2,14,1997,36.23519
530,2,14,1998,36.29427
530,2,14,1999,36.35396
530,2,14,2000,36.39769
530,2,14,2001,36.4253
530,2,14,2002,36.72808
530,2,14,2003,36.92683
530,2,14,2004,37.01376
530,2,14,2005,37.18195
530,2,14,2006,37.38708
530,2,14,2007,37.59265
530,2,14,2008,37.57306
530,2,14,2009,37.75692
530,2,14,2010,37.8254
530,2,14,2011,37.96567
530,2,14,2012,38.14267
530,2,14,2013,38.39321
530,2,14,2014,38.43727
530,2,14,2015,38.44386
530,2,14,2016,38.74431
530,2,14,2017,39.1241
530,2,14,2018,39.45464
530,2,14,2019,39.47526
530,3,14,1950,29.63196
530,3,14,1951,29.65935
530,3,14,1952,29.81874
530,3,14,1953,29.91415
530,3,14,1954,30.35105
530,3,14,1955,30.35298
530,3,14,1956,30.10909
530,3,14,1957,29.73206
530,3,14,1958,29.54677
530,3,14,1959,29.35843
530,3,14,1960,29.11988
530,3,14,1961,29.32008
530,3,14,1962,29.25525
530,3,14,1963,29.44443
530,3,14,1964,29.28062
530,3,14,1965,29.17356
530,3,14,1966,29.11216
530,3,14,1967,29.17694
530,3,14,1968,29.09145
530,3,14,1969,29.34172
530,3,14,1970,29.47234
530,3,14,1971,29.90329
530,3,14,1972,30.07016
530,3,14,1973,30.36906
530,3,14,1974,30.60775
530,3,14,1975,31.04119
530,3,14,1976,31.26577
530,3,14,1977,31.4916
530,3,14,1978,31.74546
530,3,14,1979,31.9416
530,3,14,1980,31.98033
530,3,14,1981,32.37642
530,3,14,1982,32.48833
530,3,14,1983,32.85607
530,3,14,1984,32.80152
530,3,14,1985,32.69296
530,3,14,1986,32.66066
530,3,14,1987,32.70989
530,3,14,1988,32.90418
530,3,14,1989,32.9951
530,3,14,1990,33.20702
530,3,14,1991,33.39217
530,3,14,1992,33.5464
530,3,14,1993,33.5822
530,3,14,1994,33.46158
530,3,14,1995,33.72119
530,3,14,1996,33.82484
530,3,14,1997,34.1929
530,3,14,1998,34.2492
530,3,14,1999,34.34559
530,3,14,2000,34.47616
530,3,14,2001,34.60017
530,3,14,2002,34.89806
530,3,14,2003,34.95136
530,3,14,2004,35.05518
530,3,14,2005,35.18321
530,3,14,2006,35.50499
530,3,14,2007,35.67511
530,3,14,2008,35.75256
530,3,14,2009,35.90499
530,3,14,2010,36.07011
530,3,14,2011,36.31298
530,3,14,2012,36.54504
530,3,14,2013,36.64755
530,3,14,2014,36.71904
530,3,14,2015,36.60724
530,3,14,2016,36.64199
530,3,14,2017,36.81411
530,3,14,2018,37.01131
530,3,14,2019,37.18037
531,1,14,1950,27.82811
531,1,14,1951,27.89089
531,1,14,1952,27.94892
531,1,14,1953,28.06419
531,1,14,1954,28.44034
531,1,14,1955,28.2421
531,1,14,1956,27.78109
531,1,14,1957,27.04464
531,1,14,1958,26.24509
531,1,14,1959,25.36414
531,1,14,1960,25.31051
531,1,14,1961,25.25582
531,1,14,1962,25.32095
531,1,14,1963,24.94781
531,1,14,1964,24.6603
531,1,14,1965,24.877
531,1,14,1966,24.73848
531,1,14,1967,24.87712
531,1,14,1968,24.45125
531,1,14,1969,24.3945
531,1,14,1970,24.92068
531,1,14,1971,24.74481
531,1,14,1972,24.83017
531,1,14,1973,25.40425
531,1,14,1974,25.88391
531,1,14,1975,26.19612
531,1,14,1976,26.68953
531,1,14,1977,26.19233
531,1,14,1978,26.44729
531,1,14,1979,26.81256
531,1,14,1980,26.61328
531,1,14,1981,26.58052
531,1,14,1982,27.58078
531,1,14,1983,27.79414
531,1,14,1984,27.54559
531,1,14,1985,27.22048
531,1,14,1986,27.03438
531,1,14,1987,26.56384
531,1,14,1988,26.85465
531,1,14,1989,26.61408
531,1,14,1990,27.36357
531,1,14,1991,27.54755
531,1,14,1992,27.72463
531,1,14,1993,26.97564
531,1,14,1994,27.04264
531,1,14,1995,27.35458
531,1,14,1996,27.72111
531,1,14,1997,28.94006
531,1,14,1998,29.48689
531,1,14,1999,28.87523
531,1,14,2000,29.22946
531,1,14,2001,29.16119
531,1,14,2002,29.38668
531,1,14,2003,29.71257
531,1,14,2004,30.68273
531,1,14,2005,30.7461
531,1,14,2006,31.34569
531,1,14,2007,31.7726
531,1,14,2008,31.62388
531,1,14,2009,32.33086
531,1,14,2010,33.73926
531,1,14,2011,34.0207
531,1,14,2012,34.34746
531,1,14,2013,34.30412
531,1,14,2014,33.86256
531,1,14,2015,33.74655
531,1,14,2016,33.03396
531,1,14,2017,34.32882
531,1,14,2018,35.28209
531,1,14,2019,36.19538
531,2,14,1950,32.43513
531,2,14,1951,32.63233
531,2,14,1952,32.82255
531,2,14,1953,33.15282
531,2,14,1954,33.44375
531,2,14,1955,33.02939
531,2,14,1956,32.7875
531,2,14,1957,32.24511
531,2,14,1958,31.87116
531,2,14,1959,31.59917
531,2,14,1960,31.47005
531,2,14,1961,31.47995
531,2,14,1962,31.41725
531,2,14,1963,31.17083
531,2,14,1964,31.20696
531,2,14,1965,31.32135
531,2,14,1966,31.34064
531,2,14,1967,31.57274
531,2,14,1968,31.78844
531,2,14,1969,31.8413
531,2,14,1970,31.73558
531,2,14,1971,32.10799
531,2,14,1972,32.1257
531,2,14,1973,32.48767
531,2,14,1974,32.90118
531,2,14,1975,33.43735
531,2,14,1976,33.87477
531,2,14,1977,33.97361
531,2,14,1978,34.16353
531,2,14,1979,34.17284
531,2,14,1980,34.23904
531,2,14,1981,34.38661
531,2,14,1982,34.68616
531,2,14,1983,34.86422
531,2,14,1984,34.84979
531,2,14,1985,34.72862
531,2,14,1986,34.23543
531,2,14,1987,34.1551
531,2,14,1988,34.26097
531,2,14,1989,34.70916
531,2,14,1990,34.67174
531,2,14,1991,35.62414
531,2,14,1992,35.68081
531,2,14,1993,35.84555
531,2,14,1994,35.48375
531,2,14,1995,35.4587
531,2,14,1996,35.74259
531,2,14,1997,36.69868
531,2,14,1998,36.51602
531,2,14,1999,36.25862
531,2,14,2000,36.14614
531,2,14,2001,36.50392
531,2,14,2002,36.4355
531,2,14,2003,36.55689
531,2,14,2004,36.7719
531,2,14,2005,36.09107
531,2,14,2006,35.98062
531,2,14,2007,35.84252
531,2,14,2008,35.60604
531,2,14,2009,35.63101
531,2,14,2010,35.51347
531,2,14,2011,35.72321
531,2,14,2012,36.13934
531,2,14,2013,36.4979
531,2,14,2014,36.57045
531,2,14,2015,36.73508
531,2,14,2016,36.81375
531,2,14,2017,37.69149
531,2,14,2018,38.60421
531,2,14,2019,39.00498
531,3,14,1950,29.51329
531,3,14,1951,29.48766
531,3,14,1952,29.79239
531,3,14,1953,29.83461
531,3,14,1954,30.31986
531,3,14,1955,30.11649
531,3,14,1956,29.85041
531,3,14,1957,29.34384
531,3,14,1958,28.86657
531,3,14,1959,28.46388
531,3,14,1960,28.38635
531,3,14,1961,28.39074
531,3,14,1962,28.38087
531,3,14,1963,28.08496
531,3,14,1964,27.92963
531,3,14,1965,28.11089
531,3,14,1966,28.06837
531,3,14,1967,28.24557
531,3,14,1968,28.12061
531,3,14,1969,28.11194
531,3,14,1970,28.35035
531,3,14,1971,28.45436
531,3,14,1972,28.51772
531,3,14,1973,29.01146
531,3,14,1974,29.46832
531,3,14,1975,29.89659
531,3,14,1976,30.36682
531,3,14,1977,30.12833
531,3,14,1978,30.37014
531,3,14,1979,30.56169
531,3,14,1980,30.48396
531,3,14,1981,30.56431
531,3,14,1982,31.24654
531,3,14,1983,31.42377
531,3,14,1984,31.28099
531,3,14,1985,31.05301
531,3,14,1986,30.68287
531,3,14,1987,30.35176
531,3,14,1988,30.58417
531,3,14,1989,30.68441
531,3,14,1990,31.09459
531,3,14,1991,31.63623
531,3,14,1992,31.75092
531,3,14,1993,31.39645
531,3,14,1994,31.26317
531,3,14,1995,31.41703
531,3,14,1996,31.76886
531,3,14,1997,32.90071
531,3,14,1998,33.12247
531,3,14,1999,32.67292
531,3,14,2000,32.80031
531,3,14,2001,32.89198
531,3,14,2002,33.04429
531,3,14,2003,33.26611
531,3,14,2004,33.87168
531,3,14,2005,33.50834
531,3,14,2006,33.72191
531,3,14,2007,33.81252
531,3,14,2008,33.59846
531,3,14,2009,33.89331
531,3,14,2010,34.4638
531,3,14,2011,34.7159
531,3,14,2012,35.08626
531,3,14,2013,35.23762
531,3,14,2014,35.06764
531,3,14,2015,35.09529
531,3,14,2016,34.77835
531,3,14,2017,35.65238
531,3,14,2018,36.50253
531,3,14,2019,37.06293
532,1,14,1950,29.77762
532,1,14,1951,29.92495
532,1,14,1952,29.86371
532,1,14,1953,30.22504
532,1,14,1954,30.467
532,1,14,1955,30.67703
532,1,14,1956,30.28952
532,1,14,1957,29.77184
532,1,14,1958,29.27548
532,1,14,1959,28.06955
532,1,14,1960,27.89448
532,1,14,1961,28.35739
532,1,14,1962,28.00633
532,1,14,1963,28.07333
532,1,14,1964,28.21516
532,1,14,1965,28.15621
532,1,14,1966,28.18426
532,1,14,1967,28.14985
532,1,14,1968,28.01253
532,1,14,1969,27.92013
532,1,14,1970,27.96088
532,1,14,1971,28.35808
532,1,14,1972,28.07939
532,1,14,1973,27.91417
532,1,14,1974,28.49257
532,1,14,1975,29.2
532,1,14,1976,29.45318
532,1,14,1977,29.78139
532,1,14,1978,30.15005
532,1,14,1979,30.30459
532,1,14,1980,30.14134
532,1,14,1981,30.33608
532,1,14,1982,30.88236
532,1,14,1983,31.01884
532,1,14,1984,31.11894
532,1,14,1985,31.21107
532,1,14,1986,31.34003
532,1,14,1987,31.57695
532,1,14,1988,31.57728
532,1,14,1989,31.79834
532,1,14,1990,31.99048
532,1,14,1991,32.24274
532,1,14,1992,32.36792
532,1,14,1993,32.33985
532,1,14,1994,32.37
532,1,14,1995,32.26582
532,1,14,1996,32.76883
532,1,14,1997,33.05595
532,1,14,1998,33.15859
532,1,14,1999,33.21379
532,1,14,2000,33.12719
532,1,14,2001,33.27777
532,1,14,2002,33.51936
532,1,14,2003,33.52691
532,1,14,2004,33.78591
532,1,14,2005,33.94955
532,1,14,2006,34.14712
532,1,14,2007,34.47722
532,1,14,2008,34.61292
532,1,14,2009,34.86553
532,1,14,2010,35.01197
532,1,14,2011,35.18672
532,1,14,2012,35.31644
532,1,14,2013,35.42081
532,1,14,2014,35.33262
532,1,14,2015,35.26644
532,1,14,2016,35.07225
532,1,14,2017,36.29901
532,1,14,2018,36.84185
532,1,14,2019,37.11313
532,2,14,1950,34.37345
532,2,14,1951,34.53541
532,2,14,1952,34.57521
532,2,14,1953,35.01754
532,2,14,1954,35.29791
532,2,14,1955,35.46988
532,2,14,1956,35.40184
532,2,14,1957,34.94249
532,2,14,1958,34.69308
532,2,14,1959,33.87355
532,2,14,1960,33.68798
532,2,14,1961,33.92187
532,2,14,1962,33.94844
532,2,14,1963,33.82643
532,2,14,1964,34.16607
532,2,14,1965,34.17289
532,2,14,1966,34.28022
532,2,14,1967,34.35869
532,2,14,1968,34.31828
532,2,14,1969,34.23941
532,2,14,1970,34.43899
532,2,14,1971,34.68217
532,2,14,1972,34.43158
532,2,14,1973,34.33631
532,2,14,1974,34.83763
532,2,14,1975,35.49601
532,2,14,1976,35.9013
532,2,14,1977,35.88596
532,2,14,1978,36.1549
532,2,14,1979,36.3564
532,2,14,1980,36.26139
532,2,14,1981,36.27994
532,2,14,1982,36.63982
532,2,14,1983,36.82397
532,2,14,1984,36.91514
532,2,14,1985,36.75967
532,2,14,1986,37.10119
532,2,14,1987,37.20223
532,2,14,1988,37.22312
532,2,14,1989,37.35289
532,2,14,1990,37.60264
532,2,14,1991,37.75185
532,2,14,1992,37.81133
532,2,14,1993,37.69487
532,2,14,1994,37.6225
532,2,14,1995,37.60932
532,2,14,1996,37.86703
532,2,14,1997,37.87268
532,2,14,1998,37.75155
532,2,14,1999,37.7316
532,2,14,2000,37.74687
532,2,14,2001,37.83572
532,2,14,2002,37.86425
532,2,14,2003,38.02421
532,2,14,2004,38.13666
532,2,14,2005,38.30931
532,2,14,2006,38.57246
532,2,14,2007,38.87876
532,2,14,2008,39.04117
532,2,14,2009,39.12697
532,2,14,2010,39.28846
532,2,14,2011,39.36522
532,2,14,2012,39.40399
532,2,14,2013,39.44264
532,2,14,2014,39.46178
532,2,14,2015,39.43161
532,2,14,2016,39.30563
532,2,14,2017,40.36069
532,2,14,2018,40.99588
532,2,14,2019,41.19805
532,3,14,1950,31.19607
532,3,14,1951,31.15534
532,3,14,1952,31.52148
532,3,14,1953,31.65926
532,3,14,1954,31.94085
532,3,14,1955,32.15045
532,3,14,1956,32.03875
532,3,14,1957,31.63335
532,3,14,1958,31.52487
532,3,14,1959,30.77093
532,3,14,1960,30.58724
532,3,14,1961,30.95945
532,3,14,1962,30.79925
532,3,14,1963,30.78655
532,3,14,1964,31.03432
532,3,14,1965,31.02385
532,3,14,1966,31.10125
532,3,14,1967,31.12162
532,3,14,1968,31.04072
532,3,14,1969,30.95567
532,3,14,1970,31.08844
532,3,14,1971,31.43448
532,3,14,1972,31.18857
532,3,14,1973,31.05652
532,3,14,1974,31.62042
532,3,14,1975,32.30436
532,3,14,1976,32.63433
532,3,14,1977,32.80892
532,3,14,1978,33.13703
532,3,14,1979,33.32307
532,3,14,1980,33.18728
532,3,14,1981,33.3096
532,3,14,1982,33.76618
532,3,14,1983,33.92629
532,3,14,1984,34.03066
532,3,14,1985,34.00706
532,3,14,1986,34.23045
532,3,14,1987,34.40711
532,3,14,1988,34.41386
532,3,14,1989,34.59742
532,3,14,1990,34.8233
532,3,14,1991,35.01764
532,3,14,1992,35.11953
532,3,14,1993,35.03996
532,3,14,1994,35.01497
532,3,14,1995,34.949
532,3,14,1996,35.33567
532,3,14,1997,35.48594
532,3,14,1998,35.47341
532,3,14,1999,35.49392
532,3,14,2000,35.44512
532,3,14,2001,35.57128
532,3,14,2002,35.70123
532,3,14,2003,35.78824
532,3,14,2004,35.96681
532,3,14,2005,36.13861
532,3,14,2006,36.35795
532,3,14,2007,36.67764
532,3,14,2008,36.82647
532,3,14,2009,36.99599
532,3,14,2010,37.15249
532,3,14,2011,37.27973
532,3,14,2012,37.36376
532,3,14,2013,37.43647
532,3,14,2014,37.40199
532,3,14,2015,37.34673
532,3,14,2016,37.17868
532,3,14,2017,38.05165
532,3,14,2018,38.33877
532,3,14,2019,38.64199
533,1,14,1950,27.76292
533,1,14,1951,27.65548
533,1,14,1952,27.71649
533,1,14,1953,28.23321
533,1,14,1954,28.52986
533,1,14,1955,28.66748
533,1,14,1956,28.22575
533,1,14,1957,27.70298
533,1,14,1958,27.3651
533,1,14,1959,26.22595
533,1,14,1960,26.00149
533,1,14,1961,26.56083
533,1,14,1962,26.10617
533,1,14,1963,26.00797
533,1,14,1964,25.90476
533,1,14,1965,26.17194
533,1,14,1966,25.94916
533,1,14,1967,26.1197
533,1,14,1968,25.79221
533,1,14,1969,25.64082
533,1,14,1970,25.88719
533,1,14,1971,26.18426
533,1,14,1972,25.89428
533,1,14,1973,25.97712
533,1,14,1974,26.46919
533,1,14,1975,27.08023
533,1,14,1976,27.32497
533,1,14,1977,27.29097
533,1,14,1978,27.47365
533,1,14,1979,27.77481
533,1,14,1980,28.03717
533,1,14,1981,28.05071
533,1,14,1982,28.4909
533,1,14,1983,28.56641
533,1,14,1984,28.67653
533,1,14,1985,28.42835
533,1,14,1986,28.77713
533,1,14,1987,28.99036
533,1,14,1988,28.93624
533,1,14,1989,29.18087
533,1,14,1990,29.60175
533,1,14,1991,29.63868
533,1,14,1992,29.96224
533,1,14,1993,29.80337
533,1,14,1994,30.00324
533,1,14,1995,30.06521
533,1,14,1996,30.24182
533,1,14,1997,30.53264
533,1,14,1998,30.63001
533,1,14,1999,30.70014
533,1,14,2000,30.78089
533,1,14,2001,30.9324
533,1,14,2002,31.11203
533,1,14,2003,31.3959
533,1,14,2004,31.53319
533,1,14,2005,31.78408
533,1,14,2006,31.98725
533,1,14,2007,32.13658
533,1,14,2008,32.48801
533,1,14,2009,32.55822
533,1,14,2010,32.7415
533,1,14,2011,33.09768
533,1,14,2012,33.22911
533,1,14,2013,33.13462
533,1,14,2014,33.26761
533,1,14,2015,33.35197
533,1,14,2016,33.345
533,1,14,2017,34.54483
533,1,14,2018,35.13739
533,1,14,2019,35.44706
533,2,14,1950,32.09685
533,2,14,1951,32.25584
533,2,14,1952,32.43916
533,2,14,1953,32.81854
533,2,14,1954,33.22112
533,2,14,1955,33.52262
533,2,14,1956,33.42645
533,2,14,1957,32.94705
533,2,14,1958,32.81398
533,2,14,1959,31.9652
533,2,14,1960,31.69476
533,2,14,1961,32.09401
533,2,14,1962,32.01145
533,2,14,1963,31.9054
533,2,14,1964,32.07465
533,2,14,1965,32.27044
533,2,14,1966,32.27284
533,2,14,1967,32.65795
533,2,14,1968,32.10103
533,2,14,1969,32.57825
533,2,14,1970,32.60479
533,2,14,1971,32.97249
533,2,14,1972,33.03011
533,2,14,1973,32.97885
533,2,14,1974,33.43044
533,2,14,1975,34.18841
533,2,14,1976,34.20655
533,2,14,1977,34.40294
533,2,14,1978,34.36611
533,2,14,1979,34.89758
533,2,14,1980,34.67204
533,2,14,1981,34.87016
533,2,14,1982,34.97299
533,2,14,1983,35.10342
533,2,14,1984,34.88562
533,2,14,1985,34.9501
533,2,14,1986,35.0484
533,2,14,1987,35.15308
533,2,14,1988,35.05157
533,2,14,1989,35.21936
533,2,14,1990,35.50611
533,2,14,1991,35.83436
533,2,14,1992,35.60355
533,2,14,1993,35.45944
533,2,14,1994,35.56694
533,2,14,1995,35.36846
533,2,14,1996,35.36415
533,2,14,1997,35.45718
533,2,14,1998,35.35776
533,2,14,1999,35.3704
533,2,14,2000,35.34339
533,2,14,2001,35.30941
533,2,14,2002,35.42191
533,2,14,2003,35.36166
533,2,14,2004,35.74651
533,2,14,2005,36.03398
533,2,14,2006,36.02471
533,2,14,2007,36.39546
533,2,14,2008,36.27366
533,2,14,2009,36.46187
533,2,14,2010,36.5823
533,2,14,2011,36.80106
533,2,14,2012,36.90548
533,2,14,2013,36.96213
533,2,14,2014,37.04818
533,2,14,2015,36.99213
533,2,14,2016,37.15412
533,2,14,2017,38.20004
533,2,14,2018,38.90279
533,2,14,2019,39.00089
533,3,14,1950,29.10952
533,3,14,1951,29.15138
533,3,14,1952,29.40282
533,3,14,1953,29.61614
533,3,14,1954,29.98394
533,3,14,1955,30.26568
533,3,14,1956,30.15015
533,3,14,1957,29.74351
533,3,14,1958,29.66202
533,3,14,1959,28.98743
533,3,14,1960,28.75935
533,3,14,1961,29.25335
533,3,14,1962,28.97947
533,3,14,1963,28.87383
533,3,14,1964,28.91198
533,3,14,1965,29.17551
533,3,14,1966,29.05268
533,3,14,1967,29.334
533,3,14,1968,28.89684
533,3,14,1969,29.0456
533,3,14,1970,29.2089
533,3,14,1971,29.5472
533,3,14,1972,29.4135
533,3,14,1973,29.45242
533,3,14,1974,29.94107
533,3,14,1975,30.6489
533,3,14,1976,30.79927
533,3,14,1977,30.85843
533,3,14,1978,30.95758
533,3,14,1979,31.37931
533,3,14,1980,31.4241
533,3,14,1981,31.53862
533,3,14,1982,31.82348
533,3,14,1983,31.92553
533,3,14,1984,31.88016
533,3,14,1985,31.77328
533,3,14,1986,31.99205
533,3,14,1987,32.15771
533,3,14,1988,32.07126
533,3,14,1989,32.28546
533,3,14,1990,32.64407
533,3,14,1991,32.82484
533,3,14,1992,32.87204
533,3,14,1993,32.71981
533,3,14,1994,32.87655
533,3,14,1995,32.80307
533,3,14,1996,32.89577
533,3,14,1997,33.08304
533,3,14,1998,33.07231
533,3,14,1999,33.1077
533,3,14,2000,33.12651
533,3,14,2001,33.18386
533,3,14,2002,33.33554
533,3,14,2003,33.4449
533,3,14,2004,33.70054
533,3,14,2005,33.96729
533,3,14,2006,34.07183
533,3,14,2007,34.32191
533,3,14,2008,34.4287
533,3,14,2009,34.558
533,3,14,2010,34.7131
533,3,14,2011,34.99957
533,3,14,2012,35.10937
533,3,14,2013,35.08152
533,3,14,2014,35.19687
533,3,14,2015,35.20895
533,3,14,2016,35.27487
533,3,14,2017,36.09462
533,3,14,2018,36.41446
533,3,14,2019,36.65652
534,1,14,1950,30.82181
534,1,14,1951,30.9162
534,1,14,1952,31.10698
534,1,14,1953,31.27518
534,1,14,1954,31.55696
534,1,14,1955,31.30961
534,1,14,1956,30.55527
534,1,14,1957,29.77174
534,1,14,1958,29.15338
534,1,14,1959,28.01218
534,1,14,1960,28.67024
534,1,14,1961,29.38925
534,1,14,1962,29.21076
534,1,14,1963,29.68025
534,1,14,1964,30.15614
534,1,14,1965,30.30765
534,1,14,1966,30.33461
534,1,14,1967,30.38431
534,1,14,1968,30.09802
534,1,14,1969,30.40914
534,1,14,1970,31.02256
534,1,14,1971,30.79556
534,1,14,1972,31.13648
534,1,14,1973,31.48472
534,1,14,1974,31.66195
534,1,14,1975,32.28207
534,1,14,1976,32.98049
534,1,14,1977,33.09022
534,1,14,1978,33.67632
534,1,14,1979,33.24748
534,1,14,1980,33.16371
534,1,14,1981,33.39394
534,1,14,1982,33.89486
534,1,14,1983,33.66136
534,1,14,1984,33.48219
534,1,14,1985,33.71785
534,1,14,1986,34.0632
534,1,14,1987,33.58263
534,1,14,1988,34.4575
534,1,14,1989,34.4526
534,1,14,1990,34.26516
534,1,14,1991,34.81761
534,1,14,1992,34.707
534,1,14,1993,35.01949
534,1,14,1994,34.42404
534,1,14,1995,34.63932
534,1,14,1996,34.89302
534,1,14,1997,34.82697
534,1,14,1998,35.18076
534,1,14,1999,35.21484
534,1,14,2000,35.65253
534,1,14,2001,35.51718
534,1,14,2002,35.84248
534,1,14,2003,35.81291
534,1,14,2004,35.16533
534,1,14,2005,35.19671
534,1,14,2006,35.34379
534,1,14,2007,35.36365
534,1,14,2008,35.70443
534,1,14,2009,35.33758
534,1,14,2010,35.53433
534,1,14,2011,35.68808
534,1,14,2012,35.99577
534,1,14,2013,36.34957
534,1,14,2014,36.21596
534,1,14,2015,36.46286
534,1,14,2016,36.87814
534,1,14,2017,37.80283
534,1,14,2018,38.31923
534,1,14,2019,38.66317
534,2,14,1950,32.78261
534,2,14,1951,32.87834
534,2,14,1952,33.00484
534,2,14,1953,33.03978
534,2,14,1954,33.60413
534,2,14,1955,33.53643
534,2,14,1956,33.08913
534,2,14,1957,32.58107
534,2,14,1958,32.54745
534,2,14,1959,32.28087
534,2,14,1960,32.21653
534,2,14,1961,32.53409
534,2,14,1962,32.89985
534,2,14,1963,33.11053
534,2,14,1964,33.2058
534,2,14,1965,33.38499
534,2,14,1966,33.62371
534,2,14,1967,33.84203
534,2,14,1968,34.1182
534,2,14,1969,34.60075
534,2,14,1970,34.9838
534,2,14,1971,35.27801
534,2,14,1972,35.55782
534,2,14,1973,35.84624
534,2,14,1974,36.37283
534,2,14,1975,36.86659
534,2,14,1976,37.44567
534,2,14,1977,37.969
534,2,14,1978,37.99897
534,2,14,1979,37.99028
534,2,14,1980,38.37416
534,2,14,1981,38.46051
534,2,14,1982,38.08503
534,2,14,1983,38.13445
534,2,14,1984,38.30489
534,2,14,1985,38.47335
534,2,14,1986,38.60729
534,2,14,1987,38.69137
534,2,14,1988,38.81035
534,2,14,1989,38.80062
534,2,14,1990,38.88409
534,2,14,1991,39.08525
534,2,14,1992,39.19336
534,2,14,1993,39.50391
534,2,14,1994,39.63874
534,2,14,1995,39.52091
534,2,14,1996,39.56653
534,2,14,1997,39.73259
534,2,14,1998,39.73008
534,2,14,1999,39.88526
534,2,14,2000,40.12439
534,2,14,2001,40.26264
534,2,14,2002,40.31237
534,2,14,2003,40.39412
534,2,14,2004,40.51529
534,2,14,2005,40.64608
534,2,14,2006,40.76504
534,2,14,2007,40.97368
534,2,14,2008,41.1701
534,2,14,2009,41.3458
534,2,14,2010,41.52768
534,2,14,2011,41.63286
534,2,14,2012,41.62182
534,2,14,2013,41.63072
534,2,14,2014,41.61323
534,2,14,2015,41.67823
534,2,14,2016,41.88279
534,2,14,2017,42.28382
534,2,14,2018,42.61093
534,2,14,2019,42.55439
534,3,14,1950,31.09769
534,3,14,1951,31.21854
534,3,14,1952,31.19267
534,3,14,1953,31.32537
534,3,14,1954,31.73003
534,3,14,1955,31.74128
534,3,14,1956,31.22523
534,3,14,1957,30.65618
534,3,14,1958,30.34522
534,3,14,1959,29.6099
534,3,14,1960,30.05489
534,3,14,1961,30.64183
534,3,14,1962,30.6729
534,3,14,1963,31.02943
534,3,14,1964,31.33663
534,3,14,1965,31.51266
534,3,14,1966,31.63686
534,3,14,1967,31.76657
534,3,14,1968,31.74237
534,3,14,1969,32.16727
534,3,14,1970,32.67328
534,3,14,1971,32.68389
534,3,14,1972,33.04956
534,3,14,1973,33.353
534,3,14,1974,33.68516
534,3,14,1975,34.26391
534,3,14,1976,34.91798
534,3,14,1977,35.20333
534,3,14,1978,35.60789
534,3,14,1979,35.37743
534,3,14,1980,35.46595
534,3,14,1981,35.64108
534,3,14,1982,35.76372
534,3,14,1983,35.67106
534,3,14,1984,35.67257
534,3,14,1985,35.85985
534,3,14,1986,36.13302
534,3,14,1987,35.91449
534,3,14,1988,36.4489
534,3,14,1989,36.44881
534,3,14,1990,36.38187
534,3,14,1991,36.77376
534,3,14,1992,36.77515
534,3,14,1993,37.10368
534,3,14,1994,36.8558
534,3,14,1995,36.92385
534,3,14,1996,37.07586
534,3,14,1997,37.12397
534,3,14,1998,37.34034
534,3,14,1999,37.41393
534,3,14,2000,37.77161
534,3,14,2001,37.75565
534,3,14,2002,37.98192
534,3,14,2003,38.00223
534,3,14,2004,37.71146
534,3,14,2005,37.75848
534,3,14,2006,37.92302
534,3,14,2007,38.03254
534,3,14,2008,38.31252
534,3,14,2009,38.2029
534,3,14,2010,38.37353
534,3,14,2011,38.54504
534,3,14,2012,38.71587
534,3,14,2013,38.93462
534,3,14,2014,38.83529
534,3,14,2015,38.99828
534,3,14,2016,39.30397
534,3,14,2017,39.8141
534,3,14,2018,40.11786
534,3,14,2019,40.25561
535,1,14,1950,31.02144
535,1,14,1951,31.11563
535,1,14,1952,31.33808
535,1,14,1953,31.51634
535,1,14,1954,31.83791
535,1,14,1955,31.62142
535,1,14,1956,31.40944
535,1,14,1957,30.72363
535,1,14,1958,30.06596
535,1,14,1959,29.4227
535,1,14,1960,29.25112
535,1,14,1961,29.72255
535,1,14,1962,29.06258
535,1,14,1963,29.10998
535,1,14,1964,29.01913
535,1,14,1965,29.10921
535,1,14,1966,29.14168
535,1,14,1967,29.42035
535,1,14,1968,29.34273
535,1,14,1969,29.43916
535,1,14,1970,29.36399
535,1,14,1971,29.13511
535,1,14,1972,29.34975
535,1,14,1973,30.19325
535,1,14,1974,29.9267
535,1,14,1975,30.29523
535,1,14,1976,30.2437
535,1,14,1977,30.96955
535,1,14,1978,31.05908
535,1,14,1979,31.37099
535,1,14,1980,31.46384
535,1,14,1981,31.10427
535,1,14,1982,32.08546
535,1,14,1983,31.46707
535,1,14,1984,31.51251
535,1,14,1985,32.21603
535,1,14,1986,32.093
535,1,14,1987,32.59998
535,1,14,1988,32.51727
535,1,14,1989,32.75964
535,1,14,1990,32.79554
535,1,14,1991,33.60079
535,1,14,1992,33.15002
535,1,14,1993,33.19961
535,1,14,1994,33.4277
535,1,14,1995,33.1815
535,1,14,1996,33.52909
535,1,14,1997,33.55563
535,1,14,1998,33.71709
535,1,14,1999,33.80047
535,1,14,2000,34.15965
535,1,14,2001,33.87407
535,1,14,2002,34.34354
535,1,14,2003,34.20162
535,1,14,2004,34.46385
535,1,14,2005,34.65132
535,1,14,2006,34.8094
535,1,14,2007,35.17383
535,1,14,2008,35.24421
535,1,14,2009,35.15258
535,1,14,2010,35.23821
535,1,14,2011,35.13993
535,1,14,2012,35.39588
535,1,14,2013,35.23482
535,1,14,2014,35.49838
535,1,14,2015,35.30395
535,1,14,2016,35.60676
535,1,14,2017,36.5238
535,1,14,2018,37.1197
535,1,14,2019,37.429
535,2,14,1950,34.63475
535,2,14,1951,34.69568
535,2,14,1952,34.87838
535,2,14,1953,35.16784
535,2,14,1954,35.5236
535,2,14,1955,35.32713
535,2,14,1956,35.10326
535,2,14,1957,34.65516
535,2,14,1958,34.39309
535,2,14,1959,34.19064
535,2,14,1960,34.40209
535,2,14,1961,34.34081
535,2,14,1962,34.46063
535,2,14,1963,34.25222
535,2,14,1964,34.40864
535,2,14,1965,34.43197
535,2,14,1966,34.54934
535,2,14,1967,34.72984
535,2,14,1968,34.80913
535,2,14,1969,35.01587
535,2,14,1970,35.12068
535,2,14,1971,35.36286
535,2,14,1972,35.46559
535,2,14,1973,35.47795
535,2,14,1974,35.74215
535,2,14,1975,35.82693
535,2,14,1976,36.16912
535,2,14,1977,36.47347
535,2,14,1978,36.72806
535,2,14,1979,36.98231
535,2,14,1980,37.02604
535,2,14,1981,37.13186
535,2,14,1982,36.91061
535,2,14,1983,36.76419
535,2,14,1984,36.66093
535,2,14,1985,37.05374
535,2,14,1986,37.03229
535,2,14,1987,37.25108
535,2,14,1988,37.17739
535,2,14,1989,37.42251
535,2,14,1990,37.69922
535,2,14,1991,37.59954
535,2,14,1992,37.53304
535,2,14,1993,37.40305
535,2,14,1994,37.28452
535,2,14,1995,37.47443
535,2,14,1996,37.61464
535,2,14,1997,37.73983
535,2,14,1998,37.49397
535,2,14,1999,37.37421
535,2,14,2000,37.54602
535,2,14,2001,37.53637
535,2,14,2002,37.5161
535,2,14,2003,37.54888
535,2,14,2004,37.87009
535,2,14,2005,37.92981
535,2,14,2006,37.95169
535,2,14,2007,37.94031
535,2,14,2008,38.07547
535,2,14,2009,38.33872
535,2,14,2010,38.41067
535,2,14,2011,38.37576
535,2,14,2012,38.4792
535,2,14,2013,38.24496
535,2,14,2014,38.30863
535,2,14,2015,38.41554
535,2,14,2016,38.48707
535,2,14,2017,39.04177
535,2,14,2018,39.56192
535,2,14,2019,39.54977
535,3,14,1950,32.0201
535,3,14,1951,32.00703
535,3,14,1952,32.21652
535,3,14,1953,32.39489
535,3,14,1954,32.72205
535,3,14,1955,32.57732
535,3,14,1956,32.45829
535,3,14,1957,31.99499
535,3,14,1958,31.74965
535,3,14,1959,31.37064
535,3,14,1960,31.35845
535,3,14,1961,31.66944
535,3,14,1962,31.34677
535,3,14,1963,31.31751
535,3,14,1964,31.34082
535,3,14,1965,31.4207
535,3,14,1966,31.5037
535,3,14,1967,31.72981
535,3,14,1968,31.74742
535,3,14,1969,31.91832
535,3,14,1970,31.91221
535,3,14,1971,31.88694
535,3,14,1972,32.05317
535,3,14,1973,32.58158
535,3,14,1974,32.54449
535,3,14,1975,32.82452
535,3,14,1976,32.93248
535,3,14,1977,33.51044
535,3,14,1978,33.69613
535,3,14,1979,33.98902
535,3,14,1980,34.05935
535,3,14,1981,33.90043
535,3,14,1982,34.36732
535,3,14,1983,33.95456
535,3,14,1984,33.93013
535,3,14,1985,34.51026
535,3,14,1986,34.43634
535,3,14,1987,34.80233
535,3,14,1988,34.73551
535,3,14,1989,34.98397
535,3,14,1990,35.11469
535,3,14,1991,35.51297
535,3,14,1992,35.26307
535,3,14,1993,35.19419
535,3,14,1994,35.25661
535,3,14,1995,35.22306
535,3,14,1996,35.48179
535,3,14,1997,35.54057
535,3,14,1998,35.48565
535,3,14,1999,35.52321
535,3,14,2000,35.77311
535,3,14,2001,35.60999
535,3,14,2002,35.87968
535,3,14,2003,35.78885
535,3,14,2004,36.08215
535,3,14,2005,36.1941
535,3,14,2006,36.29612
535,3,14,2007,36.49489
535,3,14,2008,36.58366
535,3,14,2009,36.64325
535,3,14,2010,36.72716
535,3,14,2011,36.65434
535,3,14,2012,36.85027
535,3,14,2013,36.63234
535,3,14,2014,36.78567
535,3,14,2015,36.77308
535,3,14,2016,36.91854
535,3,14,2017,37.526
535,3,14,2018,37.88414
535,3,14,2019,38.04146
536,1,14,1950,29.01431
536,1,14,1951,28.95245
536,1,14,1952,29.01243
536,1,14,1953,29.21267
536,1,14,1954,29.54017
536,1,14,1955,29.53609
536,1,14,1956,29.2536
536,1,14,1957,28.58143
536,1,14,1958,28.09748
536,1,14,1959,26.98548
536,1,14,1960,26.95048
536,1,14,1961,27.22168
536,1,14,1962,27.02637
536,1,14,1963,26.92123
536,1,14,1964,27.02812
536,1,14,1965,26.97761
536,1,14,1966,26.80965
536,1,14,1967,26.95146
536,1,14,1968,26.66819
536,1,14,1969,26.95555
536,1,14,1970,27.11074
536,1,14,1971,27.28363
536,1,14,1972,27.47702
536,1,14,1973,27.41224
536,1,14,1974,27.77704
536,1,14,1975,28.11112
536,1,14,1976,28.4322
536,1,14,1977,28.61022
536,1,14,1978,28.72389
536,1,14,1979,28.86624
536,1,14,1980,29.15929
536,1,14,1981,29.32795
536,1,14,1982,29.49252
536,1,14,1983,29.54351
536,1,14,1984,29.92923
536,1,14,1985,29.97115
536,1,14,1986,29.97835
536,1,14,1987,30.29064
536,1,14,1988,30.21992
536,1,14,1989,30.46011
536,1,14,1990,30.71486
536,1,14,1991,30.84766
536,1,14,1992,31.07154
536,1,14,1993,30.90103
536,1,14,1994,30.92416
536,1,14,1995,31.1001
536,1,14,1996,31.4241
536,1,14,1997,31.97593
536,1,14,1998,31.94995
536,1,14,1999,31.94488
536,1,14,2000,32.31416
536,1,14,2001,32.39556
536,1,14,2002,32.52633
536,1,14,2003,32.86842
536,1,14,2004,33.24654
536,1,14,2005,33.34262
536,1,14,2006,33.62391
536,1,14,2007,33.97634
536,1,14,2008,33.96753
536,1,14,2009,34.24375
536,1,14,2010,34.50981
536,1,14,2011,34.64257
536,1,14,2012,34.52345
536,1,14,2013,34.76308
536,1,14,2014,34.7431
536,1,14,2015,34.92299
536,1,14,2016,34.85263
536,1,14,2017,36.02423
536,1,14,2018,36.50644
536,1,14,2019,36.83031
536,2,14,1950,32.95117
536,2,14,1951,32.93957
536,2,14,1952,33.08767
536,2,14,1953,33.58151
536,2,14,1954,33.86033
536,2,14,1955,33.79391
536,2,14,1956,33.68844
536,2,14,1957,33.32514
536,2,14,1958,32.71256
536,2,14,1959,31.99177
536,2,14,1960,31.93498
536,2,14,1961,32.20741
536,2,14,1962,32.19924
536,2,14,1963,32.06815
536,2,14,1964,32.23779
536,2,14,1965,32.40789
536,2,14,1966,32.34884
536,2,14,1967,32.3909
536,2,14,1968,32.48515
536,2,14,1969,32.65846
536,2,14,1970,32.90852
536,2,14,1971,33.1382
536,2,14,1972,33.05156
536,2,14,1973,33.31541
536,2,14,1974,33.81474
536,2,14,1975,34.2745
536,2,14,1976,34.64858
536,2,14,1977,34.51353
536,2,14,1978,34.78529
536,2,14,1979,35.01476
536,2,14,1980,35.18771
536,2,14,1981,35.11319
536,2,14,1982,35.41538
536,2,14,1983,35.22601
536,2,14,1984,35.47197
536,2,14,1985,35.51905
536,2,14,1986,35.52294
536,2,14,1987,35.64591
536,2,14,1988,35.64093
536,2,14,1989,35.90171
536,2,14,1990,36.10583
536,2,14,1991,36.1533
536,2,14,1992,36.41307
536,2,14,1993,36.06889
536,2,14,1994,36.15651
536,2,14,1995,36.22599
536,2,14,1996,36.38672
536,2,14,1997,36.62649
536,2,14,1998,36.60101
536,2,14,1999,36.45364
536,2,14,2000,36.57579
536,2,14,2001,36.65954
536,2,14,2002,36.68291
536,2,14,2003,36.98628
536,2,14,2004,37.18945
536,2,14,2005,37.33787
536,2,14,2006,37.55644
536,2,14,2007,37.63184
536,2,14,2008,37.69066
536,2,14,2009,38.03363
536,2,14,2010,38.33285
536,2,14,2011,38.32618
536,2,14,2012,38.39704
536,2,14,2013,38.47825
536,2,14,2014,38.50668
536,2,14,2015,38.37666
536,2,14,2016,38.60203
536,2,14,2017,39.62291
536,2,14,2018,40.38894
536,2,14,2019,40.53145
536,3,14,1950,30.27632
536,3,14,1951,30.25297
536,3,14,1952,30.25322
536,3,14,1953,30.61728
536,3,14,1954,30.95483
536,3,14,1955,30.99817
536,3,14,1956,30.74091
536,3,14,1957,30.41054
536,3,14,1958,29.91545
536,3,14,1959,29.34165
536,3,14,1960,29.30109
536,3,14,1961,29.59297
536,3,14,1962,29.4775
536,3,14,1963,29.3732
536,3,14,1964,29.52019
536,3,14,1965,29.58848
536,3,14,1966,29.47548
536,3,14,1967,29.58895
536,3,14,1968,29.4893
536,3,14,1969,29.74227
536,3,14,1970,29.94747
536,3,14,1971,30.17984
536,3,14,1972,30.24324
536,3,14,1973,30.34747
536,3,14,1974,30.78863
536,3,14,1975,31.1873
536,3,14,1976,31.55299
536,3,14,1977,31.58796
536,3,14,1978,31.78456
536,3,14,1979,31.98856
536,3,14,1980,32.22624
536,3,14,1981,32.28397
536,3,14,1982,32.52671
536,3,14,1983,32.46503
536,3,14,1984,32.7849
536,3,14,1985,32.83351
536,3,14,1986,32.84323
536,3,14,1987,33.06674
536,3,14,1988,33.02408
536,3,14,1989,33.28578
536,3,14,1990,33.51718
536,3,14,1991,33.61206
536,3,14,1992,33.85257
536,3,14,1993,33.58074
536,3,14,1994,33.63463
536,3,14,1995,33.75156
536,3,14,1996,33.98988
536,3,14,1997,34.3945
536,3,14,1998,34.37165
536,3,14,1999,34.29005
536,3,14,2000,34.52777
536,3,14,2001,34.61871
536,3,14,2002,34.67763
536,3,14,2003,35.00818
536,3,14,2004,35.2841
536,3,14,2005,35.40509
536,3,14,2006,35.66221
536,3,14,2007,35.85756
536,3,14,2008,35.89801
536,3,14,2009,36.20618
536,3,14,2010,36.48578
536,3,14,2011,36.53126
536,3,14,2012,36.50309
536,3,14,2013,36.65532
536,3,14,2014,36.65738
536,3,14,2015,36.67254
536,3,14,2016,36.7462
536,3,14,2017,37.58518
536,3,14,2018,37.89434
536,3,14,2019,38.20538
537,1,14,1950,29.52353
537,1,14,1951,29.51096
537,1,14,1952,29.66234
537,1,14,1953,29.91391
537,1,14,1954,30.20144
537,1,14,1955,30.1744
537,1,14,1956,29.83103
537,1,14,1957,29.31906
537,1,14,1958,28.76268
537,1,14,1959,27.72352
537,1,14,1960,27.60962
537,1,14,1961,27.74048
537,1,14,1962,27.64332
537,1,14,1963,27.25276
537,1,14,1964,27.61344
537,1,14,1965,27.50324
537,1,14,1966,27.46027
537,1,14,1967,27.54265
537,1,14,1968,27.33005
537,1,14,1969,27.43737
537,1,14,1970,27.72605
537,1,14,1971,27.72779
537,1,14,1972,27.77676
537,1,14,1973,27.79496
537,1,14,1974,28.19056
537,1,14,1975,28.56502
537,1,14,1976,28.76431
537,1,14,1977,28.73681
537,1,14,1978,28.81804
537,1,14,1979,29.23115
537,1,14,1980,29.27713
537,1,14,1981,29.60129
537,1,14,1982,29.77708
537,1,14,1983,29.80317
537,1,14,1984,29.81008
537,1,14,1985,30.05898
537,1,14,1986,29.84818
537,1,14,1987,30.29034
537,1,14,1988,30.34856
537,1,14,1989,30.80202
537,1,14,1990,30.90262
537,1,14,1991,30.9348
537,1,14,1992,31.25914
537,1,14,1993,30.96253
537,1,14,1994,31.11389
537,1,14,1995,31.15252
537,1,14,1996,31.46081
537,1,14,1997,31.75306
537,1,14,1998,31.653
537,1,14,1999,31.71107
537,1,14,2000,31.79814
537,1,14,2001,31.9544
537,1,14,2002,32.16087
537,1,14,2003,32.20174
537,1,14,2004,32.70751
537,1,14,2005,32.71977
537,1,14,2006,32.69914
537,1,14,2007,33.21781
537,1,14,2008,33.11857
537,1,14,2009,33.18147
537,1,14,2010,33.32027
537,1,14,2011,33.29811
537,1,14,2012,33.20591
537,1,14,2013,33.2634
537,1,14,2014,33.3948
537,1,14,2015,33.35948
537,1,14,2016,33.06324
537,1,14,2017,34.22253
537,1,14,2018,34.76786
537,1,14,2019,35.13009
537,2,14,1950,33.48084
537,2,14,1951,33.54467
537,2,14,1952,33.70873
537,2,14,1953,34.00597
537,2,14,1954,34.34579
537,2,14,1955,34.4312
537,2,14,1956,34.22315
537,2,14,1957,33.81362
537,2,14,1958,33.31806
537,2,14,1959,32.61971
537,2,14,1960,32.52371
537,2,14,1961,33.03539
537,2,14,1962,32.66907
537,2,14,1963,32.65075
537,2,14,1964,32.81803
537,2,14,1965,32.89183
537,2,14,1966,32.87177
537,2,14,1967,33.21464
537,2,14,1968,32.9609
537,2,14,1969,33.26174
537,2,14,1970,33.31767
537,2,14,1971,33.59323
537,2,14,1972,33.6907
537,2,14,1973,33.64396
537,2,14,1974,34.20296
537,2,14,1975,34.58178
537,2,14,1976,34.79136
537,2,14,1977,34.95824
537,2,14,1978,34.94677
537,2,14,1979,35.18298
537,2,14,1980,35.25236
537,2,14,1981,35.24579
537,2,14,1982,35.65124
537,2,14,1983,35.53849
537,2,14,1984,35.77474
537,2,14,1985,35.63516
537,2,14,1986,35.79854
537,2,14,1987,35.81463
537,2,14,1988,35.81093
537,2,14,1989,36.13259
537,2,14,1990,36.21714
537,2,14,1991,36.00219
537,2,14,1992,36.29472
537,2,14,1993,36.14659
537,2,14,1994,36.09479
537,2,14,1995,35.79328
537,2,14,1996,36.07776
537,2,14,1997,36.23475
537,2,14,1998,36.06919
537,2,14,1999,36.01506
537,2,14,2000,36.01582
537,2,14,2001,36.12589
537,2,14,2002,36.26848
537,2,14,2003,36.30233
537,2,14,2004,36.64978
537,2,14,2005,36.72024
537,2,14,2006,36.72899
537,2,14,2007,37.05652
537,2,14,2008,36.99031
537,2,14,2009,37.05242
537,2,14,2010,37.17582
537,2,14,2011,37.03796
537,2,14,2012,37.16837
537,2,14,2013,37.09544
537,2,14,2014,36.97012
537,2,14,2015,37.0922
537,2,14,2016,37.1458
537,2,14,2017,38.1792
537,2,14,2018,38.85096
537,2,14,2019,38.96569
537,3,14,1950,30.61672
537,3,14,1951,30.777
537,3,14,1952,30.96514
537,3,14,1953,31.11875
537,3,14,1954,31.4918
537,3,14,1955,31.4594
537,3,14,1956,31.32711
537,3,14,1957,30.96706
537,3,14,1958,30.6435
537,3,14,1959,30.02235
537,3,14,1960,29.90991
537,3,14,1961,30.22299
537,3,14,1962,30.00758
537,3,14,1963,29.78568
537,3,14,1964,30.0843
537,3,14,1965,30.06147
537,3,14,1966,30.05019
537,3,14,1967,30.26219
537,3,14,1968,30.03654
537,3,14,1969,30.23739
537,3,14,1970,30.44335
537,3,14,1971,30.59155
537,3,14,1972,30.66717
537,3,14,1973,30.66538
537,3,14,1974,31.15769
537,3,14,1975,31.53986
537,3,14,1976,31.76156
537,3,14,1977,31.83201
537,3,14,1978,31.86959
537,3,14,1979,32.21837
537,3,14,1980,32.29682
537,3,14,1981,32.46445
537,3,14,1982,32.759
537,3,14,1983,32.72134
537,3,14,1984,32.83677
537,3,14,1985,32.9077
537,3,14,1986,32.87252
537,3,14,1987,33.12731
537,3,14,1988,33.14462
537,3,14,1989,33.53713
537,3,14,1990,33.64004
537,3,14,1991,33.55248
537,3,14,1992,33.84638
537,3,14,1993,33.63308
537,3,14,1994,33.6829
537,3,14,1995,33.55061
537,3,14,1996,33.84042
537,3,14,1997,34.05834
537,3,14,1998,33.91419
537,3,14,1999,33.91593
537,3,14,2000,33.95249
537,3,14,2001,34.08518
537,3,14,2002,34.25888
537,3,14,2003,34.28503
537,3,14,2004,34.71993
537,3,14,2005,34.75528
537,3,14,2006,34.74163
537,3,14,2007,35.15458
537,3,14,2008,35.07626
537,3,14,2009,35.13352
537,3,14,2010,35.26007
537,3,14,2011,35.17318
537,3,14,2012,35.1836
537,3,14,2013,35.17467
537,3,14,2014,35.17807
537,3,14,2015,35.21343
537,3,14,2016,35.07855
537,3,14,2017,35.92634
537,3,14,2018,36.32151
537,3,14,2019,36.45926
538,1,14,1950,30.5616
538,1,14,1951,30.47957
538,1,14,1952,30.65563
538,1,14,1953,30.91494
538,1,14,1954,31.2309
538,1,14,1955,30.96114
538,1,14,1956,30.70288
538,1,14,1957,30.27599
538,1,14,1958,29.69623
538,1,14,1959,28.73048
538,1,14,1960,29.00358
538,1,14,1961,29.00447
538,1,14,1962,28.87324
538,1,14,1963,28.94109
538,1,14,1964,28.78165
538,1,14,1965,28.64252
538,1,14,1966,28.74029
538,1,14,1967,28.99491
538,1,14,1968,28.7029
538,1,14,1969,28.93506
538,1,14,1970,29.00585
538,1,14,1971,28.92078
538,1,14,1972,29.09914
538,1,14,1973,29.11549
538,1,14,1974,29.43347
538,1,14,1975,29.73291
538,1,14,1976,30.10033
538,1,14,1977,30.45799
538,1,14,1978,30.55283
538,1,14,1979,30.80793
538,1,14,1980,30.82833
538,1,14,1981,31.00331
538,1,14,1982,31.15869
538,1,14,1983,31.00019
538,1,14,1984,31.45115
538,1,14,1985,31.5204
538,1,14,1986,31.87323
538,1,14,1987,31.68555
538,1,14,1988,32.05322
538,1,14,1989,32.13026
538,1,14,1990,32.71789
538,1,14,1991,32.43055
538,1,14,1992,32.81026
538,1,14,1993,32.74409
538,1,14,1994,32.66782
538,1,14,1995,32.87291
538,1,14,1996,32.96893
538,1,14,1997,33.17526
538,1,14,1998,33.31993
538,1,14,1999,33.50607
538,1,14,2000,33.73878
538,1,14,2001,34.10134
538,1,14,2002,33.9814
538,1,14,2003,33.91713
538,1,14,2004,34.37785
538,1,14,2005,34.5453
538,1,14,2006,34.75774
538,1,14,2007,34.83134
538,1,14,2008,34.65213
538,1,14,2009,34.94749
538,1,14,2010,34.88822
538,1,14,2011,35.23715
538,1,14,2012,35.16125
538,1,14,2013,34.87041
538,1,14,2014,35.09905
538,1,14,2015,35.28175
538,1,14,2016,35.06369
538,1,14,2017,36.159
538,1,14,2018,36.51861
538,1,14,2019,36.91755
538,2,14,1950,35.21228
538,2,14,1951,35.28992
538,2,14,1952,35.38993
538,2,14,1953,35.74227
538,2,14,1954,35.96075
538,2,14,1955,35.8575
538,2,14,1956,35.63361
538,2,14,1957,35.11271
538,2,14,1958,34.66708
538,2,14,1959,34.01654
538,2,14,1960,34.27086
538,2,14,1961,34.01781
538,2,14,1962,34.32141
538,2,14,1963,34.27949
538,2,14,1964,34.26947
538,2,14,1965,34.29203
538,2,14,1966,34.67822
538,2,14,1967,34.67335
538,2,14,1968,34.5781
538,2,14,1969,34.93477
538,2,14,1970,34.86442
538,2,14,1971,34.96283
538,2,14,1972,35.3005
538,2,14,1973,35.38768
538,2,14,1974,35.75227
538,2,14,1975,35.95618
538,2,14,1976,36.23907
538,2,14,1977,37.03546
538,2,14,1978,36.76354
538,2,14,1979,37.02519
538,2,14,1980,37.28032
538,2,14,1981,37.21238
538,2,14,1982,37.58254
538,2,14,1983,37.35376
538,2,14,1984,37.46358
538,2,14,1985,36.95317
538,2,14,1986,37.79904
538,2,14,1987,37.59971
538,2,14,1988,37.67521
538,2,14,1989,37.61911
538,2,14,1990,38.24797
538,2,14,1991,37.91394
538,2,14,1992,38.04127
538,2,14,1993,38.22761
538,2,14,1994,37.91435
538,2,14,1995,37.82827
538,2,14,1996,38.0653
538,2,14,1997,38.13521
538,2,14,1998,38.03883
538,2,14,1999,38.05476
538,2,14,2000,37.94246
538,2,14,2001,38.23575
538,2,14,2002,38.58261
538,2,14,2003,38.17804
538,2,14,2004,38.75231
538,2,14,2005,38.50051
538,2,14,2006,38.56739
538,2,14,2007,38.74817
538,2,14,2008,38.52957
538,2,14,2009,38.84916
538,2,14,2010,38.79465
538,2,14,2011,38.84601
538,2,14,2012,38.81049
538,2,14,2013,38.84422
538,2,14,2014,38.90994
538,2,14,2015,38.73829
538,2,14,2016,39.00201
538,2,14,2017,39.98195
538,2,14,2018,40.54224
538,2,14,2019,40.68879
538,3,14,1950,32.12797
538,3,14,1951,32.20217
538,3,14,1952,32.20879
538,3,14,1953,32.45753
538,3,14,1954,32.76926
538,3,14,1955,32.62678
538,3,14,1956,32.50147
538,3,14,1957,32.08413
538,3,14,1958,31.71296
538,3,14,1959,31.17889
538,3,14,1960,31.44201
538,3,14,1961,31.36062
538,3,14,1962,31.41653
538,3,14,1963,31.44147
538,3,14,1964,31.35632
538,3,14,1965,31.30433
538,3,14,1966,31.53898
538,3,14,1967,31.70421
538,3,14,1968,31.49303
538,3,14,1969,31.80322
538,3,14,1970,31.82282
538,3,14,1971,31.82929
538,3,14,1972,32.09779
538,3,14,1973,32.15136
538,3,14,1974,32.48883
538,3,14,1975,32.79123
538,3,14,1976,33.11228
538,3,14,1977,33.69593
538,3,14,1978,33.64009
538,3,14,1979,33.90098
538,3,14,1980,34.03579
538,3,14,1981,34.09919
538,3,14,1982,34.35539
538,3,14,1983,34.16363
538,3,14,1984,34.47522
538,3,14,1985,34.2836
538,3,14,1986,34.87168
538,3,14,1987,34.66601
538,3,14,1988,34.88071
538,3,14,1989,34.91979
538,3,14,1990,35.53023
538,3,14,1991,35.21109
538,3,14,1992,35.48304
538,3,14,1993,35.51838
538,3,14,1994,35.34738
538,3,14,1995,35.38768
538,3,14,1996,35.55609
538,3,14,1997,35.68101
538,3,14,1998,35.70811
538,3,14,1999,35.78271
538,3,14,2000,35.85889
538,3,14,2001,36.20895
538,3,14,2002,36.27779
538,3,14,2003,36.06852
538,3,14,2004,36.562
538,3,14,2005,36.53443
538,3,14,2006,36.65116
538,3,14,2007,36.77065
538,3,14,2008,36.58061
538,3,14,2009,36.87984
538,3,14,2010,36.80834
538,3,14,2011,37.01441
538,3,14,2012,36.94732
538,3,14,2013,36.81138
538,3,14,2014,36.94602
538,3,14,2015,36.96724
538,3,14,2016,36.95818
538,3,14,2017,37.69996
538,3,14,2018,38.03163
538,3,14,2019,38.28506
539,1,14,1950,31.0444
539,1,14,1951,31.02666
539,1,14,1952,31.19165
539,1,14,1953,31.27243
539,1,14,1954,31.702
539,1,14,1955,31.51047
539,1,14,1956,31.38889
539,1,14,1957,30.79964
539,1,14,1958,30.27147
539,1,14,1959,29.2676
539,1,14,1960,29.0589
539,1,14,1961,29.24976
539,1,14,1962,28.94723
539,1,14,1963,28.94852
539,1,14,1964,29.01026
539,1,14,1965,29.22693
539,1,14,1966,29.05359
539,1,14,1967,28.92181
539,1,14,1968,28.89012
539,1,14,1969,28.83203
539,1,14,1970,29.27257
539,1,14,1971,29.34804
539,1,14,1972,29.37818
539,1,14,1973,29.26938
539,1,14,1974,29.5996
539,1,14,1975,30.02531
539,1,14,1976,30.33036
539,1,14,1977,30.34093
539,1,14,1978,30.63232
539,1,14,1979,30.84757
539,1,14,1980,30.78659
539,1,14,1981,30.93249
539,1,14,1982,31.09994
539,1,14,1983,31.09985
539,1,14,1984,31.17221
539,1,14,1985,31.43924
539,1,14,1986,31.6086
539,1,14,1987,31.67269
539,1,14,1988,31.82085
539,1,14,1989,32.21229
539,1,14,1990,32.20856
539,1,14,1991,32.21269
539,1,14,1992,32.60223
539,1,14,1993,32.53994
539,1,14,1994,32.56089
539,1,14,1995,32.49377
539,1,14,1996,32.72911
539,1,14,1997,32.77993
539,1,14,1998,32.78341
539,1,14,1999,32.99853
539,1,14,2000,33.22753
539,1,14,2001,33.15546
539,1,14,2002,33.16239
539,1,14,2003,33.6488
539,1,14,2004,33.80273
539,1,14,2005,33.8967
539,1,14,2006,33.82462
539,1,14,2007,34.16348
539,1,14,2008,34.14812
539,1,14,2009,34.37964
539,1,14,2010,34.25455
539,1,14,2011,34.53799
539,1,14,2012,34.46143
539,1,14,2013,34.56813
539,1,14,2014,34.40049
539,1,14,2015,34.48934
539,1,14,2016,34.48576
539,1,14,2017,35.62792
539,1,14,2018,36.0991
539,1,14,2019,36.47671
539,2,14,1950,35.31053
539,2,14,1951,35.41928
539,2,14,1952,35.50877
539,2,14,1953,35.82832
539,2,14,1954,36.16834
539,2,14,1955,36.12537
539,2,14,1956,35.84268
539,2,14,1957,35.39983
539,2,14,1958,34.96983
539,2,14,1959,34.37169
539,2,14,1960,34.26605
539,2,14,1961,34.19484
539,2,14,1962,34.52144
539,2,14,1963,34.09173
539,2,14,1964,34.75476
539,2,14,1965,34.61903
539,2,14,1966,34.61031
539,2,14,1967,35.05083
539,2,14,1968,34.95312
539,2,14,1969,34.79371
539,2,14,1970,35.26118
539,2,14,1971,35.13159
539,2,14,1972,35.4791
539,2,14,1973,35.65098
539,2,14,1974,35.8154
539,2,14,1975,35.90966
539,2,14,1976,36.52147
539,2,14,1977,36.50496
539,2,14,1978,36.59681
539,2,14,1979,36.95905
539,2,14,1980,36.87795
539,2,14,1981,36.88982
539,2,14,1982,37.04804
539,2,14,1983,37.03793
539,2,14,1984,36.96263
539,2,14,1985,37.09672
539,2,14,1986,37.34267
539,2,14,1987,37.37303
539,2,14,1988,37.20631
539,2,14,1989,37.19961
539,2,14,1990,38.16986
539,2,14,1991,37.68314
539,2,14,1992,37.78098
539,2,14,1993,37.51017
539,2,14,1994,37.63279
539,2,14,1995,37.37274
539,2,14,1996,37.33747
539,2,14,1997,37.54291
539,2,14,1998,37.48291
539,2,14,1999,36.99425
539,2,14,2000,37.33328
539,2,14,2001,37.07282
539,2,14,2002,37.0762
539,2,14,2003,37.42005
539,2,14,2004,37.57861
539,2,14,2005,37.52178
539,2,14,2006,37.53951
539,2,14,2007,37.51599
539,2,14,2008,37.95175
539,2,14,2009,37.79949
539,2,14,2010,38.20738
539,2,14,2011,37.90655
539,2,14,2012,37.97084
539,2,14,2013,38.04615
539,2,14,2014,38.09929
539,2,14,2015,37.67635
539,2,14,2016,38.24639
539,2,14,2017,39.28054
539,2,14,2018,39.95776
539,2,14,2019,40.08407
539,3,14,1950,32.41067
539,3,14,1951,32.32228
539,3,14,1952,32.7098
539,3,14,1953,32.59603
539,3,14,1954,33.0843
539,3,14,1955,32.99092
539,3,14,1956,32.8426
539,3,14,1957,32.52128
539,3,14,1958,32.15854
539,3,14,1959,31.62233
539,3,14,1960,31.49338
539,3,14,1961,31.556
539,3,14,1962,31.5604
539,3,14,1963,31.36439
539,3,14,1964,31.71041
539,3,14,1965,31.78315
539,3,14,1966,31.69109
539,3,14,1967,31.84161
539,3,14,1968,31.76219
539,3,14,1969,31.69315
539,3,14,1970,32.15877
539,3,14,1971,32.16146
539,3,14,1972,32.33359
539,3,14,1973,32.36465
539,3,14,1974,32.62953
539,3,14,1975,32.92324
539,3,14,1976,33.38812
539,3,14,1977,33.39223
539,3,14,1978,33.61288
539,3,14,1979,33.89009
539,3,14,1980,33.8354
539,3,14,1981,33.92956
539,3,14,1982,34.08815
539,3,14,1983,34.08183
539,3,14,1984,34.08687
539,3,14,1985,34.30501
539,3,14,1986,34.5073
539,3,14,1987,34.55387
539,3,14,1988,34.56739
539,3,14,1989,34.75686
539,3,14,1990,35.23122
539,3,14,1991,34.9943
539,3,14,1992,35.22547
539,3,14,1993,35.06027
539,3,14,1994,35.11462
539,3,14,1995,34.95
539,3,14,1996,35.06072
539,3,14,1997,35.21474
539,3,14,1998,35.14806
539,3,14,1999,35.00593
539,3,14,2000,35.30165
539,3,14,2001,35.12096
539,3,14,2002,35.11911
539,3,14,2003,35.53859
539,3,14,2004,35.66537
539,3,14,2005,35.70441
539,3,14,2006,35.65492
539,3,14,2007,35.82891
539,3,14,2008,36.00805
539,3,14,2009,36.06655
539,3,14,2010,36.18158
539,3,14,2011,36.17136
539,3,14,2012,36.15982
539,3,14,2013,36.25531
539,3,14,2014,36.20202
539,3,14,2015,36.04497
539,3,14,2016,36.29775
539,3,14,2017,37.11584
539,3,14,2018,37.56058
539,3,14,2019,37.76048
540,1,14,1950,29.45121
540,1,14,1951,29.31342
540,1,14,1952,29.34415
540,1,14,1953,29.76321
540,1,14,1954,30.16925
540,1,14,1955,30.22597
540,1,14,1956,29.92568
540,1,14,1957,29.48968
540,1,14,1958,29.04021
540,1,14,1959,27.99515
540,1,14,1960,27.62406
540,1,14,1961,28.05173
540,1,14,1962,27.58512
540,1,14,1963,27.41284
540,1,14,1964,27.75048
540,1,14,1965,27.57401
540,1,14,1966,27.67354
540,1,14,1967,27.25014
540,1,14,1968,27.2613
540,1,14,1969,27.15222
540,1,14,1970,27.01628
540,1,14,1971,27.42236
540,1,14,1972,27.15723
540,1,14,1973,26.99075
540,1,14,1974,27.4486
540,1,14,1975,27.57839
540,1,14,1976,28.00929
540,1,14,1977,27.83419
540,1,14,1978,28.19282
540,1,14,1979,28.52926
540,1,14,1980,28.50908
540,1,14,1981,28.8318
540,1,14,1982,29.09758
540,1,14,1983,28.76291
540,1,14,1984,29.06349
540,1,14,1985,29.10961
540,1,14,1986,29.14101
540,1,14,1987,29.25762
540,1,14,1988,29.46632
540,1,14,1989,29.61446
540,1,14,1990,29.97207
540,1,14,1991,30.06558
540,1,14,1992,30.19214
540,1,14,1993,29.96905
540,1,14,1994,30.10505
540,1,14,1995,30.09984
540,1,14,1996,30.33824
540,1,14,1997,30.42067
540,1,14,1998,30.80117
540,1,14,1999,30.72722
540,1,14,2000,30.84583
540,1,14,2001,30.73831
540,1,14,2002,30.8263
540,1,14,2003,31.10045
540,1,14,2004,31.53493
540,1,14,2005,31.60819
540,1,14,2006,31.69024
540,1,14,2007,31.8602
540,1,14,2008,31.89481
540,1,14,2009,31.93147
540,1,14,2010,32.02815
540,1,14,2011,31.98384
540,1,14,2012,31.92709
540,1,14,2013,32.25666
540,1,14,2014,32.01866
540,1,14,2015,31.82412
540,1,14,2016,31.8407
540,1,14,2017,33.00777
540,1,14,2018,33.55197
540,1,14,2019,33.95803
540,2,14,1950,33.33141
540,2,14,1951,33.38116
540,2,14,1952,33.53753
540,2,14,1953,34.14332
540,2,14,1954,34.38012
540,2,14,1955,34.28475
540,2,14,1956,34.19725
540,2,14,1957,33.8317
540,2,14,1958,33.49879
540,2,14,1959,32.84745
540,2,14,1960,32.82689
540,2,14,1961,32.78527
540,2,14,1962,32.74828
540,2,14,1963,32.66079
540,2,14,1964,32.79832
540,2,14,1965,33.08686
540,2,14,1966,33.08497
540,2,14,1967,33.00451
540,2,14,1968,32.99535
540,2,14,1969,33.22063
540,2,14,1970,33.15811
540,2,14,1971,33.32625
540,2,14,1972,33.43821
540,2,14,1973,33.25797
540,2,14,1974,33.93915
540,2,14,1975,34.08771
540,2,14,1976,34.49876
540,2,14,1977,34.58508
540,2,14,1978,34.74789
540,2,14,1979,34.7705
540,2,14,1980,34.96824
540,2,14,1981,35.29653
540,2,14,1982,35.21351
540,2,14,1983,35.41251
540,2,14,1984,35.3901
540,2,14,1985,35.2296
540,2,14,1986,35.30571
540,2,14,1987,35.49948
540,2,14,1988,35.49236
540,2,14,1989,35.34729
540,2,14,1990,35.68872
540,2,14,1991,35.73652
540,2,14,1992,36.0463
540,2,14,1993,35.65982
540,2,14,1994,35.46609
540,2,14,1995,35.61556
540,2,14,1996,35.57874
540,2,14,1997,35.82699
540,2,14,1998,35.70227
540,2,14,1999,35.43073
540,2,14,2000,35.46695
540,2,14,2001,35.23404
540,2,14,2002,35.32151
540,2,14,2003,35.60166
540,2,14,2004,35.71965
540,2,14,2005,35.87568
540,2,14,2006,35.97803
540,2,14,2007,35.97723
540,2,14,2008,36.14138
540,2,14,2009,35.72179
540,2,14,2010,35.83349
540,2,14,2011,36.00317
540,2,14,2012,35.87841
540,2,14,2013,36.22174
540,2,14,2014,36.05196
540,2,14,2015,35.83244
540,2,14,2016,35.51396
540,2,14,2017,36.68325
540,2,14,2018,37.27875
540,2,14,2019,37.40523
540,3,14,1950,30.53819
540,3,14,1951,30.66596
540,3,14,1952,30.70606
540,3,14,1953,31.02588
540,3,14,1954,31.48409
540,3,14,1955,31.4989
540,3,14,1956,31.22602
540,3,14,1957,31.05542
540,3,14,1958,30.81844
540,3,14,1959,30.24886
540,3,14,1960,30.03878
540,3,14,1961,30.26423
540,3,14,1962,29.99033
540,3,14,1963,29.86686
540,3,14,1964,30.12379
540,3,14,1965,30.1639
540,3,14,1966,30.24842
540,3,14,1967,29.98182
540,3,14,1968,29.99547
540,3,14,1969,30.02919
540,3,14,1970,29.95625
540,3,14,1971,30.25901
540,3,14,1972,30.16247
540,3,14,1973,30.00098
540,3,14,1974,30.57883
540,3,14,1975,30.72154
540,3,14,1976,31.16432
540,3,14,1977,31.11375
540,3,14,1978,31.39112
540,3,14,1979,31.61384
540,3,14,1980,31.6667
540,3,14,1981,32.0287
540,3,14,1982,32.12098
540,3,14,1983,32.04769
540,3,14,1984,32.2047
540,3,14,1985,32.16413
540,3,14,1986,32.20933
540,3,14,1987,32.37357
540,3,14,1988,32.47057
540,3,14,1989,32.49724
540,3,14,1990,32.8466
540,3,14,1991,32.92125
540,3,14,1992,33.11966
540,3,14,1993,32.82118
540,3,14,1994,32.81372
540,3,14,1995,32.88403
540,3,14,1996,32.99007
540,3,14,1997,33.14124
540,3,14,1998,33.28205
540,3,14,1999,33.08421
540,3,14,2000,33.16751
540,3,14,2001,33.00878
540,3,14,2002,33.07523
540,3,14,2003,33.35824
540,3,14,2004,33.62805
540,3,14,2005,33.73944
540,3,14,2006,33.84808
540,3,14,2007,33.92081
540,3,14,2008,34.01952
540,3,14,2009,33.82319
540,3,14,2010,33.92047
540,3,14,2011,33.97948
540,3,14,2012,33.88541
540,3,14,2013,34.20252
540,3,14,2014,33.98272
540,3,14,2015,33.78713
540,3,14,2016,33.6415
540,3,14,2017,34.53314
540,3,14,2018,34.83217
540,3,14,2019,35.16558
541,1,14,1950,28.34787
541,1,14,1951,28.25551
541,1,14,1952,28.40765
541,1,14,1953,28.70129
541,1,14,1954,29.13495
541,1,14,1955,29.12375
541,1,14,1956,28.79334
541,1,14,1957,28.24222
541,1,14,1958,27.81645
541,1,14,1959,26.72887
541,1,14,1960,26.57351
541,1,14,1961,26.84243
541,1,14,1962,26.64225
541,1,14,1963,26.48416
541,1,14,1964,26.23825
541,1,14,1965,26.49683
541,1,14,1966,26.2143
541,1,14,1967,26.44914
541,1,14,1968,25.95368
541,1,14,1969,26.15014
541,1,14,1970,26.45383
541,1,14,1971,26.83362
541,1,14,1972,26.61923
541,1,14,1973,26.56927
541,1,14,1974,27.19143
541,1,14,1975,27.33601
541,1,14,1976,27.29073
541,1,14,1977,27.55217
541,1,14,1978,27.785
541,1,14,1979,27.99166
541,1,14,1980,28.0751
541,1,14,1981,28.09187
541,1,14,1982,28.40465
541,1,14,1983,28.52386
541,1,14,1984,28.74814
541,1,14,1985,28.65607
541,1,14,1986,28.97438
541,1,14,1987,29.05446
541,1,14,1988,29.15534
541,1,14,1989,29.26087
541,1,14,1990,29.46756
541,1,14,1991,29.33572
541,1,14,1992,29.61016
541,1,14,1993,29.6887
541,1,14,1994,29.89497
541,1,14,1995,29.95829
541,1,14,1996,30.07159
541,1,14,1997,30.31275
541,1,14,1998,30.32767
541,1,14,1999,30.50304
541,1,14,2000,30.48093
541,1,14,2001,30.68584
541,1,14,2002,30.69967
541,1,14,2003,30.70251
541,1,14,2004,30.88509
541,1,14,2005,30.41232
541,1,14,2006,31.73668
541,1,14,2007,31.80857
541,1,14,2008,31.93217
541,1,14,2009,32.03935
541,1,14,2010,32.1095
541,1,14,2011,32.40833
541,1,14,2012,32.10511
541,1,14,2013,31.98771
541,1,14,2014,31.99428
541,1,14,2015,32.10525
541,1,14,2016,32.23446
541,1,14,2017,33.45105
541,1,14,2018,34.04964
541,1,14,2019,34.47804
541,2,14,1950,32.28051
541,2,14,1951,32.42655
541,2,14,1952,32.50502
541,2,14,1953,32.83369
541,2,14,1954,33.27248
541,2,14,1955,33.39054
541,2,14,1956,33.29711
541,2,14,1957,32.89057
541,2,14,1958,32.6267
541,2,14,1959,31.76037
541,2,14,1960,31.59699
541,2,14,1961,32.0273
541,2,14,1962,31.92309
541,2,14,1963,31.82102
541,2,14,1964,31.92539
541,2,14,1965,31.98084
541,2,14,1966,32.07029
541,2,14,1967,32.34835
541,2,14,1968,32.02756
541,2,14,1969,32.14584
541,2,14,1970,32.44095
541,2,14,1971,32.70637
541,2,14,1972,32.87886
541,2,14,1973,32.7033
541,2,14,1974,33.35135
541,2,14,1975,33.68334
541,2,14,1976,33.6218
541,2,14,1977,33.79766
541,2,14,1978,34.0004
541,2,14,1979,34.25881
541,2,14,1980,34.35833
541,2,14,1981,34.13117
541,2,14,1982,34.43864
541,2,14,1983,34.44629
541,2,14,1984,34.61764
541,2,14,1985,34.60775
541,2,14,1986,34.69327
541,2,14,1987,35.05075
541,2,14,1988,34.85642
541,2,14,1989,34.58707
541,2,14,1990,35.05432
541,2,14,1991,35.17634
541,2,14,1992,35.30092
541,2,14,1993,35.09517
541,2,14,1994,35.17579
541,2,14,1995,35.1147
541,2,14,1996,35.26743
541,2,14,1997,35.17662
541,2,14,1998,35.17205
541,2,14,1999,35.13736
541,2,14,2000,34.97321
541,2,14,2001,35.0187
541,2,14,2002,35.23056
541,2,14,2003,35.08599
541,2,14,2004,35.21238
541,2,14,2005,34.63719
541,2,14,2006,35.76213
541,2,14,2007,36.08483
541,2,14,2008,35.91065
541,2,14,2009,36.24133
541,2,14,2010,36.31628
541,2,14,2011,36.36602
541,2,14,2012,36.24164
541,2,14,2013,36.19945
541,2,14,2014,36.01103
541,2,14,2015,36.38766
541,2,14,2016,36.42117
541,2,14,2017,37.52649
541,2,14,2018,38.28194
541,2,14,2019,38.33199
541,3,14,1950,29.45432
541,3,14,1951,29.57968
541,3,14,1952,29.78794
541,3,14,1953,29.90594
541,3,14,1954,30.42148
541,3,14,1955,30.53298
541,3,14,1956,30.1654
541,3,14,1957,30.03329
541,3,14,1958,29.78369
541,3,14,1959,29.10115
541,3,14,1960,28.9554
541,3,14,1961,29.30417
541,3,14,1962,29.15109
541,3,14,1963,29.01372
541,3,14,1964,28.941
541,3,14,1965,29.11665
541,3,14,1966,29.02052
541,3,14,1967,29.29032
541,3,14,1968,28.86341
541,3,14,1969,29.03453
541,3,14,1970,29.35239
541,3,14,1971,29.69648
541,3,14,1972,29.65666
541,3,14,1973,29.56571
541,3,14,1974,30.21027
541,3,14,1975,30.45784
541,3,14,1976,30.40559
541,3,14,1977,30.66014
541,3,14,1978,30.87711
541,3,14,1979,31.11468
541,3,14,1980,31.22201
541,3,14,1981,31.12327
541,3,14,1982,31.43608
541,3,14,1983,31.52331
541,3,14,1984,31.70449
541,3,14,1985,31.6584
541,3,14,1986,31.87949
541,3,14,1987,32.08215
541,3,14,1988,32.04573
541,3,14,1989,31.97469
541,3,14,1990,32.30015
541,3,14,1991,32.29214
541,3,14,1992,32.5064
541,3,14,1993,32.45334
541,3,14,1994,32.58539
541,3,14,1995,32.59807
541,3,14,1996,32.70826
541,3,14,1997,32.78642
541,3,14,1998,32.78824
541,3,14,1999,32.86873
541,3,14,2000,32.76503
541,3,14,2001,32.88628
541,3,14,2002,32.97434
541,3,14,2003,32.9195
541,3,14,2004,33.05766
541,3,14,2005,32.53907
541,3,14,2006,33.76161
541,3,14,2007,33.95265
541,3,14,2008,33.92931
541,3,14,2009,34.14118
541,3,14,2010,34.18741
541,3,14,2011,34.38081
541,3,14,2012,34.16221
541,3,14,2013,34.06357
541,3,14,2014,33.97257
541,3,14,2015,34.21698
541,3,14,2016,34.30121
541,3,14,2017,35.19895
541,3,14,2018,35.50779
541,3,14,2019,35.79423
542,1,14,1950,29.1251
542,1,14,1951,29.18359
542,1,14,1952,29.20501
542,1,14,1953,29.50749
542,1,14,1954,29.79928
542,1,14,1955,29.77187
542,1,14,1956,29.5196
542,1,14,1957,28.89061
542,1,14,1958,28.33416
542,1,14,1959,27.5002
542,1,14,1960,27.61607
542,1,14,1961,27.66092
542,1,14,1962,27.82719
542,1,14,1963,27.4837
542,1,14,1964,27.50266
542,1,14,1965,28.02181
542,1,14,1966,27.95358
542,1,14,1967,27.41941
542,1,14,1968,27.59081
542,1,14,1969,27.38698
542,1,14,1970,27.69384
542,1,14,1971,28.19935
542,1,14,1972,27.80414
542,1,14,1973,28.21206
542,1,14,1974,28.30817
542,1,14,1975,28.59843
542,1,14,1976,29.20682
542,1,14,1977,29.43652
542,1,14,1978,29.1694
542,1,14,1979,29.50569
542,1,14,1980,29.60279
542,1,14,1981,30.03428
542,1,14,1982,30.54879
542,1,14,1983,30.14262
542,1,14,1984,30.62443
542,1,14,1985,30.34333
542,1,14,1986,30.78002
542,1,14,1987,30.71291
542,1,14,1988,30.77417
542,1,14,1989,31.2268
542,1,14,1990,31.93942
542,1,14,1991,31.69052
542,1,14,1992,31.97494
542,1,14,1993,32.07142
542,1,14,1994,31.99045
542,1,14,1995,32.18661
542,1,14,1996,32.55452
542,1,14,1997,32.67385
542,1,14,1998,32.60984
542,1,14,1999,33.23549
542,1,14,2000,33.09486
542,1,14,2001,33.37635
542,1,14,2002,33.058
542,1,14,2003,33.47124
542,1,14,2004,33.77789
542,1,14,2005,33.57877
542,1,14,2006,33.79106
542,1,14,2007,34.16147
542,1,14,2008,34.45949
542,1,14,2009,34.79996
542,1,14,2010,34.78923
542,1,14,2011,34.98678
542,1,14,2012,34.97474
542,1,14,2013,34.91375
542,1,14,2014,34.98526
542,1,14,2015,34.71602
542,1,14,2016,34.90589
542,1,14,2017,36.00257
542,1,14,2018,36.23804
542,1,14,2019,36.58407
542,2,14,1950,33.11576
542,2,14,1951,33.39211
542,2,14,1952,33.47206
542,2,14,1953,33.80368
542,2,14,1954,34.10178
542,2,14,1955,33.79745
542,2,14,1956,33.50804
542,2,14,1957,33.10964
542,2,14,1958,32.72302
542,2,14,1959,32.54642
542,2,14,1960,32.72701
542,2,14,1961,32.90068
542,2,14,1962,32.6992
542,2,14,1963,32.80097
542,2,14,1964,32.95661
542,2,14,1965,32.99558
542,2,14,1966,33.1036
542,2,14,1967,33.14453
542,2,14,1968,33.30264
542,2,14,1969,33.56583
542,2,14,1970,33.48598
542,2,14,1971,33.64755
542,2,14,1972,34.0074
542,2,14,1973,34.30412
542,2,14,1974,34.35491
542,2,14,1975,34.94242
542,2,14,1976,35.10494
542,2,14,1977,35.58735
542,2,14,1978,35.6998
542,2,14,1979,35.73132
542,2,14,1980,35.9608
542,2,14,1981,36.17208
542,2,14,1982,36.11658
542,2,14,1983,36.08592
542,2,14,1984,36.11596
542,2,14,1985,36.08597
542,2,14,1986,36.13983
542,2,14,1987,36.19091
542,2,14,1988,36.36572
542,2,14,1989,36.91527
542,2,14,1990,36.81568
542,2,14,1991,36.81573
542,2,14,1992,37.06175
542,2,14,1993,36.95736
542,2,14,1994,36.7284
542,2,14,1995,36.67958
542,2,14,1996,37.05088
542,2,14,1997,36.98184
542,2,14,1998,37.3091
542,2,14,1999,36.92214
542,2,14,2000,36.93317
542,2,14,2001,37.01539
542,2,14,2002,37.08387
542,2,14,2003,37.1188
542,2,14,2004,37.12971
542,2,14,2005,37.39188
542,2,14,2006,37.74954
542,2,14,2007,38.06384
542,2,14,2008,38.11277
542,2,14,2009,38.21377
542,2,14,2010,38.27505
542,2,14,2011,38.49381
542,2,14,2012,38.61761
542,2,14,2013,38.61205
542,2,14,2014,38.53598
542,2,14,2015,38.11453
542,2,14,2016,37.80363
542,2,14,2017,38.22175
542,2,14,2018,38.72375
542,2,14,2019,38.82593
542,3,14,1950,30.37504
542,3,14,1951,30.51843
542,3,14,1952,30.53607
542,3,14,1953,30.69252
542,3,14,1954,31.24141
542,3,14,1955,31.09576
542,3,14,1956,30.9742
542,3,14,1957,30.57388
542,3,14,1958,30.13897
542,3,14,1959,29.79165
542,3,14,1960,29.95395
542,3,14,1961,30.07777
542,3,14,1962,30.09478
542,3,14,1963,29.94779
542,3,14,1964,30.05063
542,3,14,1965,30.36616
542,3,14,1966,30.38852
542,3,14,1967,30.11055
542,3,14,1968,30.26561
542,3,14,1969,30.30944
542,3,14,1970,30.44876
542,3,14,1971,30.82203
542,3,14,1972,30.78115
542,3,14,1973,31.14214
542,3,14,1974,31.24282
542,3,14,1975,31.6911
542,3,14,1976,32.08887
542,3,14,1977,32.43382
542,3,14,1978,32.33428
542,3,14,1979,32.57402
542,3,14,1980,32.72279
542,3,14,1981,33.06349
542,3,14,1982,33.33918
542,3,14,1983,33.08329
542,3,14,1984,33.37567
542,3,14,1985,33.19128
542,3,14,1986,33.46715
542,3,14,1987,33.44557
542,3,14,1988,33.55623
542,3,14,1989,34.04955
542,3,14,1990,34.40117
542,3,14,1991,34.28397
542,3,14,1992,34.50983
542,3,14,1993,34.54835
542,3,14,1994,34.35037
542,3,14,1995,34.42956
542,3,14,1996,34.79222
542,3,14,1997,34.82392
542,3,14,1998,34.94411
542,3,14,1999,35.05366
542,3,14,2000,34.98882
542,3,14,2001,35.14332
542,3,14,2002,35.03018
542,3,14,2003,35.22786
542,3,14,2004,35.42715
542,3,14,2005,35.45576
542,3,14,2006,35.70442
542,3,14,2007,36.08451
542,3,14,2008,36.24836
542,3,14,2009,36.45695
542,3,14,2010,36.4877
542,3,14,2011,36.66968
542,3,14,2012,36.71983
542,3,14,2013,36.69123
542,3,14,2014,36.69607
542,3,14,2015,36.3155
542,3,14,2016,36.2435
542,3,14,2017,36.81102
542,3,14,2018,37.06434
542,3,14,2019,37.2199
543,1,14,1950,28.26337
543,1,14,1951,28.2828
543,1,14,1952,28.2254
543,1,14,1953,28.5238
543,1,14,1954,28.95764
543,1,14,1955,28.78291
543,1,14,1956,28.49648
543,1,14,1957,27.88001
543,1,14,1958,27.25908
543,1,14,1959,26.21718
543,1,14,1960,26.1653
543,1,14,1961,26.32451
543,1,14,1962,26.61098
543,1,14,1963,26.15657
543,1,14,1964,26.53522
543,1,14,1965,26.23554
543,1,14,1966,26.21683
543,1,14,1967,26.73313
543,1,14,1968,26.39692
543,1,14,1969,26.68228
543,1,14,1970,26.9032
543,1,14,1971,27.0954
543,1,14,1972,26.86773
543,1,14,1973,27.51103
543,1,14,1974,27.59006
543,1,14,1975,28.11694
543,1,14,1976,28.31833
543,1,14,1977,28.57436
543,1,14,1978,28.65744
543,1,14,1979,28.85783
543,1,14,1980,29.01961
543,1,14,1981,29.13931
543,1,14,1982,29.46314
543,1,14,1983,29.40718
543,1,14,1984,29.71466
543,1,14,1985,29.52979
543,1,14,1986,29.72744
543,1,14,1987,29.95026
543,1,14,1988,30.09574
543,1,14,1989,30.35356
543,1,14,1990,30.76549
543,1,14,1991,31.02739
543,1,14,1992,31.28701
543,1,14,1993,31.18456
543,1,14,1994,31.26386
543,1,14,1995,31.21375
543,1,14,1996,31.4861
543,1,14,1997,31.87888
543,1,14,1998,32.1318
543,1,14,1999,32.01931
543,1,14,2000,32.28855
543,1,14,2001,32.391
543,1,14,2002,32.55677
543,1,14,2003,32.67687
543,1,14,2004,33.14132
543,1,14,2005,33.24949
543,1,14,2006,33.66602
543,1,14,2007,33.83538
543,1,14,2008,34.07259
543,1,14,2009,34.18037
543,1,14,2010,34.82761
543,1,14,2011,34.89942
543,1,14,2012,34.96836
543,1,14,2013,35.02731
543,1,14,2014,35.14854
543,1,14,2015,34.92429
543,1,14,2016,34.2937
543,1,14,2017,35.06663
543,1,14,2018,35.99837
543,1,14,2019,36.41596
543,2,14,1950,32.27238
543,2,14,1951,32.29783
543,2,14,1952,32.51121
543,2,14,1953,32.8691
543,2,14,1954,33.26216
543,2,14,1955,33.23236
543,2,14,1956,33.10977
543,2,14,1957,32.62564
543,2,14,1958,32.132
543,2,14,1959,31.38488
543,2,14,1960,31.33991
543,2,14,1961,31.68384
543,2,14,1962,31.59713
543,2,14,1963,31.64199
543,2,14,1964,32.06358
543,2,14,1965,31.95969
543,2,14,1966,31.98104
543,2,14,1967,32.3498
543,2,14,1968,32.19257
543,2,14,1969,32.6056
543,2,14,1970,32.74885
543,2,14,1971,33.2667
543,2,14,1972,33.11842
543,2,14,1973,33.41095
543,2,14,1974,33.66814
543,2,14,1975,34.05859
543,2,14,1976,34.25883
543,2,14,1977,34.64349
543,2,14,1978,34.64934
543,2,14,1979,34.664
543,2,14,1980,34.87487
543,2,14,1981,34.8993
543,2,14,1982,34.96814
543,2,14,1983,35.00647
543,2,14,1984,35.18349
543,2,14,1985,35.02543
543,2,14,1986,35.18183
543,2,14,1987,34.99476
543,2,14,1988,35.23996
543,2,14,1989,35.47899
543,2,14,1990,35.77762
543,2,14,1991,35.99577
543,2,14,1992,36.00576
543,2,14,1993,36.03794
543,2,14,1994,36.01034
543,2,14,1995,36.00608
543,2,14,1996,36.13184
543,2,14,1997,36.23492
543,2,14,1998,36.15203
543,2,14,1999,36.32307
543,2,14,2000,36.03516
543,2,14,2001,36.31019
543,2,14,2002,36.36679
543,2,14,2003,36.59718
543,2,14,2004,36.89434
543,2,14,2005,37.19915
543,2,14,2006,37.14776
543,2,14,2007,37.56878
543,2,14,2008,37.84545
543,2,14,2009,37.87201
543,2,14,2010,38.24542
543,2,14,2011,38.45885
543,2,14,2012,38.4263
543,2,14,2013,38.55088
543,2,14,2014,38.69234
543,2,14,2015,38.86679
543,2,14,2016,38.52643
543,2,14,2017,39.5258
543,2,14,2018,40.05904
543,2,14,2019,40.17116
543,3,14,1950,29.3832
543,3,14,1951,29.54617
543,3,14,1952,29.69109
543,3,14,1953,29.85438
543,3,14,1954,30.29566
543,3,14,1955,30.30688
543,3,14,1956,30.13035
543,3,14,1957,29.71861
543,3,14,1958,29.30961
543,3,14,1959,28.64558
543,3,14,1960,28.59545
543,3,14,1961,28.85233
543,3,14,1962,28.99617
543,3,14,1963,28.75502
543,3,14,1964,29.16009
543,3,14,1965,28.9573
543,3,14,1966,28.96507
543,3,14,1967,29.43929
543,3,14,1968,29.18176
543,3,14,1969,29.55073
543,3,14,1970,29.75447
543,3,14,1971,30.11272
543,3,14,1972,29.92629
543,3,14,1973,30.43462
543,3,14,1974,30.60622
543,3,14,1975,31.09281
543,3,14,1976,31.29026
543,3,14,1977,31.61563
543,3,14,1978,31.66601
543,3,14,1979,31.79548
543,3,14,1980,31.98822
543,3,14,1981,32.07493
543,3,14,1982,32.27807
543,3,14,1983,32.2647
543,3,14,1984,32.52206
543,3,14,1985,32.32702
543,3,14,1986,32.50199
543,3,14,1987,32.53856
543,3,14,1988,32.73897
543,3,14,1989,32.9838
543,3,14,1990,33.33809
543,3,14,1991,33.58286
543,3,14,1992,33.71077
543,3,14,1993,33.68202
543,3,14,1994,33.7066
543,3,14,1995,33.66944
543,3,14,1996,33.87025
543,3,14,1997,34.13459
543,3,14,1998,34.21505
543,3,14,1999,34.22481
543,3,14,2000,34.21789
543,3,14,2001,34.39992
543,3,14,2002,34.52552
543,3,14,2003,34.7017
543,3,14,2004,35.06235
543,3,14,2005,35.28138
543,3,14,2006,35.4565
543,3,14,2007,35.74945
543,3,14,2008,36.01829
543,3,14,2009,36.06823
543,3,14,2010,36.58696
543,3,14,2011,36.7193
543,3,14,2012,36.73401
543,3,14,2013,36.81826
543,3,14,2014,36.93357
543,3,14,2015,36.92675
543,3,14,2016,36.42802
543,3,14,2017,37.03344
543,3,14,2018,37.525
543,3,14,2019,37.7978
544,1,14,1950,29.4316
544,1,14,1951,29.30677
544,1,14,1952,29.40588
544,1,14,1953,29.76348
544,1,14,1954,30.03941
544,1,14,1955,29.97517
544,1,14,1956,29.72036
544,1,14,1957,29.12269
544,1,14,1958,28.5453
544,1,14,1959,27.46889
544,1,14,1960,27.03996
544,1,14,1961,27.16446
544,1,14,1962,27.23776
544,1,14,1963,27.72547
544,1,14,1964,28.39655
544,1,14,1965,27.22268
544,1,14,1966,27.3556
544,1,14,1967,27.43742
544,1,14,1968,27.25095
544,1,14,1969,27.61457
544,1,14,1970,27.65294
544,1,14,1971,28.0607
544,1,14,1972,28.07996
544,1,14,1973,28.09332
544,1,14,1974,28.49523
544,1,14,1975,28.70604
544,1,14,1976,29.25954
544,1,14,1977,29.66036
544,1,14,1978,29.70677
544,1,14,1979,29.94386
544,1,14,1980,29.86671
544,1,14,1981,30.04472
544,1,14,1982,30.35013
544,1,14,1983,30.20177
544,1,14,1984,30.21801
544,1,14,1985,30.38329
544,1,14,1986,30.68015
544,1,14,1987,30.71217
544,1,14,1988,30.85679
544,1,14,1989,31.36571
544,1,14,1990,31.81351
544,1,14,1991,32.13923
544,1,14,1992,31.92374
544,1,14,1993,32.16388
544,1,14,1994,32.27279
544,1,14,1995,32.50748
544,1,14,1996,32.65684
544,1,14,1997,33.15668
544,1,14,1998,33.18169
544,1,14,1999,33.25182
544,1,14,2000,33.34658
544,1,14,2001,33.39442
544,1,14,2002,33.4757
544,1,14,2003,33.72994
544,1,14,2004,34.12965
544,1,14,2005,34.54402
544,1,14,2006,34.79379
544,1,14,2007,34.87768
544,1,14,2008,35.29568
544,1,14,2009,35.381
544,1,14,2010,35.55103
544,1,14,2011,35.64022
544,1,14,2012,35.94096
544,1,14,2013,35.93768
544,1,14,2014,35.68659
544,1,14,2015,35.69499
544,1,14,2016,35.67504
544,1,14,2017,36.79002
544,1,14,2018,37.25121
544,1,14,2019,37.53001
544,2,14,1950,33.42937
544,2,14,1951,33.46515
544,2,14,1952,33.58191
544,2,14,1953,33.91644
544,2,14,1954,34.18249
544,2,14,1955,34.1976
544,2,14,1956,34.04845
544,2,14,1957,33.52059
544,2,14,1958,32.99127
544,2,14,1959,32.3162
544,2,14,1960,32.49133
544,2,14,1961,32.43976
544,2,14,1962,32.66961
544,2,14,1963,33.04809
544,2,14,1964,33.79157
544,2,14,1965,32.78093
544,2,14,1966,33.05686
544,2,14,1967,33.22743
544,2,14,1968,33.17981
544,2,14,1969,33.33308
544,2,14,1970,33.90811
544,2,14,1971,33.81119
544,2,14,1972,34.02473
544,2,14,1973,34.39404
544,2,14,1974,34.61388
544,2,14,1975,35.16566
544,2,14,1976,35.29521
544,2,14,1977,35.75448
544,2,14,1978,35.78737
544,2,14,1979,35.87033
544,2,14,1980,35.70062
544,2,14,1981,36.02734
544,2,14,1982,36.15888
544,2,14,1983,35.92019
544,2,14,1984,35.84788
544,2,14,1985,36.06166
544,2,14,1986,36.21914
544,2,14,1987,36.21949
544,2,14,1988,36.01138
544,2,14,1989,36.71382
544,2,14,1990,37.00025
544,2,14,1991,37.15002
544,2,14,1992,37.03162
544,2,14,1993,37.06362
544,2,14,1994,37.1307
544,2,14,1995,37.14986
544,2,14,1996,37.4
544,2,14,1997,37.42746
544,2,14,1998,37.40434
544,2,14,1999,37.56688
544,2,14,2000,37.39261
544,2,14,2001,37.3206
544,2,14,2002,37.55224
544,2,14,2003,37.63342
544,2,14,2004,38.16652
544,2,14,2005,38.29757
544,2,14,2006,38.51329
544,2,14,2007,38.69634
544,2,14,2008,39.11626
544,2,14,2009,38.96129
544,2,14,2010,39.49374
544,2,14,2011,39.43149
544,2,14,2012,39.53791
544,2,14,2013,39.56035
544,2,14,2014,39.49338
544,2,14,2015,39.41362
544,2,14,2016,39.59171
544,2,14,2017,40.64348
544,2,14,2018,41.2169
544,2,14,2019,41.22809
544,3,14,1950,30.69186
544,3,14,1951,30.77851
544,3,14,1952,30.8148
544,3,14,1953,31.05339
544,3,14,1954,31.48103
544,3,14,1955,31.40384
544,3,14,1956,31.20315
544,3,14,1957,30.93028
544,3,14,1958,30.49853
544,3,14,1959,29.87566
544,3,14,1960,29.73452
544,3,14,1961,29.77752
544,3,14,1962,29.93931
544,3,14,1963,30.40346
544,3,14,1964,31.10928
544,3,14,1965,30.00815
544,3,14,1966,30.22406
544,3,14,1967,30.34733
544,3,14,1968,30.2423
544,3,14,1969,30.51629
544,3,14,1970,30.81755
544,3,14,1971,31.01946
544,3,14,1972,31.1047
544,3,14,1973,31.3155
544,3,14,1974,31.64268
544,3,14,1975,32.03225
544,3,14,1976,32.38192
544,3,14,1977,32.84363
544,3,14,1978,32.8916
544,3,14,1979,33.06498
544,3,14,1980,32.9273
544,3,14,1981,33.18321
544,3,14,1982,33.39664
544,3,14,1983,33.21114
544,3,14,1984,33.17987
544,3,14,1985,33.36173
544,3,14,1986,33.59297
544,3,14,1987,33.60005
544,3,14,1988,33.58365
544,3,14,1989,34.17435
544,3,14,1990,34.55712
544,3,14,1991,34.79055
544,3,14,1992,34.61728
544,3,14,1993,34.74412
544,3,14,1994,34.82154
544,3,14,1995,34.95341
544,3,14,1996,35.13481
544,3,14,1997,35.41461
544,3,14,1998,35.41114
544,3,14,1999,35.50156
544,3,14,2000,35.44593
544,3,14,2001,35.43993
544,3,14,2002,35.58773
544,3,14,2003,35.75683
544,3,14,2004,36.22306
544,3,14,2005,36.48495
544,3,14,2006,36.72519
544,3,14,2007,36.85241
544,3,14,2008,37.27164
544,3,14,2009,37.22629
544,3,14,2010,37.57476
544,3,14,2011,37.58648
544,3,14,2012,37.7958
544,3,14,2013,37.7854
544,3,14,2014,37.61786
544,3,14,2015,37.56783
544,3,14,2016,37.65385
544,3,14,2017,38.48404
544,3,14,2018,38.72949
544,3,14,2019,38.90016
545,1,14,1950,29.53915
545,1,14,1951,29.66066
545,1,14,1952,29.57441
545,1,14,1953,29.74069
545,1,14,1954,30.19441
545,1,14,1955,30.16196
545,1,14,1956,29.79939
545,1,14,1957,29.34195
545,1,14,1958,28.58899
545,1,14,1959,27.50471
545,1,14,1960,27.40945
545,1,14,1961,27.62336
545,1,14,1962,27.51977
545,1,14,1963,27.22216
545,1,14,1964,27.3039
545,1,14,1965,27.30063
545,1,14,1966,27.22008
545,1,14,1967,27.24844
545,1,14,1968,27.18603
545,1,14,1969,27.34462
545,1,14,1970,27.66361
545,1,14,1971,27.56403
545,1,14,1972,27.61921
545,1,14,1973,27.75662
545,1,14,1974,28.2463
545,1,14,1975,28.42008
545,1,14,1976,28.61396
545,1,14,1977,28.76802
545,1,14,1978,29.07915
545,1,14,1979,29.25374
545,1,14,1980,29.33676
545,1,14,1981,29.42905
545,1,14,1982,29.60655
545,1,14,1983,29.70431
545,1,14,1984,30.06877
545,1,14,1985,29.77895
545,1,14,1986,30.02379
545,1,14,1987,30.26588
545,1,14,1988,30.49265
545,1,14,1989,30.66589
545,1,14,1990,30.96887
545,1,14,1991,31.02839
545,1,14,1992,31.3845
545,1,14,1993,31.18627
545,1,14,1994,31.26921
545,1,14,1995,31.40433
545,1,14,1996,31.68378
545,1,14,1997,31.93136
545,1,14,1998,32.00744
545,1,14,1999,31.90312
545,1,14,2000,32.21709
545,1,14,2001,32.39357
545,1,14,2002,32.42341
545,1,14,2003,32.81536
545,1,14,2004,33.09817
545,1,14,2005,33.1675
545,1,14,2006,33.33152
545,1,14,2007,33.43839
545,1,14,2008,33.56736
545,1,14,2009,33.84654
545,1,14,2010,33.89879
545,1,14,2011,33.92998
545,1,14,2012,34.13701
545,1,14,2013,34.03354
545,1,14,2014,34.02891
545,1,14,2015,34.05049
545,1,14,2016,33.74447
545,1,14,2017,34.63418
545,1,14,2018,35.42561
545,1,14,2019,35.78138
545,2,14,1950,33.16147
545,2,14,1951,33.36799
545,2,14,1952,33.37506
545,2,14,1953,33.61553
545,2,14,1954,34.01538
545,2,14,1955,34.03889
545,2,14,1956,33.92867
545,2,14,1957,33.32468
545,2,14,1958,32.91849
545,2,14,1959,32.11051
545,2,14,1960,32.28778
545,2,14,1961,32.5013
545,2,14,1962,32.39127
545,2,14,1963,32.32698
545,2,14,1964,32.52756
545,2,14,1965,32.61791
545,2,14,1966,32.67842
545,2,14,1967,32.61957
545,2,14,1968,32.58505
545,2,14,1969,32.97255
545,2,14,1970,33.1938
545,2,14,1971,33.45069
545,2,14,1972,33.36825
545,2,14,1973,33.52242
545,2,14,1974,34.03293
545,2,14,1975,34.30223
545,2,14,1976,34.51621
545,2,14,1977,34.83085
545,2,14,1978,34.89886
545,2,14,1979,35.1505
545,2,14,1980,35.21487
545,2,14,1981,35.10113
545,2,14,1982,35.20116
545,2,14,1983,35.34153
545,2,14,1984,35.33761
545,2,14,1985,35.38655
545,2,14,1986,35.36157
545,2,14,1987,35.30599
545,2,14,1988,35.65892
545,2,14,1989,35.71144
545,2,14,1990,35.99847
545,2,14,1991,35.91597
545,2,14,1992,36.22706
545,2,14,1993,36.07944
545,2,14,1994,36.04496
545,2,14,1995,36.02091
545,2,14,1996,36.20487
545,2,14,1997,36.0728
545,2,14,1998,36.24523
545,2,14,1999,35.97042
545,2,14,2000,36.21786
545,2,14,2001,36.3241
545,2,14,2002,36.29387
545,2,14,2003,36.61551
545,2,14,2004,36.86695
545,2,14,2005,36.76122
545,2,14,2006,37.09148
545,2,14,2007,37.16664
545,2,14,2008,37.23657
545,2,14,2009,37.50614
545,2,14,2010,37.50765
545,2,14,2011,37.55571
545,2,14,2012,37.72906
545,2,14,2013,37.64167
545,2,14,2014,37.62185
545,2,14,2015,37.63081
545,2,14,2016,37.71646
545,2,14,2017,38.74316
545,2,14,2018,39.41547
545,2,14,2019,39.48863
545,3,14,1950,30.51207
545,3,14,1951,30.62684
545,3,14,1952,30.82973
545,3,14,1953,30.94768
545,3,14,1954,31.24037
545,3,14,1955,31.14248
545,3,14,1956,31.06088
545,3,14,1957,30.72352
545,3,14,1958,30.22665
545,3,14,1959,29.6041
545,3,14,1960,29.62721
545,3,14,1961,29.86058
545,3,14,1962,29.76045
545,3,14,1963,29.56057
545,3,14,1964,29.71717
545,3,14,1965,29.76498
545,3,14,1966,29.75665
545,3,14,1967,29.76547
545,3,14,1968,29.72902
545,3,14,1969,30.00118
545,3,14,1970,30.29418
545,3,14,1971,30.36019
545,3,14,1972,30.37996
545,3,14,1973,30.544
545,3,14,1974,31.05801
545,3,14,1975,31.29866
545,3,14,1976,31.50413
545,3,14,1977,31.74619
545,3,14,1978,31.95646
545,3,14,1979,32.18989
545,3,14,1980,32.27058
545,3,14,1981,32.273
545,3,14,1982,32.4275
545,3,14,1983,32.55432
545,3,14,1984,32.7496
545,3,14,1985,32.60607
545,3,14,1986,32.73685
545,3,14,1987,32.84601
545,3,14,1988,33.12603
545,3,14,1989,33.25311
545,3,14,1990,33.55723
545,3,14,1991,33.54921
545,3,14,1992,33.88783
545,3,14,1993,33.6902
545,3,14,1994,33.72727
545,3,14,1995,33.77982
545,3,14,1996,34.00584
545,3,14,1997,34.0708
545,3,14,1998,34.19922
545,3,14,1999,33.98507
545,3,14,2000,34.25492
545,3,14,2001,34.40878
545,3,14,2002,34.40724
545,3,14,2003,34.76442
545,3,14,2004,35.02829
545,3,14,2005,34.99987
545,3,14,2006,35.23791
545,3,14,2007,35.33534
545,3,14,2008,35.4271
545,3,14,2009,35.70251
545,3,14,2010,35.72274
545,3,14,2011,35.75885
545,3,14,2012,35.94407
545,3,14,2013,35.84655
545,3,14,2014,35.82705
545,3,14,2015,35.82901
545,3,14,2016,35.71371
545,3,14,2017,36.41591
545,3,14,2018,36.91316
545,3,14,2019,37.14912
546,1,14,1950,30.74708
546,1,14,1951,30.79114
546,1,14,1952,30.74667
546,1,14,1953,30.94686
546,1,14,1954,31.30847
546,1,14,1955,31.3228
546,1,14,1956,30.94238
546,1,14,1957,30.36759
546,1,14,1958,29.84291
546,1,14,1959,28.92015
546,1,14,1960,29.12176
546,1,14,1961,29.09019
546,1,14,1962,29.17085
546,1,14,1963,28.85862
546,1,14,1964,28.87293
546,1,14,1965,28.95821
546,1,14,1966,28.95492
546,1,14,1967,29.06011
546,1,14,1968,28.97296
546,1,14,1969,29.03679
546,1,14,1970,29.27709
546,1,14,1971,29.38634
546,1,14,1972,29.51148
546,1,14,1973,29.65663
546,1,14,1974,30.25916
546,1,14,1975,30.26993
546,1,14,1976,30.36799
546,1,14,1977,30.68845
546,1,14,1978,30.73097
546,1,14,1979,31.30184
546,1,14,1980,31.14692
546,1,14,1981,31.23298
546,1,14,1982,31.61409
546,1,14,1983,31.61706
546,1,14,1984,31.7629
546,1,14,1985,31.7877
546,1,14,1986,31.96477
546,1,14,1987,32.30828
546,1,14,1988,32.37494
546,1,14,1989,32.70998
546,1,14,1990,32.74872
546,1,14,1991,32.86174
546,1,14,1992,32.94041
546,1,14,1993,33.26263
546,1,14,1994,33.12594
546,1,14,1995,33.07351
546,1,14,1996,33.32871
546,1,14,1997,33.78674
546,1,14,1998,33.93211
546,1,14,1999,33.8705
546,1,14,2000,34.18041
546,1,14,2001,34.27894
546,1,14,2002,34.42032
546,1,14,2003,34.82393
546,1,14,2004,35.16988
546,1,14,2005,35.27275
546,1,14,2006,35.48792
546,1,14,2007,35.80855
546,1,14,2008,35.89522
546,1,14,2009,35.868
546,1,14,2010,36.02613
546,1,14,2011,36.0421
546,1,14,2012,36.22855
546,1,14,2013,36.16314
546,1,14,2014,36.3714
546,1,14,2015,36.3447
546,1,14,2016,36.29816
546,1,14,2017,37.29759
546,1,14,2018,37.85332
546,1,14,2019,38.21365
546,2,14,1950,34.80423
546,2,14,1951,34.94311
546,2,14,1952,35.04788
546,2,14,1953,35.48
546,2,14,1954,35.68929
546,2,14,1955,35.55088
546,2,14,1956,35.40771
546,2,14,1957,34.94991
546,2,14,1958,34.54959
546,2,14,1959,33.81255
546,2,14,1960,33.73607
546,2,14,1961,34.19328
546,2,14,1962,34.0884
546,2,14,1963,34.13598
546,2,14,1964,34.14711
546,2,14,1965,34.33175
546,2,14,1966,34.36149
546,2,14,1967,34.6471
546,2,14,1968,34.48059
546,2,14,1969,34.71725
546,2,14,1970,35.08774
546,2,14,1971,35.1711
546,2,14,1972,35.34716
546,2,14,1973,35.56091
546,2,14,1974,35.86545
546,2,14,1975,36.2346
546,2,14,1976,36.7749
546,2,14,1977,37.09094
546,2,14,1978,36.8495
546,2,14,1979,37.22621
546,2,14,1980,37.29187
546,2,14,1981,37.68298
546,2,14,1982,37.62571
546,2,14,1983,37.49338
546,2,14,1984,37.46538
546,2,14,1985,37.4254
546,2,14,1986,37.40021
546,2,14,1987,37.44618
546,2,14,1988,37.70124
546,2,14,1989,37.9266
546,2,14,1990,37.93916
546,2,14,1991,38.06861
546,2,14,1992,38.16705
546,2,14,1993,38.01669
546,2,14,1994,37.97144
546,2,14,1995,37.98311
546,2,14,1996,37.85376
546,2,14,1997,38.27869
546,2,14,1998,38.2164
546,2,14,1999,38.14108
546,2,14,2000,38.04039
546,2,14,2001,38.48369
546,2,14,2002,38.39064
546,2,14,2003,38.73173
546,2,14,2004,38.94227
546,2,14,2005,38.95073
546,2,14,2006,39.30984
546,2,14,2007,39.45541
546,2,14,2008,39.30176
546,2,14,2009,39.53124
546,2,14,2010,39.65193
546,2,14,2011,39.62951
546,2,14,2012,39.62488
546,2,14,2013,39.60604
546,2,14,2014,39.59367
546,2,14,2015,39.59445
546,2,14,2016,39.80477
546,2,14,2017,40.80863
546,2,14,2018,41.44165
546,2,14,2019,41.5795
546,3,14,1950,31.97311
546,3,14,1951,31.99141
546,3,14,1952,32.14393
546,3,14,1953,32.28774
546,3,14,1954,32.68619
546,3,14,1955,32.59898
546,3,14,1956,32.46206
546,3,14,1957,32.11796
546,3,14,1958,31.72759
546,3,14,1959,31.13063
546,3,14,1960,31.23657
546,3,14,1961,31.42166
546,3,14,1962,31.42428
546,3,14,1963,31.2711
546,3,14,1964,31.29998
546,3,14,1965,31.45375
546,3,14,1966,31.49007
546,3,14,1967,31.67333
546,3,14,1968,31.57114
546,3,14,1969,31.70517
546,3,14,1970,32.03661
546,3,14,1971,32.15407
546,3,14,1972,32.29341
546,3,14,1973,32.5
546,3,14,1974,32.97545
546,3,14,1975,33.17281
546,3,14,1976,33.471
546,3,14,1977,33.79751
546,3,14,1978,33.72476
546,3,14,1979,34.22336
546,3,14,1980,34.18847
546,3,14,1981,34.40336
546,3,14,1982,34.60825
546,3,14,1983,34.53497
546,3,14,1984,34.62379
546,3,14,1985,34.60664
546,3,14,1986,34.70188
546,3,14,1987,34.91847
546,3,14,1988,35.06572
546,3,14,1989,35.35681
546,3,14,1990,35.38533
546,3,14,1991,35.5145
546,3,14,1992,35.57276
546,3,14,1993,35.67459
546,3,14,1994,35.57705
546,3,14,1995,35.55446
546,3,14,1996,35.6247
546,3,14,1997,36.0774
546,3,14,1998,36.11462
546,3,14,1999,36.02669
546,3,14,2000,36.13738
546,3,14,2001,36.40437
546,3,14,2002,36.43066
546,3,14,2003,36.81826
546,3,14,2004,37.07356
546,3,14,2005,37.12491
546,3,14,2006,37.40835
546,3,14,2007,37.66751
546,3,14,2008,37.59402
546,3,14,2009,37.68525
546,3,14,2010,37.81986
546,3,14,2011,37.81222
546,3,14,2012,37.91708
546,3,14,2013,37.86509
546,3,14,2014,37.95775
546,3,14,2015,37.94343
546,3,14,2016,38.02375
546,3,14,2017,38.79893
546,3,14,2018,39.26
546,3,14,2019,39.41731
547,1,14,1950,28.69683
547,1,14,1951,28.78493
547,1,14,1952,28.90987
547,1,14,1953,29.02561
547,1,14,1954,29.39633
547,1,14,1955,29.59741
547,1,14,1956,29.34844
547,1,14,1957,28.82884
547,1,14,1958,28.41305
547,1,14,1959,27.49437
547,1,14,1960,27.50043
547,1,14,1961,27.66669
547,1,14,1962,27.10916
547,1,14,1963,26.79826
547,1,14,1964,27.08553
547,1,14,1965,27.34794
547,1,14,1966,26.85368
547,1,14,1967,26.79639
547,1,14,1968,26.63547
547,1,14,1969,26.32555
547,1,14,1970,26.75246
547,1,14,1971,26.93506
547,1,14,1972,26.55899
547,1,14,1973,26.81724
547,1,14,1974,27.38159
547,1,14,1975,27.50446
547,1,14,1976,27.63817
547,1,14,1977,27.86597
547,1,14,1978,27.8488
547,1,14,1979,28.24969
547,1,14,1980,28.32351
547,1,14,1981,28.27491
547,1,14,1982,28.66986
547,1,14,1983,28.77031
547,1,14,1984,28.59687
547,1,14,1985,28.7278
547,1,14,1986,28.92008
547,1,14,1987,28.89018
547,1,14,1988,29.27176
547,1,14,1989,28.71796
547,1,14,1990,29.43219
547,1,14,1991,29.245
547,1,14,1992,29.45897
547,1,14,1993,29.38744
547,1,14,1994,29.24551
547,1,14,1995,29.39748
547,1,14,1996,29.71244
547,1,14,1997,29.74211
547,1,14,1998,29.72223
547,1,14,1999,29.72783
547,1,14,2000,30.02696
547,1,14,2001,30.25845
547,1,14,2002,30.22319
547,1,14,2003,30.37967
547,1,14,2004,30.41497
547,1,14,2005,30.42679
547,1,14,2006,30.57229
547,1,14,2007,30.76405
547,1,14,2008,31.03266
547,1,14,2009,31.2498
547,1,14,2010,31.2999
547,1,14,2011,31.30743
547,1,14,2012,31.39057
547,1,14,2013,31.10616
547,1,14,2014,31.08266
547,1,14,2015,31.10272
547,1,14,2016,31.20242
547,1,14,2017,32.41746
547,1,14,2018,33.0673
547,1,14,2019,33.39302
547,2,14,1950,32.4548
547,2,14,1951,32.50084
547,2,14,1952,32.75826
547,2,14,1953,32.92545
547,2,14,1954,33.45231
547,2,14,1955,33.5389
547,2,14,1956,33.414
547,2,14,1957,33.03898
547,2,14,1958,32.70003
547,2,14,1959,32.09311
547,2,14,1960,32.09712
547,2,14,1961,32.21442
547,2,14,1962,32.07843
547,2,14,1963,31.95639
547,2,14,1964,32.41714
547,2,14,1965,32.30765
547,2,14,1966,32.27147
547,2,14,1967,32.55252
547,2,14,1968,32.50472
547,2,14,1969,32.25555
547,2,14,1970,33.07745
547,2,14,1971,32.73683
547,2,14,1972,33.33457
547,2,14,1973,33.36732
547,2,14,1974,33.66558
547,2,14,1975,34.20168
547,2,14,1976,34.35484
547,2,14,1977,34.52262
547,2,14,1978,34.63519
547,2,14,1979,34.91756
547,2,14,1980,34.84647
547,2,14,1981,35.00712
547,2,14,1982,35.18552
547,2,14,1983,35.21711
547,2,14,1984,35.40641
547,2,14,1985,35.34724
547,2,14,1986,35.1373
547,2,14,1987,35.26073
547,2,14,1988,35.52992
547,2,14,1989,35.25771
547,2,14,1990,35.63497
547,2,14,1991,35.63013
547,2,14,1992,35.64043
547,2,14,1993,35.68611
547,2,14,1994,35.21127
547,2,14,1995,35.33356
547,2,14,1996,35.53609
547,2,14,1997,35.27446
547,2,14,1998,35.2528
547,2,14,1999,35.12537
547,2,14,2000,34.96677
547,2,14,2001,35.16351
547,2,14,2002,34.94236
547,2,14,2003,35.23883
547,2,14,2004,35.52976
547,2,14,2005,35.21276
547,2,14,2006,35.45724
547,2,14,2007,35.93216
547,2,14,2008,35.56182
547,2,14,2009,35.87281
547,2,14,2010,35.70413
547,2,14,2011,35.54098
547,2,14,2012,35.70369
547,2,14,2013,35.62812
547,2,14,2014,35.57976
547,2,14,2015,35.67332
547,2,14,2016,35.70917
547,2,14,2017,36.84642
547,2,14,2018,37.53786
547,2,14,2019,37.70361
547,3,14,1950,29.92766
547,3,14,1951,29.83988
547,3,14,1952,30.04571
547,3,14,1953,30.17762
547,3,14,1954,30.61238
547,3,14,1955,30.73736
547,3,14,1956,30.66813
547,3,14,1957,30.32322
547,3,14,1958,30.08098
547,3,14,1959,29.6322
547,3,14,1960,29.64218
547,3,14,1961,29.79542
547,3,14,1962,29.42429
547,3,14,1963,29.22508
547,3,14,1964,29.56452
547,3,14,1965,29.69679
547,3,14,1966,29.42509
547,3,14,1967,29.52387
547,3,14,1968,29.40745
547,3,14,1969,29.13526
547,3,14,1970,29.76087
547,3,14,1971,29.73367
547,3,14,1972,29.78464
547,3,14,1973,29.96977
547,3,14,1974,30.43791
547,3,14,1975,30.7547
547,3,14,1976,30.9127
547,3,14,1977,31.12909
547,3,14,1978,31.18958
547,3,14,1979,31.54017
547,3,14,1980,31.54942
547,3,14,1981,31.607
547,3,14,1982,31.92039
547,3,14,1983,31.98404
547,3,14,1984,31.98629
547,3,14,1985,32.03043
547,3,14,1986,32.03324
547,3,14,1987,32.07981
547,3,14,1988,32.43079
547,3,14,1989,31.98636
547,3,14,1990,32.57891
547,3,14,1991,32.43487
547,3,14,1992,32.59086
547,3,14,1993,32.56641
547,3,14,1994,32.25591
547,3,14,1995,32.39914
547,3,14,1996,32.62945
547,3,14,1997,32.5405
547,3,14,1998,32.5216
547,3,14,1999,32.45082
547,3,14,2000,32.52396
547,3,14,2001,32.71556
547,3,14,2002,32.59676
547,3,14,2003,32.81417
547,3,14,2004,32.95621
547,3,14,2005,32.80319
547,3,14,2006,33.00716
547,3,14,2007,33.34089
547,3,14,2008,33.28475
547,3,14,2009,33.5448
547,3,14,2010,33.48277
547,3,14,2011,33.4054
547,3,14,2012,33.5268
547,3,14,2013,33.32623
547,3,14,2014,33.28459
547,3,14,2015,33.35104
547,3,14,2016,33.44201
547,3,14,2017,34.32591
547,3,14,2018,34.81351
547,3,14,2019,34.84093
548,1,14,1950,29.6626
548,1,14,1951,29.56172
548,1,14,1952,29.62613
548,1,14,1953,29.83932
548,1,14,1954,30.20301
548,1,14,1955,30.24418
548,1,14,1956,29.92836
548,1,14,1957,29.32922
548,1,14,1958,28.84615
548,1,14,1959,27.80939
548,1,14,1960,27.65989
548,1,14,1961,28.01969
548,1,14,1962,27.79051
548,1,14,1963,27.46574
548,1,14,1964,27.68342
548,1,14,1965,27.64334
548,1,14,1966,27.40185
548,1,14,1967,27.60208
548,1,14,1968,27.45788
548,1,14,1969,27.27856
548,1,14,1970,27.63475
548,1,14,1971,28.03127
548,1,14,1972,27.79372
548,1,14,1973,27.81574
548,1,14,1974,28.21229
548,1,14,1975,28.62156
548,1,14,1976,28.72078
548,1,14,1977,29.01616
548,1,14,1978,29.01717
548,1,14,1979,29.40375
548,1,14,1980,29.43848
548,1,14,1981,29.49806
548,1,14,1982,29.9109
548,1,14,1983,29.91464
548,1,14,1984,29.94155
548,1,14,1985,30.10809
548,1,14,1986,30.3011
548,1,14,1987,30.43338
548,1,14,1988,30.51689
548,1,14,1989,30.77024
548,1,14,1990,31.01551
548,1,14,1991,30.96283
548,1,14,1992,31.03799
548,1,14,1993,31.06318
548,1,14,1994,30.89188
548,1,14,1995,31.04
548,1,14,1996,31.45384
548,1,14,1997,31.41069
548,1,14,1998,31.65879
548,1,14,1999,31.52095
548,1,14,2000,32.02719
548,1,14,2001,32.04901
548,1,14,2002,32.02202
548,1,14,2003,32.30548
548,1,14,2004,32.60637
548,1,14,2005,32.69811
548,1,14,2006,32.71357
548,1,14,2007,33.19796
548,1,14,2008,32.80136
548,1,14,2009,33.40698
548,1,14,2010,33.4442
548,1,14,2011,33.55457
548,1,14,2012,33.51877
548,1,14,2013,33.65819
548,1,14,2014,33.58704
548,1,14,2015,33.64732
548,1,14,2016,33.69438
548,1,14,2017,34.88997
548,1,14,2018,35.34927
548,1,14,2019,35.68153
548,2,14,1950,33.91864
548,2,14,1951,33.92209
548,2,14,1952,34.01261
548,2,14,1953,34.4401
548,2,14,1954,34.7018
548,2,14,1955,34.72556
548,2,14,1956,34.59948
548,2,14,1957,34.18317
548,2,14,1958,33.82361
548,2,14,1959,33.06636
548,2,14,1960,32.89955
548,2,14,1961,33.131
548,2,14,1962,33.14901
548,2,14,1963,33.01368
548,2,14,1964,33.0556
548,2,14,1965,33.24477
548,2,14,1966,33.26774
548,2,14,1967,33.29133
548,2,14,1968,33.23621
548,2,14,1969,33.46724
548,2,14,1970,33.61713
548,2,14,1971,33.88694
548,2,14,1972,33.9175
548,2,14,1973,34.09268
548,2,14,1974,34.70059
548,2,14,1975,34.8315
548,2,14,1976,35.15842
548,2,14,1977,35.34842
548,2,14,1978,35.32801
548,2,14,1979,35.80808
548,2,14,1980,35.46858
548,2,14,1981,35.86086
548,2,14,1982,35.93343
548,2,14,1983,35.85091
548,2,14,1984,35.95751
548,2,14,1985,35.9287
548,2,14,1986,36.08739
548,2,14,1987,36.06429
548,2,14,1988,36.2802
548,2,14,1989,36.40402
548,2,14,1990,36.33975
548,2,14,1991,36.44366
548,2,14,1992,36.75838
548,2,14,1993,36.26684
548,2,14,1994,36.11565
548,2,14,1995,36.08471
548,2,14,1996,36.11208
548,2,14,1997,36.22381
548,2,14,1998,36.02364
548,2,14,1999,36.21086
548,2,14,2000,36.10599
548,2,14,2001,36.23938
548,2,14,2002,36.32023
548,2,14,2003,36.26211
548,2,14,2004,36.72615
548,2,14,2005,36.67663
548,2,14,2006,36.72975
548,2,14,2007,37.10855
548,2,14,2008,36.98853
548,2,14,2009,37.08128
548,2,14,2010,37.21701
548,2,14,2011,37.23376
548,2,14,2012,37.40098
548,2,14,2013,37.37667
548,2,14,2014,37.33766
548,2,14,2015,37.29055
548,2,14,2016,37.50012
548,2,14,2017,38.54035
548,2,14,2018,39.21968
548,2,14,2019,39.36013
548,3,14,1950,30.9345
548,3,14,1951,30.99978
548,3,14,1952,31.1977
548,3,14,1953,31.32308
548,3,14,1954,31.69165
548,3,14,1955,31.79889
548,3,14,1956,31.60578
548,3,14,1957,31.22811
548,3,14,1958,30.93669
548,3,14,1959,30.2986
548,3,14,1960,30.14471
548,3,14,1961,30.45913
548,3,14,1962,30.34786
548,3,14,1963,30.11742
548,3,14,1964,30.26036
548,3,14,1965,30.33149
548,3,14,1966,30.23264
548,3,14,1967,30.35745
548,3,14,1968,30.27172
548,3,14,1969,30.27935
548,3,14,1970,30.55351
548,3,14,1971,30.92021
548,3,14,1972,30.79687
548,3,14,1973,30.89989
548,3,14,1974,31.42077
548,3,14,1975,31.71535
548,3,14,1976,31.92312
548,3,14,1977,32.18476
548,3,14,1978,32.18714
548,3,14,1979,32.62364
548,3,14,1980,32.48108
548,3,14,1981,32.70522
548,3,14,1982,32.97688
548,3,14,1983,32.92428
548,3,14,1984,32.99959
548,3,14,1985,33.06059
548,3,14,1986,33.25676
548,3,14,1987,33.30609
548,3,14,1988,33.45292
548,3,14,1989,33.65372
548,3,14,1990,33.74876
548,3,14,1991,33.76294
548,3,14,1992,33.95536
548,3,14,1993,33.72729
548,3,14,1994,33.56562
548,3,14,1995,33.58913
548,3,14,1996,33.84041
548,3,14,1997,33.86935
548,3,14,1998,33.88139
548,3,14,1999,33.91539
548,3,14,2000,34.11203
548,3,14,2001,34.18013
548,3,14,2002,34.19615
548,3,14,2003,34.31
548,3,14,2004,34.68953
548,3,14,2005,34.70231
548,3,14,2006,34.72822
548,3,14,2007,35.15056
548,3,14,2008,34.87986
548,3,14,2009,35.25173
548,3,14,2010,35.33341
548,3,14,2011,35.37396
548,3,14,2012,35.45553
548,3,14,2013,35.50419
548,3,14,2014,35.44738
548,3,14,2015,35.4472
548,3,14,2016,35.57376
548,3,14,2017,36.39912
548,3,14,2018,36.71976
548,3,14,2019,36.87674
549,1,14,1950,29.33173
549,1,14,1951,29.40127
549,1,14,1952,29.60029
549,1,14,1953,29.7864
549,1,14,1954,30.13338
549,1,14,1955,30.03025
549,1,14,1956,29.80621
549,1,14,1957,29.20098
549,1,14,1958,28.57361
549,1,14,1959,27.77309
549,1,14,1960,28.0443
549,1,14,1961,28.27265
549,1,14,1962,28.39757
549,1,14,1963,28.18502
549,1,14,1964,27.72632
549,1,14,1965,27.93365
549,1,14,1966,27.87931
549,1,14,1967,28.13728
549,1,14,1968,28.42098
549,1,14,1969,28.26098
549,1,14,1970,28.87949
549,1,14,1971,28.30021
549,1,14,1972,28.14572
549,1,14,1973,28.67406
549,1,14,1974,29.4088
549,1,14,1975,29.55388
549,1,14,1976,29.17571
549,1,14,1977,30.06486
549,1,14,1978,30.14376
549,1,14,1979,30.72818
549,1,14,1980,30.39821
549,1,14,1981,30.82516
549,1,14,1982,30.51976
549,1,14,1983,30.73981
549,1,14,1984,30.54493
549,1,14,1985,31.32424
549,1,14,1986,31.67118
549,1,14,1987,31.94125
549,1,14,1988,32.34688
549,1,14,1989,32.22231
549,1,14,1990,32.84213
549,1,14,1991,32.65622
549,1,14,1992,32.58814
549,1,14,1993,32.53981
549,1,14,1994,32.54317
549,1,14,1995,32.5504
549,1,14,1996,32.75876
549,1,14,1997,32.82221
549,1,14,1998,33.33091
549,1,14,1999,33.39774
549,1,14,2000,33.54179
549,1,14,2001,33.83974
549,1,14,2002,33.69941
549,1,14,2003,33.79965
549,1,14,2004,34.69789
549,1,14,2005,34.36766
549,1,14,2006,34.63674
549,1,14,2007,34.97978
549,1,14,2008,34.79278
549,1,14,2009,34.94868
549,1,14,2010,35.29976
549,1,14,2011,35.15062
549,1,14,2012,35.22808
549,1,14,2013,35.26683
549,1,14,2014,35.80078
549,1,14,2015,34.90491
549,1,14,2016,35.53193
549,1,14,2017,36.5496
549,1,14,2018,36.92858
549,1,14,2019,37.25398
549,2,14,1950,33.67781
549,2,14,1951,33.74578
549,2,14,1952,33.8823
549,2,14,1953,34.16
549,2,14,1954,34.47788
549,2,14,1955,34.27891
549,2,14,1956,34.05836
549,2,14,1957,33.67624
549,2,14,1958,33.4
549,2,14,1959,33.22126
549,2,14,1960,33.29236
549,2,14,1961,33.59222
549,2,14,1962,33.73324
549,2,14,1963,33.64176
549,2,14,1964,33.68769
549,2,14,1965,33.81119
549,2,14,1966,33.93955
549,2,14,1967,34.1045
549,2,14,1968,34.19448
549,2,14,1969,34.25165
549,2,14,1970,34.3473
549,2,14,1971,34.35383
549,2,14,1972,34.43519
549,2,14,1973,34.76208
549,2,14,1974,35.18349
549,2,14,1975,35.52266
549,2,14,1976,35.69185
549,2,14,1977,35.90088
549,2,14,1978,35.99462
549,2,14,1979,36.04557
549,2,14,1980,36.06795
549,2,14,1981,36.08231
549,2,14,1982,35.94505
549,2,14,1983,36.26279
549,2,14,1984,35.93834
549,2,14,1985,36.64209
549,2,14,1986,36.79172
549,2,14,1987,37.04705
549,2,14,1988,37.07488
549,2,14,1989,37.02742
549,2,14,1990,37.06874
549,2,14,1991,37.21582
549,2,14,1992,37.2799
549,2,14,1993,37.17981
549,2,14,1994,37.23289
549,2,14,1995,37.11632
549,2,14,1996,37.2117
549,2,14,1997,37.22843
549,2,14,1998,37.27655
549,2,14,1999,37.24202
549,2,14,2000,37.33099
549,2,14,2001,37.37469
549,2,14,2002,37.28675
549,2,14,2003,37.51625
549,2,14,2004,37.6441
549,2,14,2005,37.66781
549,2,14,2006,37.70879
549,2,14,2007,37.77772
549,2,14,2008,37.95541
549,2,14,2009,38.12441
549,2,14,2010,38.25772
549,2,14,2011,38.35591
549,2,14,2012,38.45544
549,2,14,2013,38.3832
549,2,14,2014,38.34926
549,2,14,2015,38.20085
549,2,14,2016,38.38179
549,2,14,2017,38.78792
549,2,14,2018,38.94768
549,2,14,2019,38.95797
549,3,14,1950,30.50448
549,3,14,1951,30.68349
549,3,14,1952,30.88726
549,3,14,1953,31.05525
549,3,14,1954,31.37852
549,3,14,1955,31.36851
549,3,14,1956,31.10062
549,3,14,1957,30.71049
549,3,14,1958,30.38651
549,3,14,1959,29.96666
549,3,14,1960,30.22471
549,3,14,1961,30.49545
549,3,14,1962,30.62262
549,3,14,1963,30.47216
549,3,14,1964,30.23597
549,3,14,1965,30.42624
549,3,14,1966,30.45404
549,3,14,1967,30.70675
549,3,14,1968,30.93966
549,3,14,1969,30.8727
549,3,14,1970,31.3072
549,3,14,1971,30.97637
549,3,14,1972,30.89238
549,3,14,1973,31.38203
549,3,14,1974,32.04687
549,3,14,1975,32.25968
549,3,14,1976,32.1196
549,3,14,1977,32.76099
549,3,14,1978,32.84847
549,3,14,1979,33.20771
549,3,14,1980,33.03832
549,3,14,1981,33.28205
549,3,14,1982,33.10308
549,3,14,1983,33.36661
549,3,14,1984,33.08873
549,3,14,1985,33.85929
549,3,14,1986,34.11866
549,3,14,1987,34.37406
549,3,14,1988,34.60426
549,3,14,1989,34.54278
549,3,14,1990,34.89118
549,3,14,1991,34.82635
549,3,14,1992,34.84163
549,3,14,1993,34.7445
549,3,14,1994,34.78819
549,3,14,1995,34.71128
549,3,14,1996,34.85188
549,3,14,1997,34.9074
549,3,14,1998,35.22066
549,3,14,1999,35.21162
549,3,14,2000,35.3463
549,3,14,2001,35.51645
549,3,14,2002,35.38425
549,3,14,2003,35.559
549,3,14,2004,36.07483
549,3,14,2005,35.91368
549,3,14,2006,36.08335
549,3,14,2007,36.29024
549,3,14,2008,36.27242
549,3,14,2009,36.39858
549,3,14,2010,36.66768
549,3,14,2011,36.63382
549,3,14,2012,36.73406
549,3,14,2013,36.70625
549,3,14,2014,36.95778
549,3,14,2015,36.42089
549,3,14,2016,36.8067
549,3,14,2017,37.43303
549,3,14,2018,37.59696
549,3,14,2019,37.63876
550,1,14,1950,31.0504
550,1,14,1951,31.09322
550,1,14,1952,31.07807
550,1,14,1953,31.40944
550,1,14,1954,31.77367
550,1,14,1955,31.52799
550,1,14,1956,31.3963
550,1,14,1957,30.76751
550,1,14,1958,30.1699
550,1,14,1959,29.30128
550,1,14,1960,29.27943
550,1,14,1961,29.21776
550,1,14,1962,29.25802
550,1,14,1963,29.09696
550,1,14,1964,28.90126
550,1,14,1965,28.75797
550,1,14,1966,28.9524
550,1,14,1967,29.26169
550,1,14,1968,29.19232
550,1,14,1969,29.35103
550,1,14,1970,29.17869
550,1,14,1971,29.09806
550,1,14,1972,29.14768
550,1,14,1973,29.61243
550,1,14,1974,29.98418
550,1,14,1975,29.928
550,1,14,1976,30.43264
550,1,14,1977,30.32768
550,1,14,1978,30.66142
550,1,14,1979,31.12442
550,1,14,1980,30.78797
550,1,14,1981,30.78075
550,1,14,1982,31.10829
550,1,14,1983,31.30345
550,1,14,1984,31.27865
550,1,14,1985,31.44183
550,1,14,1986,31.43917
550,1,14,1987,31.51413
550,1,14,1988,31.97811
550,1,14,1989,31.90255
550,1,14,1990,32.1491
550,1,14,1991,32.43456
550,1,14,1992,32.62966
550,1,14,1993,32.47598
550,1,14,1994,32.48142
550,1,14,1995,32.95664
550,1,14,1996,32.76113
550,1,14,1997,32.89913
550,1,14,1998,33.3184
550,1,14,1999,33.22851
550,1,14,2000,33.8683
550,1,14,2001,33.89875
550,1,14,2002,33.72802
550,1,14,2003,34.14263
550,1,14,2004,34.33278
550,1,14,2005,34.64413
550,1,14,2006,34.54891
550,1,14,2007,34.7809
550,1,14,2008,34.77651
550,1,14,2009,35.22031
550,1,14,2010,35.05478
550,1,14,2011,35.14026
550,1,14,2012,35.14085
550,1,14,2013,35.52137
550,1,14,2014,35.05523
550,1,14,2015,35.11366
550,1,14,2016,35.55118
550,1,14,2017,36.63663
550,1,14,2018,37.21709
550,1,14,2019,37.40392
550,2,14,1950,35.35645
550,2,14,1951,35.62584
550,2,14,1952,35.84798
550,2,14,1953,36.01617
550,2,14,1954,36.41514
550,2,14,1955,36.02491
550,2,14,1956,35.85164
550,2,14,1957,35.32226
550,2,14,1958,34.82504
550,2,14,1959,34.47432
550,2,14,1960,34.23441
550,2,14,1961,34.34683
550,2,14,1962,34.39995
550,2,14,1963,34.49421
550,2,14,1964,34.28996
550,2,14,1965,34.50239
550,2,14,1966,34.64525
550,2,14,1967,34.74746
550,2,14,1968,34.74799
550,2,14,1969,34.75258
550,2,14,1970,35.02342
550,2,14,1971,35.22626
550,2,14,1972,35.32612
550,2,14,1973,35.57097
550,2,14,1974,35.62689
550,2,14,1975,35.94111
550,2,14,1976,36.21549
550,2,14,1977,36.50571
550,2,14,1978,36.86622
550,2,14,1979,37.04084
550,2,14,1980,36.8734
550,2,14,1981,36.9991
550,2,14,1982,37.00744
550,2,14,1983,37.14742
550,2,14,1984,37.3234
550,2,14,1985,37.45545
550,2,14,1986,37.44625
550,2,14,1987,37.25562
550,2,14,1988,37.29236
550,2,14,1989,37.51142
550,2,14,1990,37.84565
550,2,14,1991,37.84934
550,2,14,1992,37.73978
550,2,14,1993,37.81827
550,2,14,1994,37.7813
550,2,14,1995,37.79925
550,2,14,1996,37.68757
550,2,14,1997,37.78606
550,2,14,1998,37.7959
550,2,14,1999,37.89973
550,2,14,2000,38.14688
550,2,14,2001,38.04417
550,2,14,2002,37.81
550,2,14,2003,38.02464
550,2,14,2004,38.43031
550,2,14,2005,38.54925
550,2,14,2006,38.62416
550,2,14,2007,38.55906
550,2,14,2008,38.64368
550,2,14,2009,38.78024
550,2,14,2010,38.92941
550,2,14,2011,38.84721
550,2,14,2012,38.8192
550,2,14,2013,38.82337
550,2,14,2014,38.77023
550,2,14,2015,38.61644
550,2,14,2016,38.83495
550,2,14,2017,39.50133
550,2,14,2018,40.12972
550,2,14,2019,40.21447
550,3,14,1950,32.46088
550,3,14,1951,32.40417
550,3,14,1952,32.62177
550,3,14,1953,32.80621
550,3,14,1954,33.26148
550,3,14,1955,33.04287
550,3,14,1956,32.94846
550,3,14,1957,32.54069
550,3,14,1958,32.0838
550,3,14,1959,31.64936
550,3,14,1960,31.53656
550,3,14,1961,31.55038
550,3,14,1962,31.64028
550,3,14,1963,31.60773
550,3,14,1964,31.40799
550,3,14,1965,31.43159
550,3,14,1966,31.62351
550,3,14,1967,31.83737
550,3,14,1968,31.8044
550,3,14,1969,31.91671
550,3,14,1970,31.94157
550,3,14,1971,32.0108
550,3,14,1972,32.11213
550,3,14,1973,32.50032
550,3,14,1974,32.71049
550,3,14,1975,32.82569
550,3,14,1976,33.25232
550,3,14,1977,33.32762
550,3,14,1978,33.70178
550,3,14,1979,34.0568
550,3,14,1980,33.77413
550,3,14,1981,33.83746
550,3,14,1982,34.015
550,3,14,1983,34.19736
550,3,14,1984,34.25606
550,3,14,1985,34.41674
550,3,14,1986,34.43042
550,3,14,1987,34.38762
550,3,14,1988,34.64813
550,3,14,1989,34.71928
550,3,14,1990,34.9819
550,3,14,1991,35.14057
550,3,14,1992,35.20205
550,3,14,1993,35.15512
550,3,14,1994,35.11933
550,3,14,1995,35.39626
550,3,14,1996,35.21829
550,3,14,1997,35.34124
550,3,14,1998,35.53982
550,3,14,1999,35.55428
550,3,14,2000,36.01283
550,3,14,2001,35.95628
550,3,14,2002,35.77592
550,3,14,2003,36.09455
550,3,14,2004,36.37383
550,3,14,2005,36.58939
550,3,14,2006,36.56543
550,3,14,2007,36.64766
550,3,14,2008,36.66851
550,3,14,2009,36.99616
550,3,14,2010,36.97188
550,3,14,2011,36.94684
550,3,14,2012,36.94285
550,3,14,2013,37.11382
550,3,14,2014,36.84321
550,3,14,2015,36.79865
550,3,14,2016,37.13359
550,3,14,2017,37.80255
550,3,14,2018,38.3142
550,3,14,2019,38.41746
551,1,14,1950,26.3469
551,1,14,1951,26.46722
551,1,14,1952,26.88061
551,1,14,1953,26.92322
551,1,14,1954,28.22073
551,1,14,1955,28.11448
551,1,14,1956,27.83822
551,1,14,1957,27.17016
551,1,14,1958,26.72415
551,1,14,1959,26.06637
551,1,14,1960,26.15516
551,1,14,1961,26.39377
551,1,14,1962,26.71197
551,1,14,1963,26.64469
551,1,14,1964,26.58331
551,1,14,1965,26.42843
551,1,14,1966,26.75933
551,1,14,1967,26.83342
551,1,14,1968,27.25894
551,1,14,1969,27.3694
551,1,14,1970,27.26475
551,1,14,1971,27.69682
551,1,14,1972,27.52875
551,1,14,1973,27.99063
551,1,14,1974,28.02844
551,1,14,1975,28.52421
551,1,14,1976,28.97423
551,1,14,1977,28.53642
551,1,14,1978,29.07168
551,1,14,1979,29.32953
551,1,14,1980,28.86995
551,1,14,1981,29.54008
551,1,14,1982,29.49183
551,1,14,1983,29.81975
551,1,14,1984,30.12179
551,1,14,1985,29.83041
551,1,14,1986,30.15141
551,1,14,1987,30.23016
551,1,14,1988,30.1588
551,1,14,1989,30.17492
551,1,14,1990,30.28479
551,1,14,1991,30.38066
551,1,14,1992,30.30599
551,1,14,1993,30.69536
551,1,14,1994,30.3127
551,1,14,1995,30.36124
551,1,14,1996,30.50777
551,1,14,1997,30.96576
551,1,14,1998,30.90916
551,1,14,1999,31.04499
551,1,14,2000,31.17381
551,1,14,2001,31.46263
551,1,14,2002,31.35777
551,1,14,2003,31.43088
551,1,14,2004,31.90252
551,1,14,2005,31.65814
551,1,14,2006,32.19184
551,1,14,2007,32.51083
551,1,14,2008,32.88815
551,1,14,2009,33.17938
551,1,14,2010,33.60486
551,1,14,2011,33.81562
551,1,14,2012,33.91231
551,1,14,2013,33.97584
551,1,14,2014,34.21481
551,1,14,2015,34.25838
551,1,14,2016,34.13238
551,1,14,2017,35.14965
551,1,14,2018,35.63355
551,1,14,2019,35.99489
551,2,14,1950,31.1381
551,2,14,1951,31.39234
551,2,14,1952,31.56478
551,2,14,1953,31.82426
551,2,14,1954,33.00499
551,2,14,1955,33.17586
551,2,14,1956,33.03404
551,2,14,1957,32.53975
551,2,14,1958,32.75083
551,2,14,1959,32.53197
551,2,14,1960,32.3874
551,2,14,1961,32.31937
551,2,14,1962,32.41794
551,2,14,1963,32.06362
551,2,14,1964,32.01426
551,2,14,1965,32.13837
551,2,14,1966,32.35512
551,2,14,1967,32.42265
551,2,14,1968,32.54902
551,2,14,1969,32.53719
551,2,14,1970,32.82344
551,2,14,1971,32.98684
551,2,14,1972,33.19488
551,2,14,1973,33.24211
551,2,14,1974,33.5553
551,2,14,1975,33.97523
551,2,14,1976,34.16768
551,2,14,1977,34.31745
551,2,14,1978,34.26963
551,2,14,1979,34.29808
551,2,14,1980,34.09266
551,2,14,1981,33.98271
551,2,14,1982,34.11805
551,2,14,1983,34.17444
551,2,14,1984,34.29325
551,2,14,1985,34.51231
551,2,14,1986,34.4696
551,2,14,1987,34.49432
551,2,14,1988,34.65297
551,2,14,1989,34.92121
551,2,14,1990,34.72587
551,2,14,1991,34.76382
551,2,14,1992,34.91597
551,2,14,1993,34.73948
551,2,14,1994,34.66448
551,2,14,1995,34.63479
551,2,14,1996,34.79573
551,2,14,1997,34.80307
551,2,14,1998,34.72022
551,2,14,1999,34.77629
551,2,14,2000,34.9415
551,2,14,2001,34.80874
551,2,14,2002,34.90024
551,2,14,2003,34.98602
551,2,14,2004,35.13964
551,2,14,2005,35.24697
551,2,14,2006,35.64556
551,2,14,2007,36.02219
551,2,14,2008,36.30888
551,2,14,2009,36.54611
551,2,14,2010,36.72233
551,2,14,2011,36.87691
551,2,14,2012,37.13408
551,2,14,2013,37.35273
551,2,14,2014,37.50558
551,2,14,2015,37.49468
551,2,14,2016,37.58411
551,2,14,2017,37.95179
551,2,14,2018,38.4552
551,2,14,2019,38.44245
551,3,14,1950,27.55559
551,3,14,1951,27.73811
551,3,14,1952,27.98558
551,3,14,1953,28.18116
551,3,14,1954,29.54025
551,3,14,1955,29.4641
551,3,14,1956,29.34773
551,3,14,1957,28.84581
551,3,14,1958,28.75827
551,3,14,1959,28.39618
551,3,14,1960,28.47256
551,3,14,1961,28.6668
551,3,14,1962,28.92189
551,3,14,1963,28.7921
551,3,14,1964,28.73105
551,3,14,1965,28.68331
551,3,14,1966,28.99731
551,3,14,1967,29.08798
551,3,14,1968,29.43797
551,3,14,1969,29.53748
551,3,14,1970,29.57188
551,3,14,1971,29.88911
551,3,14,1972,29.91173
551,3,14,1973,30.23994
551,3,14,1974,30.41259
551,3,14,1975,30.89226
551,3,14,1976,31.23166
551,3,14,1977,31.08136
551,3,14,1978,31.39738
551,3,14,1979,31.55584
551,3,14,1980,31.22698
551,3,14,1981,31.58285
551,3,14,1982,31.5894
551,3,14,1983,31.81196
551,3,14,1984,32.03956
551,3,14,1985,31.96949
551,3,14,1986,32.13434
551,3,14,1987,32.19812
551,3,14,1988,32.22981
551,3,14,1989,32.32116
551,3,14,1990,32.33192
551,3,14,1991,32.41181
551,3,14,1992,32.42518
551,3,14,1993,32.53569
551,3,14,1994,32.29799
551,3,14,1995,32.31011
551,3,14,1996,32.47986
551,3,14,1997,32.71894
551,3,14,1998,32.65634
551,3,14,1999,32.77578
551,3,14,2000,32.91451
551,3,14,2001,33.0145
551,3,14,2002,33.00393
551,3,14,2003,33.06269
551,3,14,2004,33.40494
551,3,14,2005,33.32732
551,3,14,2006,33.79861
551,3,14,2007,34.13247
551,3,14,2008,34.46804
551,3,14,2009,34.75904
551,3,14,2010,35.04674
551,3,14,2011,35.21287
551,3,14,2012,35.40346
551,3,14,2013,35.55047
551,3,14,2014,35.74062
551,3,14,2015,35.77247
551,3,14,2016,35.71612
551,3,14,2017,36.23842
551,3,14,2018,36.64903
551,3,14,2019,36.69359
552,1,14,1950,28.72667
552,1,14,1951,28.93278
552,1,14,1952,29.17454
552,1,14,1953,29.3777
552,1,14,1954,29.71468
552,1,14,1955,29.56898
552,1,14,1956,29.36503
552,1,14,1957,28.76212
552,1,14,1958,28.23102
552,1,14,1959,27.49362
552,1,14,1960,27.70378
552,1,14,1961,27.68141
552,1,14,1962,27.94072
552,1,14,1963,27.61105
552,1,14,1964,27.30335
552,1,14,1965,27.53271
552,1,14,1966,27.79946
552,1,14,1967,27.65906
552,1,14,1968,27.26538
552,1,14,1969,27.29593
552,1,14,1970,27.77716
552,1,14,1971,27.7346
552,1,14,1972,28.57852
552,1,14,1973,28.04595
552,1,14,1974,28.05936
552,1,14,1975,28.61996
552,1,14,1976,29.22059
552,1,14,1977,29.563
552,1,14,1978,29.91535
552,1,14,1979,29.76217
552,1,14,1980,30.62164
552,1,14,1981,30.44267
552,1,14,1982,30.58158
552,1,14,1983,30.47097
552,1,14,1984,30.696
552,1,14,1985,30.79703
552,1,14,1986,30.99772
552,1,14,1987,31.26971
552,1,14,1988,31.43557
552,1,14,1989,31.70278
552,1,14,1990,31.93307
552,1,14,1991,32.18919
552,1,14,1992,32.73226
552,1,14,1993,32.574
552,1,14,1994,32.79171
552,1,14,1995,32.38855
552,1,14,1996,32.97909
552,1,14,1997,33.038
552,1,14,1998,32.73142
552,1,14,1999,33.56034
552,1,14,2000,33.65843
552,1,14,2001,33.63036
552,1,14,2002,33.93325
552,1,14,2003,34.19571
552,1,14,2004,34.49231
552,1,14,2005,33.86228
552,1,14,2006,34.88423
552,1,14,2007,35.0426
552,1,14,2008,35.08286
552,1,14,2009,35.44334
552,1,14,2010,35.68378
552,1,14,2011,35.5518
552,1,14,2012,35.84013
552,1,14,2013,35.87261
552,1,14,2014,35.69536
552,1,14,2015,35.84509
552,1,14,2016,35.14179
552,1,14,2017,36.15435
552,1,14,2018,36.42976
552,1,14,2019,36.84376
552,2,14,1950,33.34295
552,2,14,1951,33.55806
552,2,14,1952,33.77199
552,2,14,1953,34.06704
552,2,14,1954,34.38602
552,2,14,1955,34.21742
552,2,14,1956,33.92598
552,2,14,1957,33.47071
552,2,14,1958,33.15596
552,2,14,1959,33.01051
552,2,14,1960,33.25159
552,2,14,1961,33.30698
552,2,14,1962,33.12431
552,2,14,1963,32.77576
552,2,14,1964,32.78919
552,2,14,1965,32.91906
552,2,14,1966,32.89122
552,2,14,1967,32.98849
552,2,14,1968,33.25833
552,2,14,1969,33.32108
552,2,14,1970,33.64258
552,2,14,1971,33.78072
552,2,14,1972,33.90748
552,2,14,1973,34.12042
552,2,14,1974,34.53449
552,2,14,1975,35.03783
552,2,14,1976,35.15215
552,2,14,1977,35.51975
552,2,14,1978,35.68085
552,2,14,1979,35.86813
552,2,14,1980,35.85323
552,2,14,1981,36.14284
552,2,14,1982,36.49919
552,2,14,1983,36.57738
552,2,14,1984,36.35275
552,2,14,1985,36.10446
552,2,14,1986,36.24844
552,2,14,1987,36.15633
552,2,14,1988,36.22573
552,2,14,1989,36.66191
552,2,14,1990,36.86664
552,2,14,1991,36.70263
552,2,14,1992,37.0192
552,2,14,1993,37.17859
552,2,14,1994,37.3308
552,2,14,1995,37.40727
552,2,14,1996,37.16029
552,2,14,1997,37.09292
552,2,14,1998,37.25972
552,2,14,1999,37.29013
552,2,14,2000,36.95322
552,2,14,2001,37.3242
552,2,14,2002,37.44386
552,2,14,2003,37.70093
552,2,14,2004,37.84313
552,2,14,2005,37.76889
552,2,14,2006,38.03424
552,2,14,2007,38.20732
552,2,14,2008,38.56969
552,2,14,2009,38.89508
552,2,14,2010,38.94322
552,2,14,2011,39.06028
552,2,14,2012,39.10643
552,2,14,2013,39.19889
552,2,14,2014,39.03074
552,2,14,2015,38.89245
552,2,14,2016,39.08945
552,2,14,2017,39.68167
552,2,14,2018,39.86281
552,2,14,2019,40.03255
552,3,14,1950,30.30531
552,3,14,1951,30.53437
552,3,14,1952,30.64673
552,3,14,1953,30.75118
552,3,14,1954,31.20092
552,3,14,1955,31.18492
552,3,14,1956,31.0185
552,3,14,1957,30.66402
552,3,14,1958,30.38797
552,3,14,1959,30.05088
552,3,14,1960,30.26436
552,3,14,1961,30.28758
552,3,14,1962,30.35228
552,3,14,1963,30.01157
552,3,14,1964,29.87428
552,3,14,1965,30.04488
552,3,14,1966,30.19377
552,3,14,1967,30.18911
552,3,14,1968,30.10533
552,3,14,1969,30.15595
552,3,14,1970,30.56488
552,3,14,1971,30.64639
552,3,14,1972,31.17288
552,3,14,1973,30.98154
552,3,14,1974,31.17481
552,3,14,1975,31.75166
552,3,14,1976,32.12718
552,3,14,1977,32.50073
552,3,14,1978,32.78733
552,3,14,1979,32.80464
552,3,14,1980,33.24172
552,3,14,1981,33.29613
552,3,14,1982,33.54571
552,3,14,1983,33.51028
552,3,14,1984,33.51778
552,3,14,1985,33.44836
552,3,14,1986,33.62201
552,3,14,1987,33.7395
552,3,14,1988,33.87506
552,3,14,1989,34.20205
552,3,14,1990,34.40077
552,3,14,1991,34.43315
552,3,14,1992,34.88496
552,3,14,1993,34.8849
552,3,14,1994,35.08027
552,3,14,1995,34.88323
552,3,14,1996,35.07177
552,3,14,1997,35.04458
552,3,14,1998,34.94716
552,3,14,1999,35.41992
552,3,14,2000,35.25374
552,3,14,2001,35.44231
552,3,14,2002,35.67705
552,3,14,2003,35.90141
552,3,14,2004,36.10435
552,3,14,2005,35.74538
552,3,14,2006,36.40396
552,3,14,2007,36.59147
552,3,14,2008,36.77312
552,3,14,2009,37.10355
552,3,14,2010,37.27011
552,3,14,2011,37.25924
552,3,14,2012,37.43009
552,3,14,2013,37.47321
552,3,14,2014,37.30714
552,3,14,2015,37.31341
552,3,14,2016,37.02285
552,3,14,2017,37.60327
552,3,14,2018,37.7347
552,3,14,2019,37.96159
553,1,14,1950,29.01905
553,1,14,1951,29.02227
553,1,14,1952,29.0916
553,1,14,1953,29.28671
553,1,14,1954,29.59735
553,1,14,1955,29.29977
553,1,14,1956,29.09184
553,1,14,1957,28.62986
553,1,14,1958,28.02544
553,1,14,1959,26.90478
553,1,14,1960,27.01601
553,1,14,1961,27.00229
553,1,14,1962,27.10058
553,1,14,1963,26.99359
553,1,14,1964,26.9598
553,1,14,1965,27.22162
553,1,14,1966,27.11889
553,1,14,1967,27.34679
553,1,14,1968,27.20671
553,1,14,1969,27.48403
553,1,14,1970,27.61196
553,1,14,1971,27.74939
553,1,14,1972,27.81353
553,1,14,1973,28.11934
553,1,14,1974,28.34616
553,1,14,1975,28.84888
553,1,14,1976,29.14846
553,1,14,1977,29.08978
553,1,14,1978,29.30104
553,1,14,1979,29.48678
553,1,14,1980,29.4801
553,1,14,1981,29.66743
553,1,14,1982,29.7743
553,1,14,1983,29.9503
553,1,14,1984,30.06732
553,1,14,1985,29.86855
553,1,14,1986,30.27483
553,1,14,1987,30.22017
553,1,14,1988,30.42676
553,1,14,1989,30.9252
553,1,14,1990,31.3466
553,1,14,1991,31.54997
553,1,14,1992,31.58545
553,1,14,1993,31.6741
553,1,14,1994,31.69097
553,1,14,1995,31.77123
553,1,14,1996,32.24903
553,1,14,1997,32.68641
553,1,14,1998,32.97786
553,1,14,1999,32.70774
553,1,14,2000,32.79987
553,1,14,2001,33.03836
553,1,14,2002,33.28221
553,1,14,2003,33.60731
553,1,14,2004,34.04037
553,1,14,2005,34.16507
553,1,14,2006,34.26349
553,1,14,2007,34.89913
553,1,14,2008,34.92546
553,1,14,2009,35.33292
553,1,14,2010,35.30799
553,1,14,2011,35.42566
553,1,14,2012,35.5054
553,1,14,2013,35.60723
553,1,14,2014,35.83414
553,1,14,2015,36.02691
553,1,14,2016,35.88721
553,1,14,2017,37.0812
553,1,14,2018,37.46636
553,1,14,2019,37.75065
553,2,14,1950,32.58705
553,2,14,1951,32.66329
553,2,14,1952,32.8819
553,2,14,1953,33.11242
553,2,14,1954,33.51357
553,2,14,1955,33.46362
553,2,14,1956,33.32636
553,2,14,1957,32.83766
553,2,14,1958,32.39335
553,2,14,1959,31.63717
553,2,14,1960,31.70701
553,2,14,1961,31.79865
553,2,14,1962,31.82342
553,2,14,1963,31.81112
553,2,14,1964,32.03206
553,2,14,1965,32.18664
553,2,14,1966,32.39066
553,2,14,1967,32.57056
553,2,14,1968,32.33947
553,2,14,1969,32.6499
553,2,14,1970,32.96182
553,2,14,1971,33.10717
553,2,14,1972,33.24505
553,2,14,1973,33.50743
553,2,14,1974,33.94905
553,2,14,1975,34.33484
553,2,14,1976,34.59027
553,2,14,1977,34.77537
553,2,14,1978,35.03844
553,2,14,1979,35.03188
553,2,14,1980,34.95615
553,2,14,1981,35.20214
553,2,14,1982,35.17825
553,2,14,1983,35.21155
553,2,14,1984,35.33184
553,2,14,1985,35.38987
553,2,14,1986,35.44842
553,2,14,1987,35.48488
553,2,14,1988,35.70376
553,2,14,1989,35.78893
553,2,14,1990,36.27575
553,2,14,1991,36.37024
553,2,14,1992,36.61328
553,2,14,1993,36.57282
553,2,14,1994,36.47201
553,2,14,1995,36.33505
553,2,14,1996,36.67867
553,2,14,1997,36.63723
553,2,14,1998,37.11806
553,2,14,1999,36.85944
553,2,14,2000,36.96378
553,2,14,2001,36.97401
553,2,14,2002,37.10037
553,2,14,2003,37.40756
553,2,14,2004,37.67043
553,2,14,2005,37.97236
553,2,14,2006,38.05379
553,2,14,2007,38.45331
553,2,14,2008,38.63114
553,2,14,2009,38.96837
553,2,14,2010,39.09481
553,2,14,2011,38.91815
553,2,14,2012,39.36187
553,2,14,2013,39.36634
553,2,14,2014,39.42768
553,2,14,2015,39.56582
553,2,14,2016,39.14379
553,2,14,2017,40.08757
553,2,14,2018,40.8738
553,2,14,2019,40.98929
553,3,14,1950,30.08677
553,3,14,1951,29.97052
553,3,14,1952,30.19111
553,3,14,1953,30.45787
553,3,14,1954,30.79442
553,3,14,1955,30.63227
553,3,14,1956,30.53576
553,3,14,1957,30.13423
553,3,14,1958,29.77589
553,3,14,1959,29.15328
553,3,14,1960,29.26363
553,3,14,1961,29.30695
553,3,14,1962,29.382
553,3,14,1963,29.31444
553,3,14,1964,29.4059
553,3,14,1965,29.64688
553,3,14,1966,29.68249
553,3,14,1967,29.90263
553,3,14,1968,29.7188
553,3,14,1969,30.03357
553,3,14,1970,30.26248
553,3,14,1971,30.41433
553,3,14,1972,30.51741
553,3,14,1973,30.83255
553,3,14,1974,31.1626
553,3,14,1975,31.63317
553,3,14,1976,31.91052
553,3,14,1977,31.97529
553,3,14,1978,32.22309
553,3,14,1979,32.32469
553,3,14,1980,32.29108
553,3,14,1981,32.50276
553,3,14,1982,32.54898
553,3,14,1983,32.6553
553,3,14,1984,32.78984
553,3,14,1985,32.70133
553,3,14,1986,32.94773
553,3,14,1987,32.92945
553,3,14,1988,33.15606
553,3,14,1989,33.45398
553,3,14,1990,33.91968
553,3,14,1991,34.07069
553,3,14,1992,34.19219
553,3,14,1993,34.22796
553,3,14,1994,34.17164
553,3,14,1995,34.14594
553,3,14,1996,34.55898
553,3,14,1997,34.75709
553,3,14,1998,35.13641
553,3,14,1999,34.86536
553,3,14,2000,34.96233
553,3,14,2001,35.07148
553,3,14,2002,35.26178
553,3,14,2003,35.57537
553,3,14,2004,35.92626
553,3,14,2005,36.1314
553,3,14,2006,36.23504
553,3,14,2007,36.74827
553,3,14,2008,36.84834
553,3,14,2009,37.22782
553,3,14,2010,37.26907
553,3,14,2011,37.22109
553,3,14,2012,37.5017
553,3,14,2013,37.55252
553,3,14,2014,37.69166
553,3,14,2015,37.84886
553,3,14,2016,37.56365
553,3,14,2017,38.39192
553,3,14,2018,38.80213
553,3,14,2019,38.8187
554,1,14,1950,30.34505
554,1,14,1951,30.46234
554,1,14,1952,30.41428
554,1,14,1953,30.67815
554,1,14,1954,31.1607
554,1,14,1955,31.06832
554,1,14,1956,30.83628
554,1,14,1957,30.17153
554,1,14,1958,29.77003
554,1,14,1959,28.84615
554,1,14,1960,29.10097
554,1,14,1961,29.1257
554,1,14,1962,28.94874
554,1,14,1963,28.64936
554,1,14,1964,28.46733
554,1,14,1965,28.58379
554,1,14,1966,28.59932
554,1,14,1967,28.53995
554,1,14,1968,28.49228
554,1,14,1969,28.8707
554,1,14,1970,29.0616
554,1,14,1971,28.98325
554,1,14,1972,28.97202
554,1,14,1973,28.4548
554,1,14,1974,29.45599
554,1,14,1975,29.85302
554,1,14,1976,30.12833
554,1,14,1977,30.35215
554,1,14,1978,30.38866
554,1,14,1979,30.49558
554,1,14,1980,30.63443
554,1,14,1981,31.1649
554,1,14,1982,31.24468
554,1,14,1983,31.49256
554,1,14,1984,31.58683
554,1,14,1985,31.79707
554,1,14,1986,31.55222
554,1,14,1987,32.03548
554,1,14,1988,32.31193
554,1,14,1989,32.42286
554,1,14,1990,32.65479
554,1,14,1991,32.61241
554,1,14,1992,33.07404
554,1,14,1993,32.99339
554,1,14,1994,32.87893
554,1,14,1995,32.79793
554,1,14,1996,33.04914
554,1,14,1997,33.2363
554,1,14,1998,33.52484
554,1,14,1999,33.35727
554,1,14,2000,33.70952
554,1,14,2001,33.52492
554,1,14,2002,33.49925
554,1,14,2003,33.75407
554,1,14,2004,34.11311
554,1,14,2005,34.2437
554,1,14,2006,34.19965
554,1,14,2007,34.14841
554,1,14,2008,34.32629
554,1,14,2009,34.82538
554,1,14,2010,35.00749
554,1,14,2011,34.87247
554,1,14,2012,34.7375
554,1,14,2013,35.09005
554,1,14,2014,34.84829
554,1,14,2015,34.90789
554,1,14,2016,34.80079
554,1,14,2017,35.48822
554,1,14,2018,36.20587
554,1,14,2019,36.49204
554,2,14,1950,33.93313
554,2,14,1951,33.99725
554,2,14,1952,34.24941
554,2,14,1953,34.46683
554,2,14,1954,34.92234
554,2,14,1955,34.82909
554,2,14,1956,34.50053
554,2,14,1957,34.04878
554,2,14,1958,33.92404
554,2,14,1959,33.62309
554,2,14,1960,33.33482
554,2,14,1961,33.52361
554,2,14,1962,33.65587
554,2,14,1963,33.48182
554,2,14,1964,33.49719
554,2,14,1965,33.70499
554,2,14,1966,33.9181
554,2,14,1967,34.02142
554,2,14,1968,34.02681
554,2,14,1969,33.95838
554,2,14,1970,34.12057
554,2,14,1971,34.22493
554,2,14,1972,34.39861
554,2,14,1973,34.83176
554,2,14,1974,34.82306
554,2,14,1975,35.40077
554,2,14,1976,35.70317
554,2,14,1977,36.15201
554,2,14,1978,36.28063
554,2,14,1979,36.24548
554,2,14,1980,36.41888
554,2,14,1981,36.58722
554,2,14,1982,36.51446
554,2,14,1983,36.78976
554,2,14,1984,36.86036
554,2,14,1985,36.96552
554,2,14,1986,36.95265
554,2,14,1987,36.71225
554,2,14,1988,36.95423
554,2,14,1989,37.14552
554,2,14,1990,37.29014
554,2,14,1991,37.43253
554,2,14,1992,37.50403
554,2,14,1993,37.36068
554,2,14,1994,37.39039
554,2,14,1995,37.23125
554,2,14,1996,37.27261
554,2,14,1997,37.48849
554,2,14,1998,37.64757
554,2,14,1999,37.50316
554,2,14,2000,37.55359
554,2,14,2001,37.66634
554,2,14,2002,37.80945
554,2,14,2003,37.89546
554,2,14,2004,37.99855
554,2,14,2005,37.97991
554,2,14,2006,38.0105
554,2,14,2007,38.26419
554,2,14,2008,38.19523
554,2,14,2009,38.29094
554,2,14,2010,38.51358
554,2,14,2011,38.55922
554,2,14,2012,38.78956
554,2,14,2013,38.82079
554,2,14,2014,38.71686
554,2,14,2015,38.96996
554,2,14,2016,38.96292
554,2,14,2017,39.54692
554,2,14,2018,39.6149
554,2,14,2019,39.67696
554,3,14,1950,31.07883
554,3,14,1951,31.32747
554,3,14,1952,31.48082
554,3,14,1953,31.65098
554,3,14,1954,32.13104
554,3,14,1955,32.19338
554,3,14,1956,31.93938
554,3,14,1957,31.49931
554,3,14,1958,31.32627
554,3,14,1959,30.88801
554,3,14,1960,30.9398
554,3,14,1961,31.0463
554,3,14,1962,31.01463
554,3,14,1963,30.78043
554,3,14,1964,30.70208
554,3,14,1965,30.86488
554,3,14,1966,30.96913
554,3,14,1967,31.00861
554,3,14,1968,30.98873
554,3,14,1969,31.18976
554,3,14,1970,31.38857
554,3,14,1971,31.3936
554,3,14,1972,31.49474
554,3,14,1973,31.39482
554,3,14,1974,31.97193
554,3,14,1975,32.45855
554,3,14,1976,32.78968
554,3,14,1977,33.09559
554,3,14,1978,33.18624
554,3,14,1979,33.22726
554,3,14,1980,33.40614
554,3,14,1981,33.77891
554,3,14,1982,33.78971
554,3,14,1983,34.05332
554,3,14,1984,34.11733
554,3,14,1985,34.31458
554,3,14,1986,34.18058
554,3,14,1987,34.33186
554,3,14,1988,34.57302
554,3,14,1989,34.74792
554,3,14,1990,34.93773
554,3,14,1991,34.94577
554,3,14,1992,35.26187
554,3,14,1993,35.12524
554,3,14,1994,35.07554
554,3,14,1995,34.94858
554,3,14,1996,35.11313
554,3,14,1997,35.31541
554,3,14,1998,35.54059
554,3,14,1999,35.38188
554,3,14,2000,35.57573
554,3,14,2001,35.52944
554,3,14,2002,35.58001
554,3,14,2003,35.75342
554,3,14,2004,36.00656
554,3,14,2005,36.0482
554,3,14,2006,36.0436
554,3,14,2007,36.13869
554,3,14,2008,36.20284
554,3,14,2009,36.49519
554,3,14,2010,36.70119
554,3,14,2011,36.65203
554,3,14,2012,36.69154
554,3,14,2013,36.88573
554,3,14,2014,36.71008
554,3,14,2015,36.85919
554,3,14,2016,36.79269
554,3,14,2017,37.25842
554,3,14,2018,37.47684
554,3,14,2019,37.53854
555,1,14,1950,29.02477
555,1,14,1951,28.96238
555,1,14,1952,29.05549
555,1,14,1953,29.3155
555,1,14,1954,29.5652
555,1,14,1955,29.45206
555,1,14,1956,29.11239
555,1,14,1957,28.55961
555,1,14,1958,27.9849
555,1,14,1959,26.93116
555,1,14,1960,26.89069
555,1,14,1961,26.96204
555,1,14,1962,26.9857
555,1,14,1963,27.01964
555,1,14,1964,27.045
555,1,14,1965,27.23896
555,1,14,1966,27.06678
555,1,14,1967,27.13935
555,1,14,1968,27.02331
555,1,14,1969,27.25979
555,1,14,1970,27.39095
555,1,14,1971,27.55671
555,1,14,1972,27.61944
555,1,14,1973,28.04926
555,1,14,1974,28.38776
555,1,14,1975,28.65081
555,1,14,1976,28.81826
555,1,14,1977,29.0279
555,1,14,1978,29.23431
555,1,14,1979,29.39246
555,1,14,1980,29.25495
555,1,14,1981,29.53774
555,1,14,1982,29.75057
555,1,14,1983,29.76372
555,1,14,1984,29.8342
555,1,14,1985,29.90405
555,1,14,1986,29.9933
555,1,14,1987,29.99933
555,1,14,1988,30.14172
555,1,14,1989,30.45428
555,1,14,1990,30.90899
555,1,14,1991,31.10445
555,1,14,1992,31.25632
555,1,14,1993,31.21748
555,1,14,1994,31.2716
555,1,14,1995,31.44965
555,1,14,1996,32.02321
555,1,14,1997,32.62773
555,1,14,1998,32.88195
555,1,14,1999,32.77821
555,1,14,2000,33.03341
555,1,14,2001,33.17154
555,1,14,2002,33.40255
555,1,14,2003,33.67309
555,1,14,2004,34.03267
555,1,14,2005,34.26531
555,1,14,2006,34.55094
555,1,14,2007,34.82355
555,1,14,2008,35.03076
555,1,14,2009,35.24216
555,1,14,2010,35.48
555,1,14,2011,35.54142
555,1,14,2012,35.72985
555,1,14,2013,35.84285
555,1,14,2014,35.95604
555,1,14,2015,36.09488
555,1,14,2016,35.96069
555,1,14,2017,37.17164
555,1,14,2018,37.6867
555,1,14,2019,38.07048
555,2,14,1950,32.45095
555,2,14,1951,32.55903
555,2,14,1952,32.65573
555,2,14,1953,32.95881
555,2,14,1954,33.25731
555,2,14,1955,33.37337
555,2,14,1956,33.07707
555,2,14,1957,32.69511
555,2,14,1958,32.17506
555,2,14,1959,31.44071
555,2,14,1960,31.64776
555,2,14,1961,31.84241
555,2,14,1962,31.71339
555,2,14,1963,31.81849
555,2,14,1964,31.90622
555,2,14,1965,32.17447
555,2,14,1966,32.23172
555,2,14,1967,32.35006
555,2,14,1968,32.26357
555,2,14,1969,32.61193
555,2,14,1970,32.77992
555,2,14,1971,32.96704
555,2,14,1972,33.29054
555,2,14,1973,33.41788
555,2,14,1974,33.85613
555,2,14,1975,34.31521
555,2,14,1976,34.35637
555,2,14,1977,34.58279
555,2,14,1978,34.77054
555,2,14,1979,35.08744
555,2,14,1980,34.79808
555,2,14,1981,34.97972
555,2,14,1982,35.18913
555,2,14,1983,35.11121
555,2,14,1984,35.14573
555,2,14,1985,35.17452
555,2,14,1986,35.41086
555,2,14,1987,35.50293
555,2,14,1988,35.58546
555,2,14,1989,35.84325
555,2,14,1990,36.21898
555,2,14,1991,36.36008
555,2,14,1992,36.3944
555,2,14,1993,36.51118
555,2,14,1994,36.46215
555,2,14,1995,36.57029
555,2,14,1996,36.74058
555,2,14,1997,37.11356
555,2,14,1998,37.32574
555,2,14,1999,37.11339
555,2,14,2000,37.32438
555,2,14,2001,37.26295
555,2,14,2002,37.42696
555,2,14,2003,37.7317
555,2,14,2004,37.85494
555,2,14,2005,38.16337
555,2,14,2006,38.54388
555,2,14,2007,38.64045
555,2,14,2008,38.86809
555,2,14,2009,39.01497
555,2,14,2010,39.34035
555,2,14,2011,39.34668
555,2,14,2012,39.48672
555,2,14,2013,39.56788
555,2,14,2014,39.76279
555,2,14,2015,39.86152
555,2,14,2016,39.82831
555,2,14,2017,40.83259
555,2,14,2018,41.53887
555,2,14,2019,41.67612
555,3,14,1950,30.03864
555,3,14,1951,30.20071
555,3,14,1952,30.17901
555,3,14,1953,30.32776
555,3,14,1954,30.83724
555,3,14,1955,30.67028
555,3,14,1956,30.4352
555,3,14,1957,30.04932
555,3,14,1958,29.66645
555,3,14,1959,29.11264
555,3,14,1960,29.19474
555,3,14,1961,29.329
555,3,14,1962,29.29046
555,3,14,1963,29.37302
555,3,14,1964,29.43586
555,3,14,1965,29.66816
555,3,14,1966,29.61405
555,3,14,1967,29.72916
555,3,14,1968,29.62909
555,3,14,1969,29.93588
555,3,14,1970,30.10066
555,3,14,1971,30.28738
555,3,14,1972,30.48524
555,3,14,1973,30.78769
555,3,14,1974,31.18789
555,3,14,1975,31.56875
555,3,14,1976,31.67381
555,3,14,1977,31.90508
555,3,14,1978,32.10607
555,3,14,1979,32.35116
555,3,14,1980,32.14194
555,3,14,1981,32.38299
555,3,14,1982,32.60368
555,3,14,1983,32.56515
555,3,14,1984,32.62692
555,3,14,1985,32.67191
555,3,14,1986,32.83782
555,3,14,1987,32.8827
555,3,14,1988,32.99645
555,3,14,1989,33.29315
555,3,14,1990,33.70989
555,3,14,1991,33.883
555,3,14,1992,33.97596
555,3,14,1993,34.01569
555,3,14,1994,34.00537
555,3,14,1995,34.14705
555,3,14,1996,34.52
555,3,14,1997,35.01054
555,3,14,1998,35.23712
555,3,14,1999,35.07961
555,3,14,2000,35.30265
555,3,14,2001,35.34429
555,3,14,2002,35.53228
555,3,14,2003,35.81767
555,3,14,2004,36.05949
555,3,14,2005,36.315
555,3,14,2006,36.65609
555,3,14,2007,36.83836
555,3,14,2008,37.05102
555,3,14,2009,37.22589
555,3,14,2010,37.50738
555,3,14,2011,37.53891
555,3,14,2012,37.70232
555,3,14,2013,37.78513
555,3,14,2014,37.93981
555,3,14,2015,38.04832
555,3,14,2016,37.96696
555,3,14,2017,38.8764
555,3,14,2018,39.15113
555,3,14,2019,39.44211
556,1,14,1950,28.37298
556,1,14,1951,28.19839
556,1,14,1952,28.26148
556,1,14,1953,28.63332
556,1,14,1954,29.07681
556,1,14,1955,29.2586
556,1,14,1956,28.94696
556,1,14,1957,28.2601
556,1,14,1958,27.98191
556,1,14,1959,26.81406
556,1,14,1960,26.38631
556,1,14,1961,26.88046
556,1,14,1962,26.52181
556,1,14,1963,26.43823
556,1,14,1964,26.42729
556,1,14,1965,26.38837
556,1,14,1966,26.37041
556,1,14,1967,26.45132
556,1,14,1968,26.19428
556,1,14,1969,26.1089
556,1,14,1970,26.45064
556,1,14,1971,26.69955
556,1,14,1972,26.34499
556,1,14,1973,26.55413
556,1,14,1974,27.0075
556,1,14,1975,27.30198
556,1,14,1976,27.64186
556,1,14,1977,27.64018
556,1,14,1978,28.00513
556,1,14,1979,28.1951
556,1,14,1980,28.32931
556,1,14,1981,28.46245
556,1,14,1982,28.924
556,1,14,1983,29.027
556,1,14,1984,29.12724
556,1,14,1985,29.28788
556,1,14,1986,29.18686
556,1,14,1987,29.43958
556,1,14,1988,29.57556
556,1,14,1989,29.63045
556,1,14,1990,30.06622
556,1,14,1991,30.28699
556,1,14,1992,30.40869
556,1,14,1993,30.22541
556,1,14,1994,30.42158
556,1,14,1995,30.53851
556,1,14,1996,30.55253
556,1,14,1997,31.03439
556,1,14,1998,31.14615
556,1,14,1999,31.2177
556,1,14,2000,31.29018
556,1,14,2001,31.57971
556,1,14,2002,31.82873
556,1,14,2003,32.01885
556,1,14,2004,32.25811
556,1,14,2005,32.47362
556,1,14,2006,32.48918
556,1,14,2007,32.81971
556,1,14,2008,32.9181
556,1,14,2009,33.14211
556,1,14,2010,33.38429
556,1,14,2011,33.50595
556,1,14,2012,33.61192
556,1,14,2013,33.75289
556,1,14,2014,33.71345
556,1,14,2015,33.70627
556,1,14,2016,33.44921
556,1,14,2017,34.50593
556,1,14,2018,35.2413
556,1,14,2019,35.56568
556,2,14,1950,32.93551
556,2,14,1951,33.02391
556,2,14,1952,33.16514
556,2,14,1953,33.59943
556,2,14,1954,33.82971
556,2,14,1955,34.11757
556,2,14,1956,33.91192
556,2,14,1957,33.45286
556,2,14,1958,33.15791
556,2,14,1959,32.37136
556,2,14,1960,32.11513
556,2,14,1961,32.50977
556,2,14,1962,32.37243
556,2,14,1963,32.20585
556,2,14,1964,32.54867
556,2,14,1965,32.58068
556,2,14,1966,32.62415
556,2,14,1967,32.72713
556,2,14,1968,32.84701
556,2,14,1969,32.79184
556,2,14,1970,33.25339
556,2,14,1971,33.43519
556,2,14,1972,33.06805
556,2,14,1973,33.30102
556,2,14,1974,34.00619
556,2,14,1975,34.422
556,2,14,1976,34.75157
556,2,14,1977,34.85897
556,2,14,1978,35.15132
556,2,14,1979,35.53804
556,2,14,1980,35.39596
556,2,14,1981,35.38901
556,2,14,1982,35.71211
556,2,14,1983,35.86423
556,2,14,1984,35.74426
556,2,14,1985,35.51738
556,2,14,1986,35.60675
556,2,14,1987,35.71508
556,2,14,1988,35.55384
556,2,14,1989,35.89426
556,2,14,1990,36.08543
556,2,14,1991,36.14793
556,2,14,1992,36.17005
556,2,14,1993,36.21865
556,2,14,1994,36.06918
556,2,14,1995,35.93948
556,2,14,1996,35.96
556,2,14,1997,36.16892
556,2,14,1998,35.97077
556,2,14,1999,35.94447
556,2,14,2000,35.82265
556,2,14,2001,36.03697
556,2,14,2002,36.27024
556,2,14,2003,36.14567
556,2,14,2004,36.53934
556,2,14,2005,36.55215
556,2,14,2006,36.70568
556,2,14,2007,36.78823
556,2,14,2008,37.04388
556,2,14,2009,37.0819
556,2,14,2010,37.30984
556,2,14,2011,37.26879
556,2,14,2012,37.37309
556,2,14,2013,37.50199
556,2,14,2014,37.443
556,2,14,2015,37.49639
556,2,14,2016,37.49441
556,2,14,2017,38.54198
556,2,14,2018,39.28532
556,2,14,2019,39.2332
556,3,14,1950,29.93595
556,3,14,1951,29.82279
556,3,14,1952,29.94598
556,3,14,1953,30.30053
556,3,14,1954,30.73743
556,3,14,1955,30.78809
556,3,14,1956,30.64661
556,3,14,1957,30.32956
556,3,14,1958,30.13081
556,3,14,1959,29.46879
556,3,14,1960,29.12097
556,3,14,1961,29.58794
556,3,14,1962,29.33122
556,3,14,1963,29.20136
556,3,14,1964,29.37175
556,3,14,1965,29.36571
556,3,14,1966,29.38749
556,3,14,1967,29.4923
556,3,14,1968,29.41343
556,3,14,1969,29.34872
556,3,14,1970,29.76423
556,3,14,1971,30.00612
556,3,14,1972,29.64766
556,3,14,1973,29.88245
556,3,14,1974,30.46273
556,3,14,1975,30.8305
556,3,14,1976,31.19088
556,3,14,1977,31.24616
556,3,14,1978,31.58843
556,3,14,1979,31.86857
556,3,14,1980,31.89417
556,3,14,1981,31.9672
556,3,14,1982,32.38019
556,3,14,1983,32.50018
556,3,14,1984,32.51849
556,3,14,1985,32.48718
556,3,14,1986,32.48047
556,3,14,1987,32.66573
556,3,14,1988,32.65236
556,3,14,1989,32.82764
556,3,14,1990,33.16963
556,3,14,1991,33.30383
556,3,14,1992,33.3762
556,3,14,1993,33.30274
556,3,14,1994,33.3256
556,3,14,1995,33.31592
556,3,14,1996,33.32022
556,3,14,1997,33.681
556,3,14,1998,33.6356
556,3,14,1999,33.64078
556,3,14,2000,33.62353
556,3,14,2001,33.86865
556,3,14,2002,34.11421
556,3,14,2003,34.13623
556,3,14,2004,34.44803
556,3,14,2005,34.5579
556,3,14,2006,34.63351
556,3,14,2007,34.85676
556,3,14,2008,35.00993
556,3,14,2009,35.1586
556,3,14,2010,35.3794
556,3,14,2011,35.41977
556,3,14,2012,35.52045
556,3,14,2013,35.65299
556,3,14,2014,35.60142
556,3,14,2015,35.62798
556,3,14,2016,35.48628
556,3,14,2017,36.29402
556,3,14,2018,36.7751
556,3,14,2019,36.85017
557,1,14,1950,31.24885
557,1,14,1951,31.38625
557,1,14,1952,31.36131
557,1,14,1953,31.5202
557,1,14,1954,31.94888
557,1,14,1955,31.51827
557,1,14,1956,31.17621
557,1,14,1957,30.66947
557,1,14,1958,30.15349
557,1,14,1959,29.78086
557,1,14,1960,29.6762
557,1,14,1961,29.94395
557,1,14,1962,29.6002
557,1,14,1963,29.48657
557,1,14,1964,29.27519
557,1,14,1965,29.24906
557,1,14,1966,29.1357
557,1,14,1967,29.30624
557,1,14,1968,29.36819
557,1,14,1969,29.46816
557,1,14,1970,29.49364
557,1,14,1971,29.604
557,1,14,1972,29.70451
557,1,14,1973,29.86057
557,1,14,1974,29.99809
557,1,14,1975,30.37556
557,1,14,1976,30.8055
557,1,14,1977,31.09796
557,1,14,1978,30.83548
557,1,14,1979,31.20025
557,1,14,1980,31.32122
557,1,14,1981,31.91085
557,1,14,1982,32.07532
557,1,14,1983,32.13
557,1,14,1984,31.70387
557,1,14,1985,31.84261
557,1,14,1986,32.48164
557,1,14,1987,32.20865
557,1,14,1988,32.43413
557,1,14,1989,32.70893
557,1,14,1990,32.66042
557,1,14,1991,32.88311
557,1,14,1992,32.88347
557,1,14,1993,32.89729
557,1,14,1994,32.99777
557,1,14,1995,33.00369
557,1,14,1996,33.12246
557,1,14,1997,33.27485
557,1,14,1998,33.49324
557,1,14,1999,33.67125
557,1,14,2000,33.97581
557,1,14,2001,34.05758
557,1,14,2002,34.31875
557,1,14,2003,34.39516
557,1,14,2004,34.73309
557,1,14,2005,34.48041
557,1,14,2006,34.99308
557,1,14,2007,35.29407
557,1,14,2008,35.19369
557,1,14,2009,35.2402
557,1,14,2010,35.43807
557,1,14,2011,35.53864
557,1,14,2012,35.66315
557,1,14,2013,35.5398
557,1,14,2014,35.61811
557,1,14,2015,35.66324
557,1,14,2016,35.94676
557,1,14,2017,36.58793
557,1,14,2018,36.55257
557,1,14,2019,36.85392
557,2,14,1950,34.1917
557,2,14,1951,34.25098
557,2,14,1952,34.35439
557,2,14,1953,34.48788
557,2,14,1954,34.96573
557,2,14,1955,34.77151
557,2,14,1956,34.65274
557,2,14,1957,34.25282
557,2,14,1958,34.20945
557,2,14,1959,34.07122
557,2,14,1960,34.04276
557,2,14,1961,34.24499
557,2,14,1962,34.49904
557,2,14,1963,34.57496
557,2,14,1964,34.51412
557,2,14,1965,34.60821
557,2,14,1966,34.77364
557,2,14,1967,34.86482
557,2,14,1968,34.98269
557,2,14,1969,35.03425
557,2,14,1970,35.22127
557,2,14,1971,35.50895
557,2,14,1972,35.51262
557,2,14,1973,35.73897
557,2,14,1974,36.0377
557,2,14,1975,36.30008
557,2,14,1976,36.55793
557,2,14,1977,36.85965
557,2,14,1978,37.07531
557,2,14,1979,37.23714
557,2,14,1980,37.25567
557,2,14,1981,37.33734
557,2,14,1982,37.43736
557,2,14,1983,37.57246
557,2,14,1984,37.82005
557,2,14,1985,38.05878
557,2,14,1986,38.23755
557,2,14,1987,38.31691
557,2,14,1988,38.34558
557,2,14,1989,38.4015
557,2,14,1990,38.44538
557,2,14,1991,38.49791
557,2,14,1992,38.5166
557,2,14,1993,38.50263
557,2,14,1994,38.46212
557,2,14,1995,38.42823
557,2,14,1996,38.40381
557,2,14,1997,38.60999
557,2,14,1998,38.71972
557,2,14,1999,38.6698
557,2,14,2000,38.55645
557,2,14,2001,38.57209
557,2,14,2002,38.80971
557,2,14,2003,38.90979
557,2,14,2004,39.26482
557,2,14,2005,39.60334
557,2,14,2006,39.60774
557,2,14,2007,39.64841
557,2,14,2008,39.769
557,2,14,2009,39.80676
557,2,14,2010,39.8019
557,2,14,2011,39.74321
557,2,14,2012,39.63286
557,2,14,2013,39.51555
557,2,14,2014,39.6612
557,2,14,2015,39.76447
557,2,14,2016,40.00454
557,2,14,2017,39.95101
557,2,14,2018,40.32428
557,2,14,2019,40.3386
557,3,14,1950,31.86551
557,3,14,1951,32.08043
557,3,14,1952,32.16998
557,3,14,1953,32.42843
557,3,14,1954,32.66485
557,3,14,1955,32.52106
557,3,14,1956,32.26445
557,3,14,1957,31.93372
557,3,14,1958,31.66673
557,3,14,1959,31.52468
557,3,14,1960,31.52181
557,3,14,1961,31.7532
557,3,14,1962,31.67606
557,3,14,1963,31.65163
557,3,14,1964,31.53208
557,3,14,1965,31.55897
557,3,14,1966,31.54481
557,3,14,1967,31.72054
557,3,14,1968,31.82042
557,3,14,1969,31.92321
557,3,14,1970,32.00494
557,3,14,1971,32.21879
557,3,14,1972,32.29793
557,3,14,1973,32.5004
557,3,14,1974,32.69403
557,3,14,1975,33.05326
557,3,14,1976,33.43365
557,3,14,1977,33.76349
557,3,14,1978,33.71661
557,3,14,1979,34.00819
557,3,14,1980,34.0903
557,3,14,1981,34.47278
557,3,14,1982,34.61386
557,3,14,1983,34.72039
557,3,14,1984,34.57821
557,3,14,1985,34.76818
557,3,14,1986,35.23601
557,3,14,1987,35.11663
557,3,14,1988,35.24147
557,3,14,1989,35.44199
557,3,14,1990,35.43333
557,3,14,1991,35.57996
557,3,14,1992,35.60541
557,3,14,1993,35.59882
557,3,14,1994,35.60918
557,3,14,1995,35.61704
557,3,14,1996,35.69459
557,3,14,1997,35.85517
557,3,14,1998,35.99464
557,3,14,1999,36.10473
557,3,14,2000,36.16693
557,3,14,2001,36.24963
557,3,14,2002,36.49385
557,3,14,2003,36.57784
557,3,14,2004,36.9311
557,3,14,2005,36.94899
557,3,14,2006,37.24724
557,3,14,2007,37.39061
557,3,14,2008,37.3723
557,3,14,2009,37.45442
557,3,14,2010,37.52005
557,3,14,2011,37.56324
557,3,14,2012,37.5468
557,3,14,2013,37.42192
557,3,14,2014,37.51781
557,3,14,2015,37.59283
557,3,14,2016,37.83033
557,3,14,2017,38.02774
557,3,14,2018,38.11084
557,3,14,2019,38.17544
558,1,14,1950,29.3544
558,1,14,1951,29.24976
558,1,14,1952,29.24873
558,1,14,1953,29.52552
558,1,14,1954,29.86907
558,1,14,1955,29.84956
558,1,14,1956,29.55659
558,1,14,1957,29.06265
558,1,14,1958,28.54519
558,1,14,1959,27.37978
558,1,14,1960,27.3521
558,1,14,1961,27.53516
558,1,14,1962,27.31423
558,1,14,1963,27.21221
558,1,14,1964,27.2035
558,1,14,1965,27.20786
558,1,14,1966,27.20226
558,1,14,1967,27.28617
558,1,14,1968,26.99879
558,1,14,1969,27.163
558,1,14,1970,27.40194
558,1,14,1971,27.5558
558,1,14,1972,27.29281
558,1,14,1973,27.67356
558,1,14,1974,27.91516
558,1,14,1975,28.24768
558,1,14,1976,28.31547
558,1,14,1977,28.4362
558,1,14,1978,28.77341
558,1,14,1979,28.92372
558,1,14,1980,28.93515
558,1,14,1981,29.15817
558,1,14,1982,29.42323
558,1,14,1983,29.48347
558,1,14,1984,29.56737
558,1,14,1985,29.83
558,1,14,1986,29.92629
558,1,14,1987,30.15751
558,1,14,1988,30.27863
558,1,14,1989,30.70585
558,1,14,1990,30.75298
558,1,14,1991,30.82662
558,1,14,1992,31.01798
558,1,14,1993,31.04822
558,1,14,1994,31.1969
558,1,14,1995,31.02622
558,1,14,1996,31.27935
558,1,14,1997,31.52425
558,1,14,1998,31.74839
558,1,14,1999,31.7371
558,1,14,2000,31.87469
558,1,14,2001,32.02619
558,1,14,2002,32.04722
558,1,14,2003,32.33777
558,1,14,2004,32.56353
558,1,14,2005,32.50574
558,1,14,2006,32.85578
558,1,14,2007,33.02643
558,1,14,2008,33.00868
558,1,14,2009,33.24453
558,1,14,2010,33.49446
558,1,14,2011,33.37654
558,1,14,2012,33.59923
558,1,14,2013,33.56204
558,1,14,2014,33.58475
558,1,14,2015,33.41229
558,1,14,2016,33.0599
558,1,14,2017,34.24874
558,1,14,2018,34.81339
558,1,14,2019,35.16452
558,2,14,1950,32.94309
558,2,14,1951,33.01166
558,2,14,1952,33.17301
558,2,14,1953,33.59099
558,2,14,1954,33.78586
558,2,14,1955,33.7456
558,2,14,1956,33.6379
558,2,14,1957,33.33034
558,2,14,1958,32.97202
558,2,14,1959,32.08904
558,2,14,1960,32.18096
558,2,14,1961,32.34651
558,2,14,1962,32.20398
558,2,14,1963,32.27825
558,2,14,1964,32.40071
558,2,14,1965,32.43558
558,2,14,1966,32.65947
558,2,14,1967,32.5855
558,2,14,1968,32.4887
558,2,14,1969,32.85882
558,2,14,1970,32.99255
558,2,14,1971,33.32627
558,2,14,1972,33.31632
558,2,14,1973,33.3882
558,2,14,1974,33.71784
558,2,14,1975,34.1383
558,2,14,1976,34.43542
558,2,14,1977,34.52018
558,2,14,1978,34.61097
558,2,14,1979,34.85509
558,2,14,1980,34.72355
558,2,14,1981,35.09694
558,2,14,1982,35.22417
558,2,14,1983,35.28265
558,2,14,1984,35.20582
558,2,14,1985,35.29597
558,2,14,1986,35.29307
558,2,14,1987,35.39821
558,2,14,1988,35.42829
558,2,14,1989,35.82204
558,2,14,1990,35.87389
558,2,14,1991,35.96711
558,2,14,1992,36.10223
558,2,14,1993,36.10468
558,2,14,1994,35.81789
558,2,14,1995,35.77432
558,2,14,1996,35.92207
558,2,14,1997,36.03557
558,2,14,1998,36.04024
558,2,14,1999,35.82801
558,2,14,2000,36.03342
558,2,14,2001,35.98647
558,2,14,2002,36.03173
558,2,14,2003,36.15413
558,2,14,2004,36.43843
558,2,14,2005,36.55617
558,2,14,2006,36.66255
558,2,14,2007,36.86469
558,2,14,2008,36.84213
558,2,14,2009,37.06825
558,2,14,2010,37.13086
558,2,14,2011,37.01585
558,2,14,2012,37.06406
558,2,14,2013,37.11519
558,2,14,2014,37.26208
558,2,14,2015,37.05985
558,2,14,2016,37.06561
558,2,14,2017,38.28368
558,2,14,2018,38.71521
558,2,14,2019,38.86202
558,3,14,1950,30.27299
558,3,14,1951,30.34137
558,3,14,1952,30.42575
558,3,14,1953,30.67801
558,3,14,1954,30.96607
558,3,14,1955,31.14195
558,3,14,1956,30.79875
558,3,14,1957,30.50811
558,3,14,1958,30.30903
558,3,14,1959,29.60331
558,3,14,1960,29.64213
558,3,14,1961,29.8303
558,3,14,1962,29.64286
558,3,14,1963,29.6305
558,3,14,1964,29.68644
558,3,14,1965,29.71831
558,3,14,1966,29.82274
558,3,14,1967,29.85067
558,3,14,1968,29.66542
558,3,14,1969,29.93806
558,3,14,1970,30.14343
558,3,14,1971,30.39629
558,3,14,1972,30.25194
558,3,14,1973,30.50732
558,3,14,1974,30.80914
558,3,14,1975,31.1896
558,3,14,1976,31.37566
558,3,14,1977,31.49251
558,3,14,1978,31.72502
558,3,14,1979,31.93338
558,3,14,1980,31.88672
558,3,14,1981,32.18232
558,3,14,1982,32.39328
558,3,14,1983,32.44537
558,3,14,1984,32.45982
558,3,14,1985,32.65212
558,3,14,1986,32.69976
558,3,14,1987,32.87259
558,3,14,1988,32.94483
558,3,14,1989,33.37425
558,3,14,1990,33.42055
558,3,14,1991,33.4996
558,3,14,1992,33.66329
558,3,14,1993,33.67063
558,3,14,1994,33.61354
558,3,14,1995,33.49466
558,3,14,1996,33.69169
558,3,14,1997,33.86812
558,3,14,1998,33.98416
558,3,14,1999,33.86403
558,3,14,2000,34.01609
558,3,14,2001,34.07187
558,3,14,2002,34.09907
558,3,14,2003,34.29384
558,3,14,2004,34.5524
558,3,14,2005,34.57948
558,3,14,2006,34.80445
558,3,14,2007,34.99307
558,3,14,2008,34.95599
558,3,14,2009,35.1937
558,3,14,2010,35.34677
558,3,14,2011,35.22171
558,3,14,2012,35.34967
558,3,14,2013,35.35838
558,3,14,2014,35.44034
558,3,14,2015,35.24551
558,3,14,2016,35.06249
558,3,14,2017,35.93577
558,3,14,2018,36.19814
558,3,14,2019,36.30229
559,1,14,1950,30.16384
559,1,14,1951,30.17539
559,1,14,1952,30.21367
559,1,14,1953,30.50736
559,1,14,1954,30.96712
559,1,14,1955,31.04778
559,1,14,1956,30.67787
559,1,14,1957,30.19325
559,1,14,1958,29.68646
559,1,14,1959,28.6763
559,1,14,1960,28.23932
559,1,14,1961,28.33057
559,1,14,1962,28.17763
559,1,14,1963,28.00055
559,1,14,1964,27.99986
559,1,14,1965,28.37721
559,1,14,1966,28.15292
559,1,14,1967,28.18311
559,1,14,1968,28.11598
559,1,14,1969,28.2273
559,1,14,1970,27.99288
559,1,14,1971,28.51608
559,1,14,1972,28.57675
559,1,14,1973,28.38818
559,1,14,1974,28.56907
559,1,14,1975,28.71479
559,1,14,1976,29.03383
559,1,14,1977,29.16172
559,1,14,1978,29.27769
559,1,14,1979,29.33023
559,1,14,1980,29.42756
559,1,14,1981,29.61371
559,1,14,1982,29.28334
559,1,14,1983,29.76079
559,1,14,1984,30.01768
559,1,14,1985,30.12486
559,1,14,1986,30.09153
559,1,14,1987,30.57715
559,1,14,1988,30.5461
559,1,14,1989,30.82003
559,1,14,1990,31.11995
559,1,14,1991,31.02191
559,1,14,1992,31.13376
559,1,14,1993,30.76261
559,1,14,1994,30.83115
559,1,14,1995,30.86707
559,1,14,1996,31.07103
559,1,14,1997,30.9417
559,1,14,1998,31.25228
559,1,14,1999,31.28144
559,1,14,2000,31.25865
559,1,14,2001,31.58726
559,1,14,2002,31.25769
559,1,14,2003,31.49881
559,1,14,2004,31.77811
559,1,14,2005,31.51052
559,1,14,2006,31.88275
559,1,14,2007,31.97687
559,1,14,2008,31.68922
559,1,14,2009,32.03679
559,1,14,2010,32.13721
559,1,14,2011,32.18297
559,1,14,2012,32.40837
559,1,14,2013,32.20054
559,1,14,2014,32.19477
559,1,14,2015,32.18267
559,1,14,2016,32.51321
559,1,14,2017,33.68126
559,1,14,2018,34.35345
559,1,14,2019,34.64726
559,2,14,1950,34.65565
559,2,14,1951,34.78287
559,2,14,1952,34.87161
559,2,14,1953,35.33204
559,2,14,1954,35.55516
559,2,14,1955,35.7479
559,2,14,1956,35.589
559,2,14,1957,35.08672
559,2,14,1958,34.8813
559,2,14,1959,34.24626
559,2,14,1960,34.10374
559,2,14,1961,34.2897
559,2,14,1962,34.36447
559,2,14,1963,34.03693
559,2,14,1964,34.28291
559,2,14,1965,34.76793
559,2,14,1966,34.53433
559,2,14,1967,34.52761
559,2,14,1968,34.42665
559,2,14,1969,34.65117
559,2,14,1970,34.56811
559,2,14,1971,34.90517
559,2,14,1972,34.80125
559,2,14,1973,34.87013
559,2,14,1974,35.03702
559,2,14,1975,35.46863
559,2,14,1976,35.51078
559,2,14,1977,35.8319
559,2,14,1978,35.53203
559,2,14,1979,35.95054
559,2,14,1980,35.87798
559,2,14,1981,35.83298
559,2,14,1982,35.8696
559,2,14,1983,35.81502
559,2,14,1984,36.1141
559,2,14,1985,35.93132
559,2,14,1986,35.90696
559,2,14,1987,36.1529
559,2,14,1988,36.06985
559,2,14,1989,36.51193
559,2,14,1990,36.13832
559,2,14,1991,36.3586
559,2,14,1992,36.35276
559,2,14,1993,36.05813
559,2,14,1994,36.12483
559,2,14,1995,35.85284
559,2,14,1996,36.02803
559,2,14,1997,35.74125
559,2,14,1998,35.86752
559,2,14,1999,35.59712
559,2,14,2000,35.45743
559,2,14,2001,35.54039
559,2,14,2002,35.33666
559,2,14,2003,35.4838
559,2,14,2004,35.6259
559,2,14,2005,35.46929
559,2,14,2006,35.80609
559,2,14,2007,35.57715
559,2,14,2008,35.60039
559,2,14,2009,35.8966
559,2,14,2010,36.00935
559,2,14,2011,35.84485
559,2,14,2012,35.90282
559,2,14,2013,35.80164
559,2,14,2014,35.81137
559,2,14,2015,35.9742
559,2,14,2016,35.98881
559,2,14,2017,36.95224
559,2,14,2018,37.68316
559,2,14,2019,37.75237
559,3,14,1950,31.60027
559,3,14,1951,31.63687
559,3,14,1952,31.82111
559,3,14,1953,31.93943
559,3,14,1954,32.49482
559,3,14,1955,32.4723
559,3,14,1956,32.4855
559,3,14,1957,31.97651
559,3,14,1958,31.79159
559,3,14,1959,31.26712
559,3,14,1960,30.97106
559,3,14,1961,31.08955
559,3,14,1962,31.05449
559,3,14,1963,30.82916
559,3,14,1964,30.95587
559,3,14,1965,31.39124
559,3,14,1966,31.16137
559,3,14,1967,31.1928
559,3,14,1968,31.11602
559,3,14,1969,31.28948
559,3,14,1970,31.15102
559,3,14,1971,31.59761
559,3,14,1972,31.60206
559,3,14,1973,31.53408
559,3,14,1974,31.71838
559,3,14,1975,31.99859
559,3,14,1976,32.21509
559,3,14,1977,32.45715
559,3,14,1978,32.37501
559,3,14,1979,32.58695
559,3,14,1980,32.62677
559,3,14,1981,32.69982
559,3,14,1982,32.53406
559,3,14,1983,32.79751
559,3,14,1984,33.05213
559,3,14,1985,33.03997
559,3,14,1986,33.01437
559,3,14,1987,33.39021
559,3,14,1988,33.32759
559,3,14,1989,33.67065
559,3,14,1990,33.66127
559,3,14,1991,33.69834
559,3,14,1992,33.77136
559,3,14,1993,33.42767
559,3,14,1994,33.47895
559,3,14,1995,33.3634
559,3,14,1996,33.55043
559,3,14,1997,33.33306
559,3,14,1998,33.57046
559,3,14,1999,33.43716
559,3,14,2000,33.34225
559,3,14,2001,33.54084
559,3,14,2002,33.26586
559,3,14,2003,33.48215
559,3,14,2004,33.6893
559,3,14,2005,33.47268
559,3,14,2006,33.80237
559,3,14,2007,33.75158
559,3,14,2008,33.6069
559,3,14,2009,33.9213
559,3,14,2010,34.0345
559,3,14,2011,33.99156
559,3,14,2012,34.10826
559,3,14,2013,33.9593
559,3,14,2014,33.95483
559,3,14,2015,34.02872
559,3,14,2016,34.18156
559,3,14,2017,34.98915
559,3,14,2018,35.41484
559,3,14,2019,35.65012
560,1,14,1950,30.14158
560,1,14,1951,30.06573
560,1,14,1952,30.03632
560,1,14,1953,30.41899
560,1,14,1954,30.61208
560,1,14,1955,30.51991
560,1,14,1956,30.39753
560,1,14,1957,29.7175
560,1,14,1958,29.21132
560,1,14,1959,28.24317
560,1,14,1960,28.3232
560,1,14,1961,28.7414
560,1,14,1962,28.57144
560,1,14,1963,28.26593
560,1,14,1964,28.4406
560,1,14,1965,28.39757
560,1,14,1966,28.38271
560,1,14,1967,28.41487
560,1,14,1968,28.71819
560,1,14,1969,28.6688
560,1,14,1970,28.91688
560,1,14,1971,28.90011
560,1,14,1972,28.87713
560,1,14,1973,29.25681
560,1,14,1974,29.43392
560,1,14,1975,30.07504
560,1,14,1976,29.98559
560,1,14,1977,30.40628
560,1,14,1978,30.46672
560,1,14,1979,30.49324
560,1,14,1980,30.481
560,1,14,1981,30.74863
560,1,14,1982,31.51248
560,1,14,1983,31.20273
560,1,14,1984,31.12698
560,1,14,1985,31.31123
560,1,14,1986,31.61966
560,1,14,1987,31.5506
560,1,14,1988,31.93794
560,1,14,1989,32.00483
560,1,14,1990,32.04798
560,1,14,1991,32.36833
560,1,14,1992,32.57419
560,1,14,1993,32.28466
560,1,14,1994,32.43567
560,1,14,1995,32.51215
560,1,14,1996,32.35525
560,1,14,1997,33.10411
560,1,14,1998,32.89016
560,1,14,1999,33.18641
560,1,14,2000,33.54839
560,1,14,2001,33.53498
560,1,14,2002,33.42863
560,1,14,2003,33.49158
560,1,14,2004,34.11183
560,1,14,2005,34.00287
560,1,14,2006,34.34739
560,1,14,2007,34.21644
560,1,14,2008,34.5009
560,1,14,2009,34.59155
560,1,14,2010,34.99067
560,1,14,2011,34.9421
560,1,14,2012,35.06206
560,1,14,2013,35.04702
560,1,14,2014,35.09903
560,1,14,2015,35.06508
560,1,14,2016,35.1603
560,1,14,2017,36.31024
560,1,14,2018,36.77107
560,1,14,2019,37.21683
560,2,14,1950,34.575
560,2,14,1951,34.76784
560,2,14,1952,34.9386
560,2,14,1953,35.27879
560,2,14,1954,35.56066
560,2,14,1955,35.53851
560,2,14,1956,35.445
560,2,14,1957,34.99954
560,2,14,1958,34.60305
560,2,14,1959,33.99746
560,2,14,1960,33.83958
560,2,14,1961,34.11483
560,2,14,1962,34.03967
560,2,14,1963,33.83767
560,2,14,1964,34.12347
560,2,14,1965,34.35117
560,2,14,1966,34.15294
560,2,14,1967,34.18347
560,2,14,1968,34.62505
560,2,14,1969,34.66336
560,2,14,1970,34.86986
560,2,14,1971,34.81315
560,2,14,1972,34.93339
560,2,14,1973,34.94772
560,2,14,1974,35.27874
560,2,14,1975,35.75368
560,2,14,1976,35.77735
560,2,14,1977,36.09497
560,2,14,1978,36.28582
560,2,14,1979,36.5284
560,2,14,1980,36.46061
560,2,14,1981,36.6063
560,2,14,1982,36.64238
560,2,14,1983,36.61027
560,2,14,1984,36.44102
560,2,14,1985,36.71032
560,2,14,1986,36.78827
560,2,14,1987,36.70619
560,2,14,1988,36.36621
560,2,14,1989,37.09846
560,2,14,1990,36.98081
560,2,14,1991,37.13822
560,2,14,1992,36.84076
560,2,14,1993,36.75341
560,2,14,1994,36.59938
560,2,14,1995,36.64908
560,2,14,1996,36.79845
560,2,14,1997,36.66524
560,2,14,1998,36.78496
560,2,14,1999,36.99101
560,2,14,2000,37.0494
560,2,14,2001,36.80269
560,2,14,2002,36.81298
560,2,14,2003,37.13076
560,2,14,2004,37.24481
560,2,14,2005,37.75501
560,2,14,2006,37.52181
560,2,14,2007,37.78837
560,2,14,2008,38.00353
560,2,14,2009,38.10072
560,2,14,2010,38.24696
560,2,14,2011,38.32633
560,2,14,2012,38.49955
560,2,14,2013,38.6136
560,2,14,2014,38.40625
560,2,14,2015,38.39285
560,2,14,2016,38.70907
560,2,14,2017,39.75973
560,2,14,2018,40.343
560,2,14,2019,40.37218
560,3,14,1950,31.34876
560,3,14,1951,31.47062
560,3,14,1952,31.60732
560,3,14,1953,31.70335
560,3,14,1954,32.21369
560,3,14,1955,32.29398
560,3,14,1956,32.0539
560,3,14,1957,31.58136
560,3,14,1958,31.28012
560,3,14,1959,30.75772
560,3,14,1960,30.7699
560,3,14,1961,31.13612
560,3,14,1962,31.00903
560,3,14,1963,30.76074
560,3,14,1964,31.0025
560,3,14,1965,31.07773
560,3,14,1966,31.00779
560,3,14,1967,31.05843
560,3,14,1968,31.4307
560,3,14,1969,31.43451
560,3,14,1970,31.6843
560,3,14,1971,31.66678
560,3,14,1972,31.71783
560,3,14,1973,31.94583
560,3,14,1974,32.21634
560,3,14,1975,32.78123
560,3,14,1976,32.75516
560,3,14,1977,33.15682
560,3,14,1978,33.26873
560,3,14,1979,33.4011
560,3,14,1980,33.37635
560,3,14,1981,33.60165
560,3,14,1982,34.04227
560,3,14,1983,33.85437
560,3,14,1984,33.74402
560,3,14,1985,33.94761
560,3,14,1986,34.15439
560,3,14,1987,34.08582
560,3,14,1988,34.12634
560,3,14,1989,34.5242
560,3,14,1990,34.49262
560,3,14,1991,34.7326
560,3,14,1992,34.69656
560,3,14,1993,34.48987
560,3,14,1994,34.52008
560,3,14,1995,34.55915
560,3,14,1996,34.5512
560,3,14,1997,34.86712
560,3,14,1998,34.82582
560,3,14,1999,35.0608
560,3,14,2000,35.26699
560,3,14,2001,35.1435
560,3,14,2002,35.09136
560,3,14,2003,35.26569
560,3,14,2004,35.65345
560,3,14,2005,35.84401
560,3,14,2006,35.90682
560,3,14,2007,35.9726
560,3,14,2008,36.20993
560,3,14,2009,36.28908
560,3,14,2010,36.57466
560,3,14,2011,36.59267
560,3,14,2012,36.73297
560,3,14,2013,36.76653
560,3,14,2014,36.69195
560,3,14,2015,36.68985
560,3,14,2016,36.8868
560,3,14,2017,37.73545
560,3,14,2018,38.02465
560,3,14,2019,38.18737
561,1,14,1950,28.51977
561,1,14,1951,28.40652
561,1,14,1952,28.52431
561,1,14,1953,28.72739
561,1,14,1954,29.01869
561,1,14,1955,29.00381
561,1,14,1956,28.6725
561,1,14,1957,28.30734
561,1,14,1958,27.67732
561,1,14,1959,26.58819
561,1,14,1960,26.62328
561,1,14,1961,26.71227
561,1,14,1962,26.68782
561,1,14,1963,26.4861
561,1,14,1964,26.79124
561,1,14,1965,26.68463
561,1,14,1966,26.6795
561,1,14,1967,26.77404
561,1,14,1968,26.62943
561,1,14,1969,26.84209
561,1,14,1970,27.07611
561,1,14,1971,27.12133
561,1,14,1972,27.18024
561,1,14,1973,27.33338
561,1,14,1974,27.78207
561,1,14,1975,28.13587
561,1,14,1976,28.2979
561,1,14,1977,28.46642
561,1,14,1978,28.62022
561,1,14,1979,28.92489
561,1,14,1980,28.91367
561,1,14,1981,29.1428
561,1,14,1982,29.41416
561,1,14,1983,29.59459
561,1,14,1984,29.60217
561,1,14,1985,29.65062
561,1,14,1986,29.98699
561,1,14,1987,29.93317
561,1,14,1988,30.26398
561,1,14,1989,30.48359
561,1,14,1990,30.91443
561,1,14,1991,31.0679
561,1,14,1992,31.16978
561,1,14,1993,31.10253
561,1,14,1994,31.1974
561,1,14,1995,31.26611
561,1,14,1996,31.44257
561,1,14,1997,31.77634
561,1,14,1998,32.26862
561,1,14,1999,32.10358
561,1,14,2000,32.2051
561,1,14,2001,32.45079
561,1,14,2002,32.55083
561,1,14,2003,32.72524
561,1,14,2004,33.05571
561,1,14,2005,33.06344
561,1,14,2006,33.30538
561,1,14,2007,33.67867
561,1,14,2008,33.69981
561,1,14,2009,33.89894
561,1,14,2010,34.12347
561,1,14,2011,34.00476
561,1,14,2012,34.32634
561,1,14,2013,34.3416
561,1,14,2014,34.44504
561,1,14,2015,34.38428
561,1,14,2016,34.21697
561,1,14,2017,35.44041
561,1,14,2018,35.75642
561,1,14,2019,36.11289
561,2,14,1950,32.19518
561,2,14,1951,32.15137
561,2,14,1952,32.32128
561,2,14,1953,32.69321
561,2,14,1954,33.0561
561,2,14,1955,32.97847
561,2,14,1956,32.83861
561,2,14,1957,32.48138
561,2,14,1958,32.02425
561,2,14,1959,31.23047
561,2,14,1960,31.44662
561,2,14,1961,31.56667
561,2,14,1962,31.5742
561,2,14,1963,31.53337
561,2,14,1964,31.74534
561,2,14,1965,31.84334
561,2,14,1966,31.83625
561,2,14,1967,32.13637
561,2,14,1968,31.93225
561,2,14,1969,32.38773
561,2,14,1970,32.55489
561,2,14,1971,32.79878
561,2,14,1972,33.09324
561,2,14,1973,33.20285
561,2,14,1974,33.74809
561,2,14,1975,34.034
561,2,14,1976,34.18684
561,2,14,1977,34.43917
561,2,14,1978,34.60552
561,2,14,1979,34.95721
561,2,14,1980,34.7533
561,2,14,1981,34.88178
561,2,14,1982,35.35622
561,2,14,1983,35.15431
561,2,14,1984,35.30719
561,2,14,1985,35.29321
561,2,14,1986,35.36343
561,2,14,1987,35.418
561,2,14,1988,35.6467
561,2,14,1989,35.89043
561,2,14,1990,35.99009
561,2,14,1991,36.21597
561,2,14,1992,36.30141
561,2,14,1993,36.12452
561,2,14,1994,36.32386
561,2,14,1995,36.33018
561,2,14,1996,36.30623
561,2,14,1997,36.40505
561,2,14,1998,36.77672
561,2,14,1999,36.37882
561,2,14,2000,36.60048
561,2,14,2001,36.51334
561,2,14,2002,36.69204
561,2,14,2003,37.00522
561,2,14,2004,37.06455
561,2,14,2005,37.11946
561,2,14,2006,37.50319
561,2,14,2007,37.65497
561,2,14,2008,37.76289
561,2,14,2009,37.85395
561,2,14,2010,38.09157
561,2,14,2011,37.97545
561,2,14,2012,38.13245
561,2,14,2013,38.1621
561,2,14,2014,38.29998
561,2,14,2015,38.13787
561,2,14,2016,38.17398
561,2,14,2017,39.29146
561,2,14,2018,39.88773
561,2,14,2019,39.85406
561,3,14,1950,29.55449
561,3,14,1951,29.58661
561,3,14,1952,29.77972
561,3,14,1953,29.92739
561,3,14,1954,30.315
561,3,14,1955,30.38935
561,3,14,1956,30.11399
561,3,14,1957,29.77496
561,3,14,1958,29.4546
561,3,14,1959,28.80601
561,3,14,1960,28.92121
561,3,14,1961,29.02744
561,3,14,1962,29.03801
561,3,14,1963,28.91239
561,3,14,1964,29.19246
561,3,14,1965,29.18359
561,3,14,1966,29.18627
561,3,14,1967,29.39071
561,3,14,1968,29.22777
561,3,14,1969,29.56772
561,3,14,1970,29.77901
561,3,14,1971,29.93096
561,3,14,1972,30.11085
561,3,14,1973,30.26525
561,3,14,1974,30.76117
561,3,14,1975,31.10057
561,3,14,1976,31.2785
561,3,14,1977,31.49374
561,3,14,1978,31.66264
561,3,14,1979,32.00089
561,3,14,1980,31.90473
561,3,14,1981,32.09215
561,3,14,1982,32.46107
561,3,14,1983,32.47199
561,3,14,1984,32.53811
561,3,14,1985,32.56348
561,3,14,1986,32.78294
561,3,14,1987,32.78143
561,3,14,1988,33.06959
561,3,14,1989,33.30914
561,3,14,1990,33.57626
561,3,14,1991,33.76297
561,3,14,1992,33.85941
561,3,14,1993,33.7263
561,3,14,1994,33.86275
561,3,14,1995,33.89456
561,3,14,1996,33.97354
561,3,14,1997,34.19487
561,3,14,1998,34.63219
561,3,14,1999,34.33425
561,3,14,2000,34.47681
561,3,14,2001,34.56005
561,3,14,2002,34.69602
561,3,14,2003,34.92988
561,3,14,2004,35.11497
561,3,14,2005,35.15395
561,3,14,2006,35.45504
561,3,14,2007,35.7197
561,3,14,2008,35.78072
561,3,14,2009,35.92843
561,3,14,2010,36.14974
561,3,14,2011,36.03059
561,3,14,2012,36.25636
561,3,14,2013,36.28636
561,3,14,2014,36.39987
561,3,14,2015,36.27934
561,3,14,2016,36.20603
561,3,14,2017,37.11301
561,3,14,2018,37.33153
561,3,14,2019,37.50028
562,1,14,1950,29.20399
562,1,14,1951,29.27164
562,1,14,1952,29.18652
562,1,14,1953,29.6393
562,1,14,1954,29.93475
562,1,14,1955,29.87733
562,1,14,1956,29.67105
562,1,14,1957,29.12617
562,1,14,1958,28.57227
562,1,14,1959,27.89278
562,1,14,1960,27.76913
562,1,14,1961,27.5475
562,1,14,1962,27.82978
562,1,14,1963,27.32516
562,1,14,1964,27.58191
562,1,14,1965,27.17531
562,1,14,1966,27.30916
562,1,14,1967,28.05166
562,1,14,1968,27.7335
562,1,14,1969,27.95998
562,1,14,1970,27.82991
562,1,14,1971,28.58396
562,1,14,1972,28.13785
562,1,14,1973,28.32927
562,1,14,1974,29.1169
562,1,14,1975,29.39022
562,1,14,1976,29.32135
562,1,14,1977,29.47361
562,1,14,1978,29.87662
562,1,14,1979,29.95184
562,1,14,1980,29.84465
562,1,14,1981,29.97285
562,1,14,1982,30.31505
562,1,14,1983,30.30758
562,1,14,1984,30.61898
562,1,14,1985,30.60431
562,1,14,1986,30.74612
562,1,14,1987,31.01353
562,1,14,1988,31.07477
562,1,14,1989,31.51037
562,1,14,1990,31.77641
562,1,14,1991,32.32343
562,1,14,1992,32.60776
562,1,14,1993,32.30872
562,1,14,1994,32.53813
562,1,14,1995,32.83319
562,1,14,1996,32.97578
562,1,14,1997,32.66412
562,1,14,1998,33.36931
562,1,14,1999,33.6021
562,1,14,2000,33.58333
562,1,14,2001,33.41545
562,1,14,2002,33.29894
562,1,14,2003,33.59186
562,1,14,2004,33.89216
562,1,14,2005,34.09917
562,1,14,2006,34.16242
562,1,14,2007,34.59271
562,1,14,2008,34.63785
562,1,14,2009,34.6553
562,1,14,2010,34.86692
562,1,14,2011,35.21387
562,1,14,2012,35.07556
562,1,14,2013,35.19835
562,1,14,2014,35.39318
562,1,14,2015,35.19865
562,1,14,2016,35.77714
562,1,14,2017,36.81642
562,1,14,2018,37.11891
562,1,14,2019,37.42021
562,2,14,1950,33.29173
562,2,14,1951,33.46731
562,2,14,1952,33.64958
562,2,14,1953,33.75931
562,2,14,1954,34.26519
562,2,14,1955,34.25837
562,2,14,1956,33.76269
562,2,14,1957,33.2111
562,2,14,1958,33.02605
562,2,14,1959,32.88319
562,2,14,1960,32.52017
562,2,14,1961,32.37378
562,2,14,1962,32.43364
562,2,14,1963,32.44217
562,2,14,1964,32.64845
562,2,14,1965,32.89542
562,2,14,1966,33.02247
562,2,14,1967,32.78809
562,2,14,1968,32.98408
562,2,14,1969,33.42724
562,2,14,1970,33.67999
562,2,14,1971,33.85362
562,2,14,1972,33.88968
562,2,14,1973,34.26935
562,2,14,1974,34.54532
562,2,14,1975,35.04408
562,2,14,1976,35.30155
562,2,14,1977,35.46641
562,2,14,1978,36.0038
562,2,14,1979,36.0675
562,2,14,1980,36.15693
562,2,14,1981,36.32743
562,2,14,1982,36.66685
562,2,14,1983,36.69315
562,2,14,1984,36.54307
562,2,14,1985,36.44763
562,2,14,1986,36.42739
562,2,14,1987,36.61543
562,2,14,1988,36.69608
562,2,14,1989,37.00419
562,2,14,1990,36.96348
562,2,14,1991,36.93869
562,2,14,1992,37.18017
562,2,14,1993,37.3027
562,2,14,1994,37.64985
562,2,14,1995,37.77182
562,2,14,1996,37.74929
562,2,14,1997,37.78375
562,2,14,1998,37.80425
562,2,14,1999,37.6409
562,2,14,2000,37.53689
562,2,14,2001,37.64459
562,2,14,2002,37.6484
562,2,14,2003,37.75099
562,2,14,2004,38.01197
562,2,14,2005,38.18251
562,2,14,2006,38.41252
562,2,14,2007,38.5166
562,2,14,2008,38.61341
562,2,14,2009,38.89194
562,2,14,2010,39.06782
562,2,14,2011,39.25109
562,2,14,2012,39.3348
562,2,14,2013,39.27512
562,2,14,2014,39.01489
562,2,14,2015,38.9084
562,2,14,2016,38.64136
562,2,14,2017,39.2158
562,2,14,2018,39.85782
562,2,14,2019,39.83719
562,3,14,1950,30.59249
562,3,14,1951,30.72239
562,3,14,1952,30.73782
562,3,14,1953,30.97664
562,3,14,1954,31.41519
562,3,14,1955,31.38115
562,3,14,1956,31.25082
562,3,14,1957,30.77628
562,3,14,1958,30.60814
562,3,14,1959,30.29955
562,3,14,1960,30.03688
562,3,14,1961,29.8541
562,3,14,1962,30.05344
562,3,14,1963,29.80718
562,3,14,1964,30.07071
562,3,14,1965,29.94016
562,3,14,1966,30.05742
562,3,14,1967,30.39491
562,3,14,1968,30.31922
562,3,14,1969,30.6583
562,3,14,1970,30.7171
562,3,14,1971,31.20441
562,3,14,1972,31.02561
562,3,14,1973,31.28483
562,3,14,1974,31.87082
562,3,14,1975,32.26692
562,3,14,1976,32.34055
562,3,14,1977,32.4944
562,3,14,1978,32.98022
562,3,14,1979,33.05086
562,3,14,1980,33.03389
562,3,14,1981,33.2077
562,3,14,1982,33.56992
562,3,14,1983,33.55377
562,3,14,1984,33.65911
562,3,14,1985,33.59635
562,3,14,1986,33.68357
562,3,14,1987,33.90808
562,3,14,1988,33.96661
562,3,14,1989,34.36453
562,3,14,1990,34.43123
562,3,14,1991,34.73857
562,3,14,1992,34.99487
562,3,14,1993,34.90472
562,3,14,1994,35.16918
562,3,14,1995,35.37109
562,3,14,1996,35.44613
562,3,14,1997,35.2667
562,3,14,1998,35.67314
562,3,14,1999,35.68212
562,3,14,2000,35.60987
562,3,14,2001,35.56007
562,3,14,2002,35.47819
562,3,14,2003,35.68826
562,3,14,2004,35.95604
562,3,14,2005,36.1849
562,3,14,2006,36.29233
562,3,14,2007,36.55984
562,3,14,2008,36.60948
562,3,14,2009,36.76819
562,3,14,2010,36.96689
562,3,14,2011,37.22535
562,3,14,2012,37.20427
562,3,14,2013,37.20932
562,3,14,2014,37.19088
562,3,14,2015,37.04174
562,3,14,2016,37.15823
562,3,14,2017,37.79405
562,3,14,2018,38.0548
562,3,14,2019,38.18299
563,1,14,1950,26.81427
563,1,14,1951,26.71118
563,1,14,1952,26.78836
563,1,14,1953,27.07331
563,1,14,1954,27.53045
563,1,14,1955,27.5745
563,1,14,1956,27.35371
563,1,14,1957,26.72568
563,1,14,1958,26.31105
563,1,14,1959,25.23068
563,1,14,1960,25.1291
563,1,14,1961,25.74235
563,1,14,1962,25.63297
563,1,14,1963,25.26441
563,1,14,1964,25.59537
563,1,14,1965,25.20949
563,1,14,1966,25.3043
563,1,14,1967,25.55492
563,1,14,1968,25.11378
563,1,14,1969,25.5112
563,1,14,1970,25.55339
563,1,14,1971,25.75863
563,1,14,1972,25.57435
563,1,14,1973,25.4457
563,1,14,1974,25.93517
563,1,14,1975,26.45578
563,1,14,1976,26.97143
563,1,14,1977,27.05097
563,1,14,1978,27.49486
563,1,14,1979,27.45082
563,1,14,1980,27.60141
563,1,14,1981,28.03929
563,1,14,1982,28.56514
563,1,14,1983,28.69446
563,1,14,1984,28.64781
563,1,14,1985,28.78208
563,1,14,1986,28.873
563,1,14,1987,28.95223
563,1,14,1988,29.2686
563,1,14,1989,29.16238
563,1,14,1990,29.77767
563,1,14,1991,29.65563
563,1,14,1992,30.07203
563,1,14,1993,29.83605
563,1,14,1994,30.12205
563,1,14,1995,29.99332
563,1,14,1996,30.0888
563,1,14,1997,30.59429
563,1,14,1998,30.69525
563,1,14,1999,30.58697
563,1,14,2000,30.70997
563,1,14,2001,30.92021
563,1,14,2002,31.15815
563,1,14,2003,31.43248
563,1,14,2004,31.65411
563,1,14,2005,31.7723
563,1,14,2006,31.93765
563,1,14,2007,32.19898
563,1,14,2008,32.33205
563,1,14,2009,32.41559
563,1,14,2010,32.51167
563,1,14,2011,32.78442
563,1,14,2012,32.94845
563,1,14,2013,32.77494
563,1,14,2014,33.00162
563,1,14,2015,32.78017
563,1,14,2016,32.86793
563,1,14,2017,33.9987
563,1,14,2018,34.6315
563,1,14,2019,35.03499
563,2,14,1950,30.83153
563,2,14,1951,30.97255
563,2,14,1952,31.22348
563,2,14,1953,31.73636
563,2,14,1954,32.02131
563,2,14,1955,32.33981
563,2,14,1956,32.14195
563,2,14,1957,31.71734
563,2,14,1958,31.69202
563,2,14,1959,30.77139
563,2,14,1960,30.90755
563,2,14,1961,31.12237
563,2,14,1962,31.23149
563,2,14,1963,30.93348
563,2,14,1964,31.10867
563,2,14,1965,31.62194
563,2,14,1966,31.58231
563,2,14,1967,31.64186
563,2,14,1968,31.54778
563,2,14,1969,31.82001
563,2,14,1970,32.30788
563,2,14,1971,32.19468
563,2,14,1972,32.50996
563,2,14,1973,32.59369
563,2,14,1974,33.09535
563,2,14,1975,33.68287
563,2,14,1976,33.86501
563,2,14,1977,33.86014
563,2,14,1978,34.39745
563,2,14,1979,34.46612
563,2,14,1980,34.52985
563,2,14,1981,34.72437
563,2,14,1982,34.98355
563,2,14,1983,34.72208
563,2,14,1984,35.13544
563,2,14,1985,35.1828
563,2,14,1986,35.08383
563,2,14,1987,35.04831
563,2,14,1988,35.02095
563,2,14,1989,35.34681
563,2,14,1990,35.47346
563,2,14,1991,35.71262
563,2,14,1992,35.86785
563,2,14,1993,35.50983
563,2,14,1994,35.6976
563,2,14,1995,35.65594
563,2,14,1996,35.46826
563,2,14,1997,35.71515
563,2,14,1998,35.55166
563,2,14,1999,35.52371
563,2,14,2000,35.60498
563,2,14,2001,35.75257
563,2,14,2002,35.84071
563,2,14,2003,35.81427
563,2,14,2004,36.21426
563,2,14,2005,36.33421
563,2,14,2006,36.44895
563,2,14,2007,36.43276
563,2,14,2008,36.62663
563,2,14,2009,36.95591
563,2,14,2010,36.72238
563,2,14,2011,36.89115
563,2,14,2012,36.82433
563,2,14,2013,36.95309
563,2,14,2014,36.75479
563,2,14,2015,36.89372
563,2,14,2016,36.92712
563,2,14,2017,38.03741
563,2,14,2018,38.74671
563,2,14,2019,38.76036
563,3,14,1950,28.14784
563,3,14,1951,28.00584
563,3,14,1952,28.26153
563,3,14,1953,28.50917
563,3,14,1954,28.90038
563,3,14,1955,29.15164
563,3,14,1956,29.05318
563,3,14,1957,28.7377
563,3,14,1958,28.54454
563,3,14,1959,27.85402
563,3,14,1960,27.87772
563,3,14,1961,28.34836
563,3,14,1962,28.33389
563,3,14,1963,28.00984
563,3,14,1964,28.28666
563,3,14,1965,28.30797
563,3,14,1966,28.35406
563,3,14,1967,28.53443
563,3,14,1968,28.24898
563,3,14,1969,28.59945
563,3,14,1970,28.85633
563,3,14,1971,28.9199
563,3,14,1972,28.96847
563,3,14,1973,28.93074
563,3,14,1974,29.46738
563,3,14,1975,30.02462
563,3,14,1976,30.43835
563,3,14,1977,30.46757
563,3,14,1978,30.97693
563,3,14,1979,30.99075
563,3,14,1980,31.09533
563,3,14,1981,31.43344
563,3,14,1982,31.82983
563,3,14,1983,31.7981
563,3,14,1984,31.95532
563,3,14,1985,32.05386
563,3,14,1986,32.04394
563,3,14,1987,32.05639
563,3,14,1988,32.20485
563,3,14,1989,32.30674
563,3,14,1990,32.69554
563,3,14,1991,32.74902
563,3,14,1992,33.03196
563,3,14,1993,32.72471
563,3,14,1994,32.9576
563,3,14,1995,32.84933
563,3,14,1996,32.813
563,3,14,1997,33.17993
563,3,14,1998,33.16291
563,3,14,1999,33.07467
563,3,14,2000,33.16952
563,3,14,2001,33.34947
563,3,14,2002,33.52284
563,3,14,2003,33.64417
563,3,14,2004,33.95782
563,3,14,2005,34.05985
563,3,14,2006,34.2162
563,3,14,2007,34.31758
563,3,14,2008,34.47475
563,3,14,2009,34.69095
563,3,14,2010,34.61435
563,3,14,2011,34.83854
563,3,14,2012,34.87711
563,3,14,2013,34.84354
563,3,14,2014,34.86494
563,3,14,2015,34.8147
563,3,14,2016,34.87243
563,3,14,2017,35.75766
563,3,14,2018,36.15072
563,3,14,2019,36.30728
564,1,14,1950,30.58182
564,1,14,1951,30.7174
564,1,14,1952,30.87701
564,1,14,1953,31.11565
564,1,14,1954,31.30909
564,1,14,1955,31.1806
564,1,14,1956,30.65882
564,1,14,1957,30.04868
564,1,14,1958,29.76497
564,1,14,1959,29.29461
564,1,14,1960,29.19912
564,1,14,1961,29.18709
564,1,14,1962,28.90795
564,1,14,1963,29.09003
564,1,14,1964,29.02689
564,1,14,1965,29.32846
564,1,14,1966,29.20684
564,1,14,1967,29.66303
564,1,14,1968,29.38543
564,1,14,1969,29.34657
564,1,14,1970,29.49485
564,1,14,1971,29.50117
564,1,14,1972,29.3782
564,1,14,1973,29.75274
564,1,14,1974,30.01797
564,1,14,1975,30.17443
564,1,14,1976,29.78742
564,1,14,1977,30.48881
564,1,14,1978,30.60835
564,1,14,1979,30.87682
564,1,14,1980,30.73322
564,1,14,1981,31.02195
564,1,14,1982,31.18461
564,1,14,1983,31.12291
564,1,14,1984,31.04635
564,1,14,1985,31.3328
564,1,14,1986,31.535
564,1,14,1987,31.88931
564,1,14,1988,31.9935
564,1,14,1989,32.25978
564,1,14,1990,32.54721
564,1,14,1991,32.54039
564,1,14,1992,32.58471
564,1,14,1993,32.51904
564,1,14,1994,32.75076
564,1,14,1995,32.59804
564,1,14,1996,32.61377
564,1,14,1997,33.1007
564,1,14,1998,33.44389
564,1,14,1999,33.63866
564,1,14,2000,33.82436
564,1,14,2001,33.75079
564,1,14,2002,34.07754
564,1,14,2003,34.01431
564,1,14,2004,34.33388
564,1,14,2005,34.34168
564,1,14,2006,34.72615
564,1,14,2007,35.10217
564,1,14,2008,35.17075
564,1,14,2009,35.31634
564,1,14,2010,35.36011
564,1,14,2011,35.57425
564,1,14,2012,35.61281
564,1,14,2013,35.6985
564,1,14,2014,35.37512
564,1,14,2015,35.29768
564,1,14,2016,35.46543
564,1,14,2017,36.00242
564,1,14,2018,36.01572
564,1,14,2019,36.29752
564,2,14,1950,34.8952
564,2,14,1951,34.91627
564,2,14,1952,35.10317
564,2,14,1953,35.21316
564,2,14,1954,35.63123
564,2,14,1955,35.35014
564,2,14,1956,35.07199
564,2,14,1957,34.60473
564,2,14,1958,34.30822
564,2,14,1959,34.23965
564,2,14,1960,34.21831
564,2,14,1961,34.37889
564,2,14,1962,34.40552
564,2,14,1963,34.46882
564,2,14,1964,34.62694
564,2,14,1965,34.79933
564,2,14,1966,34.95452
564,2,14,1967,35.30037
564,2,14,1968,35.21179
564,2,14,1969,35.21332
564,2,14,1970,35.30064
564,2,14,1971,35.35714
564,2,14,1972,35.06385
564,2,14,1973,35.84487
564,2,14,1974,36.11288
564,2,14,1975,36.42112
564,2,14,1976,36.45756
564,2,14,1977,36.88076
564,2,14,1978,36.97645
564,2,14,1979,37.20145
564,2,14,1980,37.25546
564,2,14,1981,37.26534
564,2,14,1982,37.20452
564,2,14,1983,37.32081
564,2,14,1984,37.45324
564,2,14,1985,37.56007
564,2,14,1986,37.58857
564,2,14,1987,37.70232
564,2,14,1988,37.92673
564,2,14,1989,38.27288
564,2,14,1990,38.39642
564,2,14,1991,38.43576
564,2,14,1992,38.14452
564,2,14,1993,38.13664
564,2,14,1994,38.26104
564,2,14,1995,38.22426
564,2,14,1996,38.34472
564,2,14,1997,38.3931
564,2,14,1998,38.28555
564,2,14,1999,38.39668
564,2,14,2000,38.54447
564,2,14,2001,38.6789
564,2,14,2002,38.58316
564,2,14,2003,38.56313
564,2,14,2004,38.75956
564,2,14,2005,38.9631
564,2,14,2006,38.84031
564,2,14,2007,39.08725
564,2,14,2008,39.17937
564,2,14,2009,39.28357
564,2,14,2010,39.29622
564,2,14,2011,39.22237
564,2,14,2012,39.17786
564,2,14,2013,39.32458
564,2,14,2014,39.34408
564,2,14,2015,39.25393
564,2,14,2016,39.40789
564,2,14,2017,39.59254
564,2,14,2018,40.06969
564,2,14,2019,39.99179
564,3,14,1950,31.93718
564,3,14,1951,32.02607
564,3,14,1952,32.0777
564,3,14,1953,32.14847
564,3,14,1954,32.65311
564,3,14,1955,32.47017
564,3,14,1956,32.11941
564,3,14,1957,31.78303
564,3,14,1958,31.59604
564,3,14,1959,31.41033
564,3,14,1960,31.34209
564,3,14,1961,31.42872
564,3,14,1962,31.28241
564,3,14,1963,31.44714
564,3,14,1964,31.4858
564,3,14,1965,31.74708
564,3,14,1966,31.75402
564,3,14,1967,32.15751
564,3,14,1968,32.00055
564,3,14,1969,31.96439
564,3,14,1970,32.13915
564,3,14,1971,32.15451
564,3,14,1972,31.96747
564,3,14,1973,32.55638
564,3,14,1974,32.82834
564,3,14,1975,33.06052
564,3,14,1976,32.88499
564,3,14,1977,33.46842
564,3,14,1978,33.59894
564,3,14,1979,33.87965
564,3,14,1980,33.80712
564,3,14,1981,33.98136
564,3,14,1982,34.04898
564,3,14,1983,34.06661
564,3,14,1984,34.11344
564,3,14,1985,34.33477
564,3,14,1986,34.42558
564,3,14,1987,34.69997
564,3,14,1988,34.86694
564,3,14,1989,35.18984
564,3,14,1990,35.40528
564,3,14,1991,35.39373
564,3,14,1992,35.26592
564,3,14,1993,35.24143
564,3,14,1994,35.40202
564,3,14,1995,35.30996
564,3,14,1996,35.366
564,3,14,1997,35.67052
564,3,14,1998,35.79792
564,3,14,1999,35.93928
564,3,14,2000,36.10936
564,3,14,2001,36.13189
564,3,14,2002,36.25005
564,3,14,2003,36.202
564,3,14,2004,36.46699
564,3,14,2005,36.55383
564,3,14,2006,36.70549
564,3,14,2007,37.01803
564,3,14,2008,37.08357
564,3,14,2009,37.22185
564,3,14,2010,37.23668
564,3,14,2011,37.29569
564,3,14,2012,37.30099
564,3,14,2013,37.41694
564,3,14,2014,37.2384
564,3,14,2015,37.14432
564,3,14,2016,37.27289
564,3,14,2017,37.5574
564,3,14,2018,37.66396
564,3,14,2019,37.72613
565,1,14,1950,29.48654
565,1,14,1951,29.30303
565,1,14,1952,29.49148
565,1,14,1953,29.73557
565,1,14,1954,30.0943
565,1,14,1955,30.12322
565,1,14,1956,29.89933
565,1,14,1957,29.31961
565,1,14,1958,28.84661
565,1,14,1959,27.80036
565,1,14,1960,27.53303
565,1,14,1961,27.74887
565,1,14,1962,27.53095
565,1,14,1963,27.09489
565,1,14,1964,27.31645
565,1,14,1965,27.68661
565,1,14,1966,27.33853
565,1,14,1967,27.21791
565,1,14,1968,26.98962
565,1,14,1969,27.14491
565,1,14,1970,27.07586
565,1,14,1971,27.65429
565,1,14,1972,27.27608
565,1,14,1973,27.31046
565,1,14,1974,27.64901
565,1,14,1975,28.07994
565,1,14,1976,28.05946
565,1,14,1977,28.31682
565,1,14,1978,28.68007
565,1,14,1979,28.76838
565,1,14,1980,28.67904
565,1,14,1981,28.98765
565,1,14,1982,29.30177
565,1,14,1983,29.41607
565,1,14,1984,29.18563
565,1,14,1985,29.36878
565,1,14,1986,29.45801
565,1,14,1987,29.52883
565,1,14,1988,29.61939
565,1,14,1989,29.84429
565,1,14,1990,29.76449
565,1,14,1991,30.23159
565,1,14,1992,30.25127
565,1,14,1993,30.09107
565,1,14,1994,30.33648
565,1,14,1995,30.00357
565,1,14,1996,30.37494
565,1,14,1997,30.296
565,1,14,1998,30.54127
565,1,14,1999,30.72666
565,1,14,2000,30.7918
565,1,14,2001,31.05485
565,1,14,2002,31.05814
565,1,14,2003,31.14512
565,1,14,2004,31.33598
565,1,14,2005,31.44891
565,1,14,2006,31.68921
565,1,14,2007,31.86142
565,1,14,2008,32.0431
565,1,14,2009,32.05693
565,1,14,2010,32.22134
565,1,14,2011,32.24934
565,1,14,2012,32.20347
565,1,14,2013,32.37703
565,1,14,2014,32.12502
565,1,14,2015,32.40527
565,1,14,2016,32.30696
565,1,14,2017,33.54958
565,1,14,2018,34.11919
565,1,14,2019,34.44747
565,2,14,1950,33.01052
565,2,14,1951,33.09973
565,2,14,1952,33.27029
565,2,14,1953,33.57656
565,2,14,1954,33.86264
565,2,14,1955,34.044
565,2,14,1956,33.88271
565,2,14,1957,33.40193
565,2,14,1958,33.09219
565,2,14,1959,32.38873
565,2,14,1960,32.52097
565,2,14,1961,32.58174
565,2,14,1962,32.46101
565,2,14,1963,32.45198
565,2,14,1964,32.6255
565,2,14,1965,32.89973
565,2,14,1966,32.94546
565,2,14,1967,33.13952
565,2,14,1968,33.14102
565,2,14,1969,33.02321
565,2,14,1970,33.30533
565,2,14,1971,33.67046
565,2,14,1972,33.8313
565,2,14,1973,33.75255
565,2,14,1974,34.0202
565,2,14,1975,34.40916
565,2,14,1976,34.80352
565,2,14,1977,35.03242
565,2,14,1978,35.46418
565,2,14,1979,35.47233
565,2,14,1980,35.38634
565,2,14,1981,35.81532
565,2,14,1982,35.62538
565,2,14,1983,35.62335
565,2,14,1984,35.71764
565,2,14,1985,35.64364
565,2,14,1986,35.69804
565,2,14,1987,35.60595
565,2,14,1988,35.67855
565,2,14,1989,36.10817
565,2,14,1990,35.87798
565,2,14,1991,36.13653
565,2,14,1992,36.13876
565,2,14,1993,35.69956
565,2,14,1994,35.67097
565,2,14,1995,35.62133
565,2,14,1996,35.54254
565,2,14,1997,35.45947
565,2,14,1998,35.49532
565,2,14,1999,35.50197
565,2,14,2000,35.5638
565,2,14,2001,35.3857
565,2,14,2002,35.41406
565,2,14,2003,35.43359
565,2,14,2004,35.73548
565,2,14,2005,35.76913
565,2,14,2006,35.95896
565,2,14,2007,36.16519
565,2,14,2008,36.12236
565,2,14,2009,36.18485
565,2,14,2010,36.25894
565,2,14,2011,36.29282
565,2,14,2012,36.20885
565,2,14,2013,36.24665
565,2,14,2014,36.12932
565,2,14,2015,36.13826
565,2,14,2016,36.13336
565,2,14,2017,37.2449
565,2,14,2018,37.974
565,2,14,2019,38.07812
565,3,14,1950,30.4424
565,3,14,1951,30.50027
565,3,14,1952,30.73545
565,3,14,1953,30.91111
565,3,14,1954,31.18652
565,3,14,1955,31.45674
565,3,14,1956,31.25712
565,3,14,1957,30.81155
565,3,14,1958,30.53208
565,3,14,1959,29.97831
565,3,14,1960,29.89706
565,3,14,1961,30.0624
565,3,14,1962,29.88442
565,3,14,1963,29.64736
565,3,14,1964,29.8679
565,3,14,1965,30.1909
565,3,14,1966,30.04213
565,3,14,1967,30.07655
565,3,14,1968,29.94439
565,3,14,1969,30.01164
565,3,14,1970,30.10844
565,3,14,1971,30.59509
565,3,14,1972,30.46012
565,3,14,1973,30.46192
565,3,14,1974,30.7975
565,3,14,1975,31.21647
565,3,14,1976,31.39812
565,3,14,1977,31.6573
565,3,14,1978,32.06439
565,3,14,1979,32.105
565,3,14,1980,32.03066
565,3,14,1981,32.41384
565,3,14,1982,32.49841
565,3,14,1983,32.55729
565,3,14,1984,32.47449
565,3,14,1985,32.54924
565,3,14,1986,32.60354
565,3,14,1987,32.59536
565,3,14,1988,32.68958
565,3,14,1989,33.02233
565,3,14,1990,32.86653
565,3,14,1991,33.23663
565,3,14,1992,33.26308
565,3,14,1993,32.94301
565,3,14,1994,33.0663
565,3,14,1995,32.85484
565,3,14,1996,33.02582
565,3,14,1997,32.92754
565,3,14,1998,33.06854
565,3,14,1999,33.17123
565,3,14,2000,33.21669
565,3,14,2001,33.25327
565,3,14,2002,33.27
565,3,14,2003,33.32605
565,3,14,2004,33.55412
565,3,14,2005,33.62973
565,3,14,2006,33.83928
565,3,14,2007,34.02594
565,3,14,2008,34.07907
565,3,14,2009,34.12331
565,3,14,2010,34.25879
565,3,14,2011,34.27359
565,3,14,2012,34.20568
565,3,14,2013,34.30359
565,3,14,2014,34.10875
565,3,14,2015,34.26312
565,3,14,2016,34.19943
565,3,14,2017,35.14208
565,3,14,2018,35.49559
565,3,14,2019,35.64862
566,1,14,1950,30.06745
566,1,14,1951,29.99062
566,1,14,1952,29.96464
566,1,14,1953,30.35966
566,1,14,1954,30.58503
566,1,14,1955,30.56448
566,1,14,1956,30.1499
566,1,14,1957,29.67401
566,1,14,1958,29.06417
566,1,14,1959,28.00971
566,1,14,1960,28.10602
566,1,14,1961,28.25032
566,1,14,1962,28.02975
566,1,14,1963,27.90934
566,1,14,1964,28.07565
566,1,14,1965,28.14916
566,1,14,1966,27.93785
566,1,14,1967,28.04535
566,1,14,1968,27.60665
566,1,14,1969,27.85867
566,1,14,1970,27.97526
566,1,14,1971,28.31597
566,1,14,1972,27.95926
566,1,14,1973,28.01648
566,1,14,1974,28.45937
566,1,14,1975,28.76714
566,1,14,1976,28.96978
566,1,14,1977,29.17785
566,1,14,1978,29.30822
566,1,14,1979,29.44406
566,1,14,1980,29.5192
566,1,14,1981,29.57052
566,1,14,1982,29.64986
566,1,14,1983,29.80813
566,1,14,1984,29.83202
566,1,14,1985,29.97605
566,1,14,1986,30.1844
566,1,14,1987,30.55521
566,1,14,1988,30.55489
566,1,14,1989,30.70974
566,1,14,1990,30.7819
566,1,14,1991,31.06202
566,1,14,1992,31.13862
566,1,14,1993,31.15317
566,1,14,1994,31.14853
566,1,14,1995,31.41664
566,1,14,1996,31.43797
566,1,14,1997,31.74558
566,1,14,1998,31.90778
566,1,14,1999,32.10889
566,1,14,2000,32.15468
566,1,14,2001,32.17463
566,1,14,2002,32.25394
566,1,14,2003,32.62968
566,1,14,2004,32.85318
566,1,14,2005,33.12962
566,1,14,2006,33.36005
566,1,14,2007,33.37811
566,1,14,2008,33.48426
566,1,14,2009,33.68836
566,1,14,2010,33.98701
566,1,14,2011,34.08583
566,1,14,2012,34.07108
566,1,14,2013,34.10388
566,1,14,2014,34.0715
566,1,14,2015,34.19579
566,1,14,2016,34.3527
566,1,14,2017,35.67597
566,1,14,2018,36.20528
566,1,14,2019,36.5588
566,2,14,1950,34.33482
566,2,14,1951,34.34356
566,2,14,1952,34.39728
566,2,14,1953,34.67667
566,2,14,1954,35.07982
566,2,14,1955,35.32253
566,2,14,1956,35.14583
566,2,14,1957,34.77997
566,2,14,1958,34.52559
566,2,14,1959,33.67212
566,2,14,1960,33.59471
566,2,14,1961,33.8458
566,2,14,1962,33.63968
566,2,14,1963,33.59636
566,2,14,1964,33.8314
566,2,14,1965,34.0009
566,2,14,1966,33.8997
566,2,14,1967,34.06855
566,2,14,1968,33.71644
566,2,14,1969,33.87906
566,2,14,1970,34.06035
566,2,14,1971,34.18013
566,2,14,1972,34.21014
566,2,14,1973,34.14325
566,2,14,1974,34.66124
566,2,14,1975,34.96678
566,2,14,1976,35.13249
566,2,14,1977,35.41087
566,2,14,1978,35.48171
566,2,14,1979,35.50053
566,2,14,1980,35.48936
566,2,14,1981,35.74805
566,2,14,1982,35.68129
566,2,14,1983,35.6568
566,2,14,1984,35.67917
566,2,14,1985,35.77156
566,2,14,1986,35.99148
566,2,14,1987,36.04454
566,2,14,1988,36.17758
566,2,14,1989,36.19238
566,2,14,1990,36.40392
566,2,14,1991,36.49155
566,2,14,1992,36.41563
566,2,14,1993,36.44459
566,2,14,1994,36.45596
566,2,14,1995,36.35284
566,2,14,1996,36.3491
566,2,14,1997,36.29986
566,2,14,1998,36.36487
566,2,14,1999,36.2886
566,2,14,2000,36.18709
566,2,14,2001,36.22622
566,2,14,2002,36.25322
566,2,14,2003,36.45258
566,2,14,2004,36.91051
566,2,14,2005,36.93716
566,2,14,2006,36.98114
566,2,14,2007,37.13639
566,2,14,2008,37.23909
566,2,14,2009,37.41946
566,2,14,2010,37.53891
566,2,14,2011,37.71439
566,2,14,2012,37.71623
566,2,14,2013,37.70498
566,2,14,2014,37.71866
566,2,14,2015,37.78788
566,2,14,2016,38.01384
566,2,14,2017,39.14894
566,2,14,2018,39.78464
566,2,14,2019,39.85822
566,3,14,1950,31.38488
566,3,14,1951,31.38391
566,3,14,1952,31.45444
566,3,14,1953,31.60222
566,3,14,1954,32.04226
566,3,14,1955,32.1559
566,3,14,1956,31.84205
566,3,14,1957,31.44668
566,3,14,1958,31.30487
566,3,14,1959,30.65443
566,3,14,1960,30.69992
566,3,14,1961,30.89734
566,3,14,1962,30.69088
566,3,14,1963,30.60708
566,3,14,1964,30.83167
566,3,14,1965,30.95152
566,3,14,1966,30.7953
566,3,14,1967,30.94627
566,3,14,1968,30.55341
566,3,14,1969,30.77235
566,3,14,1970,30.92789
566,3,14,1971,31.1899
566,3,14,1972,31.02316
566,3,14,1973,31.0222
566,3,14,1974,31.51593
566,3,14,1975,31.84074
566,3,14,1976,32.03941
566,3,14,1977,32.28431
566,3,14,1978,32.39917
566,3,14,1979,32.46763
566,3,14,1980,32.51552
566,3,14,1981,32.67086
566,3,14,1982,32.68557
566,3,14,1983,32.76536
566,3,14,1984,32.79074
566,3,14,1985,32.91451
566,3,14,1986,33.13646
566,3,14,1987,33.35868
566,3,14,1988,33.41749
566,3,14,1989,33.50637
566,3,14,1990,33.64729
566,3,14,1991,33.83624
566,3,14,1992,33.83637
566,3,14,1993,33.85948
566,3,14,1994,33.85922
566,3,14,1995,33.94582
566,3,14,1996,33.95882
566,3,14,1997,34.08401
566,3,14,1998,34.18902
566,3,14,1999,34.24488
566,3,14,2000,34.22393
566,3,14,2001,34.24577
566,3,14,2002,34.29107
566,3,14,2003,34.57847
566,3,14,2004,34.92466
566,3,14,2005,35.06542
566,3,14,2006,35.19852
566,3,14,2007,35.27997
566,3,14,2008,35.3854
566,3,14,2009,35.57149
566,3,14,2010,35.78608
566,3,14,2011,35.91579
566,3,14,2012,35.90386
566,3,14,2013,35.92105
566,3,14,2014,35.89796
566,3,14,2015,36.00129
566,3,14,2016,36.18667
566,3,14,2017,37.09925
566,3,14,2018,37.49315
566,3,14,2019,37.66507
567,1,14,1950,30.83883
567,1,14,1951,30.87649
567,1,14,1952,31.30976
567,1,14,1953,31.2944
567,1,14,1954,31.73188
567,1,14,1955,31.56401
567,1,14,1956,31.29123
567,1,14,1957,30.86638
567,1,14,1958,30.13898
567,1,14,1959,29.40553
567,1,14,1960,28.91048
567,1,14,1961,29.25199
567,1,14,1962,29.36301
567,1,14,1963,28.844
567,1,14,1964,29.22673
567,1,14,1965,28.95484
567,1,14,1966,29.1371
567,1,14,1967,29.26695
567,1,14,1968,29.66809
567,1,14,1969,29.80039
567,1,14,1970,29.29753
567,1,14,1971,29.60232
567,1,14,1972,29.62728
567,1,14,1973,29.68613
567,1,14,1974,30.60985
567,1,14,1975,30.44506
567,1,14,1976,30.94369
567,1,14,1977,31.07676
567,1,14,1978,31.1868
567,1,14,1979,31.56804
567,1,14,1980,31.68939
567,1,14,1981,31.51729
567,1,14,1982,32.21812
567,1,14,1983,32.2696
567,1,14,1984,32.13286
567,1,14,1985,32.26065
567,1,14,1986,32.66232
567,1,14,1987,32.8946
567,1,14,1988,33.25388
567,1,14,1989,33.58867
567,1,14,1990,33.56024
567,1,14,1991,33.78241
567,1,14,1992,33.99581
567,1,14,1993,34.01839
567,1,14,1994,33.72668
567,1,14,1995,33.84127
567,1,14,1996,34.39063
567,1,14,1997,34.22635
567,1,14,1998,34.14926
567,1,14,1999,34.25255
567,1,14,2000,34.57271
567,1,14,2001,34.50156
567,1,14,2002,34.71953
567,1,14,2003,34.74336
567,1,14,2004,34.90608
567,1,14,2005,35.37732
567,1,14,2006,35.3969
567,1,14,2007,35.21187
567,1,14,2008,35.79714
567,1,14,2009,35.86571
567,1,14,2010,35.86808
567,1,14,2011,35.91936
567,1,14,2012,35.82228
567,1,14,2013,35.94126
567,1,14,2014,35.96757
567,1,14,2015,35.86792
567,1,14,2016,35.79808
567,1,14,2017,36.82357
567,1,14,2018,37.42162
567,1,14,2019,37.692
567,2,14,1950,34.19115
567,2,14,1951,34.51024
567,2,14,1952,34.70559
567,2,14,1953,34.94259
567,2,14,1954,35.21576
567,2,14,1955,35.11664
567,2,14,1956,34.82008
567,2,14,1957,34.33902
567,2,14,1958,34.09744
567,2,14,1959,33.88159
567,2,14,1960,34.05569
567,2,14,1961,33.83057
567,2,14,1962,33.98602
567,2,14,1963,33.94445
567,2,14,1964,34.21617
567,2,14,1965,34.09812
567,2,14,1966,34.07052
567,2,14,1967,34.46267
567,2,14,1968,34.68294
567,2,14,1969,34.89769
567,2,14,1970,34.98259
567,2,14,1971,35.12302
567,2,14,1972,35.26185
567,2,14,1973,35.28147
567,2,14,1974,35.46388
567,2,14,1975,36.01487
567,2,14,1976,36.31678
567,2,14,1977,36.37705
567,2,14,1978,36.23359
567,2,14,1979,36.58419
567,2,14,1980,36.52724
567,2,14,1981,36.53454
567,2,14,1982,36.53999
567,2,14,1983,36.62107
567,2,14,1984,36.93041
567,2,14,1985,36.93721
567,2,14,1986,37.13582
567,2,14,1987,37.06657
567,2,14,1988,37.14727
567,2,14,1989,37.38649
567,2,14,1990,37.84414
567,2,14,1991,37.77385
567,2,14,1992,37.73038
567,2,14,1993,37.62966
567,2,14,1994,37.72643
567,2,14,1995,37.72466
567,2,14,1996,37.7237
567,2,14,1997,37.70474
567,2,14,1998,37.65005
567,2,14,1999,37.68659
567,2,14,2000,37.61551
567,2,14,2001,37.40741
567,2,14,2002,37.59826
567,2,14,2003,37.66007
567,2,14,2004,37.87407
567,2,14,2005,37.98735
567,2,14,2006,38.00178
567,2,14,2007,38.1334
567,2,14,2008,38.51809
567,2,14,2009,38.48562
567,2,14,2010,38.66264
567,2,14,2011,38.55147
567,2,14,2012,38.50679
567,2,14,2013,38.42443
567,2,14,2014,38.25431
567,2,14,2015,38.33518
567,2,14,2016,38.60027
567,2,14,2017,39.18229
567,2,14,2018,39.72011
567,2,14,2019,39.77485
567,3,14,1950,31.7637
567,3,14,1951,31.94898
567,3,14,1952,32.09702
567,3,14,1953,32.34143
567,3,14,1954,32.63154
567,3,14,1955,32.50357
567,3,14,1956,32.59538
567,3,14,1957,32.04898
567,3,14,1958,31.79559
567,3,14,1959,31.41392
567,3,14,1960,31.21406
567,3,14,1961,31.32873
567,3,14,1962,31.48858
567,3,14,1963,31.19542
567,3,14,1964,31.51661
567,3,14,1965,31.31997
567,3,14,1966,31.41771
567,3,14,1967,31.66636
567,3,14,1968,32.01836
567,3,14,1969,32.17697
567,3,14,1970,31.93489
567,3,14,1971,32.1678
567,3,14,1972,32.24773
567,3,14,1973,32.31871
567,3,14,1974,32.93644
567,3,14,1975,33.09478
567,3,14,1976,33.53222
567,3,14,1977,33.63112
567,3,14,1978,33.62767
567,3,14,1979,33.98962
567,3,14,1980,34.05181
567,3,14,1981,33.965
567,3,14,1982,34.32813
567,3,14,1983,34.3995
567,3,14,1984,34.49005
567,3,14,1985,34.54548
567,3,14,1986,34.86496
567,3,14,1987,34.95599
567,3,14,1988,35.17049
567,3,14,1989,35.46293
567,3,14,1990,35.66697
567,3,14,1991,35.77454
567,3,14,1992,35.84362
567,3,14,1993,35.7999
567,3,14,1994,35.68184
567,3,14,1995,35.75457
567,3,14,1996,36.04197
567,3,14,1997,35.93165
567,3,14,1998,35.86692
567,3,14,1999,35.92844
567,3,14,2000,36.05037
567,3,14,2001,35.93131
567,3,14,2002,36.12845
567,3,14,2003,36.15575
567,3,14,2004,36.35854
567,3,14,2005,36.63685
567,3,14,2006,36.64359
567,3,14,2007,36.61237
567,3,14,2008,37.10637
567,3,14,2009,37.12357
567,3,14,2010,37.20579
567,3,14,2011,37.16822
567,3,14,2012,37.09463
567,3,14,2013,37.13308
567,3,14,2014,37.04474
567,3,14,2015,37.03968
567,3,14,2016,37.11989
567,3,14,2017,37.78117
567,3,14,2018,38.14991
567,3,14,2019,38.27972
568,1,14,1950,28.71812
568,1,14,1951,28.69943
568,1,14,1952,28.83121
568,1,14,1953,28.93454
568,1,14,1954,29.48198
568,1,14,1955,29.18222
568,1,14,1956,28.79303
568,1,14,1957,28.22636
568,1,14,1958,27.86535
568,1,14,1959,27.69762
568,1,14,1960,27.78905
568,1,14,1961,27.82895
568,1,14,1962,27.7397
568,1,14,1963,27.61661
568,1,14,1964,27.50924
568,1,14,1965,27.58903
568,1,14,1966,27.60937
568,1,14,1967,27.66389
568,1,14,1968,27.65331
568,1,14,1969,27.67806
568,1,14,1970,27.88572
568,1,14,1971,27.9881
568,1,14,1972,28.39624
568,1,14,1973,28.20575
568,1,14,1974,28.53104
568,1,14,1975,28.77193
568,1,14,1976,29.14221
568,1,14,1977,29.46482
568,1,14,1978,29.62708
568,1,14,1979,29.7847
568,1,14,1980,29.89106
568,1,14,1981,30.06422
568,1,14,1982,30.15457
568,1,14,1983,30.3227
568,1,14,1984,30.43593
568,1,14,1985,30.54321
568,1,14,1986,30.75741
568,1,14,1987,30.99782
568,1,14,1988,31.33539
568,1,14,1989,31.46026
568,1,14,1990,31.62131
568,1,14,1991,31.9868
568,1,14,1992,32.03567
568,1,14,1993,32.0688
568,1,14,1994,32.25358
568,1,14,1995,32.34913
568,1,14,1996,32.63813
568,1,14,1997,32.84867
568,1,14,1998,33.12343
568,1,14,1999,33.4404
568,1,14,2000,33.69
568,1,14,2001,33.87543
568,1,14,2002,34.04463
568,1,14,2003,34.21785
568,1,14,2004,34.89085
568,1,14,2005,34.97564
568,1,14,2006,34.91678
568,1,14,2007,35.47184
568,1,14,2008,35.44626
568,1,14,2009,35.67495
568,1,14,2010,35.58395
568,1,14,2011,35.3022
568,1,14,2012,35.36615
568,1,14,2013,35.47781
568,1,14,2014,35.66871
568,1,14,2015,35.55481
568,1,14,2016,35.37671
568,1,14,2017,35.59207
568,1,14,2018,35.80525
568,1,14,2019,36.04587
568,2,14,1950,33.10394
568,2,14,1951,33.22194
568,2,14,1952,33.44
568,2,14,1953,33.42801
568,2,14,1954,33.91863
568,2,14,1955,33.85476
568,2,14,1956,33.72761
568,2,14,1957,33.34082
568,2,14,1958,33.24956
568,2,14,1959,33.11683
568,2,14,1960,32.99836
568,2,14,1961,32.98441
568,2,14,1962,32.97397
568,2,14,1963,32.99566
568,2,14,1964,33.01021
568,2,14,1965,33.09754
568,2,14,1966,33.39902
568,2,14,1967,33.50884
568,2,14,1968,33.59331
568,2,14,1969,33.7785
568,2,14,1970,33.88643
568,2,14,1971,33.99225
568,2,14,1972,34.24538
568,2,14,1973,34.5711
568,2,14,1974,34.84778
568,2,14,1975,35.21284
568,2,14,1976,35.51179
568,2,14,1977,35.81033
568,2,14,1978,35.92067
568,2,14,1979,35.98058
568,2,14,1980,35.98646
568,2,14,1981,36.02834
568,2,14,1982,36.00049
568,2,14,1983,35.94268
568,2,14,1984,35.98397
568,2,14,1985,35.9757
568,2,14,1986,36.04653
568,2,14,1987,36.20995
568,2,14,1988,36.58613
568,2,14,1989,36.76336
568,2,14,1990,36.86876
568,2,14,1991,36.95212
568,2,14,1992,37.03616
568,2,14,1993,37.02383
568,2,14,1994,37.07015
568,2,14,1995,37.12893
568,2,14,1996,37.20473
568,2,14,1997,37.33704
568,2,14,1998,37.53652
568,2,14,1999,37.38917
568,2,14,2000,37.35445
568,2,14,2001,37.48477
568,2,14,2002,37.55995
568,2,14,2003,37.59975
568,2,14,2004,37.74564
568,2,14,2005,38.1795
568,2,14,2006,38.3766
568,2,14,2007,38.74667
568,2,14,2008,39.23373
568,2,14,2009,39.74441
568,2,14,2010,39.67857
568,2,14,2011,39.72357
568,2,14,2012,39.58949
568,2,14,2013,39.58464
568,2,14,2014,39.65948
568,2,14,2015,39.75879
568,2,14,2016,39.86165
568,2,14,2017,40.00147
568,2,14,2018,40.12947
568,2,14,2019,39.95073
568,3,14,1950,30.2945
568,3,14,1951,30.34547
568,3,14,1952,30.49142
568,3,14,1953,30.59773
568,3,14,1954,31.10255
568,3,14,1955,30.89183
568,3,14,1956,30.71881
568,3,14,1957,30.34855
568,3,14,1958,30.21733
568,3,14,1959,30.12176
568,3,14,1960,30.18159
568,3,14,1961,30.23347
568,3,14,1962,30.18372
568,3,14,1963,30.14467
568,3,14,1964,30.06451
568,3,14,1965,30.16083
568,3,14,1966,30.33552
568,3,14,1967,30.41545
568,3,14,1968,30.45388
568,3,14,1969,30.55338
568,3,14,1970,30.77057
568,3,14,1971,30.83266
568,3,14,1972,31.22105
568,3,14,1973,31.2595
568,3,14,1974,31.57029
568,3,14,1975,31.8776
568,3,14,1976,32.23463
568,3,14,1977,32.5824
568,3,14,1978,32.70319
568,3,14,1979,32.85217
568,3,14,1980,32.90383
568,3,14,1981,33.02254
568,3,14,1982,33.04772
568,3,14,1983,33.09857
568,3,14,1984,33.19994
568,3,14,1985,33.24852
568,3,14,1986,33.39875
568,3,14,1987,33.59976
568,3,14,1988,33.95774
568,3,14,1989,34.07935
568,3,14,1990,34.22371
568,3,14,1991,34.46071
568,3,14,1992,34.50663
568,3,14,1993,34.5183
568,3,14,1994,34.65373
568,3,14,1995,34.69974
568,3,14,1996,34.90959
568,3,14,1997,35.09283
568,3,14,1998,35.34726
568,3,14,1999,35.37158
568,3,14,2000,35.50986
568,3,14,2001,35.64817
568,3,14,2002,35.776
568,3,14,2003,35.85158
568,3,14,2004,36.26842
568,3,14,2005,36.54638
568,3,14,2006,36.6251
568,3,14,2007,37.07652
568,3,14,2008,37.30439
568,3,14,2009,37.66659
568,3,14,2010,37.56917
568,3,14,2011,37.46052
568,3,14,2012,37.3982
568,3,14,2013,37.47085
568,3,14,2014,37.59482
568,3,14,2015,37.55339
568,3,14,2016,37.46578
568,3,14,2017,37.5464
568,3,14,2018,37.71982
568,3,14,2019,37.69186
569,1,14,1950,28.20957
569,1,14,1951,28.10751
569,1,14,1952,28.33415
569,1,14,1953,28.51313
569,1,14,1954,28.89725
569,1,14,1955,28.97584
569,1,14,1956,28.75679
569,1,14,1957,28.13485
569,1,14,1958,27.74699
569,1,14,1959,26.66827
569,1,14,1960,26.63534
569,1,14,1961,26.75388
569,1,14,1962,26.55502
569,1,14,1963,26.49482
569,1,14,1964,26.5162
569,1,14,1965,26.54179
569,1,14,1966,26.70403
569,1,14,1967,26.70128
569,1,14,1968,26.2207
569,1,14,1969,26.76043
569,1,14,1970,26.85859
569,1,14,1971,26.95019
569,1,14,1972,26.78348
569,1,14,1973,26.79926
569,1,14,1974,27.39511
569,1,14,1975,27.75432
569,1,14,1976,27.89719
569,1,14,1977,28.27766
569,1,14,1978,28.39868
569,1,14,1979,28.52216
569,1,14,1980,28.54762
569,1,14,1981,28.95105
569,1,14,1982,29.1503
569,1,14,1983,29.3476
569,1,14,1984,29.45035
569,1,14,1985,29.53665
569,1,14,1986,29.71623
569,1,14,1987,29.95986
569,1,14,1988,29.91445
569,1,14,1989,30.49176
569,1,14,1990,30.61405
569,1,14,1991,30.72917
569,1,14,1992,30.99788
569,1,14,1993,30.81245
569,1,14,1994,31.15673
569,1,14,1995,31.20562
569,1,14,1996,31.43436
569,1,14,1997,31.72338
569,1,14,1998,31.93568
569,1,14,1999,32.04519
569,1,14,2000,32.2071
569,1,14,2001,32.50189
569,1,14,2002,32.62614
569,1,14,2003,32.61657
569,1,14,2004,33.26899
569,1,14,2005,33.26334
569,1,14,2006,33.54076
569,1,14,2007,33.78506
569,1,14,2008,33.90661
569,1,14,2009,34.16995
569,1,14,2010,34.45274
569,1,14,2011,34.56848
569,1,14,2012,34.69251
569,1,14,2013,34.80812
569,1,14,2014,34.90786
569,1,14,2015,34.98253
569,1,14,2016,34.92915
569,1,14,2017,36.04145
569,1,14,2018,36.51465
569,1,14,2019,36.75369
569,2,14,1950,32.46011
569,2,14,1951,32.50068
569,2,14,1952,32.76241
569,2,14,1953,33.17631
569,2,14,1954,33.52209
569,2,14,1955,33.61722
569,2,14,1956,33.35317
569,2,14,1957,32.91422
569,2,14,1958,32.53943
569,2,14,1959,31.77737
569,2,14,1960,31.88058
569,2,14,1961,32.07248
569,2,14,1962,31.98639
569,2,14,1963,32.0649
569,2,14,1964,32.18625
569,2,14,1965,32.48758
569,2,14,1966,32.48643
569,2,14,1967,32.65291
569,2,14,1968,32.64569
569,2,14,1969,32.79665
569,2,14,1970,33.22088
569,2,14,1971,33.41613
569,2,14,1972,33.23952
569,2,14,1973,33.50842
569,2,14,1974,34.00178
569,2,14,1975,34.4443
569,2,14,1976,34.67437
569,2,14,1977,35.00679
569,2,14,1978,34.89687
569,2,14,1979,35.04282
569,2,14,1980,35.04874
569,2,14,1981,35.17235
569,2,14,1982,35.48409
569,2,14,1983,35.42523
569,2,14,1984,35.27218
569,2,14,1985,35.40011
569,2,14,1986,35.44784
569,2,14,1987,35.55371
569,2,14,1988,35.79703
569,2,14,1989,35.87353
569,2,14,1990,36.07918
569,2,14,1991,36.13072
569,2,14,1992,36.24965
569,2,14,1993,36.13035
569,2,14,1994,36.185
569,2,14,1995,36.07056
569,2,14,1996,36.08102
569,2,14,1997,36.28505
569,2,14,1998,36.2961
569,2,14,1999,36.38284
569,2,14,2000,36.247
569,2,14,2001,36.36827
569,2,14,2002,36.59463
569,2,14,2003,36.75164
569,2,14,2004,36.99974
569,2,14,2005,36.99159
569,2,14,2006,37.3507
569,2,14,2007,37.43428
569,2,14,2008,37.59225
569,2,14,2009,37.8646
569,2,14,2010,38.10386
569,2,14,2011,38.02841
569,2,14,2012,38.22169
569,2,14,2013,38.31487
569,2,14,2014,38.19441
569,2,14,2015,38.43254
569,2,14,2016,38.45614
569,2,14,2017,39.49037
569,2,14,2018,40.02978
569,2,14,2019,40.16822
569,3,14,1950,29.68588
569,3,14,1951,29.80572
569,3,14,1952,29.72327
569,3,14,1953,30.01492
569,3,14,1954,30.33634
569,3,14,1955,30.57166
569,3,14,1956,30.28748
569,3,14,1957,29.89197
569,3,14,1958,29.74083
569,3,14,1959,29.06869
569,3,14,1960,29.12419
569,3,14,1961,29.28402
569,3,14,1962,29.1198
569,3,14,1963,29.13249
569,3,14,1964,29.21817
569,3,14,1965,29.37301
569,3,14,1966,29.47564
569,3,14,1967,29.56277
569,3,14,1968,29.286
569,3,14,1969,29.68753
569,3,14,1970,29.93107
569,3,14,1971,30.09056
569,3,14,1972,29.93047
569,3,14,1973,30.06149
569,3,14,1974,30.65609
569,3,14,1975,31.0513
569,3,14,1976,31.2508
569,3,14,1977,31.61127
569,3,14,1978,31.64373
569,3,14,1979,31.79821
569,3,14,1980,31.8098
569,3,14,1981,32.09411
569,3,14,1982,32.34433
569,3,14,1983,32.43865
569,3,14,1984,32.41465
569,3,14,1985,32.5227
569,3,14,1986,32.63161
569,3,14,1987,32.80677
569,3,14,1988,32.91
569,3,14,1989,33.26908
569,3,14,1990,33.41405
569,3,14,1991,33.50451
569,3,14,1992,33.71183
569,3,14,1993,33.52443
569,3,14,1994,33.75275
569,3,14,1995,33.71223
569,3,14,1996,33.82573
569,3,14,1997,34.08291
569,3,14,1998,34.1848
569,3,14,1999,34.26599
569,3,14,2000,34.28011
569,3,14,2001,34.49275
569,3,14,2002,34.65778
569,3,14,2003,34.72532
569,3,14,2004,35.19001
569,3,14,2005,35.16967
569,3,14,2006,35.48128
569,3,14,2007,35.6539
569,3,14,2008,35.78142
569,3,14,2009,36.05156
569,3,14,2010,36.31921
569,3,14,2011,36.32163
569,3,14,2012,36.47649
569,3,14,2013,36.58267
569,3,14,2014,36.57755
569,3,14,2015,36.72072
569,3,14,2016,36.70162
569,3,14,2017,37.50857
569,3,14,2018,37.86039
569,3,14,2019,37.9853
570,1,14,1950,29.77565
570,1,14,1951,29.79334
570,1,14,1952,29.77712
570,1,14,1953,30.01782
570,1,14,1954,30.29043
570,1,14,1955,30.20725
570,1,14,1956,29.9698
570,1,14,1957,29.38772
570,1,14,1958,28.93891
570,1,14,1959,27.87696
570,1,14,1960,28.23231
570,1,14,1961,28.23418
570,1,14,1962,28.16455
570,1,14,1963,28.19658
570,1,14,1964,28.24188
570,1,14,1965,28.50039
570,1,14,1966,28.19625
570,1,14,1967,28.18146
570,1,14,1968,27.90647
570,1,14,1969,28.00803
570,1,14,1970,28.39094
570,1,14,1971,28.76659
570,1,14,1972,28.7646
570,1,14,1973,29.04648
570,1,14,1974,29.4197
570,1,14,1975,29.74685
570,1,14,1976,30.10209
570,1,14,1977,30.19076
570,1,14,1978,30.48491
570,1,14,1979,30.77616
570,1,14,1980,30.78028
570,1,14,1981,31.15599
570,1,14,1982,31.50604
570,1,14,1983,31.35688
570,1,14,1984,31.42631
570,1,14,1985,31.46164
570,1,14,1986,31.94343
570,1,14,1987,32.04538
570,1,14,1988,32.09506
570,1,14,1989,32.61457
570,1,14,1990,32.35806
570,1,14,1991,32.73124
570,1,14,1992,32.73011
570,1,14,1993,32.45325
570,1,14,1994,32.85799
570,1,14,1995,33.02191
570,1,14,1996,32.92496
570,1,14,1997,33.40726
570,1,14,1998,33.41923
570,1,14,1999,33.51013
570,1,14,2000,33.58039
570,1,14,2001,33.90907
570,1,14,2002,33.84413
570,1,14,2003,34.00659
570,1,14,2004,34.54593
570,1,14,2005,34.48672
570,1,14,2006,34.86865
570,1,14,2007,34.90561
570,1,14,2008,34.93812
570,1,14,2009,35.10508
570,1,14,2010,35.39188
570,1,14,2011,35.505
570,1,14,2012,35.53294
570,1,14,2013,35.64531
570,1,14,2014,35.64008
570,1,14,2015,35.6181
570,1,14,2016,35.82851
570,1,14,2017,36.87191
570,1,14,2018,37.58102
570,1,14,2019,37.89458
570,2,14,1950,34.27132
570,2,14,1951,34.47571
570,2,14,1952,34.63074
570,2,14,1953,34.97343
570,2,14,1954,35.14887
570,2,14,1955,35.2093
570,2,14,1956,34.98321
570,2,14,1957,34.59758
570,2,14,1958,34.03876
570,2,14,1959,33.38918
570,2,14,1960,33.66709
570,2,14,1961,33.89352
570,2,14,1962,33.80544
570,2,14,1963,33.65766
570,2,14,1964,33.83979
570,2,14,1965,34.17547
570,2,14,1966,33.9327
570,2,14,1967,33.7639
570,2,14,1968,33.90486
570,2,14,1969,34.03229
570,2,14,1970,34.14243
570,2,14,1971,34.4782
570,2,14,1972,34.63732
570,2,14,1973,35.02108
570,2,14,1974,35.06966
570,2,14,1975,35.55321
570,2,14,1976,35.64084
570,2,14,1977,35.99583
570,2,14,1978,36.0911
570,2,14,1979,36.30791
570,2,14,1980,36.19828
570,2,14,1981,36.14049
570,2,14,1982,36.22919
570,2,14,1983,36.52532
570,2,14,1984,36.69761
570,2,14,1985,36.4926
570,2,14,1986,36.79429
570,2,14,1987,36.869
570,2,14,1988,36.66682
570,2,14,1989,36.9651
570,2,14,1990,37.13277
570,2,14,1991,36.94075
570,2,14,1992,37.09688
570,2,14,1993,37.10974
570,2,14,1994,37.20123
570,2,14,1995,37.02641
570,2,14,1996,37.12492
570,2,14,1997,37.10244
570,2,14,1998,37.21844
570,2,14,1999,37.15265
570,2,14,2000,37.34613
570,2,14,2001,37.3872
570,2,14,2002,37.26596
570,2,14,2003,37.58392
570,2,14,2004,37.79397
570,2,14,2005,37.93794
570,2,14,2006,37.98847
570,2,14,2007,38.01995
570,2,14,2008,38.13451
570,2,14,2009,38.23556
570,2,14,2010,38.76413
570,2,14,2011,38.68838
570,2,14,2012,38.95397
570,2,14,2013,38.98647
570,2,14,2014,38.94343
570,2,14,2015,38.91669
570,2,14,2016,39.17041
570,2,14,2017,40.15358
570,2,14,2018,40.7747
570,2,14,2019,40.88245
570,3,14,1950,31.13663
570,3,14,1951,31.20147
570,3,14,1952,31.26675
570,3,14,1953,31.42992
570,3,14,1954,31.85683
570,3,14,1955,31.84201
570,3,14,1956,31.66422
570,3,14,1957,31.29907
570,3,14,1958,30.92213
570,3,14,1959,30.32662
570,3,14,1960,30.65938
570,3,14,1961,30.7419
570,3,14,1962,30.68909
570,3,14,1963,30.66445
570,3,14,1964,30.79
570,3,14,1965,31.09128
570,3,14,1966,30.83694
570,3,14,1967,30.76255
570,3,14,1968,30.68337
570,3,14,1969,30.81089
570,3,14,1970,31.09269
570,3,14,1971,31.48133
570,3,14,1972,31.56438
570,3,14,1973,31.9002
570,3,14,1974,32.13609
570,3,14,1975,32.55066
570,3,14,1976,32.8037
570,3,14,1977,33.03517
570,3,14,1978,33.22918
570,3,14,1979,33.49646
570,3,14,1980,33.46266
570,3,14,1981,33.64689
570,3,14,1982,33.86666
570,3,14,1983,33.92698
570,3,14,1984,34.04605
570,3,14,1985,33.97429
570,3,14,1986,34.37543
570,3,14,1987,34.46151
570,3,14,1988,34.38113
570,3,14,1989,34.8175
570,3,14,1990,34.73536
570,3,14,1991,34.85567
570,3,14,1992,34.90911
570,3,14,1993,34.77024
570,3,14,1994,35.03082
570,3,14,1995,35.04853
570,3,14,1996,35.02268
570,3,14,1997,35.26307
570,3,14,1998,35.32147
570,3,14,1999,35.33417
570,3,14,2000,35.4779
570,3,14,2001,35.64502
570,3,14,2002,35.54364
570,3,14,2003,35.78719
570,3,14,2004,36.17175
570,3,14,2005,36.20731
570,3,14,2006,36.41253
570,3,14,2007,36.45126
570,3,14,2008,36.52497
570,3,14,2009,36.66464
570,3,14,2010,37.06094
570,3,14,2011,37.07222
570,3,14,2012,37.21513
570,3,14,2013,37.28327
570,3,14,2014,37.26531
570,3,14,2015,37.22671
570,3,14,2016,37.46324
570,3,14,2017,38.25338
570,3,14,2018,38.69044
570,3,14,2019,38.77666
571,1,14,1950,28.89113
571,1,14,1951,28.76977
571,1,14,1952,28.90519
571,1,14,1953,29.2717
571,1,14,1954,29.55615
571,1,14,1955,29.52884
571,1,14,1956,29.54078
571,1,14,1957,28.99364
571,1,14,1958,28.76193
571,1,14,1959,27.66079
571,1,14,1960,27.41399
571,1,14,1961,27.70668
571,1,14,1962,27.23509
571,1,14,1963,26.81908
571,1,14,1964,27.22351
571,1,14,1965,27.07497
571,1,14,1966,26.89485
571,1,14,1967,26.90774
571,1,14,1968,26.64322
571,1,14,1969,26.75116
571,1,14,1970,26.74022
571,1,14,1971,26.94254
571,1,14,1972,26.57937
571,1,14,1973,26.94774
571,1,14,1974,27.32999
571,1,14,1975,27.50569
571,1,14,1976,27.66265
571,1,14,1977,27.90853
571,1,14,1978,27.96464
571,1,14,1979,28.54438
571,1,14,1980,28.42633
571,1,14,1981,28.84535
571,1,14,1982,28.54534
571,1,14,1983,29.14328
571,1,14,1984,29.31875
571,1,14,1985,29.1809
571,1,14,1986,29.38875
571,1,14,1987,29.4392
571,1,14,1988,29.70583
571,1,14,1989,29.70234
571,1,14,1990,30.20363
571,1,14,1991,29.94049
571,1,14,1992,30.30016
571,1,14,1993,30.13101
571,1,14,1994,30.42431
571,1,14,1995,30.52398
571,1,14,1996,30.60809
571,1,14,1997,30.76652
571,1,14,1998,30.73581
571,1,14,1999,31.04598
571,1,14,2000,31.14471
571,1,14,2001,31.29556
571,1,14,2002,31.20257
571,1,14,2003,31.44671
571,1,14,2004,31.7931
571,1,14,2005,31.91332
571,1,14,2006,31.71408
571,1,14,2007,31.57437
571,1,14,2008,31.99224
571,1,14,2009,31.84155
571,1,14,2010,32.1474
571,1,14,2011,31.92892
571,1,14,2012,32.13762
571,1,14,2013,32.34339
571,1,14,2014,32.30818
571,1,14,2015,32.40676
571,1,14,2016,32.15011
571,1,14,2017,33.37756
571,1,14,2018,33.616
571,1,14,2019,33.90589
571,2,14,1950,33.20478
571,2,14,1951,33.41402
571,2,14,1952,33.23387
571,2,14,1953,33.80581
571,2,14,1954,33.99272
571,2,14,1955,34.01246
571,2,14,1956,33.91241
571,2,14,1957,33.45131
571,2,14,1958,33.03823
571,2,14,1959,32.50436
571,2,14,1960,32.96955
571,2,14,1961,32.57742
571,2,14,1962,32.60813
571,2,14,1963,32.33972
571,2,14,1964,32.50276
571,2,14,1965,32.5035
571,2,14,1966,32.86279
571,2,14,1967,32.68599
571,2,14,1968,32.63289
571,2,14,1969,32.79886
571,2,14,1970,32.38556
571,2,14,1971,33.05758
571,2,14,1972,32.52704
571,2,14,1973,33.43914
571,2,14,1974,33.74763
571,2,14,1975,33.8655
571,2,14,1976,34.11306
571,2,14,1977,34.22813
571,2,14,1978,34.53073
571,2,14,1979,34.46948
571,2,14,1980,34.80489
571,2,14,1981,35.38724
571,2,14,1982,35.33293
571,2,14,1983,35.31386
571,2,14,1984,34.86705
571,2,14,1985,35.3442
571,2,14,1986,35.02826
571,2,14,1987,35.25225
571,2,14,1988,35.38139
571,2,14,1989,35.68474
571,2,14,1990,36.04972
571,2,14,1991,35.67296
571,2,14,1992,35.56851
571,2,14,1993,35.35198
571,2,14,1994,35.61655
571,2,14,1995,35.89878
571,2,14,1996,35.4684
571,2,14,1997,35.41699
571,2,14,1998,35.60384
571,2,14,1999,35.67317
571,2,14,2000,35.38898
571,2,14,2001,35.54245
571,2,14,2002,35.7169
571,2,14,2003,35.48343
571,2,14,2004,35.71364
571,2,14,2005,35.70575
571,2,14,2006,35.94801
571,2,14,2007,35.88478
571,2,14,2008,35.87319
571,2,14,2009,35.83833
571,2,14,2010,36.2075
571,2,14,2011,35.84258
571,2,14,2012,35.9576
571,2,14,2013,36.14803
571,2,14,2014,36.0151
571,2,14,2015,35.90027
571,2,14,2016,35.65587
571,2,14,2017,36.42639
571,2,14,2018,37.14057
571,2,14,2019,37.29088
571,3,14,1950,30.1582
571,3,14,1951,30.1896
571,3,14,1952,30.28758
571,3,14,1953,30.48589
571,3,14,1954,30.92391
571,3,14,1955,31.04192
571,3,14,1956,30.8374
571,3,14,1957,30.56161
571,3,14,1958,30.41474
571,3,14,1959,29.84172
571,3,14,1960,29.89077
571,3,14,1961,29.90489
571,3,14,1962,29.6803
571,3,14,1963,29.32182
571,3,14,1964,29.64461
571,3,14,1965,29.56944
571,3,14,1966,29.62608
571,3,14,1967,29.58573
571,3,14,1968,29.41196
571,3,14,1969,29.57017
571,3,14,1970,29.40455
571,3,14,1971,29.80664
571,3,14,1972,29.40038
571,3,14,1973,30.00413
571,3,14,1974,30.3688
571,3,14,1975,30.56103
571,3,14,1976,30.74776
571,3,14,1977,30.95481
571,3,14,1978,31.14896
571,3,14,1979,31.45883
571,3,14,1980,31.56325
571,3,14,1981,32.05304
571,3,14,1982,31.86044
571,3,14,1983,32.18933
571,3,14,1984,32.08361
571,3,14,1985,32.24405
571,3,14,1986,32.2003
571,3,14,1987,32.31486
571,3,14,1988,32.53192
571,3,14,1989,32.68069
571,3,14,1990,33.12751
571,3,14,1991,32.78618
571,3,14,1992,32.94647
571,3,14,1993,32.76555
571,3,14,1994,33.03498
571,3,14,1995,33.21679
571,3,14,1996,33.05611
571,3,14,1997,33.08664
571,3,14,1998,33.15809
571,3,14,1999,33.34252
571,3,14,2000,33.25529
571,3,14,2001,33.40687
571,3,14,2002,33.41372
571,3,14,2003,33.41965
571,3,14,2004,33.72241
571,3,14,2005,33.77029
571,3,14,2006,33.78144
571,3,14,2007,33.67192
571,3,14,2008,33.86734
571,3,14,2009,33.77882
571,3,14,2010,34.11211
571,3,14,2011,33.81016
571,3,14,2012,33.97574
571,3,14,2013,34.1724
571,3,14,2014,34.07101
571,3,14,2015,34.04124
571,3,14,2016,33.79006
571,3,14,2017,34.48738
571,3,14,2018,34.75775
571,3,14,2019,34.95945
572,1,14,1950,30.22946
572,1,14,1951,30.24489
572,1,14,1952,30.37883
572,1,14,1953,30.59022
572,1,14,1954,30.96825
572,1,14,1955,30.97702
572,1,14,1956,30.59596
572,1,14,1957,30.03328
572,1,14,1958,29.36647
572,1,14,1959,28.41012
572,1,14,1960,28.46087
572,1,14,1961,28.6895
572,1,14,1962,28.68545
572,1,14,1963,28.5676
572,1,14,1964,28.70274
572,1,14,1965,28.39418
572,1,14,1966,28.39652
572,1,14,1967,28.65419
572,1,14,1968,28.55604
572,1,14,1969,28.53936
572,1,14,1970,28.81064
572,1,14,1971,28.96953
572,1,14,1972,28.78161
572,1,14,1973,29.30619
572,1,14,1974,29.25782
572,1,14,1975,29.71852
572,1,14,1976,29.92273
572,1,14,1977,30.18218
572,1,14,1978,30.29971
572,1,14,1979,30.54365
572,1,14,1980,30.5434
572,1,14,1981,30.68824
572,1,14,1982,30.92783
572,1,14,1983,31.03855
572,1,14,1984,31.10765
572,1,14,1985,31.41973
572,1,14,1986,31.44199
572,1,14,1987,31.49094
572,1,14,1988,31.85034
572,1,14,1989,31.99325
572,1,14,1990,31.95475
572,1,14,1991,32.24835
572,1,14,1992,32.50831
572,1,14,1993,32.3376
572,1,14,1994,32.45707
572,1,14,1995,32.53966
572,1,14,1996,32.64932
572,1,14,1997,33.04717
572,1,14,1998,33.04162
572,1,14,1999,33.01478
572,1,14,2000,33.23419
572,1,14,2001,33.38632
572,1,14,2002,33.49812
572,1,14,2003,33.81408
572,1,14,2004,34.31161
572,1,14,2005,34.15438
572,1,14,2006,34.71388
572,1,14,2007,34.56721
572,1,14,2008,34.94545
572,1,14,2009,35.1717
572,1,14,2010,35.10768
572,1,14,2011,35.02865
572,1,14,2012,35.3074
572,1,14,2013,35.17257
572,1,14,2014,35.39656
572,1,14,2015,35.19133
572,1,14,2016,35.11212
572,1,14,2017,35.98399
572,1,14,2018,36.73944
572,1,14,2019,37.00542
572,2,14,1950,34.15057
572,2,14,1951,34.22793
572,2,14,1952,34.29704
572,2,14,1953,34.79686
572,2,14,1954,34.93441
572,2,14,1955,34.77263
572,2,14,1956,34.61067
572,2,14,1957,34.26982
572,2,14,1958,33.75178
572,2,14,1959,33.03156
572,2,14,1960,33.04875
572,2,14,1961,33.42369
572,2,14,1962,33.2175
572,2,14,1963,33.24673
572,2,14,1964,33.38201
572,2,14,1965,33.64055
572,2,14,1966,33.66828
572,2,14,1967,33.95917
572,2,14,1968,33.73219
572,2,14,1969,34.06159
572,2,14,1970,34.33118
572,2,14,1971,34.54261
572,2,14,1972,34.42185
572,2,14,1973,34.79949
572,2,14,1974,35.22154
572,2,14,1975,35.59283
572,2,14,1976,35.55859
572,2,14,1977,35.87815
572,2,14,1978,36.05591
572,2,14,1979,36.40206
572,2,14,1980,36.38133
572,2,14,1981,36.39358
572,2,14,1982,36.58056
572,2,14,1983,36.78722
572,2,14,1984,36.78263
572,2,14,1985,36.97277
572,2,14,1986,36.7244
572,2,14,1987,37.0448
572,2,14,1988,36.86503
572,2,14,1989,37.33352
572,2,14,1990,37.13928
572,2,14,1991,37.54236
572,2,14,1992,37.61555
572,2,14,1993,37.24848
572,2,14,1994,37.39597
572,2,14,1995,37.42
572,2,14,1996,37.40426
572,2,14,1997,37.5953
572,2,14,1998,37.48333
572,2,14,1999,37.62075
572,2,14,2000,37.48864
572,2,14,2001,37.70789
572,2,14,2002,37.70311
572,2,14,2003,38.0003
572,2,14,2004,38.17716
572,2,14,2005,38.1205
572,2,14,2006,38.34055
572,2,14,2007,38.43629
572,2,14,2008,38.66792
572,2,14,2009,38.88837
572,2,14,2010,38.75266
572,2,14,2011,38.64903
572,2,14,2012,38.71401
572,2,14,2013,38.69939
572,2,14,2014,38.65722
572,2,14,2015,39.03118
572,2,14,2016,38.71826
572,2,14,2017,39.73455
572,2,14,2018,40.18037
572,2,14,2019,40.31731
572,3,14,1950,31.42464
572,3,14,1951,31.35288
572,3,14,1952,31.61974
572,3,14,1953,31.7084
572,3,14,1954,32.08602
572,3,14,1955,32.0784
572,3,14,1956,31.92565
572,3,14,1957,31.50627
572,3,14,1958,31.09693
572,3,14,1959,30.52167
572,3,14,1960,30.55442
572,3,14,1961,30.86348
572,3,14,1962,30.7735
572,3,14,1963,30.72305
572,3,14,1964,30.88301
572,3,14,1965,30.82778
572,3,14,1966,30.85952
572,3,14,1967,31.1466
572,3,14,1968,30.99509
572,3,14,1969,31.13844
572,3,14,1970,31.43029
572,3,14,1971,31.62007
572,3,14,1972,31.47759
572,3,14,1973,31.96281
572,3,14,1974,32.13032
572,3,14,1975,32.56136
572,3,14,1976,32.67495
572,3,14,1977,32.95996
572,3,14,1978,33.12151
572,3,14,1979,33.43814
572,3,14,1980,33.42403
572,3,14,1981,33.51073
572,3,14,1982,33.72954
572,3,14,1983,33.89212
572,3,14,1984,33.93559
572,3,14,1985,34.20004
572,3,14,1986,34.1024
572,3,14,1987,34.27309
572,3,14,1988,34.39074
572,3,14,1989,34.68132
572,3,14,1990,34.58397
572,3,14,1991,34.91188
572,3,14,1992,35.08876
572,3,14,1993,34.81539
572,3,14,1994,34.95354
572,3,14,1995,35.01152
572,3,14,1996,35.03673
572,3,14,1997,35.34733
572,3,14,1998,35.28955
572,3,14,1999,35.33081
572,3,14,2000,35.37857
572,3,14,2001,35.55403
572,3,14,2002,35.62384
572,3,14,2003,35.90932
572,3,14,2004,36.2583
572,3,14,2005,36.15843
572,3,14,2006,36.54748
572,3,14,2007,36.49801
572,3,14,2008,36.79879
572,3,14,2009,37.03422
572,3,14,2010,36.91583
572,3,14,2011,36.81914
572,3,14,2012,36.98245
572,3,14,2013,36.90352
572,3,14,2014,36.99642
572,3,14,2015,37.06848
572,3,14,2016,36.87661
572,3,14,2017,37.57238
572,3,14,2018,37.90788
572,3,14,2019,38.14014
573,1,14,1950,29.72395
573,1,14,1951,29.85838
573,1,14,1952,29.86174
573,1,14,1953,29.96862
573,1,14,1954,30.72765
573,1,14,1955,30.29755
573,1,14,1956,30.05093
573,1,14,1957,29.43271
573,1,14,1958,29.0766
573,1,14,1959,28.88975
573,1,14,1960,28.64694
573,1,14,1961,28.73169
573,1,14,1962,28.76479
573,1,14,1963,28.70662
573,1,14,1964,28.86381
573,1,14,1965,29.02133
573,1,14,1966,29.03478
573,1,14,1967,28.66215
573,1,14,1968,28.74531
573,1,14,1969,28.65084
573,1,14,1970,28.61557
573,1,14,1971,28.3856
573,1,14,1972,28.51578
573,1,14,1973,28.73749
573,1,14,1974,28.8843
573,1,14,1975,29.05943
573,1,14,1976,29.19797
573,1,14,1977,29.52952
573,1,14,1978,29.96941
573,1,14,1979,30.19831
573,1,14,1980,30.25745
573,1,14,1981,30.38888
573,1,14,1982,30.47194
573,1,14,1983,30.70585
573,1,14,1984,30.9416
573,1,14,1985,31.20691
573,1,14,1986,31.58512
573,1,14,1987,31.76414
573,1,14,1988,31.76971
573,1,14,1989,31.98699
573,1,14,1990,32.28399
573,1,14,1991,32.4816
573,1,14,1992,32.42185
573,1,14,1993,32.36827
573,1,14,1994,32.42971
573,1,14,1995,32.58043
573,1,14,1996,32.78918
573,1,14,1997,32.86946
573,1,14,1998,33.03887
573,1,14,1999,33.18903
573,1,14,2000,33.42158
573,1,14,2001,33.536
573,1,14,2002,33.60544
573,1,14,2003,33.76721
573,1,14,2004,34.10987
573,1,14,2005,34.15688
573,1,14,2006,34.26253
573,1,14,2007,34.59008
573,1,14,2008,34.91967
573,1,14,2009,35.05443
573,1,14,2010,35.08718
573,1,14,2011,35.21935
573,1,14,2012,35.29319
573,1,14,2013,35.36232
573,1,14,2014,35.44525
573,1,14,2015,35.57865
573,1,14,2016,35.9908
573,1,14,2017,36.36704
573,1,14,2018,36.43778
573,1,14,2019,36.7265
573,2,14,1950,33.83801
573,2,14,1951,34.0403
573,2,14,1952,34.11864
573,2,14,1953,34.24705
573,2,14,1954,34.83325
573,2,14,1955,34.70217
573,2,14,1956,34.45915
573,2,14,1957,34.08947
573,2,14,1958,33.92958
573,2,14,1959,33.79344
573,2,14,1960,33.70711
573,2,14,1961,33.85976
573,2,14,1962,34.05073
573,2,14,1963,34.18146
573,2,14,1964,34.13712
573,2,14,1965,34.08221
573,2,14,1966,34.12714
573,2,14,1967,34.13675
573,2,14,1968,34.53773
573,2,14,1969,34.57875
573,2,14,1970,34.71472
573,2,14,1971,34.7609
573,2,14,1972,34.75302
573,2,14,1973,34.77881
573,2,14,1974,34.90554
573,2,14,1975,35.17164
573,2,14,1976,35.43638
573,2,14,1977,35.66084
573,2,14,1978,35.79868
573,2,14,1979,35.9028
573,2,14,1980,36.00413
573,2,14,1981,36.19488
573,2,14,1982,36.36261
573,2,14,1983,36.51971
573,2,14,1984,36.61902
573,2,14,1985,36.76026
573,2,14,1986,36.98923
573,2,14,1987,37.04535
573,2,14,1988,36.90024
573,2,14,1989,36.96823
573,2,14,1990,37.00598
573,2,14,1991,36.96734
573,2,14,1992,37.11495
573,2,14,1993,37.12367
573,2,14,1994,37.24209
573,2,14,1995,37.25109
573,2,14,1996,37.28585
573,2,14,1997,37.49603
573,2,14,1998,37.37148
573,2,14,1999,37.29924
573,2,14,2000,37.22346
573,2,14,2001,37.0029
573,2,14,2002,36.97317
573,2,14,2003,37.10166
573,2,14,2004,37.37251
573,2,14,2005,37.59989
573,2,14,2006,37.63435
573,2,14,2007,37.74261
573,2,14,2008,37.8662
573,2,14,2009,38.03922
573,2,14,2010,38.03501
573,2,14,2011,38.10209
573,2,14,2012,38.16393
573,2,14,2013,38.30622
573,2,14,2014,38.42145
573,2,14,2015,38.4789
573,2,14,2016,38.62086
573,2,14,2017,38.83164
573,2,14,2018,39.19051
573,2,14,2019,39.09303
573,3,14,1950,30.9071
573,3,14,1951,31.05529
573,3,14,1952,31.17798
573,3,14,1953,31.18766
573,3,14,1954,31.88184
573,3,14,1955,31.71263
573,3,14,1956,31.49307
573,3,14,1957,31.11153
573,3,14,1958,30.86196
573,3,14,1959,30.80073
573,3,14,1960,30.69094
573,3,14,1961,30.81524
573,3,14,1962,30.93444
573,3,14,1963,30.96647
573,3,14,1964,31.07772
573,3,14,1965,31.14954
573,3,14,1966,31.20922
573,3,14,1967,31.02312
573,3,14,1968,31.23241
573,3,14,1969,31.22686
573,3,14,1970,31.26765
573,3,14,1971,31.19829
573,3,14,1972,31.28266
573,3,14,1973,31.41439
573,3,14,1974,31.58066
573,3,14,1975,31.81685
573,3,14,1976,32.03902
573,3,14,1977,32.32301
573,3,14,1978,32.64544
573,3,14,1979,32.84949
573,3,14,1980,32.95368
573,3,14,1981,33.11234
573,3,14,1982,33.23099
573,3,14,1983,33.44796
573,3,14,1984,33.61739
573,3,14,1985,33.86349
573,3,14,1986,34.19267
573,3,14,1987,34.29929
573,3,14,1988,34.24136
573,3,14,1989,34.41104
573,3,14,1990,34.57058
573,3,14,1991,34.67494
573,3,14,1992,34.69624
573,3,14,1993,34.68565
573,3,14,1994,34.7654
573,3,14,1995,34.87965
573,3,14,1996,34.95138
573,3,14,1997,35.08885
573,3,14,1998,35.12028
573,3,14,1999,35.17968
573,3,14,2000,35.28607
573,3,14,2001,35.21832
573,3,14,2002,35.22083
573,3,14,2003,35.36078
573,3,14,2004,35.6372
573,3,14,2005,35.78184
573,3,14,2006,35.86256
573,3,14,2007,36.05431
573,3,14,2008,36.28922
573,3,14,2009,36.43528
573,3,14,2010,36.42061
573,3,14,2011,36.52106
573,3,14,2012,36.59386
573,3,14,2013,36.69779
573,3,14,2014,36.77589
573,3,14,2015,36.87246
573,3,14,2016,37.1023
573,3,14,2017,37.33318
573,3,14,2018,37.46671
573,3,14,2019,37.53211
4618,1,14,1950,27.81351
4618,1,14,1951,27.59446
4618,1,14,1952,28.06509
4618,1,14,1953,28.38372
4618,1,14,1954,28.44678
4618,1,14,1955,28.27249
4618,1,14,1956,28.36043
4618,1,14,1957,28.46957
4618,1,14,1958,28.53607
4618,1,14,1959,28.47226
4618,1,14,1960,28.56032
4618,1,14,1961,28.50659
4618,1,14,1962,28.27958
4618,1,14,1963,28.41932
4618,1,14,1964,28.57928
4618,1,14,1965,28.59024
4618,1,14,1966,28.63037
4618,1,14,1967,29.11102
4618,1,14,1968,28.80294
4618,1,14,1969,28.54032
4618,1,14,1970,28.84416
4618,1,14,1971,28.99117
4618,1,14,1972,28.70622
4618,1,14,1973,28.94043
4618,1,14,1974,29.0066
4618,1,14,1975,29.11187
4618,1,14,1976,28.86578
4618,1,14,1977,28.96918
4618,1,14,1978,28.77017
4618,1,14,1979,28.43745
4618,1,14,1980,28.1889
4618,1,14,1981,27.91116
4618,1,14,1982,27.83078
4618,1,14,1983,28.19652
4618,1,14,1984,28.15264
4618,1,14,1985,28.12127
4618,1,14,1986,28.48574
4618,1,14,1987,28.7808
4618,1,14,1988,29.04492
4618,1,14,1989,29.12881
4618,1,14,1990,29.33567
4618,1,14,1991,29.49057
4618,1,14,1992,29.70875
4618,1,14,1993,29.82232
4618,1,14,1994,30.27981
4618,1,14,1995,30.55718
4618,1,14,1996,30.68372
4618,1,14,1997,30.88363
4618,1,14,1998,31.02609
4618,1,14,1999,31.29455
4618,1,14,2000,31.85058
4618,1,14,2001,32.0921
4618,1,14,2002,32.2969
4618,1,14,2003,32.51247
4618,1,14,2004,32.79196
4618,1,14,2005,33.44264
4618,1,14,2006,33.59827
4618,1,14,2007,33.86094
4618,1,14,2008,34.03673
4618,1,14,2009,34.48029
4618,1,14,2010,34.89659
4618,1,14,2011,34.96045
4618,1,14,2012,35.16668
4618,1,14,2013,35.1916
4618,1,14,2014,35.09161
4618,1,14,2015,35.25892
4618,1,14,2016,35.22571
4618,1,14,2017,35.14707
4618,1,14,2018,35.52833
4618,1,14,2019,35.77165
4618,2,14,1950,31.76283
4618,2,14,1951,31.70507
4618,2,14,1952,32.28445
4618,2,14,1953,32.71283
4618,2,14,1954,32.78263
4618,2,14,1955,32.86591
4618,2,14,1956,32.88133
4618,2,14,1957,33.06708
4618,2,14,1958,33.20135
4618,2,14,1959,33.2658
4618,2,14,1960,33.26811
4618,2,14,1961,33.34532
4618,2,14,1962,33.32961
4618,2,14,1963,33.45646
4618,2,14,1964,33.69976
4618,2,14,1965,33.86623
4618,2,14,1966,33.86083
4618,2,14,1967,34.05472
4618,2,14,1968,33.88132
4618,2,14,1969,33.89443
4618,2,14,1970,33.92708
4618,2,14,1971,33.96329
4618,2,14,1972,33.84828
4618,2,14,1973,33.89849
4618,2,14,1974,33.86367
4618,2,14,1975,33.98334
4618,2,14,1976,33.90074
4618,2,14,1977,33.90032
4618,2,14,1978,33.68663
4618,2,14,1979,33.48449
4618,2,14,1980,33.35186
4618,2,14,1981,33.15959
4618,2,14,1982,33.2241
4618,2,14,1983,33.48766
4618,2,14,1984,33.57896
4618,2,14,1985,33.62832
4618,2,14,1986,33.72946
4618,2,14,1987,33.76339
4618,2,14,1988,33.84055
4618,2,14,1989,33.86215
4618,2,14,1990,34.09167
4618,2,14,1991,34.13934
4618,2,14,1992,34.30781
4618,2,14,1993,34.39387
4618,2,14,1994,34.73228
4618,2,14,1995,34.98272
4618,2,14,1996,35.0616
4618,2,14,1997,35.20305
4618,2,14,1998,35.1999
4618,2,14,1999,35.42758
4618,2,14,2000,35.70678
4618,2,14,2001,36.10136
4618,2,14,2002,36.20551
4618,2,14,2003,36.24399
4618,2,14,2004,36.37163
4618,2,14,2005,36.80571
4618,2,14,2006,37.01452
4618,2,14,2007,37.24518
4618,2,14,2008,37.42004
4618,2,14,2009,37.73219
4618,2,14,2010,37.83659
4618,2,14,2011,37.80743
4618,2,14,2012,38.05141
4618,2,14,2013,38.02331
4618,2,14,2014,37.94743
4618,2,14,2015,37.97108
4618,2,14,2016,37.97746
4618,2,14,2017,38.03823
4618,2,14,2018,38.3274
4618,2,14,2019,38.66676
4618,3,14,1950,29.0741
4618,3,14,1951,28.99246
4618,3,14,1952,29.45386
4618,3,14,1953,29.85805
4618,3,14,1954,30.03856
4618,3,14,1955,29.90448
4618,3,14,1956,30.03794
4618,3,14,1957,30.10569
4618,3,14,1958,30.17843
4618,3,14,1959,30.14916
4618,3,14,1960,30.25709
4618,3,14,1961,30.20922
4618,3,14,1962,30.15631
4618,3,14,1963,30.15754
4618,3,14,1964,30.43076
4618,3,14,1965,30.56077
4618,3,14,1966,30.65859
4618,3,14,1967,30.78846
4618,3,14,1968,30.78234
4618,3,14,1969,30.56515
4618,3,14,1970,30.75536
4618,3,14,1971,30.96589
4618,3,14,1972,30.74119
4618,3,14,1973,30.8033
4618,3,14,1974,30.91087
4618,3,14,1975,30.93741
4618,3,14,1976,30.98586
4618,3,14,1977,31.03497
4618,3,14,1978,30.94181
4618,3,14,1979,30.72358
4618,3,14,1980,30.63981
4618,3,14,1981,30.52116
4618,3,14,1982,30.51737
4618,3,14,1983,30.82535
4618,3,14,1984,30.85298
4618,3,14,1985,30.84303
4618,3,14,1986,31.09438
4618,3,14,1987,31.2833
4618,3,14,1988,31.46838
4618,3,14,1989,31.50816
4618,3,14,1990,31.72602
4618,3,14,1991,31.82585
4618,3,14,1992,32.00872
4618,3,14,1993,32.10939
4618,3,14,1994,32.51767
4618,3,14,1995,32.77809
4618,3,14,1996,32.88102
4618,3,14,1997,33.04372
4618,3,14,1998,33.09603
4618,3,14,1999,33.33307
4618,3,14,2000,33.77727
4618,3,14,2001,34.09421
4618,3,14,2002,34.23881
4618,3,14,2003,34.37525
4618,3,14,2004,34.54625
4618,3,14,2005,35.12239
4618,3,14,2006,35.28728
4618,3,14,2007,35.53308
4618,3,14,2008,35.70991
4618,3,14,2009,36.11073
4618,3,14,2010,36.34335
4618,3,14,2011,36.36184
4618,3,14,2012,36.57576
4618,3,14,2013,36.58
4618,3,14,2014,36.47617
4618,3,14,2015,36.56825
4618,3,14,2016,36.56423
4618,3,14,2017,36.5522
4618,3,14,2018,36.78404
4618,3,14,2019,36.99024
4619,1,14,1950,27.79128
4619,1,14,1951,27.56136
4619,1,14,1952,27.88485
4619,1,14,1953,28.11053
4619,1,14,1954,28.29702
4619,1,14,1955,28.24317
4619,1,14,1956,28.36002
4619,1,14,1957,28.50005
4619,1,14,1958,28.47977
4619,1,14,1959,28.32626
4619,1,14,1960,28.44639
4619,1,14,1961,28.4091
4619,1,14,1962,28.36317
4619,1,14,1963,28.33185
4619,1,14,1964,28.59433
4619,1,14,1965,28.64205
4619,1,14,1966,28.58649
4619,1,14,1967,28.94172
4619,1,14,1968,28.73589
4619,1,14,1969,28.61915
4619,1,14,1970,28.71483
4619,1,14,1971,28.85728
4619,1,14,1972,28.76782
4619,1,14,1973,28.75473
4619,1,14,1974,28.884
4619,1,14,1975,28.89922
4619,1,14,1976,28.90204
4619,1,14,1977,29.00775
4619,1,14,1978,28.7244
4619,1,14,1979,28.46841
4619,1,14,1980,28.31435
4619,1,14,1981,28.02712
4619,1,14,1982,27.9723
4619,1,14,1983,28.16782
4619,1,14,1984,28.47045
4619,1,14,1985,28.45559
4619,1,14,1986,28.74137
4619,1,14,1987,29.03366
4619,1,14,1988,29.1487
4619,1,14,1989,29.54565
4619,1,14,1990,29.56544
4619,1,14,1991,29.79641
4619,1,14,1992,30.07864
4619,1,14,1993,30.14479
4619,1,14,1994,30.47438
4619,1,14,1995,30.59983
4619,1,14,1996,30.8534
4619,1,14,1997,31.1326
4619,1,14,1998,31.33794
4619,1,14,1999,31.40977
4619,1,14,2000,31.89131
4619,1,14,2001,32.23054
4619,1,14,2002,32.39902
4619,1,14,2003,32.62964
4619,1,14,2004,32.90166
4619,1,14,2005,33.17681
4619,1,14,2006,33.56261
4619,1,14,2007,33.73475
4619,1,14,2008,33.99719
4619,1,14,2009,34.301
4619,1,14,2010,34.56349
4619,1,14,2011,34.80663
4619,1,14,2012,35.02812
4619,1,14,2013,35.08511
4619,1,14,2014,35.10887
4619,1,14,2015,35.20081
4619,1,14,2016,35.25423
4619,1,14,2017,35.28367
4619,1,14,2018,35.69844
4619,1,14,2019,35.97305
4619,2,14,1950,31.80457
4619,2,14,1951,31.73923
4619,2,14,1952,32.21308
4619,2,14,1953,32.51172
4619,2,14,1954,32.67464
4619,2,14,1955,32.83727
4619,2,14,1956,32.89458
4619,2,14,1957,33.05915
4619,2,14,1958,33.26076
4619,2,14,1959,33.35801
4619,2,14,1960,33.40448
4619,2,14,1961,33.24519
4619,2,14,1962,33.29272
4619,2,14,1963,33.51167
4619,2,14,1964,33.72827
4619,2,14,1965,33.91327
4619,2,14,1966,33.9124
4619,2,14,1967,34.03806
4619,2,14,1968,33.97253
4619,2,14,1969,33.87462
4619,2,14,1970,34.08827
4619,2,14,1971,34.11517
4619,2,14,1972,33.96441
4619,2,14,1973,34.13272
4619,2,14,1974,34.15157
4619,2,14,1975,34.20766
4619,2,14,1976,34.129
4619,2,14,1977,34.12483
4619,2,14,1978,34.00308
4619,2,14,1979,33.73187
4619,2,14,1980,33.5818
4619,2,14,1981,33.33938
4619,2,14,1982,33.32743
4619,2,14,1983,33.45834
4619,2,14,1984,33.70256
4619,2,14,1985,33.69131
4619,2,14,1986,33.85597
4619,2,14,1987,34.16871
4619,2,14,1988,34.1414
4619,2,14,1989,34.2658
4619,2,14,1990,34.45453
4619,2,14,1991,34.63278
4619,2,14,1992,34.71021
4619,2,14,1993,34.73906
4619,2,14,1994,35.11216
4619,2,14,1995,35.19159
4619,2,14,1996,35.24222
4619,2,14,1997,35.33204
4619,2,14,1998,35.38208
4619,2,14,1999,35.52407
4619,2,14,2000,35.92449
4619,2,14,2001,36.15753
4619,2,14,2002,36.28282
4619,2,14,2003,36.35583
4619,2,14,2004,36.71247
4619,2,14,2005,36.88116
4619,2,14,2006,37.07941
4619,2,14,2007,37.23462
4619,2,14,2008,37.35805
4619,2,14,2009,37.71856
4619,2,14,2010,37.90889
4619,2,14,2011,38.1084
4619,2,14,2012,38.02855
4619,2,14,2013,38.16111
4619,2,14,2014,38.20235
4619,2,14,2015,38.08686
4619,2,14,2016,38.14317
4619,2,14,2017,38.34993
4619,2,14,2018,38.68172
4619,2,14,2019,39.02492
4619,3,14,1950,29.3903
4619,3,14,1951,29.22473
4619,3,14,1952,29.55417
4619,3,14,1953,29.97849
4619,3,14,1954,30.12423
4619,3,14,1955,30.08314
4619,3,14,1956,30.25045
4619,3,14,1957,30.16483
4619,3,14,1958,30.33883
4619,3,14,1959,30.44145
4619,3,14,1960,30.53987
4619,3,14,1961,30.41442
4619,3,14,1962,30.41127
4619,3,14,1963,30.41147
4619,3,14,1964,30.6297
4619,3,14,1965,30.74526
4619,3,14,1966,30.84132
4619,3,14,1967,31.03204
4619,3,14,1968,30.91209
4619,3,14,1969,30.88832
4619,3,14,1970,30.92208
4619,3,14,1971,31.09134
4619,3,14,1972,30.95752
4619,3,14,1973,31.12144
4619,3,14,1974,31.08553
4619,3,14,1975,31.2822
4619,3,14,1976,31.17843
4619,3,14,1977,31.27859
4619,3,14,1978,31.13514
4619,3,14,1979,30.91475
4619,3,14,1980,30.87968
4619,3,14,1981,30.75368
4619,3,14,1982,30.71025
4619,3,14,1983,30.86054
4619,3,14,1984,31.1586
4619,3,14,1985,31.12653
4619,3,14,1986,31.34896
4619,3,14,1987,31.65863
4619,3,14,1988,31.708
4619,3,14,1989,31.96954
4619,3,14,1990,32.06906
4619,3,14,1991,32.26664
4619,3,14,1992,32.4449
4619,3,14,1993,32.48585
4619,3,14,1994,32.84145
4619,3,14,1995,32.94607
4619,3,14,1996,33.08867
4619,3,14,1997,33.26842
4619,3,14,1998,33.40152
4619,3,14,1999,33.48903
4619,3,14,2000,33.94319
4619,3,14,2001,34.22248
4619,3,14,2002,34.36376
4619,3,14,2003,34.51325
4619,3,14,2004,34.82476
4619,3,14,2005,35.04953
4619,3,14,2006,35.3303
4619,3,14,2007,35.49288
4619,3,14,2008,35.67886
4619,3,14,2009,35.9984
4619,3,14,2010,36.23294
4619,3,14,2011,36.46402
4619,3,14,2012,36.52075
4619,3,14,2013,36.60414
4619,3,14,2014,36.63145
4619,3,14,2015,36.63219
4619,3,14,2016,36.65803
4619,3,14,2017,36.76901
4619,3,14,2018,36.9996
4619,3,14,2019,37.24308
4620,1,14,1950,28.50143
4620,1,14,1951,28.23229
4620,1,14,1952,28.51236
4620,1,14,1953,28.78879
4620,1,14,1954,28.92953
4620,1,14,1955,28.77931
4620,1,14,1956,28.7722
4620,1,14,1957,28.90098
4620,1,14,1958,29.12246
4620,1,14,1959,28.96747
4620,1,14,1960,29.16632
4620,1,14,1961,29.08111
4620,1,14,1962,28.96791
4620,1,14,1963,28.957
4620,1,14,1964,29.15324
4620,1,14,1965,29.2092
4620,1,14,1966,29.22054
4620,1,14,1967,29.46008
4620,1,14,1968,29.23603
4620,1,14,1969,29.13069
4620,1,14,1970,29.31581
4620,1,14,1971,29.57684
4620,1,14,1972,29.21357
4620,1,14,1973,29.29999
4620,1,14,1974,29.48672
4620,1,14,1975,29.49158
4620,1,14,1976,29.42152
4620,1,14,1977,29.45898
4620,1,14,1978,29.21218
4620,1,14,1979,28.90325
4620,1,14,1980,28.7857
4620,1,14,1981,28.5397
4620,1,14,1982,28.65698
4620,1,14,1983,28.86888
4620,1,14,1984,29.17101
4620,1,14,1985,29.13466
4620,1,14,1986,29.24626
4620,1,14,1987,29.59776
4620,1,14,1988,29.68213
4620,1,14,1989,29.91795
4620,1,14,1990,30.27173
4620,1,14,1991,30.51305
4620,1,14,1992,30.74315
4620,1,14,1993,30.85698
4620,1,14,1994,31.21616
4620,1,14,1995,31.3714
4620,1,14,1996,31.69713
4620,1,14,1997,31.88584
4620,1,14,1998,31.92038
4620,1,14,1999,32.21365
4620,1,14,2000,32.88084
4620,1,14,2001,33.03939
4620,1,14,2002,33.1082
4620,1,14,2003,33.34371
4620,1,14,2004,33.75039
4620,1,14,2005,33.99193
4620,1,14,2006,34.25913
4620,1,14,2007,34.49984
4620,1,14,2008,34.57579
4620,1,14,2009,35.00604
4620,1,14,2010,35.19687
4620,1,14,2011,35.34712
4620,1,14,2012,35.4237
4620,1,14,2013,35.5653
4620,1,14,2014,35.74825
4620,1,14,2015,35.67197
4620,1,14,2016,35.78272
4620,1,14,2017,35.73612
4620,1,14,2018,36.06539
4620,1,14,2019,36.52281
4620,2,14,1950,32.36591
4620,2,14,1951,32.35894
4620,2,14,1952,32.88568
4620,2,14,1953,33.24039
4620,2,14,1954,33.30219
4620,2,14,1955,33.396
4620,2,14,1956,33.54126
4620,2,14,1957,33.69439
4620,2,14,1958,33.8357
4620,2,14,1959,33.95738
4620,2,14,1960,33.98025
4620,2,14,1961,33.96378
4620,2,14,1962,33.96574
4620,2,14,1963,34.05482
4620,2,14,1964,34.4101
4620,2,14,1965,34.46156
4620,2,14,1966,34.4491
4620,2,14,1967,34.72161
4620,2,14,1968,34.61593
4620,2,14,1969,34.52874
4620,2,14,1970,34.69187
4620,2,14,1971,34.83683
4620,2,14,1972,34.69522
4620,2,14,1973,34.68088
4620,2,14,1974,34.85661
4620,2,14,1975,34.92254
4620,2,14,1976,34.7854
4620,2,14,1977,34.83189
4620,2,14,1978,34.6608
4620,2,14,1979,34.37637
4620,2,14,1980,34.21305
4620,2,14,1981,33.92937
4620,2,14,1982,33.93216
4620,2,14,1983,34.01793
4620,2,14,1984,34.15199
4620,2,14,1985,34.22188
4620,2,14,1986,34.55449
4620,2,14,1987,34.63324
4620,2,14,1988,34.82182
4620,2,14,1989,34.84824
4620,2,14,1990,35.04365
4620,2,14,1991,35.28025
4620,2,14,1992,35.33842
4620,2,14,1993,35.56864
4620,2,14,1994,35.68772
4620,2,14,1995,35.80188
4620,2,14,1996,35.8657
4620,2,14,1997,36.12539
4620,2,14,1998,36.25259
4620,2,14,1999,36.60254
4620,2,14,2000,36.71467
4620,2,14,2001,37.04547
4620,2,14,2002,37.0294
4620,2,14,2003,37.20118
4620,2,14,2004,37.44943
4620,2,14,2005,37.626
4620,2,14,2006,37.78969
4620,2,14,2007,37.81872
4620,2,14,2008,38.03467
4620,2,14,2009,38.32608
4620,2,14,2010,38.54172
4620,2,14,2011,38.57643
4620,2,14,2012,38.62256
4620,2,14,2013,38.6544
4620,2,14,2014,38.80807
4620,2,14,2015,38.77703
4620,2,14,2016,38.79983
4620,2,14,2017,38.83509
4620,2,14,2018,39.0796
4620,2,14,2019,39.46331
4620,3,14,1950,29.78131
4620,3,14,1951,29.76318
4620,3,14,1952,30.17417
4620,3,14,1953,30.47486
4620,3,14,1954,30.5479
4620,3,14,1955,30.52082
4620,3,14,1956,30.64429
4620,3,14,1957,30.73279
4620,3,14,1958,30.98515
4620,3,14,1959,30.94671
4620,3,14,1960,30.92796
4620,3,14,1961,31.01159
4620,3,14,1962,30.8903
4620,3,14,1963,30.87649
4620,3,14,1964,31.29061
4620,3,14,1965,31.27133
4620,3,14,1966,31.39666
4620,3,14,1967,31.57547
4620,3,14,1968,31.48192
4620,3,14,1969,31.32634
4620,3,14,1970,31.46961
4620,3,14,1971,31.60226
4620,3,14,1972,31.49672
4620,3,14,1973,31.57766
4620,3,14,1974,31.7658
4620,3,14,1975,31.86349
4620,3,14,1976,31.65441
4620,3,14,1977,31.72154
4620,3,14,1978,31.57785
4620,3,14,1979,31.39457
4620,3,14,1980,31.37023
4620,3,14,1981,31.26022
4620,3,14,1982,31.31507
4620,3,14,1983,31.48109
4620,3,14,1984,31.69275
4620,3,14,1985,31.70195
4620,3,14,1986,31.89641
4620,3,14,1987,32.14242
4620,3,14,1988,32.26936
4620,3,14,1989,32.41935
4620,3,14,1990,32.69406
4620,3,14,1991,32.92303
4620,3,14,1992,33.07858
4620,3,14,1993,33.24594
4620,3,14,1994,33.48382
4620,3,14,1995,33.61039
4620,3,14,1996,33.82093
4620,3,14,1997,34.05233
4620,3,14,1998,34.09229
4620,3,14,1999,34.43592
4620,3,14,2000,34.83218
4620,3,14,2001,35.07674
4620,3,14,2002,35.10113
4620,3,14,2003,35.28225
4620,3,14,2004,35.61798
4620,3,14,2005,35.82546
4620,3,14,2006,36.03517
4620,3,14,2007,36.16797
4620,3,14,2008,36.29859
4620,3,14,2009,36.66171
4620,3,14,2010,36.88305
4620,3,14,2011,36.95863
4620,3,14,2012,37.02418
4620,3,14,2013,37.10195
4620,3,14,2014,37.26125
4620,3,14,2015,37.19306
4620,3,14,2016,37.26099
4620,3,14,2017,37.24048
4620,3,14,2018,37.45951
4620,3,14,2019,37.68299
4621,1,14,1950,29.13455
4621,1,14,1951,28.91584
4621,1,14,1952,29.35966
4621,1,14,1953,29.57623
4621,1,14,1954,29.59263
4621,1,14,1955,29.62847
4621,1,14,1956,29.72588
4621,1,14,1957,29.6721
4621,1,14,1958,29.95191
4621,1,14,1959,29.96232
4621,1,14,1960,29.73132
4621,1,14,1961,29.88393
4621,1,14,1962,29.71181
4621,1,14,1963,29.6987
4621,1,14,1964,29.96885
4621,1,14,1965,29.83948
4621,1,14,1966,30.05481
4621,1,14,1967,30.338
4621,1,14,1968,30.12934
4621,1,14,1969,30.1182
4621,1,14,1970,30.22476
4621,1,14,1971,30.21204
4621,1,14,1972,30.10604
4621,1,14,1973,30.08022
4621,1,14,1974,30.23295
4621,1,14,1975,30.40005
4621,1,14,1976,30.18238
4621,1,14,1977,30.26968
4621,1,14,1978,29.96562
4621,1,14,1979,29.75212
4621,1,14,1980,29.60653
4621,1,14,1981,29.36772
4621,1,14,1982,29.3977
4621,1,14,1983,29.5848
4621,1,14,1984,30.00054
4621,1,14,1985,29.92194
4621,1,14,1986,30.13779
4621,1,14,1987,30.41064
4621,1,14,1988,30.53351
4621,1,14,1989,30.65272
4621,1,14,1990,31.02634
4621,1,14,1991,31.1528
4621,1,14,1992,31.2545
4621,1,14,1993,31.41274
4621,1,14,1994,31.87041
4621,1,14,1995,32.05261
4621,1,14,1996,32.21085
4621,1,14,1997,32.4439
4621,1,14,1998,32.57534
4621,1,14,1999,32.60174
4621,1,14,2000,33.1029
4621,1,14,2001,33.62962
4621,1,14,2002,33.67216
4621,1,14,2003,33.80837
4621,1,14,2004,34.28779
4621,1,14,2005,34.62857
4621,1,14,2006,34.6625
4621,1,14,2007,34.97881
4621,1,14,2008,35.22606
4621,1,14,2009,35.4475
4621,1,14,2010,35.65067
4621,1,14,2011,35.96154
4621,1,14,2012,36.17631
4621,1,14,2013,36.07804
4621,1,14,2014,36.26419
4621,1,14,2015,36.27771
4621,1,14,2016,36.31982
4621,1,14,2017,36.43288
4621,1,14,2018,36.62251
4621,1,14,2019,37.04118
4621,2,14,1950,32.78248
4621,2,14,1951,32.86724
4621,2,14,1952,33.52028
4621,2,14,1953,33.59603
4621,2,14,1954,33.8864
4621,2,14,1955,33.85217
4621,2,14,1956,33.92835
4621,2,14,1957,34.16562
4621,2,14,1958,34.30186
4621,2,14,1959,34.32615
4621,2,14,1960,34.42379
4621,2,14,1961,34.22272
4621,2,14,1962,34.34789
4621,2,14,1963,34.48712
4621,2,14,1964,34.78535
4621,2,14,1965,34.90588
4621,2,14,1966,34.93916
4621,2,14,1967,35.17293
4621,2,14,1968,34.95806
4621,2,14,1969,35.02662
4621,2,14,1970,34.98719
4621,2,14,1971,35.04228
4621,2,14,1972,34.98168
4621,2,14,1973,34.99769
4621,2,14,1974,35.0181
4621,2,14,1975,35.14637
4621,2,14,1976,35.02721
4621,2,14,1977,35.09679
4621,2,14,1978,34.86149
4621,2,14,1979,34.60476
4621,2,14,1980,34.55369
4621,2,14,1981,34.31136
4621,2,14,1982,34.5875
4621,2,14,1983,34.77038
4621,2,14,1984,34.7864
4621,2,14,1985,34.85309
4621,2,14,1986,34.92363
4621,2,14,1987,35.2026
4621,2,14,1988,35.27284
4621,2,14,1989,35.36036
4621,2,14,1990,35.68649
4621,2,14,1991,35.56068
4621,2,14,1992,35.85664
4621,2,14,1993,35.79959
4621,2,14,1994,35.99329
4621,2,14,1995,36.15821
4621,2,14,1996,36.39014
4621,2,14,1997,36.47266
4621,2,14,1998,36.59042
4621,2,14,1999,36.65676
4621,2,14,2000,36.97254
4621,2,14,2001,37.26629
4621,2,14,2002,37.21373
4621,2,14,2003,37.31559
4621,2,14,2004,37.63198
4621,2,14,2005,37.88262
4621,2,14,2006,38.1307
4621,2,14,2007,38.33925
4621,2,14,2008,38.44009
4621,2,14,2009,38.76021
4621,2,14,2010,39.08079
4621,2,14,2011,39.16944
4621,2,14,2012,39.0981
4621,2,14,2013,39.24582
4621,2,14,2014,39.30796
4621,2,14,2015,39.18269
4621,2,14,2016,39.16178
4621,2,14,2017,39.21392
4621,2,14,2018,39.44883
4621,2,14,2019,39.70225
4621,3,14,1950,30.43115
4621,3,14,1951,30.17996
4621,3,14,1952,30.7989
4621,3,14,1953,31.00716
4621,3,14,1954,31.08745
4621,3,14,1955,31.09993
4621,3,14,1956,31.13016
4621,3,14,1957,31.41014
4621,3,14,1958,31.48269
4621,3,14,1959,31.53029
4621,3,14,1960,31.55035
4621,3,14,1961,31.43155
4621,3,14,1962,31.40293
4621,3,14,1963,31.44921
4621,3,14,1964,31.8781
4621,3,14,1965,31.84757
4621,3,14,1966,31.7778
4621,3,14,1967,32.08286
4621,3,14,1968,31.83934
4621,3,14,1969,31.86031
4621,3,14,1970,31.98333
4621,3,14,1971,32.18486
4621,3,14,1972,31.95096
4621,3,14,1973,32.0221
4621,3,14,1974,32.13823
4621,3,14,1975,32.29243
4621,3,14,1976,32.1822
4621,3,14,1977,32.33819
4621,3,14,1978,32.08531
4621,3,14,1979,31.89569
4621,3,14,1980,31.90887
4621,3,14,1981,31.81176
4621,3,14,1982,31.96227
4621,3,14,1983,32.1488
4621,3,14,1984,32.37733
4621,3,14,1985,32.36437
4621,3,14,1986,32.51498
4621,3,14,1987,32.79786
4621,3,14,1988,32.87628
4621,3,14,1989,32.98789
4621,3,14,1990,33.34293
4621,3,14,1991,33.34309
4621,3,14,1992,33.53595
4621,3,14,1993,33.59579
4621,3,14,1994,33.92466
4621,3,14,1995,34.09627
4621,3,14,1996,34.29138
4621,3,14,1997,34.44629
4621,3,14,1998,34.58355
4621,3,14,1999,34.60845
4621,3,14,2000,35.0295
4621,3,14,2001,35.4497
4621,3,14,2002,35.42674
4621,3,14,2003,35.54284
4621,3,14,2004,35.958
4621,3,14,2005,36.24447
4621,3,14,2006,36.38325
4621,3,14,2007,36.6475
4621,3,14,2008,36.81127
4621,3,14,2009,37.08257
4621,3,14,2010,37.33709
4621,3,14,2011,37.54224
4621,3,14,2012,37.60591
4621,3,14,2013,37.62576
4621,3,14,2014,37.76559
4621,3,14,2015,37.68306
4621,3,14,2016,37.69364
4621,3,14,2017,37.77999
4621,3,14,2018,37.89
4621,3,14,2019,38.11369
4622,1,14,1950,28.84299
4622,1,14,1951,28.46602
4622,1,14,1952,28.78089
4622,1,14,1953,29.21387
4622,1,14,1954,29.25053
4622,1,14,1955,29.31099
4622,1,14,1956,29.13792
4622,1,14,1957,29.4272
4622,1,14,1958,29.41814
4622,1,14,1959,29.39615
4622,1,14,1960,29.3596
4622,1,14,1961,29.31862
4622,1,14,1962,29.19784
4622,1,14,1963,29.21213
4622,1,14,1964,29.52769
4622,1,14,1965,29.52007
4622,1,14,1966,29.40595
4622,1,14,1967,29.74798
4622,1,14,1968,29.56245
4622,1,14,1969,29.34566
4622,1,14,1970,29.59095
4622,1,14,1971,29.59377
4622,1,14,1972,29.4696
4622,1,14,1973,29.51179
4622,1,14,1974,29.81506
4622,1,14,1975,29.77584
4622,1,14,1976,29.60596
4622,1,14,1977,29.63165
4622,1,14,1978,29.30597
4622,1,14,1979,28.99953
4622,1,14,1980,28.82642
4622,1,14,1981,28.6169
4622,1,14,1982,28.79402
4622,1,14,1983,29.00263
4622,1,14,1984,29.24283
4622,1,14,1985,29.29711
4622,1,14,1986,29.51502
4622,1,14,1987,29.8732
4622,1,14,1988,29.95637
4622,1,14,1989,30.21522
4622,1,14,1990,30.33259
4622,1,14,1991,30.71601
4622,1,14,1992,30.89688
4622,1,14,1993,30.88585
4622,1,14,1994,31.17666
4622,1,14,1995,31.41757
4622,1,14,1996,31.70473
4622,1,14,1997,31.88134
4622,1,14,1998,32.10776
4622,1,14,1999,32.24154
4622,1,14,2000,32.6345
4622,1,14,2001,32.98157
4622,1,14,2002,33.18835
4622,1,14,2003,33.32932
4622,1,14,2004,33.76466
4622,1,14,2005,33.99618
4622,1,14,2006,34.19522
4622,1,14,2007,34.52135
4622,1,14,2008,34.78724
4622,1,14,2009,35.19134
4622,1,14,2010,35.46774
4622,1,14,2011,35.7098
4622,1,14,2012,35.72707
4622,1,14,2013,35.80455
4622,1,14,2014,35.83731
4622,1,14,2015,35.947
4622,1,14,2016,35.90906
4622,1,14,2017,35.99753
4622,1,14,2018,36.38337
4622,1,14,2019,36.76658
4622,2,14,1950,32.76111
4622,2,14,1951,32.64061
4622,2,14,1952,33.20911
4622,2,14,1953,33.54532
4622,2,14,1954,33.65582
4622,2,14,1955,33.69623
4622,2,14,1956,33.85071
4622,2,14,1957,34.05018
4622,2,14,1958,34.14448
4622,2,14,1959,34.211
4622,2,14,1960,34.24234
4622,2,14,1961,34.20767
4622,2,14,1962,34.18778
4622,2,14,1963,34.29061
4622,2,14,1964,34.58322
4622,2,14,1965,34.76337
4622,2,14,1966,34.70669
4622,2,14,1967,34.87086
4622,2,14,1968,34.87561
4622,2,14,1969,34.75467
4622,2,14,1970,34.98414
4622,2,14,1971,35.02589
4622,2,14,1972,34.82793
4622,2,14,1973,34.80413
4622,2,14,1974,34.98552
4622,2,14,1975,35.04851
4622,2,14,1976,34.9102
4622,2,14,1977,34.97246
4622,2,14,1978,34.80864
4622,2,14,1979,34.56193
4622,2,14,1980,34.29738
4622,2,14,1981,34.07603
4622,2,14,1982,34.13366
4622,2,14,1983,34.28561
4622,2,14,1984,34.56132
4622,2,14,1985,34.47176
4622,2,14,1986,34.62444
4622,2,14,1987,34.81484
4622,2,14,1988,34.93365
4622,2,14,1989,35.01326
4622,2,14,1990,35.2773
4622,2,14,1991,35.54213
4622,2,14,1992,35.54305
4622,2,14,1993,35.69843
4622,2,14,1994,35.78739
4622,2,14,1995,35.90389
4622,2,14,1996,36.0384
4622,2,14,1997,36.35864
4622,2,14,1998,36.38832
4622,2,14,1999,36.32098
4622,2,14,2000,36.76114
4622,2,14,2001,36.98143
4622,2,14,2002,37.10408
4622,2,14,2003,37.26026
4622,2,14,2004,37.51993
4622,2,14,2005,37.7357
4622,2,14,2006,37.94291
4622,2,14,2007,38.20397
4622,2,14,2008,38.32583
4622,2,14,2009,38.81716
4622,2,14,2010,38.93086
4622,2,14,2011,39.08352
4622,2,14,2012,39.09734
4622,2,14,2013,39.09434
4622,2,14,2014,39.08934
4622,2,14,2015,39.11632
4622,2,14,2016,39.17781
4622,2,14,2017,39.27734
4622,2,14,2018,39.44146
4622,2,14,2019,39.86497
4622,3,14,1950,30.22332
4622,3,14,1951,29.99397
4622,3,14,1952,30.50519
4622,3,14,1953,30.85541
4622,3,14,1954,30.89394
4622,3,14,1955,30.91885
4622,3,14,1956,30.93635
4622,3,14,1957,31.11863
4622,3,14,1958,31.1669
4622,3,14,1959,31.33809
4622,3,14,1960,31.3511
4622,3,14,1961,31.15346
4622,3,14,1962,31.09498
4622,3,14,1963,31.1396
4622,3,14,1964,31.54364
4622,3,14,1965,31.56098
4622,3,14,1966,31.5343
4622,3,14,1967,31.73804
4622,3,14,1968,31.55284
4622,3,14,1969,31.5132
4622,3,14,1970,31.71769
4622,3,14,1971,31.85473
4622,3,14,1972,31.69449
4622,3,14,1973,31.73461
4622,3,14,1974,31.98946
4622,3,14,1975,31.95361
4622,3,14,1976,31.81606
4622,3,14,1977,31.91724
4622,3,14,1978,31.74472
4622,3,14,1979,31.47329
4622,3,14,1980,31.44667
4622,3,14,1981,31.31359
4622,3,14,1982,31.44439
4622,3,14,1983,31.63723
4622,3,14,1984,31.8895
4622,3,14,1985,31.86158
4622,3,14,1986,32.06125
4622,3,14,1987,32.33969
4622,3,14,1988,32.44637
4622,3,14,1989,32.61611
4622,3,14,1990,32.8144
4622,3,14,1991,33.12868
4622,3,14,1992,33.22836
4622,3,14,1993,33.28919
4622,3,14,1994,33.47916
4622,3,14,1995,33.65272
4622,3,14,1996,33.88421
4622,3,14,1997,34.12804
4622,3,14,1998,34.25815
4622,3,14,1999,34.29028
4622,3,14,2000,34.69749
4622,3,14,2001,34.98167
4622,3,14,2002,35.15764
4622,3,14,2003,35.27375
4622,3,14,2004,35.64965
4622,3,14,2005,35.86557
4622,3,14,2006,36.07042
4622,3,14,2007,36.35885
4622,3,14,2008,36.54702
4622,3,14,2009,36.99841
4622,3,14,2010,37.20428
4622,3,14,2011,37.38093
4622,3,14,2012,37.39677
4622,3,14,2013,37.44485
4622,3,14,2014,37.43827
4622,3,14,2015,37.50152
4622,3,14,2016,37.51627
4622,3,14,2017,37.5734
4622,3,14,2018,37.76799
4622,3,14,2019,38.05263
4623,1,14,1950,30.52983
4623,1,14,1951,30.3246
4623,1,14,1952,30.66137
4623,1,14,1953,31.02707
4623,1,14,1954,31.05719
4623,1,14,1955,31.09133
4623,1,14,1956,30.95226
4623,1,14,1957,31.11022
4623,1,14,1958,31.23518
4623,1,14,1959,31.25809
4623,1,14,1960,31.15661
4623,1,14,1961,31.17388
4623,1,14,1962,30.94495
4623,1,14,1963,30.95754
4623,1,14,1964,31.22523
4623,1,14,1965,31.16293
4623,1,14,1966,31.27005
4623,1,14,1967,31.54579
4623,1,14,1968,31.24235
4623,1,14,1969,31.33185
4623,1,14,1970,31.44776
4623,1,14,1971,31.59377
4623,1,14,1972,31.29994
4623,1,14,1973,31.43081
4623,1,14,1974,31.4817
4623,1,14,1975,31.5122
4623,1,14,1976,31.43729
4623,1,14,1977,31.33125
4623,1,14,1978,30.96823
4623,1,14,1979,30.61869
4623,1,14,1980,30.44387
4623,1,14,1981,30.2578
4623,1,14,1982,30.51561
4623,1,14,1983,30.71712
4623,1,14,1984,30.79438
4623,1,14,1985,31.10367
4623,1,14,1986,31.03496
4623,1,14,1987,31.20096
4623,1,14,1988,31.47311
4623,1,14,1989,31.73522
4623,1,14,1990,31.89245
4623,1,14,1991,32.04972
4623,1,14,1992,32.35885
4623,1,14,1993,32.40608
4623,1,14,1994,32.78169
4623,1,14,1995,32.90332
4623,1,14,1996,33.07658
4623,1,14,1997,33.37182
4623,1,14,1998,33.55129
4623,1,14,1999,33.71009
4623,1,14,2000,33.94026
4623,1,14,2001,34.31756
4623,1,14,2002,34.45485
4623,1,14,2003,34.72248
4623,1,14,2004,35.09539
4623,1,14,2005,35.38438
4623,1,14,2006,35.68269
4623,1,14,2007,35.8942
4623,1,14,2008,36.10265
4623,1,14,2009,36.38228
4623,1,14,2010,36.49176
4623,1,14,2011,36.79303
4623,1,14,2012,36.95422
4623,1,14,2013,36.91977
4623,1,14,2014,36.95111
4623,1,14,2015,36.98442
4623,1,14,2016,36.95667
4623,1,14,2017,37.16517
4623,1,14,2018,37.41786
4623,1,14,2019,37.83344
4623,2,14,1950,33.73244
4623,2,14,1951,33.67998
4623,2,14,1952,34.22052
4623,2,14,1953,34.54136
4623,2,14,1954,34.67971
4623,2,14,1955,34.66902
4623,2,14,1956,34.87554
4623,2,14,1957,34.99063
4623,2,14,1958,35.19794
4623,2,14,1959,35.24983
4623,2,14,1960,35.33068
4623,2,14,1961,35.19064
4623,2,14,1962,35.29777
4623,2,14,1963,35.32324
4623,2,14,1964,35.70344
4623,2,14,1965,35.76593
4623,2,14,1966,35.83582
4623,2,14,1967,36.00391
4623,2,14,1968,35.88286
4623,2,14,1969,35.82138
4623,2,14,1970,36.03318
4623,2,14,1971,36.04668
4623,2,14,1972,35.96577
4623,2,14,1973,35.89303
4623,2,14,1974,36.10413
4623,2,14,1975,36.08076
4623,2,14,1976,35.95949
4623,2,14,1977,35.99755
4623,2,14,1978,35.75541
4623,2,14,1979,35.48617
4623,2,14,1980,35.33933
4623,2,14,1981,35.08625
4623,2,14,1982,35.2419
4623,2,14,1983,35.31986
4623,2,14,1984,35.4744
4623,2,14,1985,35.51656
4623,2,14,1986,35.75491
4623,2,14,1987,35.78101
4623,2,14,1988,35.90771
4623,2,14,1989,36.1298
4623,2,14,1990,36.22223
4623,2,14,1991,36.39814
4623,2,14,1992,36.64102
4623,2,14,1993,36.62929
4623,2,14,1994,36.86027
4623,2,14,1995,36.82681
4623,2,14,1996,37.09418
4623,2,14,1997,37.31862
4623,2,14,1998,37.2299
4623,2,14,1999,37.42162
4623,2,14,2000,37.64406
4623,2,14,2001,37.80386
4623,2,14,2002,37.97665
4623,2,14,2003,38.02089
4623,2,14,2004,38.41857
4623,2,14,2005,38.56879
4623,2,14,2006,38.96666
4623,2,14,2007,39.09507
4623,2,14,2008,39.18754
4623,2,14,2009,39.49674
4623,2,14,2010,39.69676
4623,2,14,2011,39.83025
4623,2,14,2012,39.78065
4623,2,14,2013,39.75073
4623,2,14,2014,39.83415
4623,2,14,2015,39.77952
4623,2,14,2016,39.8139
4623,2,14,2017,39.91773
4623,2,14,2018,40.17349
4623,2,14,2019,40.52886
4623,3,14,1950,31.65739
4623,3,14,1951,31.51437
4623,3,14,1952,31.9676
4623,3,14,1953,32.31468
4623,3,14,1954,32.40963
4623,3,14,1955,32.32869
4623,3,14,1956,32.41304
4623,3,14,1957,32.51051
4623,3,14,1958,32.52933
4623,3,14,1959,32.74738
4623,3,14,1960,32.70673
4623,3,14,1961,32.5786
4623,3,14,1962,32.62879
4623,3,14,1963,32.65388
4623,3,14,1964,32.8994
4623,3,14,1965,33.05901
4623,3,14,1966,32.93193
4623,3,14,1967,33.17612
4623,3,14,1968,33.11015
4623,3,14,1969,33.01384
4623,3,14,1970,33.14738
4623,3,14,1971,33.24933
4623,3,14,1972,33.14577
4623,3,14,1973,33.16742
4623,3,14,1974,33.2696
4623,3,14,1975,33.39214
4623,3,14,1976,33.3675
4623,3,14,1977,33.30252
4623,3,14,1978,33.07314
4623,3,14,1979,32.87491
4623,3,14,1980,32.75471
4623,3,14,1981,32.67991
4623,3,14,1982,32.89093
4623,3,14,1983,33.04283
4623,3,14,1984,33.16407
4623,3,14,1985,33.33674
4623,3,14,1986,33.40095
4623,3,14,1987,33.49858
4623,3,14,1988,33.70901
4623,3,14,1989,33.95263
4623,3,14,1990,34.08165
4623,3,14,1991,34.25088
4623,3,14,1992,34.53298
4623,3,14,1993,34.54567
4623,3,14,1994,34.84028
4623,3,14,1995,34.87901
4623,3,14,1996,35.10847
4623,3,14,1997,35.35693
4623,3,14,1998,35.41948
4623,3,14,1999,35.58652
4623,3,14,2000,35.79942
4623,3,14,2001,36.09003
4623,3,14,2002,36.23163
4623,3,14,2003,36.3826
4623,3,14,2004,36.74995
4623,3,14,2005,36.9874
4623,3,14,2006,37.32822
4623,3,14,2007,37.50668
4623,3,14,2008,37.64872
4623,3,14,2009,37.94841
4623,3,14,2010,38.09259
4623,3,14,2011,38.30011
4623,3,14,2012,38.34541
4623,3,14,2013,38.33062
4623,3,14,2014,38.36778
4623,3,14,2015,38.37115
4623,3,14,2016,38.36137
4623,3,14,2017,38.50947
4623,3,14,2018,38.64489
4623,3,14,2019,38.93635
4624,1,14,1950,29.24833
4624,1,14,1951,28.89347
4624,1,14,1952,29.16738
4624,1,14,1953,29.64358
4624,1,14,1954,29.69719
4624,1,14,1955,29.56073
4624,1,14,1956,29.83819
4624,1,14,1957,29.71993
4624,1,14,1958,29.84358
4624,1,14,1959,29.89377
4624,1,14,1960,30.0637
4624,1,14,1961,29.75315
4624,1,14,1962,29.72289
4624,1,14,1963,29.65932
4624,1,14,1964,29.96661
4624,1,14,1965,30.09264
4624,1,14,1966,29.92696
4624,1,14,1967,30.27309
4624,1,14,1968,29.97646
4624,1,14,1969,29.9436
4624,1,14,1970,29.9625
4624,1,14,1971,30.10726
4624,1,14,1972,29.91757
4624,1,14,1973,30.08199
4624,1,14,1974,30.10633
4624,1,14,1975,30.23796
4624,1,14,1976,30.19339
4624,1,14,1977,30.23405
4624,1,14,1978,30.01673
4624,1,14,1979,29.72528
4624,1,14,1980,29.55442
4624,1,14,1981,29.33859
4624,1,14,1982,29.43898
4624,1,14,1983,29.59253
4624,1,14,1984,29.76831
4624,1,14,1985,29.83752
4624,1,14,1986,29.93226
4624,1,14,1987,30.11665
4624,1,14,1988,30.43833
4624,1,14,1989,30.42373
4624,1,14,1990,30.76075
4624,1,14,1991,30.75137
4624,1,14,1992,31.0952
4624,1,14,1993,31.20142
4624,1,14,1994,31.29123
4624,1,14,1995,31.30863
4624,1,14,1996,31.61091
4624,1,14,1997,31.98326
4624,1,14,1998,32.07111
4624,1,14,1999,32.40684
4624,1,14,2000,32.77533
4624,1,14,2001,33.0437
4624,1,14,2002,33.28265
4624,1,14,2003,33.50602
4624,1,14,2004,34.12401
4624,1,14,2005,34.46872
4624,1,14,2006,34.70502
4624,1,14,2007,35.26621
4624,1,14,2008,35.42774
4624,1,14,2009,35.91698
4624,1,14,2010,36.05016
4624,1,14,2011,36.4719
4624,1,14,2012,36.54775
4624,1,14,2013,36.66876
4624,1,14,2014,36.77048
4624,1,14,2015,36.41752
4624,1,14,2016,36.79723
4624,1,14,2017,36.95174
4624,1,14,2018,37.37133
4624,1,14,2019,37.91986
4624,2,14,1950,33.13955
4624,2,14,1951,33.02349
4624,2,14,1952,33.63296
4624,2,14,1953,33.90777
4624,2,14,1954,33.8496
4624,2,14,1955,34.15079
4624,2,14,1956,34.20818
4624,2,14,1957,34.41605
4624,2,14,1958,34.66122
4624,2,14,1959,34.65997
4624,2,14,1960,34.62779
4624,2,14,1961,34.57055
4624,2,14,1962,34.52009
4624,2,14,1963,34.77733
4624,2,14,1964,34.97213
4624,2,14,1965,35.13702
4624,2,14,1966,35.16641
4624,2,14,1967,35.38244
4624,2,14,1968,35.215
4624,2,14,1969,35.21234
4624,2,14,1970,35.25941
4624,2,14,1971,35.36082
4624,2,14,1972,35.2784
4624,2,14,1973,35.23286
4624,2,14,1974,35.35348
4624,2,14,1975,35.44594
4624,2,14,1976,35.30965
4624,2,14,1977,35.42656
4624,2,14,1978,35.23031
4624,2,14,1979,35.05489
4624,2,14,1980,35.0027
4624,2,14,1981,34.74446
4624,2,14,1982,34.79937
4624,2,14,1983,35.05357
4624,2,14,1984,35.12636
4624,2,14,1985,35.1626
4624,2,14,1986,35.20895
4624,2,14,1987,35.34117
4624,2,14,1988,35.55298
4624,2,14,1989,35.5323
4624,2,14,1990,35.73969
4624,2,14,1991,35.90796
4624,2,14,1992,36.12905
4624,2,14,1993,35.91888
4624,2,14,1994,36.18989
4624,2,14,1995,36.15747
4624,2,14,1996,36.31892
4624,2,14,1997,36.50798
4624,2,14,1998,36.69312
4624,2,14,1999,36.7641
4624,2,14,2000,36.87115
4624,2,14,2001,37.34549
4624,2,14,2002,37.55877
4624,2,14,2003,37.69373
4624,2,14,2004,38.11033
4624,2,14,2005,38.57805
4624,2,14,2006,38.9187
4624,2,14,2007,39.20043
4624,2,14,2008,39.3919
4624,2,14,2009,39.71764
4624,2,14,2010,39.89864
4624,2,14,2011,40.08708
4624,2,14,2012,40.07635
4624,2,14,2013,40.07428
4624,2,14,2014,40.10571
4624,2,14,2015,39.98536
4624,2,14,2016,40.19771
4624,2,14,2017,40.33056
4624,2,14,2018,40.58738
4624,2,14,2019,40.96197
4624,3,14,1950,30.81115
4624,3,14,1951,30.53293
4624,3,14,1952,31.02189
4624,3,14,1953,31.40048
4624,3,14,1954,31.45051
4624,3,14,1955,31.52029
4624,3,14,1956,31.64669
4624,3,14,1957,31.65826
4624,3,14,1958,31.75957
4624,3,14,1959,31.84246
4624,3,14,1960,32.03835
4624,3,14,1961,31.8718
4624,3,14,1962,31.85069
4624,3,14,1963,31.87031
4624,3,14,1964,32.17595
4624,3,14,1965,32.21271
4624,3,14,1966,32.09039
4624,3,14,1967,32.36032
4624,3,14,1968,32.10736
4624,3,14,1969,32.07772
4624,3,14,1970,32.26705
4624,3,14,1971,32.41743
4624,3,14,1972,32.3387
4624,3,14,1973,32.30918
4624,3,14,1974,32.42585
4624,3,14,1975,32.53085
4624,3,14,1976,32.55865
4624,3,14,1977,32.52961
4624,3,14,1978,32.415
4624,3,14,1979,32.25287
4624,3,14,1980,32.22671
4624,3,14,1981,32.13108
4624,3,14,1982,32.17816
4624,3,14,1983,32.3832
4624,3,14,1984,32.51133
4624,3,14,1985,32.56184
4624,3,14,1986,32.62507
4624,3,14,1987,32.77633
4624,3,14,1988,33.05424
4624,3,14,1989,33.02931
4624,3,14,1990,33.31125
4624,3,14,1991,33.37801
4624,3,14,1992,33.66016
4624,3,14,1993,33.6208
4624,3,14,1994,33.7931
4624,3,14,1995,33.76317
4624,3,14,1996,34.00903
4624,3,14,1997,34.29612
4624,3,14,1998,34.411
4624,3,14,1999,34.62072
4624,3,14,2000,34.85832
4624,3,14,2001,35.23514
4624,3,14,2002,35.44628
4624,3,14,2003,35.62099
4624,3,14,2004,36.14344
4624,3,14,2005,36.54366
4624,3,14,2006,36.83274
4624,3,14,2007,37.24608
4624,3,14,2008,37.42186
4624,3,14,2009,37.81776
4624,3,14,2010,38.00629
4624,3,14,2011,38.29329
4624,3,14,2012,38.3155
4624,3,14,2013,38.37073
4624,3,14,2014,38.43231
4624,3,14,2015,38.19015
4624,3,14,2016,38.49094
4624,3,14,2017,38.60313
4624,3,14,2018,38.84544
4624,3,14,2019,39.22565
4625,1,14,1950,30.30655
4625,1,14,1951,30.11115
4625,1,14,1952,30.51365
4625,1,14,1953,30.80474
4625,1,14,1954,30.86456
4625,1,14,1955,30.77679
4625,1,14,1956,30.81065
4625,1,14,1957,30.68561
4625,1,14,1958,30.89656
4625,1,14,1959,30.81519
4625,1,14,1960,30.94991
4625,1,14,1961,30.87201
4625,1,14,1962,30.7706
4625,1,14,1963,30.74828
4625,1,14,1964,31.01949
4625,1,14,1965,31.12305
4625,1,14,1966,31.00611
4625,1,14,1967,31.34973
4625,1,14,1968,31.16105
4625,1,14,1969,30.99751
4625,1,14,1970,31.16644
4625,1,14,1971,31.25338
4625,1,14,1972,30.96872
4625,1,14,1973,31.10826
4625,1,14,1974,31.21671
4625,1,14,1975,31.26573
4625,1,14,1976,31.10087
4625,1,14,1977,30.95996
4625,1,14,1978,30.65763
4625,1,14,1979,30.36866
4625,1,14,1980,30.25747
4625,1,14,1981,30.10462
4625,1,14,1982,30.51761
4625,1,14,1983,30.62253
4625,1,14,1984,30.64182
4625,1,14,1985,30.72204
4625,1,14,1986,31.05773
4625,1,14,1987,31.25703
4625,1,14,1988,31.57241
4625,1,14,1989,31.77877
4625,1,14,1990,31.91063
4625,1,14,1991,32.07734
4625,1,14,1992,32.23743
4625,1,14,1993,32.32219
4625,1,14,1994,32.72553
4625,1,14,1995,32.76596
4625,1,14,1996,32.96545
4625,1,14,1997,33.26923
4625,1,14,1998,33.55878
4625,1,14,1999,33.72026
4625,1,14,2000,34.02077
4625,1,14,2001,34.27458
4625,1,14,2002,34.56107
4625,1,14,2003,34.74101
4625,1,14,2004,35.18086
4625,1,14,2005,35.52015
4625,1,14,2006,35.7987
4625,1,14,2007,36.03083
4625,1,14,2008,36.2537
4625,1,14,2009,36.37425
4625,1,14,2010,36.59217
4625,1,14,2011,36.73016
4625,1,14,2012,36.94382
4625,1,14,2013,36.80956
4625,1,14,2014,37.08679
4625,1,14,2015,37.03616
4625,1,14,2016,37.07354
4625,1,14,2017,37.30241
4625,1,14,2018,37.5048
4625,1,14,2019,37.97832
4625,2,14,1950,33.7192
4625,2,14,1951,33.50583
4625,2,14,1952,34.18903
4625,2,14,1953,34.48696
4625,2,14,1954,34.7116
4625,2,14,1955,34.73608
4625,2,14,1956,34.81884
4625,2,14,1957,35.09283
4625,2,14,1958,35.2475
4625,2,14,1959,35.29292
4625,2,14,1960,35.31655
4625,2,14,1961,35.23533
4625,2,14,1962,35.20191
4625,2,14,1963,35.31034
4625,2,14,1964,35.63948
4625,2,14,1965,35.79738
4625,2,14,1966,35.75184
4625,2,14,1967,35.97751
4625,2,14,1968,35.84066
4625,2,14,1969,35.9195
4625,2,14,1970,35.99184
4625,2,14,1971,36.01535
4625,2,14,1972,35.86071
4625,2,14,1973,35.82057
4625,2,14,1974,35.91658
4625,2,14,1975,35.91783
4625,2,14,1976,36.08774
4625,2,14,1977,36.01514
4625,2,14,1978,35.78379
4625,2,14,1979,35.6009
4625,2,14,1980,35.44133
4625,2,14,1981,35.22519
4625,2,14,1982,35.38076
4625,2,14,1983,35.50758
4625,2,14,1984,35.68712
4625,2,14,1985,35.43802
4625,2,14,1986,35.67799
4625,2,14,1987,35.9298
4625,2,14,1988,35.98574
4625,2,14,1989,36.19066
4625,2,14,1990,36.39324
4625,2,14,1991,36.52494
4625,2,14,1992,36.5797
4625,2,14,1993,36.63579
4625,2,14,1994,36.84109
4625,2,14,1995,36.91173
4625,2,14,1996,37.10711
4625,2,14,1997,37.14619
4625,2,14,1998,37.37065
4625,2,14,1999,37.40512
4625,2,14,2000,37.63743
4625,2,14,2001,37.93986
4625,2,14,2002,38.04293
4625,2,14,2003,38.21614
4625,2,14,2004,38.53246
4625,2,14,2005,38.71073
4625,2,14,2006,38.95442
4625,2,14,2007,39.19654
4625,2,14,2008,39.49894
4625,2,14,2009,39.77048
4625,2,14,2010,39.78054
4625,2,14,2011,39.94771
4625,2,14,2012,39.9008
4625,2,14,2013,39.89803
4625,2,14,2014,40.00861
4625,2,14,2015,39.96247
4625,2,14,2016,39.99525
4625,2,14,2017,40.12799
4625,2,14,2018,40.35875
4625,2,14,2019,40.65918
4625,3,14,1950,31.55378
4625,3,14,1951,31.50902
4625,3,14,1952,31.90795
4625,3,14,1953,32.14493
4625,3,14,1954,32.21509
4625,3,14,1955,32.32507
4625,3,14,1956,32.32476
4625,3,14,1957,32.40423
4625,3,14,1958,32.60432
4625,3,14,1959,32.67213
4625,3,14,1960,32.65824
4625,3,14,1961,32.66536
4625,3,14,1962,32.55864
4625,3,14,1963,32.64108
4625,3,14,1964,32.92412
4625,3,14,1965,32.95543
4625,3,14,1966,33.01134
4625,3,14,1967,33.13516
4625,3,14,1968,32.96425
4625,3,14,1969,32.91559
4625,3,14,1970,33.11296
4625,3,14,1971,33.18286
4625,3,14,1972,33.10421
4625,3,14,1973,33.03934
4625,3,14,1974,33.26001
4625,3,14,1975,33.21314
4625,3,14,1976,33.1866
4625,3,14,1977,33.21808
4625,3,14,1978,33.01252
4625,3,14,1979,32.80843
4625,3,14,1980,32.79419
4625,3,14,1981,32.7339
4625,3,14,1982,33.03798
4625,3,14,1983,33.1521
4625,3,14,1984,33.25283
4625,3,14,1985,33.16086
4625,3,14,1986,33.44789
4625,3,14,1987,33.68577
4625,3,14,1988,33.87433
4625,3,14,1989,34.06548
4625,3,14,1990,34.22698
4625,3,14,1991,34.37249
4625,3,14,1992,34.47442
4625,3,14,1993,34.55521
4625,3,14,1994,34.86014
4625,3,14,1995,34.90343
4625,3,14,1996,35.09637
4625,3,14,1997,35.26939
4625,3,14,1998,35.52412
4625,3,14,1999,35.61535
4625,3,14,2000,35.87693
4625,3,14,2001,36.15448
4625,3,14,2002,36.35421
4625,3,14,2003,36.51746
4625,3,14,2004,36.90933
4625,3,14,2005,37.15624
4625,3,14,2006,37.41427
4625,3,14,2007,37.6397
4625,3,14,2008,37.90719
4625,3,14,2009,38.0884
4625,3,14,2010,38.21103
4625,3,14,2011,38.35448
4625,3,14,2012,38.43161
4625,3,14,2013,38.3656
4625,3,14,2014,38.54513
4625,3,14,2015,38.50124
4625,3,14,2016,38.53295
4625,3,14,2017,38.70472
4625,3,14,2018,38.82413
4625,3,14,2019,39.09219
4626,1,14,1950,30.05104
4626,1,14,1951,29.82094
4626,1,14,1952,30.20602
4626,1,14,1953,30.42161
4626,1,14,1954,30.62229
4626,1,14,1955,30.51089
4626,1,14,1956,30.67312
4626,1,14,1957,30.65094
4626,1,14,1958,30.82645
4626,1,14,1959,30.9039
4626,1,14,1960,30.84021
4626,1,14,1961,30.63876
4626,1,14,1962,30.59801
4626,1,14,1963,30.54654
4626,1,14,1964,30.85662
4626,1,14,1965,30.98936
4626,1,14,1966,30.88597
4626,1,14,1967,31.17306
4626,1,14,1968,31.0053
4626,1,14,1969,30.88062
4626,1,14,1970,30.85717
4626,1,14,1971,31.01977
4626,1,14,1972,30.91611
4626,1,14,1973,31.04718
4626,1,14,1974,31.01494
4626,1,14,1975,31.07775
4626,1,14,1976,31.06334
4626,1,14,1977,31.05483
4626,1,14,1978,30.76854
4626,1,14,1979,30.42749
4626,1,14,1980,30.3808
4626,1,14,1981,30.20013
4626,1,14,1982,30.45701
4626,1,14,1983,30.50873
4626,1,14,1984,30.91414
4626,1,14,1985,30.9204
4626,1,14,1986,30.97915
4626,1,14,1987,31.45167
4626,1,14,1988,31.63613
4626,1,14,1989,31.74704
4626,1,14,1990,31.92342
4626,1,14,1991,32.26712
4626,1,14,1992,32.3743
4626,1,14,1993,32.61669
4626,1,14,1994,32.87611
4626,1,14,1995,32.95547
4626,1,14,1996,33.22066
4626,1,14,1997,33.57192
4626,1,14,1998,33.69468
4626,1,14,1999,33.93969
4626,1,14,2000,34.20172
4626,1,14,2001,34.49853
4626,1,14,2002,34.62608
4626,1,14,2003,34.95136
4626,1,14,2004,35.27313
4626,1,14,2005,35.55893
4626,1,14,2006,35.8104
4626,1,14,2007,35.9441
4626,1,14,2008,36.14665
4626,1,14,2009,36.29344
4626,1,14,2010,36.61868
4626,1,14,2011,36.80148
4626,1,14,2012,36.77409
4626,1,14,2013,36.75242
4626,1,14,2014,36.97682
4626,1,14,2015,36.84489
4626,1,14,2016,36.85746
4626,1,14,2017,36.91432
4626,1,14,2018,37.32622
4626,1,14,2019,37.72726
4626,2,14,1950,33.62272
4626,2,14,1951,33.49558
4626,2,14,1952,34.08892
4626,2,14,1953,34.5256
4626,2,14,1954,34.61741
4626,2,14,1955,34.59164
4626,2,14,1956,34.66635
4626,2,14,1957,34.99162
4626,2,14,1958,35.0734
4626,2,14,1959,35.23628
4626,2,14,1960,35.3081
4626,2,14,1961,35.09535
4626,2,14,1962,35.14584
4626,2,14,1963,35.18771
4626,2,14,1964,35.55094
4626,2,14,1965,35.58833
4626,2,14,1966,35.76044
4626,2,14,1967,35.90309
4626,2,14,1968,35.86964
4626,2,14,1969,35.86128
4626,2,14,1970,35.93472
4626,2,14,1971,36.0195
4626,2,14,1972,35.9169
4626,2,14,1973,35.84592
4626,2,14,1974,36.09218
4626,2,14,1975,36.15711
4626,2,14,1976,35.9835
4626,2,14,1977,36.06396
4626,2,14,1978,35.90064
4626,2,14,1979,35.57986
4626,2,14,1980,35.39184
4626,2,14,1981,35.23568
4626,2,14,1982,35.36671
4626,2,14,1983,35.515
4626,2,14,1984,35.55919
4626,2,14,1985,35.69468
4626,2,14,1986,35.8588
4626,2,14,1987,36.09645
4626,2,14,1988,36.27518
4626,2,14,1989,36.2839
4626,2,14,1990,36.46864
4626,2,14,1991,36.63055
4626,2,14,1992,36.90908
4626,2,14,1993,36.96175
4626,2,14,1994,37.23696
4626,2,14,1995,37.26441
4626,2,14,1996,37.49469
4626,2,14,1997,37.52573
4626,2,14,1998,37.75456
4626,2,14,1999,37.80414
4626,2,14,2000,37.92301
4626,2,14,2001,38.22368
4626,2,14,2002,38.23253
4626,2,14,2003,38.34898
4626,2,14,2004,38.77521
4626,2,14,2005,39.08283
4626,2,14,2006,39.27694
4626,2,14,2007,39.40268
4626,2,14,2008,39.4803
4626,2,14,2009,39.77057
4626,2,14,2010,39.90156
4626,2,14,2011,39.99766
4626,2,14,2012,39.90861
4626,2,14,2013,39.91438
4626,2,14,2014,40.0746
4626,2,14,2015,39.98406
4626,2,14,2016,39.88316
4626,2,14,2017,40.06723
4626,2,14,2018,40.30332
4626,2,14,2019,40.67165
4626,3,14,1950,31.25307
4626,3,14,1951,31.31136
4626,3,14,1952,31.51356
4626,3,14,1953,31.85595
4626,3,14,1954,32.12273
4626,3,14,1955,31.98313
4626,3,14,1956,32.20668
4626,3,14,1957,32.24378
4626,3,14,1958,32.32835
4626,3,14,1959,32.57451
4626,3,14,1960,32.63863
4626,3,14,1961,32.39979
4626,3,14,1962,32.3641
4626,3,14,1963,32.38614
4626,3,14,1964,32.7107
4626,3,14,1965,32.86234
4626,3,14,1966,32.70142
4626,3,14,1967,32.90449
4626,3,14,1968,32.97112
4626,3,14,1969,32.82063
4626,3,14,1970,32.87607
4626,3,14,1971,33.04631
4626,3,14,1972,32.94466
4626,3,14,1973,32.99635
4626,3,14,1974,33.00836
4626,3,14,1975,33.1781
4626,3,14,1976,33.19815
4626,3,14,1977,33.1706
4626,3,14,1978,33.09565
4626,3,14,1979,32.80737
4626,3,14,1980,32.81945
4626,3,14,1981,32.76404
4626,3,14,1982,32.96417
4626,3,14,1983,33.06616
4626,3,14,1984,33.29617
4626,3,14,1985,33.35448
4626,3,14,1986,33.4695
4626,3,14,1987,33.82067
4626,3,14,1988,34.00588
4626,3,14,1989,34.08587
4626,3,14,1990,34.24127
4626,3,14,1991,34.51224
4626,3,14,1992,34.68543
4626,3,14,1993,34.84344
4626,3,14,1994,35.10113
4626,3,14,1995,35.14089
4626,3,14,1996,35.39839
4626,3,14,1997,35.59088
4626,3,14,1998,35.75807
4626,3,14,1999,35.90435
4626,3,14,2000,36.09777
4626,3,14,2001,36.38586
4626,3,14,2002,36.45677
4626,3,14,2003,36.67658
4626,3,14,2004,37.04483
4626,3,14,2005,37.32306
4626,3,14,2006,37.55697
4626,3,14,2007,37.6693
4626,3,14,2008,37.80614
4626,3,14,2009,38.04175
4626,3,14,2010,38.27329
4626,3,14,2011,38.41082
4626,3,14,2012,38.3312
4626,3,14,2013,38.32201
4626,3,14,2014,38.51593
4626,3,14,2015,38.40187
4626,3,14,2016,38.36027
4626,3,14,2017,38.44373
4626,3,14,2018,38.63571
4626,3,14,2019,38.95804
4636,1,14,1950,26.29199
4636,1,14,1951,26.04792
4636,1,14,1952,26.45068
4636,1,14,1953,26.75196
4636,1,14,1954,26.86992
4636,1,14,1955,26.78884
4636,1,14,1956,26.83841
4636,1,14,1957,26.83632
4636,1,14,1958,26.96969
4636,1,14,1959,27.00497
4636,1,14,1960,27.09246
4636,1,14,1961,26.99071
4636,1,14,1962,26.92991
4636,1,14,1963,26.92539
4636,1,14,1964,27.21544
4636,1,14,1965,27.26872
4636,1,14,1966,27.26843
4636,1,14,1967,27.54266
4636,1,14,1968,27.39868
4636,1,14,1969,27.32586
4636,1,14,1970,27.51796
4636,1,14,1971,27.69905
4636,1,14,1972,27.61498
4636,1,14,1973,27.75727
4636,1,14,1974,27.9552
4636,1,14,1975,28.1062
4636,1,14,1976,28.12673
4636,1,14,1977,28.31969
4636,1,14,1978,28.28104
4636,1,14,1979,28.29299
4636,1,14,1980,28.46829
4636,1,14,1981,28.64809
4636,1,14,1982,28.74757
4636,1,14,1983,28.84272
4636,1,14,1984,29.1517
4636,1,14,1985,29.25459
4636,1,14,1986,29.52423
4636,1,14,1987,29.8171
4636,1,14,1988,29.98411
4636,1,14,1989,30.15555
4636,1,14,1990,30.38776
4636,1,14,1991,30.58227
4636,1,14,1992,30.76034
4636,1,14,1993,30.79141
4636,1,14,1994,31.06305
4636,1,14,1995,31.20993
4636,1,14,1996,31.49724
4636,1,14,1997,31.74879
4636,1,14,1998,31.96642
4636,1,14,1999,32.09482
4636,1,14,2000,32.52615
4636,1,14,2001,32.85437
4636,1,14,2002,33.04144
4636,1,14,2003,33.27716
4636,1,14,2004,33.55818
4636,1,14,2005,33.82232
4636,1,14,2006,34.18406
4636,1,14,2007,34.42418
4636,1,14,2008,34.6092
4636,1,14,2009,34.8605
4636,1,14,2010,35.08638
4636,1,14,2011,35.2286
4636,1,14,2012,35.32147
4636,1,14,2013,35.27553
4636,1,14,2014,35.48566
4636,1,14,2015,35.52245
4636,1,14,2016,35.63069
4636,1,14,2017,35.70694
4636,1,14,2018,35.66798
4636,1,14,2019,35.69143
4636,2,14,1950,30.38417
4636,2,14,1951,30.34075
4636,2,14,1952,30.94597
4636,2,14,1953,31.24064
4636,2,14,1954,31.39551
4636,2,14,1955,31.44178
4636,2,14,1956,31.58935
4636,2,14,1957,31.7673
4636,2,14,1958,31.8044
4636,2,14,1959,31.94463
4636,2,14,1960,32.05452
4636,2,14,1961,31.97162
4636,2,14,1962,31.98585
4636,2,14,1963,32.08829
4636,2,14,1964,32.45658
4636,2,14,1965,32.57774
4636,2,14,1966,32.56165
4636,2,14,1967,32.77012
4636,2,14,1968,32.65665
4636,2,14,1969,32.63289
4636,2,14,1970,32.83858
4636,2,14,1971,32.95427
4636,2,14,1972,32.88341
4636,2,14,1973,33.00935
4636,2,14,1974,33.10523
4636,2,14,1975,33.23983
4636,2,14,1976,33.2701
4636,2,14,1977,33.49347
4636,2,14,1978,33.51943
4636,2,14,1979,33.56676
4636,2,14,1980,33.85296
4636,2,14,1981,33.95246
4636,2,14,1982,33.98487
4636,2,14,1983,34.16301
4636,2,14,1984,34.41002
4636,2,14,1985,34.40233
4636,2,14,1986,34.61502
4636,2,14,1987,34.8565
4636,2,14,1988,34.9845
4636,2,14,1989,35.01621
4636,2,14,1990,35.23207
4636,2,14,1991,35.37271
4636,2,14,1992,35.45099
4636,2,14,1993,35.42903
4636,2,14,1994,35.64883
4636,2,14,1995,35.72692
4636,2,14,1996,35.88434
4636,2,14,1997,36.0254
4636,2,14,1998,36.13233
4636,2,14,1999,36.16639
4636,2,14,2000,36.3983
4636,2,14,2001,36.64336
4636,2,14,2002,36.74325
4636,2,14,2003,36.88127
4636,2,14,2004,37.16355
4636,2,14,2005,37.36856
4636,2,14,2006,37.62952
4636,2,14,2007,37.79162
4636,2,14,2008,37.92097
4636,2,14,2009,38.11752
4636,2,14,2010,38.28296
4636,2,14,2011,38.43563
4636,2,14,2012,38.42429
4636,2,14,2013,38.43556
4636,2,14,2014,38.59877
4636,2,14,2015,38.58605
4636,2,14,2016,38.68693
4636,2,14,2017,38.75605
4636,2,14,2018,38.7672
4636,2,14,2019,38.76276
4636,3,14,1950,28.1796
4636,3,14,1951,28.02312
4636,3,14,1952,28.50496
4636,3,14,1953,28.82222
4636,3,14,1954,28.94465
4636,3,14,1955,28.95322
4636,3,14,1956,29.05462
4636,3,14,1957,29.15165
4636,3,14,1958,29.24552
4636,3,14,1959,29.33489
4636,3,14,1960,29.42371
4636,3,14,1961,29.36462
4636,3,14,1962,29.35265
4636,3,14,1963,29.38377
4636,3,14,1964,29.74854
4636,3,14,1965,29.81428
4636,3,14,1966,29.81871
4636,3,14,1967,30.08227
4636,3,14,1968,29.9201
4636,3,14,1969,29.89061
4636,3,14,1970,30.05599
4636,3,14,1971,30.26474
4636,3,14,1972,30.18194
4636,3,14,1973,30.31016
4636,3,14,1974,30.48031
4636,3,14,1975,30.63636
4636,3,14,1976,30.67655
4636,3,14,1977,30.90481
4636,3,14,1978,30.88761
4636,3,14,1979,30.8989
4636,3,14,1980,31.17684
4636,3,14,1981,31.33897
4636,3,14,1982,31.40785
4636,3,14,1983,31.54162
4636,3,14,1984,31.83122
4636,3,14,1985,31.87353
4636,3,14,1986,32.11786
4636,3,14,1987,32.39382
4636,3,14,1988,32.54013
4636,3,14,1989,32.63315
4636,3,14,1990,32.8608
4636,3,14,1991,33.02836
4636,3,14,1992,33.15103
4636,3,14,1993,33.14229
4636,3,14,1994,33.40698
4636,3,14,1995,33.49923
4636,3,14,1996,33.72562
4636,3,14,1997,33.92555
4636,3,14,1998,34.08393
4636,3,14,1999,34.17223
4636,3,14,2000,34.51023
4636,3,14,2001,34.78337
4636,3,14,2002,34.92669
4636,3,14,2003,35.10931
4636,3,14,2004,35.38051
4636,3,14,2005,35.61602
4636,3,14,2006,35.9205
4636,3,14,2007,36.12075
4636,3,14,2008,36.26873
4636,3,14,2009,36.49795
4636,3,14,2010,36.69833
4636,3,14,2011,36.84103
4636,3,14,2012,36.87228
4636,3,14,2013,36.85303
4636,3,14,2014,37.0256
4636,3,14,2015,37.04034
4636,3,14,2016,37.14305
4636,3,14,2017,37.19622
4636,3,14,2018,37.16871
4636,3,14,2019,37.16072
4643,1,14,1950,28.96578
4643,1,14,1951,28.88529
4643,1,14,1952,29.24478
4643,1,14,1953,29.60221
4643,1,14,1954,30.72204
4643,1,14,1955,30.87721
4643,1,14,1956,30.87973
4643,1,14,1957,30.72285
4643,1,14,1958,30.82022
4643,1,14,1959,30.55265
4643,1,14,1960,30.96276
4643,1,14,1961,31.08931
4643,1,14,1962,31.5597
4643,1,14,1963,31.00652
4643,1,14,1964,31.29285
4643,1,14,1965,31.08343
4643,1,14,1966,31.47319
4643,1,14,1967,31.21294
4643,1,14,1968,31.09362
4643,1,14,1969,30.65335
4643,1,14,1970,30.50724
4643,1,14,1971,31.14004
4643,1,14,1972,30.90227
4643,1,14,1973,30.668
4643,1,14,1974,30.56371
4643,1,14,1975,30.85772
4643,1,14,1976,30.72983
4643,1,14,1977,30.54786
4643,1,14,1978,31.21665
4643,1,14,1979,30.62218
4643,1,14,1980,30.75537
4643,1,14,1981,31.07952
4643,1,14,1982,31.49932
4643,1,14,1983,31.67763
4643,1,14,1984,31.52003
4643,1,14,1985,31.60497
4643,1,14,1986,31.87255
4643,1,14,1987,31.74087
4643,1,14,1988,31.70809
4643,1,14,1989,32.21232
4643,1,14,1990,32.27569
4643,1,14,1991,32.05154
4643,1,14,1992,32.03324
4643,1,14,1993,32.32547
4643,1,14,1994,32.58063
4643,1,14,1995,32.75464
4643,1,14,1996,32.72468
4643,1,14,1997,32.65446
4643,1,14,1998,32.52584
4643,1,14,1999,32.656
4643,1,14,2000,33.082
4643,1,14,2001,33.20614
4643,1,14,2002,32.97336
4643,1,14,2003,32.98316
4643,1,14,2004,33.2812
4643,1,14,2005,33.3247
4643,1,14,2006,33.4423
4643,1,14,2007,33.45377
4643,1,14,2008,33.1841
4643,1,14,2009,33.6081
4643,1,14,2010,34.09027
4643,1,14,2011,34.42354
4643,1,14,2012,34.35845
4643,1,14,2013,33.77955
4643,1,14,2014,33.8134
4643,1,14,2015,34.0429
4643,1,14,2016,34.05899
4643,1,14,2017,34.10484
4643,1,14,2018,34.13693
4643,1,14,2019,35.37996
4643,2,14,1950,29.48256
4643,2,14,1951,29.4171
4643,2,14,1952,29.75902
4643,2,14,1953,29.8447
4643,2,14,1954,30.85568
4643,2,14,1955,31.0195
4643,2,14,1956,31.30934
4643,2,14,1957,31.22027
4643,2,14,1958,31.57156
4643,2,14,1959,31.54049
4643,2,14,1960,31.56295
4643,2,14,1961,32.18211
4643,2,14,1962,32.43292
4643,2,14,1963,31.87633
4643,2,14,1964,32.12437
4643,2,14,1965,32.09563
4643,2,14,1966,32.21083
4643,2,14,1967,32.37727
4643,2,14,1968,32.18885
4643,2,14,1969,32.22372
4643,2,14,1970,32.14519
4643,2,14,1971,32.65148
4643,2,14,1972,32.60567
4643,2,14,1973,32.74302
4643,2,14,1974,33.22163
4643,2,14,1975,33.31343
4643,2,14,1976,33.34676
4643,2,14,1977,33.55459
4643,2,14,1978,33.61707
4643,2,14,1979,33.41317
4643,2,14,1980,33.13435
4643,2,14,1981,32.69695
4643,2,14,1982,32.6877
4643,2,14,1983,32.73294
4643,2,14,1984,32.73402
4643,2,14,1985,32.78507
4643,2,14,1986,33.00803
4643,2,14,1987,33.27021
4643,2,14,1988,33.44899
4643,2,14,1989,33.57632
4643,2,14,1990,33.91046
4643,2,14,1991,34.07017
4643,2,14,1992,34.0637
4643,2,14,1993,34.19447
4643,2,14,1994,34.39309
4643,2,14,1995,34.13319
4643,2,14,1996,34.05651
4643,2,14,1997,34.07414
4643,2,14,1998,34.26985
4643,2,14,1999,34.55936
4643,2,14,2000,34.96755
4643,2,14,2001,35.00326
4643,2,14,2002,34.79308
4643,2,14,2003,34.80196
4643,2,14,2004,35.02978
4643,2,14,2005,35.08397
4643,2,14,2006,35.38148
4643,2,14,2007,35.61927
4643,2,14,2008,35.57996
4643,2,14,2009,35.67378
4643,2,14,2010,35.8032
4643,2,14,2011,36.00522
4643,2,14,2012,36.37805
4643,2,14,2013,36.15118
4643,2,14,2014,36.28649
4643,2,14,2015,36.43571
4643,2,14,2016,36.33926
4643,2,14,2017,36.55728
4643,2,14,2018,36.90382
4643,2,14,2019,37.70284
4643,3,14,1950,28.42975
4643,3,14,1951,28.38
4643,3,14,1952,28.90888
4643,3,14,1953,28.96926
4643,3,14,1954,29.91763
4643,3,14,1955,30.14606
4643,3,14,1956,30.50182
4643,3,14,1957,30.20921
4643,3,14,1958,30.37811
4643,3,14,1959,30.41986
4643,3,14,1960,30.57846
4643,3,14,1961,31.04819
4643,3,14,1962,31.28094
4643,3,14,1963,30.78093
4643,3,14,1964,31.0713
4643,3,14,1965,30.99266
4643,3,14,1966,31.14197
4643,3,14,1967,31.19588
4643,3,14,1968,31.02889
4643,3,14,1969,30.87297
4643,3,14,1970,30.69646
4643,3,14,1971,31.27266
4643,3,14,1972,31.27372
4643,3,14,1973,31.09511
4643,3,14,1974,31.40393
4643,3,14,1975,31.61963
4643,3,14,1976,31.66425
4643,3,14,1977,31.72914
4643,3,14,1978,32.23105
4643,3,14,1979,31.86514
4643,3,14,1980,31.85135
4643,3,14,1981,31.81168
4643,3,14,1982,32.01681
4643,3,14,1983,32.098
4643,3,14,1984,32.00142
4643,3,14,1985,32.08154
4643,3,14,1986,32.35638
4643,3,14,1987,32.44854
4643,3,14,1988,32.53097
4643,3,14,1989,32.82683
4643,3,14,1990,33.00417
4643,3,14,1991,32.98714
4643,3,14,1992,32.96949
4643,3,14,1993,33.1927
4643,3,14,1994,33.40664
4643,3,14,1995,33.36536
4643,3,14,1996,33.30891
4643,3,14,1997,33.30018
4643,3,14,1998,33.32309
4643,3,14,1999,33.54227
4643,3,14,2000,33.95778
4643,3,14,2001,34.04737
4643,3,14,2002,33.81934
4643,3,14,2003,33.83019
4643,3,14,2004,34.09573
4643,3,14,2005,34.16341
4643,3,14,2006,34.35904
4643,3,14,2007,34.48384
4643,3,14,2008,34.32442
4643,3,14,2009,34.59323
4643,3,14,2010,34.86927
4643,3,14,2011,35.14631
4643,3,14,2012,35.29639
4643,3,14,2013,34.91571
4643,3,14,2014,34.98708
4643,3,14,2015,35.17342
4643,3,14,2016,35.16249
4643,3,14,2017,35.28626
4643,3,14,2018,35.44957
4643,3,14,2019,36.15078
4644,1,14,1950,26.67294
4644,1,14,1951,26.67394
4644,1,14,1952,27.13363
4644,1,14,1953,27.4017
4644,1,14,1954,28.64522
4644,1,14,1955,28.88549
4644,1,14,1956,28.87061
4644,1,14,1957,28.61768
4644,1,14,1958,28.70784
4644,1,14,1959,28.72045
4644,1,14,1960,29.037
4644,1,14,1961,29.38735
4644,1,14,1962,29.58759
4644,1,14,1963,29.031
4644,1,14,1964,29.11434
4644,1,14,1965,29.22196
4644,1,14,1966,29.48969
4644,1,14,1967,29.25585
4644,1,14,1968,29.01595
4644,1,14,1969,28.86339
4644,1,14,1970,28.5404
4644,1,14,1971,29.27692
4644,1,14,1972,29.13186
4644,1,14,1973,28.83095
4644,1,14,1974,28.72652
4644,1,14,1975,28.83585
4644,1,14,1976,28.423
4644,1,14,1977,27.98827
4644,1,14,1978,28.33373
4644,1,14,1979,27.67791
4644,1,14,1980,28.28271
4644,1,14,1981,29.77833
4644,1,14,1982,29.12221
4644,1,14,1983,28.84164
4644,1,14,1984,28.62932
4644,1,14,1985,28.31658
4644,1,14,1986,28.85993
4644,1,14,1987,28.71697
4644,1,14,1988,28.47303
4644,1,14,1989,28.82771
4644,1,14,1990,28.83655
4644,1,14,1991,28.82717
4644,1,14,1992,29.3388
4644,1,14,1993,29.6075
4644,1,14,1994,29.5741
4644,1,14,1995,29.12527
4644,1,14,1996,29.19204
4644,1,14,1997,29.05349
4644,1,14,1998,28.83075
4644,1,14,1999,29.07187
4644,1,14,2000,29.18674
4644,1,14,2001,29.97906
4644,1,14,2002,30.01883
4644,1,14,2003,29.83549
4644,1,14,2004,30.06869
4644,1,14,2005,30.28581
4644,1,14,2006,30.5863
4644,1,14,2007,31.03157
4644,1,14,2008,30.59309
4644,1,14,2009,30.5817
4644,1,14,2010,31.0091
4644,1,14,2011,31.54901
4644,1,14,2012,31.83786
4644,1,14,2013,31.36639
4644,1,14,2014,31.55972
4644,1,14,2015,31.51495
4644,1,14,2016,31.27932
4644,1,14,2017,31.85337
4644,1,14,2018,31.26926
4644,1,14,2019,32.6214
4644,2,14,1950,28.45964
4644,2,14,1951,28.2294
4644,2,14,1952,28.64685
4644,2,14,1953,28.68804
4644,2,14,1954,29.83408
4644,2,14,1955,29.90813
4644,2,14,1956,30.38076
4644,2,14,1957,30.28041
4644,2,14,1958,30.54452
4644,2,14,1959,30.62846
4644,2,14,1960,30.86853
4644,2,14,1961,31.33309
4644,2,14,1962,31.71684
4644,2,14,1963,31.03771
4644,2,14,1964,31.2188
4644,2,14,1965,31.43434
4644,2,14,1966,31.39817
4644,2,14,1967,31.59344
4644,2,14,1968,31.58335
4644,2,14,1969,31.54255
4644,2,14,1970,31.58447
4644,2,14,1971,32.03177
4644,2,14,1972,32.14729
4644,2,14,1973,32.15711
4644,2,14,1974,32.72638
4644,2,14,1975,32.88757
4644,2,14,1976,32.97762
4644,2,14,1977,33.20024
4644,2,14,1978,33.26815
4644,2,14,1979,32.78332
4644,2,14,1980,32.73485
4644,2,14,1981,32.79353
4644,2,14,1982,32.40306
4644,2,14,1983,31.99461
4644,2,14,1984,31.9879
4644,2,14,1985,32.04147
4644,2,14,1986,32.24752
4644,2,14,1987,32.28467
4644,2,14,1988,32.30442
4644,2,14,1989,32.22047
4644,2,14,1990,32.38763
4644,2,14,1991,32.49737
4644,2,14,1992,32.8635
4644,2,14,1993,32.87147
4644,2,14,1994,32.94293
4644,2,14,1995,32.83199
4644,2,14,1996,32.93645
4644,2,14,1997,33.06742
4644,2,14,1998,33.15176
4644,2,14,1999,33.32373
4644,2,14,2000,33.56511
4644,2,14,2001,33.81655
4644,2,14,2002,34.07843
4644,2,14,2003,34.1336
4644,2,14,2004,34.20252
4644,2,14,2005,34.34479
4644,2,14,2006,34.69699
4644,2,14,2007,35.04047
4644,2,14,2008,35.15296
4644,2,14,2009,35.00305
4644,2,14,2010,35.34745
4644,2,14,2011,35.85574
4644,2,14,2012,36.07355
4644,2,14,2013,35.68516
4644,2,14,2014,35.75161
4644,2,14,2015,35.98142
4644,2,14,2016,36.03935
4644,2,14,2017,36.10745
4644,2,14,2018,36.0616
4644,2,14,2019,36.97691
4644,3,14,1950,26.67776
4644,3,14,1951,26.69791
4644,3,14,1952,27.17615
4644,3,14,1953,27.36032
4644,3,14,1954,28.35561
4644,3,14,1955,28.45338
4644,3,14,1956,28.79357
4644,3,14,1957,28.61767
4644,3,14,1958,28.94364
4644,3,14,1959,28.85111
4644,3,14,1960,29.11553
4644,3,14,1961,29.61662
4644,3,14,1962,29.85245
4644,3,14,1963,29.33217
4644,3,14,1964,29.46793
4644,3,14,1965,29.59637
4644,3,14,1966,29.67974
4644,3,14,1967,29.62947
4644,3,14,1968,29.61188
4644,3,14,1969,29.42153
4644,3,14,1970,29.2824
4644,3,14,1971,29.80367
4644,3,14,1972,29.79522
4644,3,14,1973,29.84856
4644,3,14,1974,30.09799
4644,3,14,1975,30.16896
4644,3,14,1976,30.0833
4644,3,14,1977,29.9846
4644,3,14,1978,30.33987
4644,3,14,1979,29.90172
4644,3,14,1980,30.27714
4644,3,14,1981,31.13323
4644,3,14,1982,30.62699
4644,3,14,1983,30.25696
4644,3,14,1984,30.16287
4644,3,14,1985,30.00934
4644,3,14,1986,30.37028
4644,3,14,1987,30.32858
4644,3,14,1988,30.23397
4644,3,14,1989,30.36831
4644,3,14,1990,30.45975
4644,3,14,1991,30.47837
4644,3,14,1992,30.95035
4644,3,14,1993,31.09521
4644,3,14,1994,31.09543
4644,3,14,1995,30.80946
4644,3,14,1996,30.90104
4644,3,14,1997,30.88911
4644,3,14,1998,30.82996
4644,3,14,1999,31.02445
4644,3,14,2000,31.21592
4644,3,14,2001,31.7638
4644,3,14,2002,31.89298
4644,3,14,2003,31.82782
4644,3,14,2004,32.00136
4644,3,14,2005,32.19086
4644,3,14,2006,32.51258
4644,3,14,2007,32.91323
4644,3,14,2008,32.72582
4644,3,14,2009,32.65755
4644,3,14,2010,33.04687
4644,3,14,2011,33.56638
4644,3,14,2012,33.8335
4644,3,14,2013,33.39489
4644,3,14,2014,33.51793
4644,3,14,2015,33.60482
4644,3,14,2016,33.49354
4644,3,14,2017,33.83124
4644,3,14,2018,33.50218
4644,3,14,2019,34.25955
4645,1,14,1950,26.4103
4645,1,14,1951,26.42269
4645,1,14,1952,26.92912
4645,1,14,1953,27.32487
4645,1,14,1954,28.13624
4645,1,14,1955,28.32484
4645,1,14,1956,28.54285
4645,1,14,1957,28.2629
4645,1,14,1958,28.49122
4645,1,14,1959,28.37137
4645,1,14,1960,28.57122
4645,1,14,1961,29.13621
4645,1,14,1962,29.33286
4645,1,14,1963,28.71129
4645,1,14,1964,28.76736
4645,1,14,1965,28.75018
4645,1,14,1966,28.88172
4645,1,14,1967,28.8668
4645,1,14,1968,28.68731
4645,1,14,1969,28.51252
4645,1,14,1970,28.32958
4645,1,14,1971,28.97506
4645,1,14,1972,28.8938
4645,1,14,1973,28.60612
4645,1,14,1974,29.06905
4645,1,14,1975,29.48282
4645,1,14,1976,29.40134
4645,1,14,1977,29.20281
4645,1,14,1978,29.61936
4645,1,14,1979,29.27797
4645,1,14,1980,29.57808
4645,1,14,1981,29.73787
4645,1,14,1982,30.61881
4645,1,14,1983,31.80921
4645,1,14,1984,31.57616
4645,1,14,1985,31.87994
4645,1,14,1986,30.72084
4645,1,14,1987,31.70512
4645,1,14,1988,31.79561
4645,1,14,1989,31.2783
4645,1,14,1990,30.42241
4645,1,14,1991,32.06628
4645,1,14,1992,31.81126
4645,1,14,1993,31.18604
4645,1,14,1994,31.79981
4645,1,14,1995,30.95214
4645,1,14,1996,31.46822
4645,1,14,1997,31.36436
4645,1,14,1998,32.17124
4645,1,14,1999,31.47681
4645,1,14,2000,31.74984
4645,1,14,2001,32.16399
4645,1,14,2002,32.40151
4645,1,14,2003,31.93505
4645,1,14,2004,32.3508
4645,1,14,2005,31.96127
4645,1,14,2006,32.26537
4645,1,14,2007,32.53462
4645,1,14,2008,32.11494
4645,1,14,2009,32.61667
4645,1,14,2010,33.29885
4645,1,14,2011,33.32012
4645,1,14,2012,33.01937
4645,1,14,2013,33.29975
4645,1,14,2014,33.28017
4645,1,14,2015,32.93301
4645,1,14,2016,33.10934
4645,1,14,2017,31.13449
4645,1,14,2018,32.87793
4645,1,14,2019,34.30194
4645,2,14,1950,29.49672
4645,2,14,1951,29.28194
4645,2,14,1952,29.81856
4645,2,14,1953,29.78622
4645,2,14,1954,30.87829
4645,2,14,1955,31.05379
4645,2,14,1956,31.41488
4645,2,14,1957,31.29938
4645,2,14,1958,31.55559
4645,2,14,1959,31.68844
4645,2,14,1960,31.83744
4645,2,14,1961,32.40719
4645,2,14,1962,32.66161
4645,2,14,1963,32.00599
4645,2,14,1964,32.23343
4645,2,14,1965,32.26731
4645,2,14,1966,32.34561
4645,2,14,1967,32.66913
4645,2,14,1968,32.51183
4645,2,14,1969,32.53785
4645,2,14,1970,32.61807
4645,2,14,1971,33.09439
4645,2,14,1972,33.19036
4645,2,14,1973,33.28291
4645,2,14,1974,33.84985
4645,2,14,1975,33.97767
4645,2,14,1976,34.17678
4645,2,14,1977,34.58519
4645,2,14,1978,34.91107
4645,2,14,1979,34.75359
4645,2,14,1980,34.54203
4645,2,14,1981,34.19737
4645,2,14,1982,34.26018
4645,2,14,1983,34.24527
4645,2,14,1984,34.44893
4645,2,14,1985,34.42863
4645,2,14,1986,34.63322
4645,2,14,1987,34.50275
4645,2,14,1988,34.45933
4645,2,14,1989,34.5192
4645,2,14,1990,34.45511
4645,2,14,1991,34.37817
4645,2,14,1992,34.50184
4645,2,14,1993,34.93791
4645,2,14,1994,35.08957
4645,2,14,1995,35.04759
4645,2,14,1996,35.14464
4645,2,14,1997,35.26561
4645,2,14,1998,35.3526
4645,2,14,1999,35.39999
4645,2,14,2000,35.62868
4645,2,14,2001,35.85649
4645,2,14,2002,35.87413
4645,2,14,2003,35.83786
4645,2,14,2004,35.93953
4645,2,14,2005,35.86205
4645,2,14,2006,35.97844
4645,2,14,2007,36.31042
4645,2,14,2008,36.32256
4645,2,14,2009,36.24611
4645,2,14,2010,36.2028
4645,2,14,2011,36.1016
4645,2,14,2012,36.31437
4645,2,14,2013,36.26028
4645,2,14,2014,36.42302
4645,2,14,2015,36.66647
4645,2,14,2016,36.64362
4645,2,14,2017,36.54333
4645,2,14,2018,36.51715
4645,2,14,2019,37.30474
4645,3,14,1950,27.32092
4645,3,14,1951,27.22255
4645,3,14,1952,27.64017
4645,3,14,1953,27.76318
4645,3,14,1954,28.78446
4645,3,14,1955,28.95318
4645,3,14,1956,29.12646
4645,3,14,1957,28.99099
4645,3,14,1958,29.23934
4645,3,14,1959,29.31492
4645,3,14,1960,29.39523
4645,3,14,1961,30.10195
4645,3,14,1962,30.28824
4645,3,14,1963,29.70142
4645,3,14,1964,29.77062
4645,3,14,1965,29.79534
4645,3,14,1966,29.94877
4645,3,14,1967,30.12848
4645,3,14,1968,29.91226
4645,3,14,1969,29.85748
4645,3,14,1970,29.69868
4645,3,14,1971,30.3901
4645,3,14,1972,30.38714
4645,3,14,1973,30.31448
4645,3,14,1974,30.88812
4645,3,14,1975,31.15216
4645,3,14,1976,31.30248
4645,3,14,1977,31.39624
4645,3,14,1978,31.76761
4645,3,14,1979,31.485
4645,3,14,1980,31.64256
4645,3,14,1981,31.61964
4645,3,14,1982,32.13452
4645,3,14,1983,32.76898
4645,3,14,1984,32.72957
4645,3,14,1985,32.92739
4645,3,14,1986,32.36533
4645,3,14,1987,32.90654
4645,3,14,1988,32.92018
4645,3,14,1989,32.65298
4645,3,14,1990,32.15829
4645,3,14,1991,33.02443
4645,3,14,1992,32.94418
4645,3,14,1993,32.77731
4645,3,14,1994,33.18958
4645,3,14,1995,32.70011
4645,3,14,1996,33.0519
4645,3,14,1997,33.03611
4645,3,14,1998,33.54034
4645,3,14,1999,33.16399
4645,3,14,2000,33.42919
4645,3,14,2001,33.74869
4645,3,14,2002,33.91348
4645,3,14,2003,33.63095
4645,3,14,2004,33.92309
4645,3,14,2005,33.67915
4645,3,14,2006,33.89032
4645,3,14,2007,34.18937
4645,3,14,2008,33.92224
4645,3,14,2009,34.22091
4645,3,14,2010,34.57512
4645,3,14,2011,34.53107
4645,3,14,2012,34.49328
4645,3,14,2013,34.61186
4645,3,14,2014,34.69118
4645,3,14,2015,34.58232
4645,3,14,2016,34.68664
4645,3,14,2017,33.53167
4645,3,14,2018,34.52861
4645,3,14,2019,35.36303
4646,1,14,1950,29.81268
4646,1,14,1951,29.73881
4646,1,14,1952,30.33154
4646,1,14,1953,30.75902
4646,1,14,1954,31.79173
4646,1,14,1955,32.11381
4646,1,14,1956,32.075
4646,1,14,1957,32.06087
4646,1,14,1958,32.02731
4646,1,14,1959,31.79465
4646,1,14,1960,32.18322
4646,1,14,1961,32.43539
4646,1,14,1962,32.84581
4646,1,14,1963,32.30706
4646,1,14,1964,32.59799
4646,1,14,1965,32.64141
4646,1,14,1966,32.81791
4646,1,14,1967,32.86275
4646,1,14,1968,32.71318
4646,1,14,1969,32.50016
4646,1,14,1970,32.17434
4646,1,14,1971,32.93881
4646,1,14,1972,32.83755
4646,1,14,1973,32.71021
4646,1,14,1974,32.83663
4646,1,14,1975,32.76881
4646,1,14,1976,32.57396
4646,1,14,1977,32.41858
4646,1,14,1978,32.79785
4646,1,14,1979,32.21207
4646,1,14,1980,32.14636
4646,1,14,1981,32.1239
4646,1,14,1982,32.30654
4646,1,14,1983,32.64124
4646,1,14,1984,32.45245
4646,1,14,1985,32.71089
4646,1,14,1986,32.7678
4646,1,14,1987,32.69172
4646,1,14,1988,32.42471
4646,1,14,1989,32.8742
4646,1,14,1990,33.05646
4646,1,14,1991,33.26354
4646,1,14,1992,33.45698
4646,1,14,1993,33.59542
4646,1,14,1994,33.71823
4646,1,14,1995,33.61389
4646,1,14,1996,33.53798
4646,1,14,1997,33.65472
4646,1,14,1998,33.56744
4646,1,14,1999,34.19375
4646,1,14,2000,34.7435
4646,1,14,2001,34.92479
4646,1,14,2002,34.76144
4646,1,14,2003,34.66485
4646,1,14,2004,34.71932
4646,1,14,2005,34.62287
4646,1,14,2006,34.8075
4646,1,14,2007,34.9745
4646,1,14,2008,34.38062
4646,1,14,2009,34.67844
4646,1,14,2010,34.62372
4646,1,14,2011,34.87631
4646,1,14,2012,34.9362
4646,1,14,2013,34.38372
4646,1,14,2014,34.07822
4646,1,14,2015,33.6489
4646,1,14,2016,33.44056
4646,1,14,2017,33.7814
4646,1,14,2018,33.93028
4646,1,14,2019,35.28322
4646,2,14,1950,29.62203
4646,2,14,1951,29.39449
4646,2,14,1952,29.9216
4646,2,14,1953,29.88053
4646,2,14,1954,31.1155
4646,2,14,1955,31.19121
4646,2,14,1956,31.51747
4646,2,14,1957,31.4401
4646,2,14,1958,31.70781
4646,2,14,1959,31.85867
4646,2,14,1960,31.9541
4646,2,14,1961,32.54848
4646,2,14,1962,32.92532
4646,2,14,1963,32.16856
4646,2,14,1964,32.64357
4646,2,14,1965,32.49791
4646,2,14,1966,32.64003
4646,2,14,1967,32.81852
4646,2,14,1968,32.49972
4646,2,14,1969,32.54788
4646,2,14,1970,32.54531
4646,2,14,1971,32.98998
4646,2,14,1972,33.11311
4646,2,14,1973,33.12867
4646,2,14,1974,33.76483
4646,2,14,1975,33.80917
4646,2,14,1976,33.89389
4646,2,14,1977,34.15226
4646,2,14,1978,34.22258
4646,2,14,1979,33.93428
4646,2,14,1980,33.48546
4646,2,14,1981,33.17641
4646,2,14,1982,33.08101
4646,2,14,1983,32.87949
4646,2,14,1984,33.03893
4646,2,14,1985,33.17337
4646,2,14,1986,33.38798
4646,2,14,1987,33.5222
4646,2,14,1988,33.58695
4646,2,14,1989,33.89392
4646,2,14,1990,34.19383
4646,2,14,1991,34.3803
4646,2,14,1992,34.38998
4646,2,14,1993,34.42693
4646,2,14,1994,34.44609
4646,2,14,1995,34.37333
4646,2,14,1996,34.51617
4646,2,14,1997,34.67585
4646,2,14,1998,35.05106
4646,2,14,1999,35.45609
4646,2,14,2000,35.71087
4646,2,14,2001,35.76002
4646,2,14,2002,36.03099
4646,2,14,2003,36.06045
4646,2,14,2004,36.06738
4646,2,14,2005,35.97092
4646,2,14,2006,35.99244
4646,2,14,2007,35.97871
4646,2,14,2008,35.80977
4646,2,14,2009,35.73944
4646,2,14,2010,35.9474
4646,2,14,2011,36.17065
4646,2,14,2012,36.44545
4646,2,14,2013,36.26815
4646,2,14,2014,36.03007
4646,2,14,2015,35.62692
4646,2,14,2016,35.533
4646,2,14,2017,35.87225
4646,2,14,2018,36.19884
4646,2,14,2019,37.06934
4646,3,14,1950,29.02436
4646,3,14,1951,28.74262
4646,3,14,1952,29.32743
4646,3,14,1953,29.51159
4646,3,14,1954,30.56385
4646,3,14,1955,30.78125
4646,3,14,1956,31.02949
4646,3,14,1957,30.95198
4646,3,14,1958,31.09119
4646,3,14,1959,31.20232
4646,3,14,1960,31.33558
4646,3,14,1961,31.77317
4646,3,14,1962,32.26007
4646,3,14,1963,31.65804
4646,3,14,1964,31.8424
4646,3,14,1965,31.91403
4646,3,14,1966,32.13671
4646,3,14,1967,32.20314
4646,3,14,1968,32.07614
4646,3,14,1969,31.84009
4646,3,14,1970,31.81651
4646,3,14,1971,32.3552
4646,3,14,1972,32.42334
4646,3,14,1973,32.39926
4646,3,14,1974,32.76882
4646,3,14,1975,32.78246
4646,3,14,1976,32.81651
4646,3,14,1977,32.89079
4646,3,14,1978,33.15965
4646,3,14,1979,32.81557
4646,3,14,1980,32.61933
4646,3,14,1981,32.51213
4646,3,14,1982,32.54494
4646,3,14,1983,32.59706
4646,3,14,1984,32.58735
4646,3,14,1985,32.79104
4646,3,14,1986,32.93341
4646,3,14,1987,32.96563
4646,3,14,1988,32.89436
4646,3,14,1989,33.2676
4646,3,14,1990,33.52824
4646,3,14,1991,33.68656
4646,3,14,1992,33.81201
4646,3,14,1993,33.9067
4646,3,14,1994,33.99085
4646,3,14,1995,33.8938
4646,3,14,1996,33.92365
4646,3,14,1997,34.04399
4646,3,14,1998,34.18624
4646,3,14,1999,34.72753
4646,3,14,2000,35.11972
4646,3,14,2001,35.25245
4646,3,14,2002,35.29246
4646,3,14,2003,35.25612
4646,3,14,2004,35.28657
4646,3,14,2005,35.1971
4646,3,14,2006,35.31444
4646,3,14,2007,35.37329
4646,3,14,2008,34.98848
4646,3,14,2009,35.10234
4646,3,14,2010,35.1678
4646,3,14,2011,35.40102
4646,3,14,2012,35.57985
4646,3,14,2013,35.21507
4646,3,14,2014,34.96147
4646,3,14,2015,34.53935
4646,3,14,2016,34.383
4646,3,14,2017,34.71611
4646,3,14,2018,34.91933
4646,3,14,2019,35.81476
4647,1,14,1950,26.97694
4647,1,14,1951,26.97382
4647,1,14,1952,27.42084
4647,1,14,1953,27.71919
4647,1,14,1954,28.74875
4647,1,14,1955,29.08186
4647,1,14,1956,29.01698
4647,1,14,1957,28.88799
4647,1,14,1958,29.10528
4647,1,14,1959,29.0454
4647,1,14,1960,29.34148
4647,1,14,1961,29.64447
4647,1,14,1962,30.00952
4647,1,14,1963,29.49222
4647,1,14,1964,29.72256
4647,1,14,1965,29.64333
4647,1,14,1966,29.83833
4647,1,14,1967,29.6577
4647,1,14,1968,29.60323
4647,1,14,1969,29.44074
4647,1,14,1970,29.15035
4647,1,14,1971,29.88115
4647,1,14,1972,29.61491
4647,1,14,1973,29.61249
4647,1,14,1974,29.47268
4647,1,14,1975,29.60764
4647,1,14,1976,29.37868
4647,1,14,1977,29.08671
4647,1,14,1978,29.46239
4647,1,14,1979,28.67538
4647,1,14,1980,28.55449
4647,1,14,1981,28.77477
4647,1,14,1982,28.85516
4647,1,14,1983,29.03972
4647,1,14,1984,29.53976
4647,1,14,1985,29.85725
4647,1,14,1986,29.85878
4647,1,14,1987,30.05537
4647,1,14,1988,29.60208
4647,1,14,1989,29.59689
4647,1,14,1990,30.09326
4647,1,14,1991,30.26685
4647,1,14,1992,30.26295
4647,1,14,1993,30.48252
4647,1,14,1994,31.19062
4647,1,14,1995,31.32756
4647,1,14,1996,31.03323
4647,1,14,1997,30.89547
4647,1,14,1998,31.17027
4647,1,14,1999,31.6003
4647,1,14,2000,31.5954
4647,1,14,2001,31.75171
4647,1,14,2002,31.76056
4647,1,14,2003,31.72057
4647,1,14,2004,32.10032
4647,1,14,2005,31.52283
4647,1,14,2006,31.5641
4647,1,14,2007,31.88315
4647,1,14,2008,31.67338
4647,1,14,2009,31.94438
4647,1,14,2010,31.91335
4647,1,14,2011,32.24994
4647,1,14,2012,32.67211
4647,1,14,2013,32.17634
4647,1,14,2014,32.02969
4647,1,14,2015,32.352
4647,1,14,2016,32.51345
4647,1,14,2017,32.49951
4647,1,14,2018,32.59904
4647,1,14,2019,34.1777
4647,2,14,1950,27.40767
4647,2,14,1951,27.26464
4647,2,14,1952,27.79894
4647,2,14,1953,27.84448
4647,2,14,1954,28.97765
4647,2,14,1955,29.08639
4647,2,14,1956,29.36164
4647,2,14,1957,29.24355
4647,2,14,1958,29.58203
4647,2,14,1959,29.80249
4647,2,14,1960,29.80979
4647,2,14,1961,30.30519
4647,2,14,1962,30.73138
4647,2,14,1963,29.99712
4647,2,14,1964,30.54352
4647,2,14,1965,30.46131
4647,2,14,1966,30.70769
4647,2,14,1967,30.65468
4647,2,14,1968,30.44681
4647,2,14,1969,30.41974
4647,2,14,1970,30.51325
4647,2,14,1971,30.94672
4647,2,14,1972,30.99113
4647,2,14,1973,31.05273
4647,2,14,1974,31.56774
4647,2,14,1975,31.50579
4647,2,14,1976,31.50506
4647,2,14,1977,31.56729
4647,2,14,1978,31.51557
4647,2,14,1979,31.02944
4647,2,14,1980,30.97675
4647,2,14,1981,31.26326
4647,2,14,1982,31.22247
4647,2,14,1983,31.28549
4647,2,14,1984,31.22274
4647,2,14,1985,31.41064
4647,2,14,1986,31.36514
4647,2,14,1987,31.49898
4647,2,14,1988,32.07109
4647,2,14,1989,32.26254
4647,2,14,1990,32.60153
4647,2,14,1991,32.90977
4647,2,14,1992,32.94366
4647,2,14,1993,33.06494
4647,2,14,1994,33.18381
4647,2,14,1995,32.82908
4647,2,14,1996,32.99689
4647,2,14,1997,33.09435
4647,2,14,1998,33.4645
4647,2,14,1999,33.90519
4647,2,14,2000,33.99468
4647,2,14,2001,33.87055
4647,2,14,2002,33.73647
4647,2,14,2003,33.86259
4647,2,14,2004,34.28117
4647,2,14,2005,33.89202
4647,2,14,2006,34.37571
4647,2,14,2007,34.39504
4647,2,14,2008,34.46167
4647,2,14,2009,34.32696
4647,2,14,2010,34.72471
4647,2,14,2011,35.15423
4647,2,14,2012,35.25559
4647,2,14,2013,34.78276
4647,2,14,2014,34.80246
4647,2,14,2015,34.97712
4647,2,14,2016,35.00049
4647,2,14,2017,35.08479
4647,2,14,2018,35.258
4647,2,14,2019,36.42081
4647,3,14,1950,26.42976
4647,3,14,1951,26.37213
4647,3,14,1952,26.88888
4647,3,14,1953,27.04396
4647,3,14,1954,28.11341
4647,3,14,1955,28.26783
4647,3,14,1956,28.41463
4647,3,14,1957,28.22879
4647,3,14,1958,28.55675
4647,3,14,1959,28.62838
4647,3,14,1960,28.85686
4647,3,14,1961,29.3724
4647,3,14,1962,29.71293
4647,3,14,1963,29.21623
4647,3,14,1964,29.38754
4647,3,14,1965,29.361
4647,3,14,1966,29.56087
4647,3,14,1967,29.60646
4647,3,14,1968,29.39766
4647,3,14,1969,29.37681
4647,3,14,1970,29.10512
4647,3,14,1971,29.88051
4647,3,14,1972,29.62885
4647,3,14,1973,29.647
4647,3,14,1974,29.90038
4647,3,14,1975,29.97106
4647,3,14,1976,29.90592
4647,3,14,1977,29.97935
4647,3,14,1978,30.26313
4647,3,14,1979,29.7415
4647,3,14,1980,29.6537
4647,3,14,1981,29.92323
4647,3,14,1982,29.94534
4647,3,14,1983,30.06715
4647,3,14,1984,30.27488
4647,3,14,1985,30.54125
4647,3,14,1986,30.50955
4647,3,14,1987,30.67856
4647,3,14,1988,30.74749
4647,3,14,1989,30.82608
4647,3,14,1990,31.23654
4647,3,14,1991,31.49937
4647,3,14,1992,31.50455
4647,3,14,1993,31.67315
4647,3,14,1994,32.08402
4647,3,14,1995,31.99406
4647,3,14,1996,31.92248
4647,3,14,1997,31.89161
4647,3,14,1998,32.23322
4647,3,14,1999,32.65569
4647,3,14,2000,32.70609
4647,3,14,2001,32.70831
4647,3,14,2002,32.66866
4647,3,14,2003,32.70566
4647,3,14,2004,33.09695
4647,3,14,2005,32.60964
4647,3,14,2006,32.86491
4647,3,14,2007,33.04962
4647,3,14,2008,32.97501
4647,3,14,2009,33.03107
4647,3,14,2010,33.23856
4647,3,14,2011,33.61069
4647,3,14,2012,33.88598
4647,3,14,2013,33.40625
4647,3,14,2014,33.31866
4647,3,14,2015,33.58102
4647,3,14,2016,33.67889
4647,3,14,2017,33.70499
4647,3,14,2018,33.83834
4647,3,14,2019,34.78963
4648,1,14,1950,23.7545
4648,1,14,1951,23.74196
4648,1,14,1952,24.16189
4648,1,14,1953,24.56068
4648,1,14,1954,25.72823
4648,1,14,1955,25.92483
4648,1,14,1956,26.08957
4648,1,14,1957,26.0481
4648,1,14,1958,26.23741
4648,1,14,1959,22.35675
4648,1,14,1960,26.49297
4648,1,14,1961,27.0487
4648,1,14,1962,27.51468
4648,1,14,1963,27.01538
4648,1,14,1964,27.34709
4648,1,14,1965,27.20153
4648,1,14,1966,27.3286
4648,1,14,1967,27.35728
4648,1,14,1968,27.27769
4648,1,14,1969,26.96884
4648,1,14,1970,26.59633
4648,1,14,1971,27.4612
4648,1,14,1972,27.24097
4648,1,14,1973,26.96565
4648,1,14,1974,26.83527
4648,1,14,1975,26.89893
4648,1,14,1976,26.74409
4648,1,14,1977,26.55713
4648,1,14,1978,26.88493
4648,1,14,1979,26.65665
4648,1,14,1980,27.16456
4648,1,14,1981,29.35106
4648,1,14,1982,29.96754
4648,1,14,1983,30.43086
4648,1,14,1984,31.49219
4648,1,14,1985,30.51805
4648,1,14,1986,31.13466
4648,1,14,1987,30.3294
4648,1,14,1988,30.50821
4648,1,14,1989,30.79408
4648,1,14,1990,30.11139
4648,1,14,1991,30.53333
4648,1,14,1992,30.54482
4648,1,14,1993,31.15952
4648,1,14,1994,31.60988
4648,1,14,1995,31.81706
4648,1,14,1996,32.08091
4648,1,14,1997,32.01631
4648,1,14,1998,32.30256
4648,1,14,1999,32.41264
4648,1,14,2000,32.72325
4648,1,14,2001,33.32446
4648,1,14,2002,33.01303
4648,1,14,2003,33.61276
4648,1,14,2004,33.55858
4648,1,14,2005,33.16934
4648,1,14,2006,33.25741
4648,1,14,2007,33.4565
4648,1,14,2008,33.33488
4648,1,14,2009,33.35432
4648,1,14,2010,33.32247
4648,1,14,2011,33.11947
4648,1,14,2012,33.13672
4648,1,14,2013,32.60237
4648,1,14,2014,32.40379
4648,1,14,2015,32.14507
4648,1,14,2016,31.85084
4648,1,14,2017,31.83269
4648,1,14,2018,32.38186
4648,1,14,2019,33.58332
4648,2,14,1950,27.43867
4648,2,14,1951,27.41203
4648,2,14,1952,27.87777
4648,2,14,1953,27.93658
4648,2,14,1954,28.86892
4648,2,14,1955,29.11962
4648,2,14,1956,29.38917
4648,2,14,1957,29.33902
4648,2,14,1958,29.76986
4648,2,14,1959,26.10763
4648,2,14,1960,30.12487
4648,2,14,1961,30.67244
4648,2,14,1962,31.05864
4648,2,14,1963,30.44126
4648,2,14,1964,30.86556
4648,2,14,1965,30.81551
4648,2,14,1966,31.01098
4648,2,14,1967,31.14093
4648,2,14,1968,31.08716
4648,2,14,1969,30.99534
4648,2,14,1970,30.94362
4648,2,14,1971,31.47802
4648,2,14,1972,31.67301
4648,2,14,1973,31.60857
4648,2,14,1974,32.19192
4648,2,14,1975,32.35055
4648,2,14,1976,32.64313
4648,2,14,1977,33.00141
4648,2,14,1978,33.20788
4648,2,14,1979,32.90372
4648,2,14,1980,32.72604
4648,2,14,1981,32.08342
4648,2,14,1982,31.96853
4648,2,14,1983,32.76168
4648,2,14,1984,32.93918
4648,2,14,1985,32.82968
4648,2,14,1986,32.68495
4648,2,14,1987,33.18804
4648,2,14,1988,32.56585
4648,2,14,1989,32.64921
4648,2,14,1990,32.868
4648,2,14,1991,33.01081
4648,2,14,1992,33.44547
4648,2,14,1993,33.28915
4648,2,14,1994,33.86224
4648,2,14,1995,33.66287
4648,2,14,1996,33.95913
4648,2,14,1997,34.004
4648,2,14,1998,34.14459
4648,2,14,1999,34.87253
4648,2,14,2000,35.34208
4648,2,14,2001,35.24022
4648,2,14,2002,35.43743
4648,2,14,2003,35.5673
4648,2,14,2004,35.63184
4648,2,14,2005,35.66035
4648,2,14,2006,35.95441
4648,2,14,2007,36.32546
4648,2,14,2008,36.22102
4648,2,14,2009,36.28113
4648,2,14,2010,36.21095
4648,2,14,2011,36.17976
4648,2,14,2012,36.18198
4648,2,14,2013,36.06397
4648,2,14,2014,36.03082
4648,2,14,2015,36.0697
4648,2,14,2016,36.15736
4648,2,14,2017,36.68557
4648,2,14,2018,36.89011
4648,2,14,2019,37.63427
4648,3,14,1950,24.96954
4648,3,14,1951,24.86533
4648,3,14,1952,25.37894
4648,3,14,1953,25.51714
4648,3,14,1954,26.5673
4648,3,14,1955,26.85225
4648,3,14,1956,27.06461
4648,3,14,1957,26.93869
4648,3,14,1958,27.31494
4648,3,14,1959,23.70533
4648,3,14,1960,27.46693
4648,3,14,1961,28.15671
4648,3,14,1962,28.51942
4648,3,14,1963,28.08015
4648,3,14,1964,28.38418
4648,3,14,1965,28.41713
4648,3,14,1966,28.4943
4648,3,14,1967,28.4527
4648,3,14,1968,28.27977
4648,3,14,1969,28.26518
4648,3,14,1970,28.06993
4648,3,14,1971,28.81475
4648,3,14,1972,28.82128
4648,3,14,1973,28.79051
4648,3,14,1974,28.92794
4648,3,14,1975,28.97808
4648,3,14,1976,29.09144
4648,3,14,1977,29.14795
4648,3,14,1978,29.45345
4648,3,14,1979,29.30543
4648,3,14,1980,29.58011
4648,3,14,1981,30.56475
4648,3,14,1982,30.7955
4648,3,14,1983,31.42968
4648,3,14,1984,32.03623
4648,3,14,1985,31.4915
4648,3,14,1986,31.76322
4648,3,14,1987,31.61006
4648,3,14,1988,31.41167
4648,3,14,1989,31.58563
4648,3,14,1990,31.35006
4648,3,14,1991,31.63663
4648,3,14,1992,31.84649
4648,3,14,1993,32.05837
4648,3,14,1994,32.59973
4648,3,14,1995,32.60555
4648,3,14,1996,32.89825
4648,3,14,1997,32.90699
4648,3,14,1998,33.10081
4648,3,14,1999,33.53647
4648,3,14,2000,33.89109
4648,3,14,2001,34.13652
4648,3,14,2002,34.08376
4648,3,14,2003,34.47086
4648,3,14,2004,34.4748
4648,3,14,2005,34.27913
4648,3,14,2006,34.49582
4648,3,14,2007,34.77241
4648,3,14,2008,34.65218
4648,3,14,2009,34.70628
4648,3,14,2010,34.63758
4648,3,14,2011,34.54475
4648,3,14,2012,34.55549
4648,3,14,2013,34.22029
4648,3,14,2014,34.09468
4648,3,14,2015,33.99553
4648,3,14,2016,33.85064
4648,3,14,2017,34.07056
4648,3,14,2018,34.46725
4648,3,14,2019,35.29868
4649,1,14,1950,28.09078
4649,1,14,1951,28.08134
4649,1,14,1952,28.5528
4649,1,14,1953,28.81866
4649,1,14,1954,29.96542
4649,1,14,1955,30.26383
4649,1,14,1956,30.16546
4649,1,14,1957,30.13952
4649,1,14,1958,30.37331
4649,1,14,1959,30.13575
4649,1,14,1960,30.42623
4649,1,14,1961,30.78201
4649,1,14,1962,31.07683
4649,1,14,1963,30.60599
4649,1,14,1964,30.95172
4649,1,14,1965,31.03433
4649,1,14,1966,31.40419
4649,1,14,1967,31.36851
4649,1,14,1968,31.16994
4649,1,14,1969,30.96235
4649,1,14,1970,30.75268
4649,1,14,1971,31.67227
4649,1,14,1972,31.60609
4649,1,14,1973,31.60004
4649,1,14,1974,31.65279
4649,1,14,1975,31.65931
4649,1,14,1976,31.37078
4649,1,14,1977,31.25224
4649,1,14,1978,31.38694
4649,1,14,1979,30.67168
4649,1,14,1980,30.33089
4649,1,14,1981,28.92308
4649,1,14,1982,30.27219
4649,1,14,1983,31.66857
4649,1,14,1984,32.15417
4649,1,14,1985,30.98486
4649,1,14,1986,31.32917
4649,1,14,1987,32.01573
4649,1,14,1988,32.29265
4649,1,14,1989,32.52187
4649,1,14,1990,32.81481
4649,1,14,1991,33.0686
4649,1,14,1992,33.14761
4649,1,14,1993,32.81185
4649,1,14,1994,33.0006
4649,1,14,1995,33.07338
4649,1,14,1996,33.27027
4649,1,14,1997,33.01798
4649,1,14,1998,32.32549
4649,1,14,1999,33.23349
4649,1,14,2000,33.36401
4649,1,14,2001,33.31914
4649,1,14,2002,33.08411
4649,1,14,2003,33.55548
4649,1,14,2004,33.94529
4649,1,14,2005,33.9017
4649,1,14,2006,33.52245
4649,1,14,2007,34.11108
4649,1,14,2008,33.57733
4649,1,14,2009,33.62546
4649,1,14,2010,33.87176
4649,1,14,2011,34.56881
4649,1,14,2012,34.34884
4649,1,14,2013,33.90959
4649,1,14,2014,33.68386
4649,1,14,2015,33.28068
4649,1,14,2016,33.38803
4649,1,14,2017,33.63005
4649,1,14,2018,33.5822
4649,1,14,2019,35.02622
4649,2,14,1950,28.37039
4649,2,14,1951,28.13229
4649,2,14,1952,28.62784
4649,2,14,1953,28.65328
4649,2,14,1954,29.71141
4649,2,14,1955,29.85984
4649,2,14,1956,30.14242
4649,2,14,1957,30.05688
4649,2,14,1958,30.53607
4649,2,14,1959,30.50742
4649,2,14,1960,30.71313
4649,2,14,1961,31.15879
4649,2,14,1962,31.52
4649,2,14,1963,30.89044
4649,2,14,1964,31.38955
4649,2,14,1965,31.48135
4649,2,14,1966,31.58927
4649,2,14,1967,31.80336
4649,2,14,1968,31.60111
4649,2,14,1969,31.6581
4649,2,14,1970,31.80411
4649,2,14,1971,32.36034
4649,2,14,1972,32.53153
4649,2,14,1973,32.80424
4649,2,14,1974,33.53942
4649,2,14,1975,33.62739
4649,2,14,1976,33.77742
4649,2,14,1977,33.967
4649,2,14,1978,33.89787
4649,2,14,1979,33.25408
4649,2,14,1980,32.11189
4649,2,14,1981,31.04134
4649,2,14,1982,31.27105
4649,2,14,1983,31.81773
4649,2,14,1984,31.98689
4649,2,14,1985,32.02834
4649,2,14,1986,31.84403
4649,2,14,1987,32.23379
4649,2,14,1988,32.64094
4649,2,14,1989,33.09557
4649,2,14,1990,33.42736
4649,2,14,1991,33.25972
4649,2,14,1992,33.40968
4649,2,14,1993,33.49065
4649,2,14,1994,33.54497
4649,2,14,1995,33.58753
4649,2,14,1996,33.75045
4649,2,14,1997,33.84428
4649,2,14,1998,33.87933
4649,2,14,1999,34.42069
4649,2,14,2000,34.68981
4649,2,14,2001,34.69997
4649,2,14,2002,34.65397
4649,2,14,2003,34.7792
4649,2,14,2004,35.02626
4649,2,14,2005,35.06315
4649,2,14,2006,34.90514
4649,2,14,2007,35.1801
4649,2,14,2008,34.96904
4649,2,14,2009,34.88379
4649,2,14,2010,35.19449
4649,2,14,2011,35.51872
4649,2,14,2012,35.39145
4649,2,14,2013,35.05794
4649,2,14,2014,34.76443
4649,2,14,2015,34.61719
4649,2,14,2016,34.60405
4649,2,14,2017,34.86679
4649,2,14,2018,34.86639
4649,2,14,2019,35.90543
4649,3,14,1950,27.55717
4649,3,14,1951,27.42449
4649,3,14,1952,27.89039
4649,3,14,1953,27.91723
4649,3,14,1954,29.04416
4649,3,14,1955,29.22705
4649,3,14,1956,29.34179
4649,3,14,1957,29.39271
4649,3,14,1958,29.58279
4649,3,14,1959,29.77087
4649,3,14,1960,29.82773
4649,3,14,1961,30.23836
4649,3,14,1962,30.74165
4649,3,14,1963,30.08865
4649,3,14,1964,30.53341
4649,3,14,1965,30.59215
4649,3,14,1966,30.69352
4649,3,14,1967,30.8386
4649,3,14,1968,30.80395
4649,3,14,1969,30.67933
4649,3,14,1970,30.65622
4649,3,14,1971,31.2652
4649,3,14,1972,31.43363
4649,3,14,1973,31.61206
4649,3,14,1974,32.01596
4649,3,14,1975,31.97195
4649,3,14,1976,32.05362
4649,3,14,1977,32.06213
4649,3,14,1978,32.30611
4649,3,14,1979,31.72368
4649,3,14,1980,31.05994
4649,3,14,1981,29.81645
4649,3,14,1982,30.66755
4649,3,14,1983,31.62564
4649,3,14,1984,31.97288
4649,3,14,1985,31.38947
4649,3,14,1986,31.50884
4649,3,14,1987,32.04435
4649,3,14,1988,32.38594
4649,3,14,1989,32.72091
4649,3,14,1990,33.0519
4649,3,14,1991,33.09069
4649,3,14,1992,33.19265
4649,3,14,1993,33.06849
4649,3,14,1994,33.1942
4649,3,14,1995,33.24978
4649,3,14,1996,33.44529
4649,3,14,1997,33.3766
4649,3,14,1998,33.02487
4649,3,14,1999,33.76869
4649,3,14,2000,33.9679
4649,3,14,2001,33.9448
4649,3,14,2002,33.7946
4649,3,14,2003,34.10187
4649,3,14,2004,34.4343
4649,3,14,2005,34.4296
4649,3,14,2006,34.13604
4649,3,14,2007,34.57624
4649,3,14,2008,34.20697
4649,3,14,2009,34.18286
4649,3,14,2010,34.46869
4649,3,14,2011,34.95106
4649,3,14,2012,34.79634
4649,3,14,2013,34.42633
4649,3,14,2014,34.15728
4649,3,14,2015,33.90056
4649,3,14,2016,33.94908
4649,3,14,2017,34.19307
4649,3,14,2018,34.16214
4649,3,14,2019,35.15319
4650,1,14,1950,27.93763
4650,1,14,1951,28.01194
4650,1,14,1952,28.48351
4650,1,14,1953,28.84053
4650,1,14,1954,29.76132
4650,1,14,1955,30.15069
4650,1,14,1956,30.01975
4650,1,14,1957,29.88785
4650,1,14,1958,30.04156
4650,1,14,1959,30.06244
4650,1,14,1960,30.36528
4650,1,14,1961,30.63767
4650,1,14,1962,31.02151
4650,1,14,1963,30.54216
4650,1,14,1964,30.72866
4650,1,14,1965,30.69669
4650,1,14,1966,30.86442
4650,1,14,1967,30.96429
4650,1,14,1968,30.75038
4650,1,14,1969,30.48496
4650,1,14,1970,30.17554
4650,1,14,1971,31.08217
4650,1,14,1972,30.81544
4650,1,14,1973,30.70454
4650,1,14,1974,30.73474
4650,1,14,1975,30.60747
4650,1,14,1976,30.3063
4650,1,14,1977,29.87355
4650,1,14,1978,29.91764
4650,1,14,1979,29.20722
4650,1,14,1980,29.10286
4650,1,14,1981,29.57958
4650,1,14,1982,29.08633
4650,1,14,1983,29.89392
4650,1,14,1984,29.0773
4650,1,14,1985,28.9721
4650,1,14,1986,29.93742
4650,1,14,1987,28.83119
4650,1,14,1988,29.00869
4650,1,14,1989,28.84361
4650,1,14,1990,29.10801
4650,1,14,1991,29.50383
4650,1,14,1992,29.98904
4650,1,14,1993,30.15771
4650,1,14,1994,30.05086
4650,1,14,1995,29.96833
4650,1,14,1996,30.23319
4650,1,14,1997,29.71943
4650,1,14,1998,29.92906
4650,1,14,1999,30.14347
4650,1,14,2000,30.40811
4650,1,14,2001,30.53658
4650,1,14,2002,30.49008
4650,1,14,2003,30.31573
4650,1,14,2004,30.88169
4650,1,14,2005,30.96763
4650,1,14,2006,30.86797
4650,1,14,2007,32.58565
4650,1,14,2008,30.18924
4650,1,14,2009,30.27114
4650,1,14,2010,28.86317
4650,1,14,2011,30.24224
4650,1,14,2012,30.87793
4650,1,14,2013,30.56779
4650,1,14,2014,30.54754
4650,1,14,2015,30.73915
4650,1,14,2016,30.32991
4650,1,14,2017,29.99955
4650,1,14,2018,30.22467
4650,1,14,2019,31.94768
4650,2,14,1950,27.62202
4650,2,14,1951,27.5461
4650,2,14,1952,28.12032
4650,2,14,1953,28.05871
4650,2,14,1954,29.11804
4650,2,14,1955,29.36553
4650,2,14,1956,29.65752
4650,2,14,1957,29.50708
4650,2,14,1958,29.78103
4650,2,14,1959,29.9546
4650,2,14,1960,30.03204
4650,2,14,1961,30.63636
4650,2,14,1962,31.00511
4650,2,14,1963,30.2563
4650,2,14,1964,30.65198
4650,2,14,1965,30.70218
4650,2,14,1966,30.72404
4650,2,14,1967,30.96312
4650,2,14,1968,30.82782
4650,2,14,1969,30.8177
4650,2,14,1970,30.87421
4650,2,14,1971,31.36265
4650,2,14,1972,31.3569
4650,2,14,1973,31.40845
4650,2,14,1974,31.99673
4650,2,14,1975,32.08673
4650,2,14,1976,32.14203
4650,2,14,1977,32.15812
4650,2,14,1978,32.29746
4650,2,14,1979,31.83192
4650,2,14,1980,31.97253
4650,2,14,1981,31.60262
4650,2,14,1982,31.39185
4650,2,14,1983,31.79309
4650,2,14,1984,30.98512
4650,2,14,1985,31.57693
4650,2,14,1986,31.74443
4650,2,14,1987,31.573
4650,2,14,1988,31.5273
4650,2,14,1989,31.79282
4650,2,14,1990,32.20958
4650,2,14,1991,32.81163
4650,2,14,1992,32.68439
4650,2,14,1993,33.16087
4650,2,14,1994,33.12112
4650,2,14,1995,32.62155
4650,2,14,1996,32.82456
4650,2,14,1997,32.75519
4650,2,14,1998,32.84002
4650,2,14,1999,33.04772
4650,2,14,2000,33.58477
4650,2,14,2001,33.66663
4650,2,14,2002,33.40071
4650,2,14,2003,33.55704
4650,2,14,2004,34.26443
4650,2,14,2005,33.66934
4650,2,14,2006,33.84939
4650,2,14,2007,33.85328
4650,2,14,2008,34.0372
4650,2,14,2009,33.95633
4650,2,14,2010,33.75394
4650,2,14,2011,34.13197
4650,2,14,2012,34.1067
4650,2,14,2013,34.16022
4650,2,14,2014,34.13698
4650,2,14,2015,34.27589
4650,2,14,2016,34.20087
4650,2,14,2017,33.97321
4650,2,14,2018,34.47508
4650,2,14,2019,35.5998
4650,3,14,1950,27.16786
4650,3,14,1951,27.03
4650,3,14,1952,27.63608
4650,3,14,1953,27.65646
4650,3,14,1954,28.76558
4650,3,14,1955,29.0409
4650,3,14,1956,29.01078
4650,3,14,1957,28.9094
4650,3,14,1958,29.21426
4650,3,14,1959,29.3537
4650,3,14,1960,29.50792
4650,3,14,1961,30.05772
4650,3,14,1962,30.26147
4650,3,14,1963,29.67289
4650,3,14,1964,29.95326
4650,3,14,1965,29.9785
4650,3,14,1966,30.09744
4650,3,14,1967,30.33278
4650,3,14,1968,30.15396
4650,3,14,1969,30.06227
4650,3,14,1970,29.93607
4650,3,14,1971,30.5961
4650,3,14,1972,30.43933
4650,3,14,1973,30.458
4650,3,14,1974,30.84899
4650,3,14,1975,30.71165
4650,3,14,1976,30.6768
4650,3,14,1977,30.6648
4650,3,14,1978,30.85267
4650,3,14,1979,30.36876
4650,3,14,1980,30.39556
4650,3,14,1981,30.51972
4650,3,14,1982,30.15157
4650,3,14,1983,30.76481
4650,3,14,1984,29.94085
4650,3,14,1985,30.15851
4650,3,14,1986,30.74999
4650,3,14,1987,30.09061
4650,3,14,1988,30.17856
4650,3,14,1989,30.21233
4650,3,14,1990,30.53913
4650,3,14,1991,31.03533
4650,3,14,1992,31.23448
4650,3,14,1993,31.55776
4650,3,14,1994,31.46216
4650,3,14,1995,31.19233
4650,3,14,1996,31.4294
4650,3,14,1997,31.13127
4650,3,14,1998,31.27896
4650,3,14,1999,31.49948
4650,3,14,2000,31.89265
4650,3,14,2001,32.02087
4650,3,14,2002,31.86496
4650,3,14,2003,31.84628
4650,3,14,2004,32.48268
4650,3,14,2005,32.24474
4650,3,14,2006,32.2656
4650,3,14,2007,33.14109
4650,3,14,2008,32.02928
4650,3,14,2009,32.0315
4650,3,14,2010,31.16925
4650,3,14,2011,32.08966
4650,3,14,2012,32.41317
4650,3,14,2013,32.27591
4650,3,14,2014,32.25084
4650,3,14,2015,32.42007
4650,3,14,2016,32.18069
4650,3,14,2017,31.89883
4650,3,14,2018,32.24571
4650,3,14,2019,33.35059
4651,1,14,1950,29.01905
4651,1,14,1951,28.94025
4651,1,14,1952,29.37893
4651,1,14,1953,29.70113
4651,1,14,1954,30.63439
4651,1,14,1955,30.74442
4651,1,14,1956,30.86841
4651,1,14,1957,30.61335
4651,1,14,1958,30.87209
4651,1,14,1959,30.50901
4651,1,14,1960,30.90511
4651,1,14,1961,31.10165
4651,1,14,1962,31.36519
4651,1,14,1963,30.6196
4651,1,14,1964,30.82
4651,1,14,1965,30.80429
4651,1,14,1966,31.26381
4651,1,14,1967,31.1348
4651,1,14,1968,31.07054
4651,1,14,1969,30.62591
4651,1,14,1970,30.35593
4651,1,14,1971,31.01388
4651,1,14,1972,30.88487
4651,1,14,1973,30.85425
4651,1,14,1974,30.80673
4651,1,14,1975,30.50877
4651,1,14,1976,30.3128
4651,1,14,1977,29.97049
4651,1,14,1978,29.89809
4651,1,14,1979,29.04644
4651,1,14,1980,29.09907
4651,1,14,1981,29.39869
4651,1,14,1982,29.40388
4651,1,14,1983,29.18153
4651,1,14,1984,29.71858
4651,1,14,1985,30.17501
4651,1,14,1986,30.61454
4651,1,14,1987,30.72739
4651,1,14,1988,30.59215
4651,1,14,1989,30.54878
4651,1,14,1990,30.71621
4651,1,14,1991,30.71643
4651,1,14,1992,30.62241
4651,1,14,1993,30.72573
4651,1,14,1994,30.48153
4651,1,14,1995,30.5563
4651,1,14,1996,30.86888
4651,1,14,1997,30.93447
4651,1,14,1998,31.21629
4651,1,14,1999,31.51461
4651,1,14,2000,31.94303
4651,1,14,2001,32.13403
4651,1,14,2002,32.15753
4651,1,14,2003,31.97767
4651,1,14,2004,32.24763
4651,1,14,2005,32.10489
4651,1,14,2006,32.37121
4651,1,14,2007,32.45578
4651,1,14,2008,32.39433
4651,1,14,2009,32.45979
4651,1,14,2010,32.78411
4651,1,14,2011,32.95468
4651,1,14,2012,32.80465
4651,1,14,2013,32.48796
4651,1,14,2014,32.41407
4651,1,14,2015,32.57704
4651,1,14,2016,32.02612
4651,1,14,2017,32.96428
4651,1,14,2018,32.44377
4651,1,14,2019,33.87975
4651,2,14,1950,29.7121
4651,2,14,1951,29.66192
4651,2,14,1952,30.03707
4651,2,14,1953,30.10763
4651,2,14,1954,31.08428
4651,2,14,1955,31.42807
4651,2,14,1956,31.66643
4651,2,14,1957,31.52813
4651,2,14,1958,32.02528
4651,2,14,1959,31.99198
4651,2,14,1960,32.12688
4651,2,14,1961,32.57356
4651,2,14,1962,32.92134
4651,2,14,1963,32.10953
4651,2,14,1964,32.43806
4651,2,14,1965,32.51375
4651,2,14,1966,32.67485
4651,2,14,1967,32.83815
4651,2,14,1968,32.65911
4651,2,14,1969,32.65268
4651,2,14,1970,32.70698
4651,2,14,1971,33.29525
4651,2,14,1972,33.46443
4651,2,14,1973,33.55281
4651,2,14,1974,34.17147
4651,2,14,1975,34.27107
4651,2,14,1976,34.41188
4651,2,14,1977,34.57975
4651,2,14,1978,34.65751
4651,2,14,1979,33.97273
4651,2,14,1980,33.4559
4651,2,14,1981,32.99807
4651,2,14,1982,33.09341
4651,2,14,1983,32.9817
4651,2,14,1984,32.95694
4651,2,14,1985,33.04594
4651,2,14,1986,33.28639
4651,2,14,1987,33.40789
4651,2,14,1988,33.57434
4651,2,14,1989,33.47464
4651,2,14,1990,33.5715
4651,2,14,1991,33.68994
4651,2,14,1992,33.78517
4651,2,14,1993,33.64227
4651,2,14,1994,33.86672
4651,2,14,1995,33.73514
4651,2,14,1996,33.94567
4651,2,14,1997,34.03906
4651,2,14,1998,34.34208
4651,2,14,1999,34.55483
4651,2,14,2000,34.77894
4651,2,14,2001,34.85807
4651,2,14,2002,34.97481
4651,2,14,2003,34.96889
4651,2,14,2004,35.07327
4651,2,14,2005,35.10116
4651,2,14,2006,35.31077
4651,2,14,2007,35.43504
4651,2,14,2008,35.48464
4651,2,14,2009,35.39907
4651,2,14,2010,35.82019
4651,2,14,2011,36.20546
4651,2,14,2012,36.11464
4651,2,14,2013,36.02666
4651,2,14,2014,35.89133
4651,2,14,2015,36.14884
4651,2,14,2016,36.06783
4651,2,14,2017,36.18498
4651,2,14,2018,36.22675
4651,2,14,2019,37.27063
4651,3,14,1950,28.72077
4651,3,14,1951,28.6011
4651,3,14,1952,29.06903
4651,3,14,1953,29.04264
4651,3,14,1954,30.2017
4651,3,14,1955,30.27279
4651,3,14,1956,30.51106
4651,3,14,1957,30.36347
4651,3,14,1958,30.78416
4651,3,14,1959,30.64389
4651,3,14,1960,30.86234
4651,3,14,1961,31.28376
4651,3,14,1962,31.62227
4651,3,14,1963,30.94041
4651,3,14,1964,31.19197
4651,3,14,1965,31.21891
4651,3,14,1966,31.37015
4651,3,14,1967,31.37535
4651,3,14,1968,31.33839
4651,3,14,1969,31.18003
4651,3,14,1970,31.16083
4651,3,14,1971,31.75027
4651,3,14,1972,31.80775
4651,3,14,1973,31.74345
4651,3,14,1974,32.02938
4651,3,14,1975,32.08013
4651,3,14,1976,32.09597
4651,3,14,1977,32.13191
4651,3,14,1978,32.21885
4651,3,14,1979,31.5573
4651,3,14,1980,31.38452
4651,3,14,1981,31.30299
4651,3,14,1982,31.37424
4651,3,14,1983,31.1898
4651,3,14,1984,31.44205
4651,3,14,1985,31.64371
4651,3,14,1986,31.99742
4651,3,14,1987,32.11084
4651,3,14,1988,32.14029
4651,3,14,1989,32.05677
4651,3,14,1990,32.15977
4651,3,14,1991,32.24251
4651,3,14,1992,32.25182
4651,3,14,1993,32.23796
4651,3,14,1994,32.27419
4651,3,14,1995,32.2313
4651,3,14,1996,32.47914
4651,3,14,1997,32.55415
4651,3,14,1998,32.84789
4651,3,14,1999,33.10007
4651,3,14,2000,33.40856
4651,3,14,2001,33.52462
4651,3,14,2002,33.60152
4651,3,14,2003,33.52809
4651,3,14,2004,33.71612
4651,3,14,2005,33.64378
4651,3,14,2006,33.89169
4651,3,14,2007,34.01976
4651,3,14,2008,34.01865
4651,3,14,2009,34.00222
4651,3,14,2010,34.35576
4651,3,14,2011,34.65011
4651,3,14,2012,34.53809
4651,3,14,2013,34.34473
4651,3,14,2014,34.2315
4651,3,14,2015,34.44432
4651,3,14,2016,34.13138
4651,3,14,2017,34.62883
4651,3,14,2018,34.4164
4651,3,14,2019,35.3352
4652,1,14,1950,28.07347
4652,1,14,1951,28.07135
4652,1,14,1952,28.65314
4652,1,14,1953,29.02825
4652,1,14,1954,30.31105
4652,1,14,1955,30.6041
4652,1,14,1956,30.57718
4652,1,14,1957,30.49394
4652,1,14,1958,30.59824
4652,1,14,1959,30.61872
4652,1,14,1960,31.0112
4652,1,14,1961,31.32915
4652,1,14,1962,31.72005
4652,1,14,1963,31.11131
4652,1,14,1964,31.36157
4652,1,14,1965,31.56268
4652,1,14,1966,31.98566
4652,1,14,1967,31.84426
4652,1,14,1968,31.8175
4652,1,14,1969,31.71652
4652,1,14,1970,31.22379
4652,1,14,1971,32.19878
4652,1,14,1972,32.35212
4652,1,14,1973,32.13774
4652,1,14,1974,32.28368
4652,1,14,1975,32.47117
4652,1,14,1976,32.33793
4652,1,14,1977,32.05034
4652,1,14,1978,32.14144
4652,1,14,1979,31.31967
4652,1,14,1980,30.88049
4652,1,14,1981,30.82383
4652,1,14,1982,31.31345
4652,1,14,1983,32.18591
4652,1,14,1984,31.85761
4652,1,14,1985,31.9514
4652,1,14,1986,32.48598
4652,1,14,1987,32.27515
4652,1,14,1988,31.97087
4652,1,14,1989,32.12937
4652,1,14,1990,32.58654
4652,1,14,1991,33.00165
4652,1,14,1992,32.69412
4652,1,14,1993,33.33692
4652,1,14,1994,32.96685
4652,1,14,1995,33.2209
4652,1,14,1996,33.2644
4652,1,14,1997,33.18319
4652,1,14,1998,33.25307
4652,1,14,1999,33.87296
4652,1,14,2000,34.41642
4652,1,14,2001,34.48631
4652,1,14,2002,34.0952
4652,1,14,2003,33.65189
4652,1,14,2004,33.893
4652,1,14,2005,33.1638
4652,1,14,2006,34.50516
4652,1,14,2007,34.83106
4652,1,14,2008,33.94038
4652,1,14,2009,32.10621
4652,1,14,2010,32.39222
4652,1,14,2011,33.38073
4652,1,14,2012,34.46528
4652,1,14,2013,34.17705
4652,1,14,2014,34.37583
4652,1,14,2015,34.64201
4652,1,14,2016,34.39865
4652,1,14,2017,34.28693
4652,1,14,2018,34.40593
4652,1,14,2019,36.14125
4652,2,14,1950,28.77115
4652,2,14,1951,28.67297
4652,2,14,1952,29.22848
4652,2,14,1953,29.25476
4652,2,14,1954,30.42569
4652,2,14,1955,30.6379
4652,2,14,1956,31.1006
4652,2,14,1957,31.05859
4652,2,14,1958,31.34595
4652,2,14,1959,31.45151
4652,2,14,1960,31.69311
4652,2,14,1961,32.20853
4652,2,14,1962,32.75508
4652,2,14,1963,32.01688
4652,2,14,1964,32.23245
4652,2,14,1965,32.29704
4652,2,14,1966,32.46129
4652,2,14,1967,32.77975
4652,2,14,1968,32.58594
4652,2,14,1969,32.49157
4652,2,14,1970,32.6098
4652,2,14,1971,33.17484
4652,2,14,1972,33.25631
4652,2,14,1973,33.4383
4652,2,14,1974,33.99465
4652,2,14,1975,34.1744
4652,2,14,1976,34.23119
4652,2,14,1977,34.48148
4652,2,14,1978,34.67265
4652,2,14,1979,34.141
4652,2,14,1980,33.69701
4652,2,14,1981,33.44705
4652,2,14,1982,33.53552
4652,2,14,1983,33.40933
4652,2,14,1984,33.48021
4652,2,14,1985,33.99564
4652,2,14,1986,34.28871
4652,2,14,1987,34.15156
4652,2,14,1988,34.17611
4652,2,14,1989,34.15599
4652,2,14,1990,34.65723
4652,2,14,1991,35.12063
4652,2,14,1992,35.45146
4652,2,14,1993,35.64497
4652,2,14,1994,35.72014
4652,2,14,1995,35.74776
4652,2,14,1996,35.81631
4652,2,14,1997,35.72299
4652,2,14,1998,35.89909
4652,2,14,1999,36.22071
4652,2,14,2000,36.64146
4652,2,14,2001,36.77417
4652,2,14,2002,36.84292
4652,2,14,2003,36.80542
4652,2,14,2004,36.84818
4652,2,14,2005,36.40878
4652,2,14,2006,36.19224
4652,2,14,2007,36.12811
4652,2,14,2008,35.86547
4652,2,14,2009,35.85071
4652,2,14,2010,36.46727
4652,2,14,2011,36.92262
4652,2,14,2012,37.19676
4652,2,14,2013,37.25962
4652,2,14,2014,37.45205
4652,2,14,2015,37.62219
4652,2,14,2016,37.4411
4652,2,14,2017,37.55101
4652,2,14,2018,37.74666
4652,2,14,2019,38.91333
4652,3,14,1950,27.69289
4652,3,14,1951,27.70558
4652,3,14,1952,28.24477
4652,3,14,1953,28.37021
4652,3,14,1954,29.59704
4652,3,14,1955,29.8101
4652,3,14,1956,30.04591
4652,3,14,1957,29.93969
4652,3,14,1958,30.29349
4652,3,14,1959,30.43536
4652,3,14,1960,30.61362
4652,3,14,1961,31.08748
4652,3,14,1962,31.44739
4652,3,14,1963,30.93633
4652,3,14,1964,31.16187
4652,3,14,1965,31.19913
4652,3,14,1966,31.41516
4652,3,14,1967,31.57262
4652,3,14,1968,31.55812
4652,3,14,1969,31.39118
4652,3,14,1970,31.2779
4652,3,14,1971,31.96641
4652,3,14,1972,32.20676
4652,3,14,1973,32.12882
4652,3,14,1974,32.6017
4652,3,14,1975,32.6149
4652,3,14,1976,32.72034
4652,3,14,1977,32.8889
4652,3,14,1978,33.0783
4652,3,14,1979,32.46675
4652,3,14,1980,32.06603
4652,3,14,1981,31.97727
4652,3,14,1982,32.31945
4652,3,14,1983,32.72497
4652,3,14,1984,32.5596
4652,3,14,1985,32.85986
4652,3,14,1986,33.258
4652,3,14,1987,33.07382
4652,3,14,1988,32.94941
4652,3,14,1989,33.04604
4652,3,14,1990,33.51501
4652,3,14,1991,33.94733
4652,3,14,1992,33.95348
4652,3,14,1993,34.35821
4652,3,14,1994,34.19991
4652,3,14,1995,34.34898
4652,3,14,1996,34.4139
4652,3,14,1997,34.33296
4652,3,14,1998,34.43101
4652,3,14,1999,34.89339
4652,3,14,2000,35.3827
4652,3,14,2001,35.52408
4652,3,14,2002,35.33536
4652,3,14,2003,35.06369
4652,3,14,2004,35.23496
4652,3,14,2005,34.64857
4652,3,14,2006,35.24254
4652,3,14,2007,35.41064
4652,3,14,2008,34.8171
4652,3,14,2009,33.82679
4652,3,14,2010,34.25954
4652,3,14,2011,35.0106
4652,3,14,2012,35.7224
4652,3,14,2013,35.60165
4652,3,14,2014,35.81192
4652,3,14,2015,36.03084
4652,3,14,2016,35.81222
4652,3,14,2017,35.82437
4652,3,14,2018,35.94616
4652,3,14,2019,37.01382
4653,1,14,1950,27.63608
4653,1,14,1951,27.68177
4653,1,14,1952,28.24429
4653,1,14,1953,28.54613
4653,1,14,1954,29.61764
4653,1,14,1955,29.98585
4653,1,14,1956,29.91208
4653,1,14,1957,29.79204
4653,1,14,1958,29.8851
4653,1,14,1959,29.90201
4653,1,14,1960,30.22082
4653,1,14,1961,30.63529
4653,1,14,1962,30.88042
4653,1,14,1963,30.29748
4653,1,14,1964,30.64091
4653,1,14,1965,30.68764
4653,1,14,1966,30.86291
4653,1,14,1967,30.70263
4653,1,14,1968,30.46594
4653,1,14,1969,30.40156
4653,1,14,1970,30.14116
4653,1,14,1971,30.82769
4653,1,14,1972,30.58539
4653,1,14,1973,30.45763
4653,1,14,1974,30.47688
4653,1,14,1975,30.5768
4653,1,14,1976,30.34743
4653,1,14,1977,30.07163
4653,1,14,1978,30.33305
4653,1,14,1979,29.84008
4653,1,14,1980,30.83447
4653,1,14,1981,30.51539
4653,1,14,1982,30.30964
4653,1,14,1983,31.40652
4653,1,14,1984,30.89657
4653,1,14,1985,30.56283
4653,1,14,1986,30.95497
4653,1,14,1987,31.63695
4653,1,14,1988,31.03147
4653,1,14,1989,31.42108
4653,1,14,1990,31.61586
4653,1,14,1991,31.65579
4653,1,14,1992,31.81738
4653,1,14,1993,32.25167
4653,1,14,1994,32.40247
4653,1,14,1995,32.5145
4653,1,14,1996,32.3807
4653,1,14,1997,32.58725
4653,1,14,1998,32.4417
4653,1,14,1999,32.60912
4653,1,14,2000,32.93716
4653,1,14,2001,33.60563
4653,1,14,2002,33.26093
4653,1,14,2003,33.25785
4653,1,14,2004,33.56117
4653,1,14,2005,33.49567
4653,1,14,2006,33.79278
4653,1,14,2007,34.03635
4653,1,14,2008,33.40607
4653,1,14,2009,33.38338
4653,1,14,2010,33.73656
4653,1,14,2011,34.02776
4653,1,14,2012,33.99193
4653,1,14,2013,33.42068
4653,1,14,2014,33.3734
4653,1,14,2015,33.54795
4653,1,14,2016,33.13782
4653,1,14,2017,32.71381
4653,1,14,2018,32.54904
4653,1,14,2019,33.94824
4653,2,14,1950,28.81456
4653,2,14,1951,28.70766
4653,2,14,1952,29.14304
4653,2,14,1953,29.06852
4653,2,14,1954,30.3081
4653,2,14,1955,30.50311
4653,2,14,1956,30.7602
4653,2,14,1957,30.59766
4653,2,14,1958,31.01612
4653,2,14,1959,31.16121
4653,2,14,1960,31.23013
4653,2,14,1961,31.73983
4653,2,14,1962,32.21699
4653,2,14,1963,31.48003
4653,2,14,1964,31.78375
4653,2,14,1965,31.90793
4653,2,14,1966,32.03645
4653,2,14,1967,32.15919
4653,2,14,1968,31.97003
4653,2,14,1969,32.06089
4653,2,14,1970,32.01761
4653,2,14,1971,32.46732
4653,2,14,1972,32.62173
4653,2,14,1973,32.68189
4653,2,14,1974,33.28813
4653,2,14,1975,33.36083
4653,2,14,1976,33.52893
4653,2,14,1977,33.59381
4653,2,14,1978,33.70235
4653,2,14,1979,33.36067
4653,2,14,1980,33.51487
4653,2,14,1981,32.51291
4653,2,14,1982,32.45109
4653,2,14,1983,32.7964
4653,2,14,1984,32.78515
4653,2,14,1985,32.62376
4653,2,14,1986,33.07266
4653,2,14,1987,33.36597
4653,2,14,1988,33.33448
4653,2,14,1989,33.56557
4653,2,14,1990,33.91348
4653,2,14,1991,33.94053
4653,2,14,1992,34.12602
4653,2,14,1993,34.25486
4653,2,14,1994,34.37384
4653,2,14,1995,34.13316
4653,2,14,1996,34.43689
4653,2,14,1997,34.47901
4653,2,14,1998,34.5819
4653,2,14,1999,34.68518
4653,2,14,2000,35.27009
4653,2,14,2001,35.50675
4653,2,14,2002,35.21437
4653,2,14,2003,35.38372
4653,2,14,2004,35.64968
4653,2,14,2005,35.67342
4653,2,14,2006,36.1613
4653,2,14,2007,36.31656
4653,2,14,2008,36.08834
4653,2,14,2009,35.86609
4653,2,14,2010,36.10645
4653,2,14,2011,36.47168
4653,2,14,2012,36.4849
4653,2,14,2013,36.29282
4653,2,14,2014,36.22833
4653,2,14,2015,36.45601
4653,2,14,2016,36.19446
4653,2,14,2017,36.02817
4653,2,14,2018,36.11554
4653,2,14,2019,37.18216
4653,3,14,1950,27.68909
4653,3,14,1951,27.6063
4653,3,14,1952,27.92594
4653,3,14,1953,28.11723
4653,3,14,1954,29.18291
4653,3,14,1955,29.38032
4653,3,14,1956,29.60661
4653,3,14,1957,29.58456
4653,3,14,1958,29.80398
4653,3,14,1959,29.8106
4653,3,14,1960,30.06539
4653,3,14,1961,30.52146
4653,3,14,1962,30.917
4653,3,14,1963,30.23895
4653,3,14,1964,30.66231
4653,3,14,1965,30.68785
4653,3,14,1966,30.69374
4653,3,14,1967,30.71154
4653,3,14,1968,30.64916
4653,3,14,1969,30.5534
4653,3,14,1970,30.43446
4653,3,14,1971,31.05515
4653,3,14,1972,31.11697
4653,3,14,1973,30.9911
4653,3,14,1974,31.31114
4653,3,14,1975,31.43038
4653,3,14,1976,31.4266
4653,3,14,1977,31.44662
4653,3,14,1978,31.74489
4653,3,14,1979,31.44536
4653,3,14,1980,32.07341
4653,3,14,1981,31.46951
4653,3,14,1982,31.33777
4653,3,14,1983,32.04626
4653,3,14,1984,31.7871
4653,3,14,1985,31.54404
4653,3,14,1986,31.96653
4653,3,14,1987,32.47346
4653,3,14,1988,32.1433
4653,3,14,1989,32.43996
4653,3,14,1990,32.7154
4653,3,14,1991,32.7464
4653,3,14,1992,32.92597
4653,3,14,1993,33.21949
4653,3,14,1994,33.33834
4653,3,14,1995,33.28329
4653,3,14,1996,33.36781
4653,3,14,1997,33.48276
4653,3,14,1998,33.47526
4653,3,14,1999,33.61753
4653,3,14,2000,34.05816
4653,3,14,2001,34.51385
4653,3,14,2002,34.2004
4653,3,14,2003,34.28297
4653,3,14,2004,34.58183
4653,3,14,2005,34.53917
4653,3,14,2006,34.94475
4653,3,14,2007,35.14831
4653,3,14,2008,34.71396
4653,3,14,2009,34.60532
4653,3,14,2010,34.88653
4653,3,14,2011,35.22575
4653,3,14,2012,35.21349
4653,3,14,2013,34.82806
4653,3,14,2014,34.79288
4653,3,14,2015,34.99168
4653,3,14,2016,34.64826
4653,3,14,2017,34.36267
4653,3,14,2018,34.3413
4653,3,14,2019,35.26583
4654,1,14,1950,26.09404
4654,1,14,1951,26.0773
4654,1,14,1952,26.3569
4654,1,14,1953,26.7194
4654,1,14,1954,27.59112
4654,1,14,1955,27.77664
4654,1,14,1956,27.5901
4654,1,14,1957,27.48658
4654,1,14,1958,27.60411
4654,1,14,1959,27.67028
4654,1,14,1960,27.72862
4654,1,14,1961,28.17557
4654,1,14,1962,28.34767
4654,1,14,1963,27.87922
4654,1,14,1964,28.01956
4654,1,14,1965,27.91117
4654,1,14,1966,28.00853
4654,1,14,1967,28.05962
4654,1,14,1968,27.88931
4654,1,14,1969,27.69873
4654,1,14,1970,27.49698
4654,1,14,1971,28.14103
4654,1,14,1972,28.06064
4654,1,14,1973,27.98837
4654,1,14,1974,27.99595
4654,1,14,1975,28.01517
4654,1,14,1976,27.75455
4654,1,14,1977,27.48404
4654,1,14,1978,27.46533
4654,1,14,1979,26.80467
4654,1,14,1980,26.26483
4654,1,14,1981,26.68273
4654,1,14,1982,26.93849
4654,1,14,1983,27.80903
4654,1,14,1984,28.46246
4654,1,14,1985,28.06771
4654,1,14,1986,27.93334
4654,1,14,1987,28.41628
4654,1,14,1988,29.96771
4654,1,14,1989,30.20437
4654,1,14,1990,30.59197
4654,1,14,1991,30.45788
4654,1,14,1992,29.44544
4654,1,14,1993,30.18304
4654,1,14,1994,30.89624
4654,1,14,1995,30.71263
4654,1,14,1996,31.12876
4654,1,14,1997,31.06513
4654,1,14,1998,31.64385
4654,1,14,1999,32.49768
4654,1,14,2000,32.92088
4654,1,14,2001,33.64083
4654,1,14,2002,33.98639
4654,1,14,2003,34.02039
4654,1,14,2004,34.38234
4654,1,14,2005,34.7658
4654,1,14,2006,34.58285
4654,1,14,2007,34.06246
4654,1,14,2008,33.67234
4654,1,14,2009,32.62209
4654,1,14,2010,33.09051
4654,1,14,2011,32.58583
4654,1,14,2012,32.68946
4654,1,14,2013,33.31371
4654,1,14,2014,34.62477
4654,1,14,2015,33.70003
4654,1,14,2016,33.46263
4654,1,14,2017,33.17815
4654,1,14,2018,33.67394
4654,1,14,2019,35.39114
4654,2,14,1950,28.68167
4654,2,14,1951,28.48797
4654,2,14,1952,28.83552
4654,2,14,1953,28.98319
4654,2,14,1954,29.9443
4654,2,14,1955,30.14054
4654,2,14,1956,30.33836
4654,2,14,1957,30.33071
4654,2,14,1958,30.62007
4654,2,14,1959,30.7221
4654,2,14,1960,30.88695
4654,2,14,1961,31.26835
4654,2,14,1962,31.50071
4654,2,14,1963,30.88563
4654,2,14,1964,31.18477
4654,2,14,1965,31.22482
4654,2,14,1966,31.26944
4654,2,14,1967,31.38299
4654,2,14,1968,31.17307
4654,2,14,1969,31.19946
4654,2,14,1970,31.22988
4654,2,14,1971,31.71486
4654,2,14,1972,31.70894
4654,2,14,1973,31.82279
4654,2,14,1974,32.42314
4654,2,14,1975,32.4272
4654,2,14,1976,32.5233
4654,2,14,1977,32.7168
4654,2,14,1978,32.55178
4654,2,14,1979,32.22793
4654,2,14,1980,32.33215
4654,2,14,1981,31.92587
4654,2,14,1982,32.33525
4654,2,14,1983,32.77195
4654,2,14,1984,33.40137
4654,2,14,1985,33.0498
4654,2,14,1986,32.97243
4654,2,14,1987,33.34851
4654,2,14,1988,34.24506
4654,2,14,1989,34.87354
4654,2,14,1990,35.12864
4654,2,14,1991,35.44601
4654,2,14,1992,35.45549
4654,2,14,1993,35.62292
4654,2,14,1994,35.37281
4654,2,14,1995,35.6236
4654,2,14,1996,35.51601
4654,2,14,1997,35.68225
4654,2,14,1998,35.75568
4654,2,14,1999,35.99916
4654,2,14,2000,36.26098
4654,2,14,2001,36.54015
4654,2,14,2002,37.6744
4654,2,14,2003,37.67843
4654,2,14,2004,38.13718
4654,2,14,2005,38.0716
4654,2,14,2006,38.27932
4654,2,14,2007,38.05029
4654,2,14,2008,37.59212
4654,2,14,2009,37.17256
4654,2,14,2010,37.7626
4654,2,14,2011,37.54057
4654,2,14,2012,37.6599
4654,2,14,2013,37.82037
4654,2,14,2014,37.84758
4654,2,14,2015,37.26126
4654,2,14,2016,37.23061
4654,2,14,2017,39.12495
4654,2,14,2018,39.39455
4654,2,14,2019,40.72718
4654,3,14,1950,26.71709
4654,3,14,1951,26.59059
4654,3,14,1952,27.07352
4654,3,14,1953,27.04044
4654,3,14,1954,27.9865
4654,3,14,1955,28.15771
4654,3,14,1956,28.23322
4654,3,14,1957,28.16287
4654,3,14,1958,28.29794
4654,3,14,1959,28.51652
4654,3,14,1960,28.58344
4654,3,14,1961,28.86842
4654,3,14,1962,29.19252
4654,3,14,1963,28.59415
4654,3,14,1964,28.91079
4654,3,14,1965,28.878
4654,3,14,1966,28.91839
4654,3,14,1967,28.96416
4654,3,14,1968,28.89267
4654,3,14,1969,28.67189
4654,3,14,1970,28.62635
4654,3,14,1971,29.27841
4654,3,14,1972,29.18157
4654,3,14,1973,29.21556
4654,3,14,1974,29.49359
4654,3,14,1975,29.49159
4654,3,14,1976,29.39241
4654,3,14,1977,29.44043
4654,3,14,1978,29.57404
4654,3,14,1979,29.11071
4654,3,14,1980,28.85601
4654,3,14,1981,29.00301
4654,3,14,1982,29.33675
4654,3,14,1983,30.05041
4654,3,14,1984,30.71303
4654,3,14,1985,30.31775
4654,3,14,1986,30.21113
4654,3,14,1987,30.66245
4654,3,14,1988,31.94948
4654,3,14,1989,32.36205
4654,3,14,1990,32.67707
4654,3,14,1991,32.72897
4654,3,14,1992,32.16355
4654,3,14,1993,32.6778
4654,3,14,1994,32.96661
4654,3,14,1995,32.98388
4654,3,14,1996,33.15235
4654,3,14,1997,33.20925
4654,3,14,1998,33.59883
4654,3,14,1999,34.18097
4654,3,14,2000,34.53034
4654,3,14,2001,35.03773
4654,3,14,2002,35.75679
4654,3,14,2003,35.77725
4654,3,14,2004,36.17449
4654,3,14,2005,36.35917
4654,3,14,2006,36.35287
4654,3,14,2007,35.98785
4654,3,14,2008,35.56691
4654,3,14,2009,34.81138
4654,3,14,2010,35.3443
4654,3,14,2011,34.98943
4654,3,14,2012,35.10834
4654,3,14,2013,35.52561
4654,3,14,2014,36.26425
4654,3,14,2015,35.52306
4654,3,14,2016,35.40445
4654,3,14,2017,36.12355
4654,3,14,2018,36.55339
4654,3,14,2019,37.79721
4655,1,14,1950,25.89099
4655,1,14,1951,25.81813
4655,1,14,1952,26.42632
4655,1,14,1953,26.7102
4655,1,14,1954,27.90364
4655,1,14,1955,28.1139
4655,1,14,1956,28.30144
4655,1,14,1957,28.09634
4655,1,14,1958,28.26273
4655,1,14,1959,28.15312
4655,1,14,1960,28.46728
4655,1,14,1961,29.13024
4655,1,14,1962,29.34798
4655,1,14,1963,28.67268
4655,1,14,1964,29.06388
4655,1,14,1965,29.01826
4655,1,14,1966,29.27773
4655,1,14,1967,29.25313
4655,1,14,1968,28.94055
4655,1,14,1969,28.86201
4655,1,14,1970,28.60015
4655,1,14,1971,29.46028
4655,1,14,1972,29.39123
4655,1,14,1973,29.25116
4655,1,14,1974,29.29787
4655,1,14,1975,29.46248
4655,1,14,1976,29.42666
4655,1,14,1977,28.94294
4655,1,14,1978,28.92163
4655,1,14,1979,27.98093
4655,1,14,1980,27.58857
4655,1,14,1981,28.30936
4655,1,14,1982,28.55293
4655,1,14,1983,28.76695
4655,1,14,1984,29.23867
4655,1,14,1985,30.3123
4655,1,14,1986,30.80873
4655,1,14,1987,31.15792
4655,1,14,1988,31.02566
4655,1,14,1989,31.63358
4655,1,14,1990,31.71556
4655,1,14,1991,32.36235
4655,1,14,1992,32.77221
4655,1,14,1993,32.86498
4655,1,14,1994,32.89552
4655,1,14,1995,33.11407
4655,1,14,1996,33.83589
4655,1,14,1997,33.88002
4655,1,14,1998,33.36521
4655,1,14,1999,34.02932
4655,1,14,2000,35.08444
4655,1,14,2001,34.93598
4655,1,14,2002,34.75206
4655,1,14,2003,34.78898
4655,1,14,2004,34.89899
4655,1,14,2005,34.88337
4655,1,14,2006,35.13034
4655,1,14,2007,34.83144
4655,1,14,2008,33.73965
4655,1,14,2009,33.33709
4655,1,14,2010,34.49489
4655,1,14,2011,34.81617
4655,1,14,2012,35.2359
4655,1,14,2013,34.72031
4655,1,14,2014,34.55763
4655,1,14,2015,34.67161
4655,1,14,2016,33.9873
4655,1,14,2017,34.20289
4655,1,14,2018,34.43606
4655,1,14,2019,36.06262
4655,2,14,1950,27.56759
4655,2,14,1951,27.36153
4655,2,14,1952,27.89285
4655,2,14,1953,27.99151
4655,2,14,1954,29.07159
4655,2,14,1955,29.29
4655,2,14,1956,29.60086
4655,2,14,1957,29.5108
4655,2,14,1958,29.86571
4655,2,14,1959,29.9374
4655,2,14,1960,30.26317
4655,2,14,1961,30.77513
4655,2,14,1962,31.06814
4655,2,14,1963,30.47579
4655,2,14,1964,30.8729
4655,2,14,1965,30.97997
4655,2,14,1966,30.95686
4655,2,14,1967,31.29765
4655,2,14,1968,31.03813
4655,2,14,1969,31.14113
4655,2,14,1970,31.18574
4655,2,14,1971,31.7434
4655,2,14,1972,31.98262
4655,2,14,1973,32.05955
4655,2,14,1974,32.62132
4655,2,14,1975,32.90281
4655,2,14,1976,33.0602
4655,2,14,1977,33.07598
4655,2,14,1978,33.03858
4655,2,14,1979,32.47894
4655,2,14,1980,31.96476
4655,2,14,1981,31.75189
4655,2,14,1982,31.91634
4655,2,14,1983,32.29289
4655,2,14,1984,32.77828
4655,2,14,1985,33.19907
4655,2,14,1986,33.55216
4655,2,14,1987,34.03288
4655,2,14,1988,33.84757
4655,2,14,1989,34.34539
4655,2,14,1990,34.71448
4655,2,14,1991,35.03332
4655,2,14,1992,35.2101
4655,2,14,1993,35.18425
4655,2,14,1994,35.5005
4655,2,14,1995,35.55812
4655,2,14,1996,35.74122
4655,2,14,1997,35.82205
4655,2,14,1998,36.04897
4655,2,14,1999,36.44618
4655,2,14,2000,37.23103
4655,2,14,2001,37.20046
4655,2,14,2002,37.23248
4655,2,14,2003,37.18705
4655,2,14,2004,37.18745
4655,2,14,2005,37.20017
4655,2,14,2006,37.11019
4655,2,14,2007,37.36252
4655,2,14,2008,37.10404
4655,2,14,2009,37.23703
4655,2,14,2010,37.87349
4655,2,14,2011,37.69939
4655,2,14,2012,37.51058
4655,2,14,2013,37.31776
4655,2,14,2014,37.38369
4655,2,14,2015,37.50503
4655,2,14,2016,37.42363
4655,2,14,2017,37.4602
4655,2,14,2018,37.5165
4655,2,14,2019,38.57324
4655,3,14,1950,25.97867
4655,3,14,1951,25.86988
4655,3,14,1952,26.32914
4655,3,14,1953,26.35477
4655,3,14,1954,27.72317
4655,3,14,1955,27.9371
4655,3,14,1956,28.17445
4655,3,14,1957,27.96461
4655,3,14,1958,28.45229
4655,3,14,1959,28.29407
4655,3,14,1960,28.53976
4655,3,14,1961,29.32455
4655,3,14,1962,29.59629
4655,3,14,1963,28.8488
4655,3,14,1964,29.19398
4655,3,14,1965,29.22078
4655,3,14,1966,29.44086
4655,3,14,1967,29.41764
4655,3,14,1968,29.35446
4655,3,14,1969,29.3249
4655,3,14,1970,29.21537
4655,3,14,1971,29.88816
4655,3,14,1972,30.01532
4655,3,14,1973,30.00694
4655,3,14,1974,30.33533
4655,3,14,1975,30.50033
4655,3,14,1976,30.74974
4655,3,14,1977,30.51933
4655,3,14,1978,30.59063
4655,3,14,1979,29.94825
4655,3,14,1980,29.55504
4655,3,14,1981,29.8887
4655,3,14,1982,30.08839
4655,3,14,1983,30.35787
4655,3,14,1984,30.84228
4655,3,14,1985,31.61326
4655,3,14,1986,32.03451
4655,3,14,1987,32.44481
4655,3,14,1988,32.29573
4655,3,14,1989,32.8721
4655,3,14,1990,33.09181
4655,3,14,1991,33.60137
4655,3,14,1992,33.87507
4655,3,14,1993,33.89899
4655,3,14,1994,34.07743
4655,3,14,1995,34.23425
4655,3,14,1996,34.67092
4655,3,14,1997,34.73703
4655,3,14,1998,34.61654
4655,3,14,1999,35.15061
4655,3,14,2000,36.07542
4655,3,14,2001,35.97889
4655,3,14,2002,35.89582
4655,3,14,2003,35.90372
4655,3,14,2004,35.97089
4655,3,14,2005,35.94929
4655,3,14,2006,36.02759
4655,3,14,2007,36.00877
4655,3,14,2008,35.3439
4655,3,14,2009,35.18385
4655,3,14,2010,36.10278
4655,3,14,2011,36.18867
4655,3,14,2012,36.29957
4655,3,14,2013,35.95683
4655,3,14,2014,35.89972
4655,3,14,2015,36.01373
4655,3,14,2016,35.62653
4655,3,14,2017,35.77111
4655,3,14,2018,35.90294
4655,3,14,2019,36.89716
4656,1,14,1950,28.51524
4656,1,14,1951,28.57584
4656,1,14,1952,28.93252
4656,1,14,1953,29.25873
4656,1,14,1954,30.50835
4656,1,14,1955,30.38601
4656,1,14,1956,30.66194
4656,1,14,1957,30.5503
4656,1,14,1958,30.60513
4656,1,14,1959,30.47935
4656,1,14,1960,30.71836
4656,1,14,1961,31.09623
4656,1,14,1962,31.33092
4656,1,14,1963,30.87694
4656,1,14,1964,31.11902
4656,1,14,1965,31.06732
4656,1,14,1966,31.44788
4656,1,14,1967,31.35205
4656,1,14,1968,31.32079
4656,1,14,1969,30.92328
4656,1,14,1970,30.58953
4656,1,14,1971,31.29723
4656,1,14,1972,31.18008
4656,1,14,1973,31.12027
4656,1,14,1974,31.12022
4656,1,14,1975,31.23798
4656,1,14,1976,30.93614
4656,1,14,1977,30.69551
4656,1,14,1978,30.95124
4656,1,14,1979,30.2038
4656,1,14,1980,30.47008
4656,1,14,1981,30.80162
4656,1,14,1982,30.67574
4656,1,14,1983,31.34878
4656,1,14,1984,31.03443
4656,1,14,1985,31.40534
4656,1,14,1986,31.05544
4656,1,14,1987,30.96936
4656,1,14,1988,30.78814
4656,1,14,1989,30.67261
4656,1,14,1990,31.16009
4656,1,14,1991,31.29665
4656,1,14,1992,31.10593
4656,1,14,1993,30.88515
4656,1,14,1994,31.34117
4656,1,14,1995,31.59142
4656,1,14,1996,31.75869
4656,1,14,1997,31.91517
4656,1,14,1998,32.08395
4656,1,14,1999,32.1338
4656,1,14,2000,32.40793
4656,1,14,2001,32.64084
4656,1,14,2002,32.43154
4656,1,14,2003,32.39919
4656,1,14,2004,32.88258
4656,1,14,2005,32.71021
4656,1,14,2006,33.13742
4656,1,14,2007,33.39202
4656,1,14,2008,32.99126
4656,1,14,2009,33.12908
4656,1,14,2010,33.05165
4656,1,14,2011,33.04923
4656,1,14,2012,33.10306
4656,1,14,2013,32.55848
4656,1,14,2014,32.76334
4656,1,14,2015,32.95957
4656,1,14,2016,32.57743
4656,1,14,2017,32.75145
4656,1,14,2018,32.6082
4656,1,14,2019,34.07186
4656,2,14,1950,28.72207
4656,2,14,1951,28.61287
4656,2,14,1952,29.06149
4656,2,14,1953,29.12564
4656,2,14,1954,30.22914
4656,2,14,1955,30.36213
4656,2,14,1956,30.67301
4656,2,14,1957,30.51649
4656,2,14,1958,30.82606
4656,2,14,1959,30.89878
4656,2,14,1960,31.0421
4656,2,14,1961,31.44977
4656,2,14,1962,31.86393
4656,2,14,1963,31.23115
4656,2,14,1964,31.58561
4656,2,14,1965,31.66827
4656,2,14,1966,31.78941
4656,2,14,1967,31.95971
4656,2,14,1968,31.66359
4656,2,14,1969,31.80946
4656,2,14,1970,31.81803
4656,2,14,1971,32.28094
4656,2,14,1972,32.45442
4656,2,14,1973,32.47658
4656,2,14,1974,33.10209
4656,2,14,1975,33.22432
4656,2,14,1976,33.34446
4656,2,14,1977,33.42148
4656,2,14,1978,33.48956
4656,2,14,1979,32.94588
4656,2,14,1980,32.60391
4656,2,14,1981,32.30804
4656,2,14,1982,32.3288
4656,2,14,1983,32.63184
4656,2,14,1984,32.81494
4656,2,14,1985,32.97799
4656,2,14,1986,32.70692
4656,2,14,1987,32.61563
4656,2,14,1988,32.68085
4656,2,14,1989,32.85622
4656,2,14,1990,33.02634
4656,2,14,1991,33.24095
4656,2,14,1992,33.178
4656,2,14,1993,33.21457
4656,2,14,1994,33.49921
4656,2,14,1995,33.4744
4656,2,14,1996,33.57994
4656,2,14,1997,33.69099
4656,2,14,1998,34.01012
4656,2,14,1999,34.27185
4656,2,14,2000,34.55838
4656,2,14,2001,34.92514
4656,2,14,2002,34.77649
4656,2,14,2003,34.85435
4656,2,14,2004,35.25871
4656,2,14,2005,35.07427
4656,2,14,2006,35.40276
4656,2,14,2007,35.79861
4656,2,14,2008,35.75565
4656,2,14,2009,35.49293
4656,2,14,2010,35.79837
4656,2,14,2011,35.97936
4656,2,14,2012,35.96571
4656,2,14,2013,35.76523
4656,2,14,2014,35.88266
4656,2,14,2015,36.15783
4656,2,14,2016,35.91162
4656,2,14,2017,36.34838
4656,2,14,2018,36.28551
4656,2,14,2019,37.26639
4656,3,14,1950,28.03089
4656,3,14,1951,27.85654
4656,3,14,1952,28.35824
4656,3,14,1953,28.4148
4656,3,14,1954,29.46765
4656,3,14,1955,29.51897
4656,3,14,1956,29.83488
4656,3,14,1957,29.83291
4656,3,14,1958,30.00209
4656,3,14,1959,30.0603
4656,3,14,1960,30.22073
4656,3,14,1961,30.59789
4656,3,14,1962,30.93825
4656,3,14,1963,30.32924
4656,3,14,1964,30.6577
4656,3,14,1965,30.72764
4656,3,14,1966,31.02682
4656,3,14,1967,31.05802
4656,3,14,1968,30.87215
4656,3,14,1969,30.73245
4656,3,14,1970,30.5665
4656,3,14,1971,31.21239
4656,3,14,1972,31.22161
4656,3,14,1973,31.17455
4656,3,14,1974,31.64494
4656,3,14,1975,31.66229
4656,3,14,1976,31.66926
4656,3,14,1977,31.73528
4656,3,14,1978,32.02173
4656,3,14,1979,31.49968
4656,3,14,1980,31.49428
4656,3,14,1981,31.53157
4656,3,14,1982,31.47142
4656,3,14,1983,31.93478
4656,3,14,1984,31.87881
4656,3,14,1985,32.14255
4656,3,14,1986,31.82042
4656,3,14,1987,31.74318
4656,3,14,1988,31.69367
4656,3,14,1989,31.731
4656,3,14,1990,32.05282
4656,3,14,1991,32.23679
4656,3,14,1992,32.10481
4656,3,14,1993,32.01148
4656,3,14,1994,32.38832
4656,3,14,1995,32.48675
4656,3,14,1996,32.6197
4656,3,14,1997,32.74919
4656,3,14,1998,33.01556
4656,3,14,1999,33.16638
4656,3,14,2000,33.45721
4656,3,14,2001,33.75811
4656,3,14,2002,33.57926
4656,3,14,2003,33.61186
4656,3,14,2004,34.05174
4656,3,14,2005,33.86887
4656,3,14,2006,34.24897
4656,3,14,2007,34.57622
4656,3,14,2008,34.35189
4656,3,14,2009,34.29692
4656,3,14,2010,34.40952
4656,3,14,2011,34.49697
4656,3,14,2012,34.52129
4656,3,14,2013,34.15025
4656,3,14,2014,34.31041
4656,3,14,2015,34.54895
4656,3,14,2016,34.23082
4656,3,14,2017,34.54743
4656,3,14,2018,34.43456
4656,3,14,2019,35.2791
4657,1,14,1950,26.82116
4657,1,14,1951,26.74646
4657,1,14,1952,27.16739
4657,1,14,1953,27.60088
4657,1,14,1954,28.4844
4657,1,14,1955,28.6172
4657,1,14,1956,28.74246
4657,1,14,1957,28.54331
4657,1,14,1958,28.77272
4657,1,14,1959,28.73134
4657,1,14,1960,28.96999
4657,1,14,1961,29.39672
4657,1,14,1962,29.75406
4657,1,14,1963,29.23996
4657,1,14,1964,29.39608
4657,1,14,1965,29.36869
4657,1,14,1966,29.65373
4657,1,14,1967,29.66022
4657,1,14,1968,29.56965
4657,1,14,1969,29.46909
4657,1,14,1970,29.22236
4657,1,14,1971,30.00787
4657,1,14,1972,29.92894
4657,1,14,1973,29.73002
4657,1,14,1974,29.79326
4657,1,14,1975,29.77568
4657,1,14,1976,29.50547
4657,1,14,1977,29.1925
4657,1,14,1978,29.18583
4657,1,14,1979,28.08167
4657,1,14,1980,27.1281
4657,1,14,1981,27.04415
4657,1,14,1982,27.53811
4657,1,14,1983,27.87349
4657,1,14,1984,28.91422
4657,1,14,1985,28.95304
4657,1,14,1986,29.65416
4657,1,14,1987,30.32775
4657,1,14,1988,30.04616
4657,1,14,1989,29.9258
4657,1,14,1990,29.97081
4657,1,14,1991,30.24018
4657,1,14,1992,30.26703
4657,1,14,1993,30.30218
4657,1,14,1994,30.66002
4657,1,14,1995,30.82798
4657,1,14,1996,30.88486
4657,1,14,1997,31.16212
4657,1,14,1998,31.33509
4657,1,14,1999,31.59504
4657,1,14,2000,31.848
4657,1,14,2001,32.18985
4657,1,14,2002,32.09859
4657,1,14,2003,32.15034
4657,1,14,2004,32.58346
4657,1,14,2005,32.38135
4657,1,14,2006,32.79437
4657,1,14,2007,33.06113
4657,1,14,2008,32.74869
4657,1,14,2009,32.75015
4657,1,14,2010,33.23419
4657,1,14,2011,33.45754
4657,1,14,2012,33.2567
4657,1,14,2013,32.95245
4657,1,14,2014,32.94437
4657,1,14,2015,33.11776
4657,1,14,2016,32.84376
4657,1,14,2017,32.82245
4657,1,14,2018,32.5829
4657,1,14,2019,34.00245
4657,2,14,1950,28.4848
4657,2,14,1951,28.45172
4657,2,14,1952,28.8123
4657,2,14,1953,28.88977
4657,2,14,1954,29.78203
4657,2,14,1955,29.92071
4657,2,14,1956,30.26102
4657,2,14,1957,30.14745
4657,2,14,1958,30.47387
4657,2,14,1959,30.63459
4657,2,14,1960,30.76446
4657,2,14,1961,31.2738
4657,2,14,1962,31.6393
4657,2,14,1963,30.9177
4657,2,14,1964,31.29616
4657,2,14,1965,31.35998
4657,2,14,1966,31.54531
4657,2,14,1967,31.60662
4657,2,14,1968,31.53495
4657,2,14,1969,31.54814
4657,2,14,1970,31.54191
4657,2,14,1971,32.09087
4657,2,14,1972,32.30251
4657,2,14,1973,32.43316
4657,2,14,1974,33.01971
4657,2,14,1975,32.93808
4657,2,14,1976,33.13995
4657,2,14,1977,33.18302
4657,2,14,1978,33.07135
4657,2,14,1979,32.43646
4657,2,14,1980,31.76986
4657,2,14,1981,30.95328
4657,2,14,1982,31.29819
4657,2,14,1983,31.33646
4657,2,14,1984,31.80336
4657,2,14,1985,32.01493
4657,2,14,1986,32.44921
4657,2,14,1987,33.08719
4657,2,14,1988,33.22354
4657,2,14,1989,32.96244
4657,2,14,1990,32.98973
4657,2,14,1991,33.10386
4657,2,14,1992,33.15967
4657,2,14,1993,33.25334
4657,2,14,1994,33.27778
4657,2,14,1995,33.2335
4657,2,14,1996,33.39344
4657,2,14,1997,33.65842
4657,2,14,1998,33.77759
4657,2,14,1999,33.97404
4657,2,14,2000,34.24667
4657,2,14,2001,34.49641
4657,2,14,2002,34.61504
4657,2,14,2003,34.64343
4657,2,14,2004,34.85293
4657,2,14,2005,34.88572
4657,2,14,2006,35.18565
4657,2,14,2007,35.41537
4657,2,14,2008,35.4044
4657,2,14,2009,35.25206
4657,2,14,2010,35.54319
4657,2,14,2011,35.72185
4657,2,14,2012,35.69986
4657,2,14,2013,35.54766
4657,2,14,2014,35.5258
4657,2,14,2015,35.75231
4657,2,14,2016,35.67751
4657,2,14,2017,35.76748
4657,2,14,2018,35.84423
4657,2,14,2019,36.95977
4657,3,14,1950,26.93488
4657,3,14,1951,26.95876
4657,3,14,1952,27.35236
4657,3,14,1953,27.4058
4657,3,14,1954,28.42856
4657,3,14,1955,28.46804
4657,3,14,1956,28.71981
4657,3,14,1957,28.54905
4657,3,14,1958,28.88715
4657,3,14,1959,28.91771
4657,3,14,1960,29.15175
4657,3,14,1961,29.63239
4657,3,14,1962,29.97355
4657,3,14,1963,29.37837
4657,3,14,1964,29.72098
4657,3,14,1965,29.72642
4657,3,14,1966,29.81316
4657,3,14,1967,30.08988
4657,3,14,1968,29.82276
4657,3,14,1969,29.74863
4657,3,14,1970,29.81199
4657,3,14,1971,30.54189
4657,3,14,1972,30.4112
4657,3,14,1973,30.47412
4657,3,14,1974,30.82426
4657,3,14,1975,30.8422
4657,3,14,1976,30.77904
4657,3,14,1977,30.84551
4657,3,14,1978,30.85588
4657,3,14,1979,30.10491
4657,3,14,1980,29.30067
4657,3,14,1981,28.90453
4657,3,14,1982,29.3278
4657,3,14,1983,29.51894
4657,3,14,1984,30.2874
4657,3,14,1985,30.41895
4657,3,14,1986,31.01256
4657,3,14,1987,31.67031
4657,3,14,1988,31.58765
4657,3,14,1989,31.39208
4657,3,14,1990,31.43939
4657,3,14,1991,31.62408
4657,3,14,1992,31.66936
4657,3,14,1993,31.73067
4657,3,14,1994,31.92447
4657,3,14,1995,31.99089
4657,3,14,1996,32.10323
4657,3,14,1997,32.36855
4657,3,14,1998,32.52602
4657,3,14,1999,32.76851
4657,3,14,2000,33.03189
4657,3,14,2001,33.33358
4657,3,14,2002,33.34072
4657,3,14,2003,33.3788
4657,3,14,2004,33.71144
4657,3,14,2005,33.63173
4657,3,14,2006,33.98157
4657,3,14,2007,34.22267
4657,3,14,2008,34.06517
4657,3,14,2009,33.99591
4657,3,14,2010,34.36547
4657,3,14,2011,34.55289
4657,3,14,2012,34.45896
4657,3,14,2013,34.23659
4657,3,14,2014,34.22282
4657,3,14,2015,34.41491
4657,3,14,2016,34.24625
4657,3,14,2017,34.28894
4657,3,14,2018,34.21322
4657,3,14,2019,35.15239
4658,1,14,1950,27.44905
4658,1,14,1951,27.58322
4658,1,14,1952,28.10195
4658,1,14,1953,28.3839
4658,1,14,1954,29.6159
4658,1,14,1955,29.86325
4658,1,14,1956,29.80776
4658,1,14,1957,29.88496
4658,1,14,1958,29.67212
4658,1,14,1959,29.63001
4658,1,14,1960,30.07898
4658,1,14,1961,30.28473
4658,1,14,1962,30.83536
4658,1,14,1963,30.20675
4658,1,14,1964,30.36425
4658,1,14,1965,30.46917
4658,1,14,1966,30.75256
4658,1,14,1967,30.77241
4658,1,14,1968,30.76788
4658,1,14,1969,30.59709
4658,1,14,1970,30.17104
4658,1,14,1971,31.05053
4658,1,14,1972,30.92631
4658,1,14,1973,30.90597
4658,1,14,1974,30.93785
4658,1,14,1975,31.08348
4658,1,14,1976,31.02642
4658,1,14,1977,30.69373
4658,1,14,1978,30.87858
4658,1,14,1979,29.91726
4658,1,14,1980,29.73745
4658,1,14,1981,30.78848
4658,1,14,1982,30.74132
4658,1,14,1983,31.03677
4658,1,14,1984,30.808
4658,1,14,1985,31.33059
4658,1,14,1986,31.76633
4658,1,14,1987,32.1525
4658,1,14,1988,32.13868
4658,1,14,1989,32.34585
4658,1,14,1990,32.74718
4658,1,14,1991,32.74866
4658,1,14,1992,32.67119
4658,1,14,1993,32.96817
4658,1,14,1994,32.94054
4658,1,14,1995,32.79504
4658,1,14,1996,32.78845
4658,1,14,1997,33.31032
4658,1,14,1998,33.46857
4658,1,14,1999,33.55947
4658,1,14,2000,33.88151
4658,1,14,2001,34.10026
4658,1,14,2002,34.13696
4658,1,14,2003,34.13042
4658,1,14,2004,34.16842
4658,1,14,2005,34.19413
4658,1,14,2006,34.26813
4658,1,14,2007,34.59301
4658,1,14,2008,34.10485
4658,1,14,2009,34.02815
4658,1,14,2010,34.30098
4658,1,14,2011,34.47715
4658,1,14,2012,34.69048
4658,1,14,2013,34.2711
4658,1,14,2014,34.48613
4658,1,14,2015,34.6854
4658,1,14,2016,33.97077
4658,1,14,2017,34.05464
4658,1,14,2018,34.38982
4658,1,14,2019,36.07697
4658,2,14,1950,28.68109
4658,2,14,1951,28.67544
4658,2,14,1952,29.09306
4658,2,14,1953,29.14981
4658,2,14,1954,30.23877
4658,2,14,1955,30.39075
4658,2,14,1956,30.71527
4658,2,14,1957,30.63347
4658,2,14,1958,30.9139
4658,2,14,1959,31.03804
4658,2,14,1960,31.18882
4658,2,14,1961,31.68725
4658,2,14,1962,32.12193
4658,2,14,1963,31.3809
4658,2,14,1964,31.61782
4658,2,14,1965,31.88029
4658,2,14,1966,32.05898
4658,2,14,1967,32.16504
4658,2,14,1968,32.03573
4658,2,14,1969,32.02624
4658,2,14,1970,32.17485
4658,2,14,1971,32.78833
4658,2,14,1972,32.76103
4658,2,14,1973,33.00808
4658,2,14,1974,33.57031
4658,2,14,1975,33.75758
4658,2,14,1976,33.91663
4658,2,14,1977,33.96567
4658,2,14,1978,33.97652
4658,2,14,1979,33.38383
4658,2,14,1980,32.91693
4658,2,14,1981,33.09376
4658,2,14,1982,33.05027
4658,2,14,1983,32.99861
4658,2,14,1984,32.98822
4658,2,14,1985,33.20205
4658,2,14,1986,33.36054
4658,2,14,1987,33.78327
4658,2,14,1988,33.96303
4658,2,14,1989,34.35862
4658,2,14,1990,34.88686
4658,2,14,1991,34.89484
4658,2,14,1992,34.67328
4658,2,14,1993,34.71004
4658,2,14,1994,34.98461
4658,2,14,1995,34.70177
4658,2,14,1996,34.86339
4658,2,14,1997,35.08335
4658,2,14,1998,35.40348
4658,2,14,1999,35.5125
4658,2,14,2000,36.02942
4658,2,14,2001,36.3507
4658,2,14,2002,36.13781
4658,2,14,2003,36.21659
4658,2,14,2004,36.54675
4658,2,14,2005,36.63352
4658,2,14,2006,36.97872
4658,2,14,2007,37.22996
4658,2,14,2008,36.94788
4658,2,14,2009,36.52951
4658,2,14,2010,36.91042
4658,2,14,2011,37.2473
4658,2,14,2012,37.30012
4658,2,14,2013,37.0584
4658,2,14,2014,37.24279
4658,2,14,2015,37.39032
4658,2,14,2016,37.27979
4658,2,14,2017,37.62905
4658,2,14,2018,37.7765
4658,2,14,2019,38.8621
4658,3,14,1950,27.45159
4658,3,14,1951,27.27897
4658,3,14,1952,27.85266
4658,3,14,1953,28.00541
4658,3,14,1954,29.0155
4658,3,14,1955,29.28819
4658,3,14,1956,29.49684
4658,3,14,1957,29.34144
4658,3,14,1958,29.63737
4658,3,14,1959,29.63489
4658,3,14,1960,29.84164
4658,3,14,1961,30.32475
4658,3,14,1962,30.78601
4658,3,14,1963,30.06808
4658,3,14,1964,30.10819
4658,3,14,1965,30.43627
4658,3,14,1966,30.69097
4658,3,14,1967,30.85289
4658,3,14,1968,30.67541
4658,3,14,1969,30.58788
4658,3,14,1970,30.44648
4658,3,14,1971,31.18924
4658,3,14,1972,31.28415
4658,3,14,1973,31.31168
4658,3,14,1974,31.68897
4658,3,14,1975,31.72144
4658,3,14,1976,31.88881
4658,3,14,1977,31.88716
4658,3,14,1978,32.11914
4658,3,14,1979,31.457
4658,3,14,1980,31.19465
4658,3,14,1981,31.87853
4658,3,14,1982,31.81814
4658,3,14,1983,31.96253
4658,3,14,1984,31.83329
4658,3,14,1985,32.19624
4658,3,14,1986,32.51274
4658,3,14,1987,32.89715
4658,3,14,1988,33.00139
4658,3,14,1989,33.29947
4658,3,14,1990,33.76507
4658,3,14,1991,33.76718
4658,3,14,1992,33.63309
4658,3,14,1993,33.77643
4658,3,14,1994,33.91148
4658,3,14,1995,33.69875
4658,3,14,1996,33.78218
4658,3,14,1997,34.15759
4658,3,14,1998,34.3916
4658,3,14,1999,34.49373
4658,3,14,2000,34.92556
4658,3,14,2001,35.18017
4658,3,14,2002,35.09841
4658,3,14,2003,35.11958
4658,3,14,2004,35.32287
4658,3,14,2005,35.36782
4658,3,14,2006,35.56917
4658,3,14,2007,35.87871
4658,3,14,2008,35.48994
4658,3,14,2009,35.24778
4658,3,14,2010,35.55213
4658,3,14,2011,35.80735
4658,3,14,2012,35.95538
4658,3,14,2013,35.63131
4658,3,14,2014,35.82669
4658,3,14,2015,35.98209
4658,3,14,2016,35.58039
4658,3,14,2017,35.80271
4658,3,14,2018,36.03007
4658,3,14,2019,37.06668
4659,1,14,1950,26.27095
4659,1,14,1951,26.29961
4659,1,14,1952,26.83849
4659,1,14,1953,27.24553
4659,1,14,1954,28.40224
4659,1,14,1955,28.8739
4659,1,14,1956,28.79179
4659,1,14,1957,28.78347
4659,1,14,1958,28.94472
4659,1,14,1959,28.96718
4659,1,14,1960,29.39327
4659,1,14,1961,29.72056
4659,1,14,1962,30.2637
4659,1,14,1963,29.60601
4659,1,14,1964,29.99211
4659,1,14,1965,30.06897
4659,1,14,1966,30.36813
4659,1,14,1967,30.20218
4659,1,14,1968,30.15844
4659,1,14,1969,29.91348
4659,1,14,1970,29.59326
4659,1,14,1971,30.42408
4659,1,14,1972,30.23601
4659,1,14,1973,30.18362
4659,1,14,1974,30.35315
4659,1,14,1975,30.582
4659,1,14,1976,30.37496
4659,1,14,1977,30.12005
4659,1,14,1978,30.2362
4659,1,14,1979,29.47007
4659,1,14,1980,29.29876
4659,1,14,1981,29.67508
4659,1,14,1982,30.38267
4659,1,14,1983,30.74611
4659,1,14,1984,31.18288
4659,1,14,1985,31.76173
4659,1,14,1986,31.70989
4659,1,14,1987,31.93709
4659,1,14,1988,31.59803
4659,1,14,1989,31.48738
4659,1,14,1990,31.81538
4659,1,14,1991,32.14907
4659,1,14,1992,32.4535
4659,1,14,1993,32.19158
4659,1,14,1994,32.38885
4659,1,14,1995,32.8982
4659,1,14,1996,32.90348
4659,1,14,1997,32.79093
4659,1,14,1998,32.82051
4659,1,14,1999,33.1087
4659,1,14,2000,33.69721
4659,1,14,2001,33.97521
4659,1,14,2002,33.68766
4659,1,14,2003,33.8745
4659,1,14,2004,33.91033
4659,1,14,2005,33.87117
4659,1,14,2006,33.91883
4659,1,14,2007,33.94401
4659,1,14,2008,33.31293
4659,1,14,2009,33.84372
4659,1,14,2010,34.12569
4659,1,14,2011,34.20459
4659,1,14,2012,33.94778
4659,1,14,2013,33.28112
4659,1,14,2014,33.59651
4659,1,14,2015,33.42413
4659,1,14,2016,32.77911
4659,1,14,2017,33.20187
4659,1,14,2018,33.04794
4659,1,14,2019,34.37227
4659,2,14,1950,28.54578
4659,2,14,1951,28.44544
4659,2,14,1952,28.85215
4659,2,14,1953,28.85794
4659,2,14,1954,29.99406
4659,2,14,1955,30.35526
4659,2,14,1956,30.56027
4659,2,14,1957,30.5847
4659,2,14,1958,30.85942
4659,2,14,1959,31.10963
4659,2,14,1960,31.28945
4659,2,14,1961,31.81962
4659,2,14,1962,32.29195
4659,2,14,1963,31.54308
4659,2,14,1964,31.9127
4659,2,14,1965,31.97544
4659,2,14,1966,32.03082
4659,2,14,1967,32.25376
4659,2,14,1968,32.23493
4659,2,14,1969,32.04898
4659,2,14,1970,32.12841
4659,2,14,1971,32.74668
4659,2,14,1972,32.76241
4659,2,14,1973,32.80028
4659,2,14,1974,33.44683
4659,2,14,1975,33.41919
4659,2,14,1976,33.60123
4659,2,14,1977,33.85039
4659,2,14,1978,34.10549
4659,2,14,1979,33.71357
4659,2,14,1980,33.35271
4659,2,14,1981,33.18407
4659,2,14,1982,33.67039
4659,2,14,1983,33.72757
4659,2,14,1984,33.70335
4659,2,14,1985,33.47141
4659,2,14,1986,33.58168
4659,2,14,1987,33.69571
4659,2,14,1988,33.67948
4659,2,14,1989,33.82332
4659,2,14,1990,34.08731
4659,2,14,1991,34.31912
4659,2,14,1992,34.42489
4659,2,14,1993,34.57272
4659,2,14,1994,34.66128
4659,2,14,1995,34.58978
4659,2,14,1996,34.77082
4659,2,14,1997,34.79075
4659,2,14,1998,35.06736
4659,2,14,1999,35.38557
4659,2,14,2000,35.70655
4659,2,14,2001,35.8767
4659,2,14,2002,35.87627
4659,2,14,2003,35.87226
4659,2,14,2004,36.06376
4659,2,14,2005,35.95146
4659,2,14,2006,36.12726
4659,2,14,2007,36.27295
4659,2,14,2008,36.03144
4659,2,14,2009,36.09742
4659,2,14,2010,36.26791
4659,2,14,2011,36.39508
4659,2,14,2012,36.50507
4659,2,14,2013,36.20344
4659,2,14,2014,36.09749
4659,2,14,2015,35.92625
4659,2,14,2016,35.63697
4659,2,14,2017,35.78597
4659,2,14,2018,36.23223
4659,2,14,2019,37.22893
4659,3,14,1950,26.74486
4659,3,14,1951,26.63378
4659,3,14,1952,27.09694
4659,3,14,1953,27.25163
4659,3,14,1954,28.49979
4659,3,14,1955,28.72589
4659,3,14,1956,29.05312
4659,3,14,1957,28.87546
4659,3,14,1958,29.19453
4659,3,14,1959,29.27498
4659,3,14,1960,29.54921
4659,3,14,1961,30.02462
4659,3,14,1962,30.49525
4659,3,14,1963,29.9091
4659,3,14,1964,30.38775
4659,3,14,1965,30.35305
4659,3,14,1966,30.39741
4659,3,14,1967,30.53157
4659,3,14,1968,30.43022
4659,3,14,1969,30.34811
4659,3,14,1970,30.2351
4659,3,14,1971,30.90276
4659,3,14,1972,30.94597
4659,3,14,1973,30.92072
4659,3,14,1974,31.39568
4659,3,14,1975,31.53254
4659,3,14,1976,31.48983
4659,3,14,1977,31.52555
4659,3,14,1978,31.86675
4659,3,14,1979,31.35401
4659,3,14,1980,31.15078
4659,3,14,1981,31.30738
4659,3,14,1982,31.90151
4659,3,14,1983,32.11136
4659,3,14,1984,32.31823
4659,3,14,1985,32.4873
4659,3,14,1986,32.53341
4659,3,14,1987,32.71024
4659,3,14,1988,32.54422
4659,3,14,1989,32.57749
4659,3,14,1990,32.87358
4659,3,14,1991,33.16352
4659,3,14,1992,33.36169
4659,3,14,1993,33.29977
4659,3,14,1994,33.43444
4659,3,14,1995,33.66851
4659,3,14,1996,33.74252
4659,3,14,1997,33.70908
4659,3,14,1998,33.86494
4659,3,14,1999,34.17584
4659,3,14,2000,34.64772
4659,3,14,2001,34.86684
4659,3,14,2002,34.72914
4659,3,14,2003,34.79579
4659,3,14,2004,34.93157
4659,3,14,2005,34.85918
4659,3,14,2006,34.97097
4659,3,14,2007,35.04488
4659,3,14,2008,34.62349
4659,3,14,2009,34.9338
4659,3,14,2010,35.1201
4659,3,14,2011,35.22805
4659,3,14,2012,35.18218
4659,3,14,2013,34.69175
4659,3,14,2014,34.80971
4659,3,14,2015,34.63196
4659,3,14,2016,34.17734
4659,3,14,2017,34.47576
4659,3,14,2018,34.59767
4659,3,14,2019,35.36847
4660,1,14,1950,27.19365
4660,1,14,1951,27.05536
4660,1,14,1952,27.66205
4660,1,14,1953,27.9834
4660,1,14,1954,28.84907
4660,1,14,1955,29.14528
4660,1,14,1956,29.29715
4660,1,14,1957,29.12657
4660,1,14,1958,29.2881
4660,1,14,1959,29.10409
4660,1,14,1960,29.44973
4660,1,14,1961,29.75807
4660,1,14,1962,30.21348
4660,1,14,1963,29.74667
4660,1,14,1964,29.78719
4660,1,14,1965,29.99551
4660,1,14,1966,30.43809
4660,1,14,1967,30.56046
4660,1,14,1968,30.31185
4660,1,14,1969,30.25537
4660,1,14,1970,29.96342
4660,1,14,1971,30.98659
4660,1,14,1972,30.84015
4660,1,14,1973,30.90468
4660,1,14,1974,30.7962
4660,1,14,1975,30.99219
4660,1,14,1976,30.89955
4660,1,14,1977,30.84299
4660,1,14,1978,31.10834
4660,1,14,1979,30.37083
4660,1,14,1980,30.25645
4660,1,14,1981,29.73801
4660,1,14,1982,30.24413
4660,1,14,1983,30.78047
4660,1,14,1984,30.5074
4660,1,14,1985,30.81666
4660,1,14,1986,31.45804
4660,1,14,1987,31.65184
4660,1,14,1988,31.76616
4660,1,14,1989,31.64062
4660,1,14,1990,32.67307
4660,1,14,1991,33.21773
4660,1,14,1992,33.35684
4660,1,14,1993,33.26343
4660,1,14,1994,33.29128
4660,1,14,1995,33.3876
4660,1,14,1996,33.73161
4660,1,14,1997,33.62671
4660,1,14,1998,33.9381
4660,1,14,1999,34.54776
4660,1,14,2000,34.87468
4660,1,14,2001,34.94576
4660,1,14,2002,34.05889
4660,1,14,2003,33.91954
4660,1,14,2004,34.46202
4660,1,14,2005,34.30685
4660,1,14,2006,34.57877
4660,1,14,2007,34.70913
4660,1,14,2008,34.36319
4660,1,14,2009,33.951
4660,1,14,2010,32.85891
4660,1,14,2011,32.65085
4660,1,14,2012,34.28224
4660,1,14,2013,34.49708
4660,1,14,2014,34.84318
4660,1,14,2015,35.04107
4660,1,14,2016,34.39188
4660,1,14,2017,33.93199
4660,1,14,2018,35.10427
4660,1,14,2019,36.67715
4660,2,14,1950,28.54442
4660,2,14,1951,28.41842
4660,2,14,1952,28.87182
4660,2,14,1953,28.83826
4660,2,14,1954,29.9667
4660,2,14,1955,30.23012
4660,2,14,1956,30.57425
4660,2,14,1957,30.49094
4660,2,14,1958,30.75992
4660,2,14,1959,30.8652
4660,2,14,1960,31.00781
4660,2,14,1961,31.52547
4660,2,14,1962,32.09327
4660,2,14,1963,31.38644
4660,2,14,1964,31.68759
4660,2,14,1965,31.73496
4660,2,14,1966,31.82406
4660,2,14,1967,32.01462
4660,2,14,1968,31.91598
4660,2,14,1969,31.82222
4660,2,14,1970,31.83952
4660,2,14,1971,32.47349
4660,2,14,1972,32.53787
4660,2,14,1973,32.61035
4660,2,14,1974,33.38125
4660,2,14,1975,33.49515
4660,2,14,1976,33.64912
4660,2,14,1977,34.17915
4660,2,14,1978,34.45636
4660,2,14,1979,34.1771
4660,2,14,1980,33.90813
4660,2,14,1981,33.35522
4660,2,14,1982,33.53348
4660,2,14,1983,33.65046
4660,2,14,1984,33.78821
4660,2,14,1985,33.92136
4660,2,14,1986,34.1044
4660,2,14,1987,34.04634
4660,2,14,1988,33.9533
4660,2,14,1989,34.07862
4660,2,14,1990,34.65604
4660,2,14,1991,35.01375
4660,2,14,1992,35.3364
4660,2,14,1993,35.38155
4660,2,14,1994,35.42921
4660,2,14,1995,35.46604
4660,2,14,1996,35.65046
4660,2,14,1997,35.84374
4660,2,14,1998,36.10155
4660,2,14,1999,36.40325
4660,2,14,2000,36.63338
4660,2,14,2001,36.78337
4660,2,14,2002,36.90963
4660,2,14,2003,37.09678
4660,2,14,2004,37.16189
4660,2,14,2005,37.12416
4660,2,14,2006,37.41198
4660,2,14,2007,37.67981
4660,2,14,2008,37.52818
4660,2,14,2009,37.44661
4660,2,14,2010,37.59363
4660,2,14,2011,37.7398
4660,2,14,2012,38.19886
4660,2,14,2013,38.00538
4660,2,14,2014,38.01537
4660,2,14,2015,38.06708
4660,2,14,2016,37.97726
4660,2,14,2017,38.17807
4660,2,14,2018,38.5277
4660,2,14,2019,39.45346
4660,3,14,1950,27.16562
4660,3,14,1951,27.02266
4660,3,14,1952,27.53693
4660,3,14,1953,27.69019
4660,3,14,1954,28.64534
4660,3,14,1955,28.79557
4660,3,14,1956,29.06282
4660,3,14,1957,29.07166
4660,3,14,1958,29.23863
4660,3,14,1959,29.31159
4660,3,14,1960,29.56133
4660,3,14,1961,29.99453
4660,3,14,1962,30.39814
4660,3,14,1963,29.84885
4660,3,14,1964,29.99716
4660,3,14,1965,30.24317
4660,3,14,1966,30.40135
4660,3,14,1967,30.54172
4660,3,14,1968,30.40315
4660,3,14,1969,30.36677
4660,3,14,1970,30.32579
4660,3,14,1971,30.99019
4660,3,14,1972,31.0646
4660,3,14,1973,31.12154
4660,3,14,1974,31.52553
4660,3,14,1975,31.63081
4660,3,14,1976,31.78645
4660,3,14,1977,32.12451
4660,3,14,1978,32.41474
4660,3,14,1979,31.98457
4660,3,14,1980,31.83331
4660,3,14,1981,31.33492
4660,3,14,1982,31.70531
4660,3,14,1983,32.0241
4660,3,14,1984,31.93695
4660,3,14,1985,32.14192
4660,3,14,1986,32.60441
4660,3,14,1987,32.68064
4660,3,14,1988,32.70033
4660,3,14,1989,32.69085
4660,3,14,1990,33.49466
4660,3,14,1991,33.95073
4660,3,14,1992,34.20133
4660,3,14,1993,34.16798
4660,3,14,1994,34.19939
4660,3,14,1995,34.27259
4660,3,14,1996,34.53618
4660,3,14,1997,34.57282
4660,3,14,1998,34.87119
4660,3,14,1999,35.32621
4660,3,14,2000,35.61185
4660,3,14,2001,35.7515
4660,3,14,2002,35.32105
4660,3,14,2003,35.32086
4660,3,14,2004,35.66564
4660,3,14,2005,35.57261
4660,3,14,2006,35.82195
4660,3,14,2007,36.02124
4660,3,14,2008,35.78866
4660,3,14,2009,35.51037
4660,3,14,2010,34.97197
4660,3,14,2011,34.92723
4660,3,14,2012,36.04891
4660,3,14,2013,36.07185
4660,3,14,2014,36.29849
4660,3,14,2015,36.42587
4660,3,14,2016,36.01343
4660,3,14,2017,35.87036
4660,3,14,2018,36.64591
4660,3,14,2019,37.58716
4661,1,14,1950,29.47271
4661,1,14,1951,29.50347
4661,1,14,1952,29.87383
4661,1,14,1953,30.17387
4661,1,14,1954,31.22511
4661,1,14,1955,31.41797
4661,1,14,1956,31.39092
4661,1,14,1957,31.30594
4661,1,14,1958,31.37101
4661,1,14,1959,31.23521
4661,1,14,1960,31.53982
4661,1,14,1961,31.78397
4661,1,14,1962,32.02831
4661,1,14,1963,31.39319
4661,1,14,1964,31.47897
4661,1,14,1965,31.73026
4661,1,14,1966,31.8248
4661,1,14,1967,31.82043
4661,1,14,1968,31.56018
4661,1,14,1969,31.43883
4661,1,14,1970,31.09532
4661,1,14,1971,31.74648
4661,1,14,1972,31.51755
4661,1,14,1973,31.6436
4661,1,14,1974,31.48685
4661,1,14,1975,31.32517
4661,1,14,1976,31.14814
4661,1,14,1977,30.91511
4661,1,14,1978,30.87659
4661,1,14,1979,30.2723
4661,1,14,1980,30.93979
4661,1,14,1981,31.37613
4661,1,14,1982,31.35831
4661,1,14,1983,31.31329
4661,1,14,1984,31.4291
4661,1,14,1985,31.26346
4661,1,14,1986,31.6971
4661,1,14,1987,31.72274
4661,1,14,1988,31.04009
4661,1,14,1989,30.87419
4661,1,14,1990,31.00424
4661,1,14,1991,31.17805
4661,1,14,1992,31.41681
4661,1,14,1993,31.6267
4661,1,14,1994,31.65447
4661,1,14,1995,31.93205
4661,1,14,1996,31.95638
4661,1,14,1997,31.84039
4661,1,14,1998,31.85528
4661,1,14,1999,32.14989
4661,1,14,2000,32.48605
4661,1,14,2001,32.65005
4661,1,14,2002,32.55593
4661,1,14,2003,32.60563
4661,1,14,2004,32.70791
4661,1,14,2005,32.31049
4661,1,14,2006,32.73008
4661,1,14,2007,32.84403
4661,1,14,2008,32.5202
4661,1,14,2009,32.54073
4661,1,14,2010,32.71239
4661,1,14,2011,32.63847
4661,1,14,2012,32.88902
4661,1,14,2013,32.80458
4661,1,14,2014,33.08634
4661,1,14,2015,33.22628
4661,1,14,2016,33.07229
4661,1,14,2017,33.07193
4661,1,14,2018,32.94044
4661,1,14,2019,34.21399
4661,2,14,1950,29.49156
4661,2,14,1951,29.41923
4661,2,14,1952,29.79202
4661,2,14,1953,29.86288
4661,2,14,1954,30.92631
4661,2,14,1955,31.24471
4661,2,14,1956,31.46069
4661,2,14,1957,31.36279
4661,2,14,1958,31.67558
4661,2,14,1959,31.72092
4661,2,14,1960,31.86704
4661,2,14,1961,32.3728
4661,2,14,1962,32.69878
4661,2,14,1963,32.00498
4661,2,14,1964,32.23605
4661,2,14,1965,32.33678
4661,2,14,1966,32.26064
4661,2,14,1967,32.53851
4661,2,14,1968,32.27963
4661,2,14,1969,32.25993
4661,2,14,1970,32.324
4661,2,14,1971,32.67562
4661,2,14,1972,32.74659
4661,2,14,1973,32.82774
4661,2,14,1974,33.35612
4661,2,14,1975,33.35901
4661,2,14,1976,33.33065
4661,2,14,1977,33.37076
4661,2,14,1978,33.59455
4661,2,14,1979,33.21479
4661,2,14,1980,33.53176
4661,2,14,1981,33.63516
4661,2,14,1982,33.76124
4661,2,14,1983,33.42378
4661,2,14,1984,33.34371
4661,2,14,1985,33.18183
4661,2,14,1986,33.39677
4661,2,14,1987,33.5186
4661,2,14,1988,33.2798
4661,2,14,1989,33.31354
4661,2,14,1990,33.48592
4661,2,14,1991,33.95015
4661,2,14,1992,33.90784
4661,2,14,1993,33.87183
4661,2,14,1994,34.08959
4661,2,14,1995,34.00824
4661,2,14,1996,34.04055
4661,2,14,1997,34.38514
4661,2,14,1998,34.51314
4661,2,14,1999,34.81445
4661,2,14,2000,35.0944
4661,2,14,2001,35.35082
4661,2,14,2002,35.34339
4661,2,14,2003,35.39239
4661,2,14,2004,35.64561
4661,2,14,2005,35.45648
4661,2,14,2006,35.71947
4661,2,14,2007,35.91093
4661,2,14,2008,35.91311
4661,2,14,2009,35.58681
4661,2,14,2010,36.15938
4661,2,14,2011,36.38858
4661,2,14,2012,36.58148
4661,2,14,2013,36.32004
4661,2,14,2014,36.28833
4661,2,14,2015,36.55382
4661,2,14,2016,36.59369
4661,2,14,2017,36.57638
4661,2,14,2018,36.66538
4661,2,14,2019,37.76982
4661,3,14,1950,28.69789
4661,3,14,1951,28.53676
4661,3,14,1952,29.11786
4661,3,14,1953,29.17043
4661,3,14,1954,30.17585
4661,3,14,1955,30.46674
4661,3,14,1956,30.65658
4661,3,14,1957,30.53445
4661,3,14,1958,30.77464
4661,3,14,1959,30.80047
4661,3,14,1960,30.94959
4661,3,14,1961,31.49306
4661,3,14,1962,31.70726
4661,3,14,1963,31.06649
4661,3,14,1964,31.27895
4661,3,14,1965,31.21082
4661,3,14,1966,31.33383
4661,3,14,1967,31.55434
4661,3,14,1968,31.32232
4661,3,14,1969,31.23895
4661,3,14,1970,31.06262
4661,3,14,1971,31.62127
4661,3,14,1972,31.65259
4661,3,14,1973,31.58372
4661,3,14,1974,31.88972
4661,3,14,1975,31.80243
4661,3,14,1976,31.78869
4661,3,14,1977,31.76753
4661,3,14,1978,31.9674
4661,3,14,1979,31.57252
4661,3,14,1980,32.12287
4661,3,14,1981,32.44561
4661,3,14,1982,32.48362
4661,3,14,1983,32.31637
4661,3,14,1984,32.32011
4661,3,14,1985,32.1324
4661,3,14,1986,32.4702
4661,3,14,1987,32.52927
4661,3,14,1988,32.11366
4661,3,14,1989,32.02269
4661,3,14,1990,32.17671
4661,3,14,1991,32.49836
4661,3,14,1992,32.58524
4661,3,14,1993,32.70003
4661,3,14,1994,32.80888
4661,3,14,1995,32.90258
4661,3,14,1996,32.9358
4661,3,14,1997,33.03463
4661,3,14,1998,33.11929
4661,3,14,1999,33.41552
4661,3,14,2000,33.72506
4661,3,14,2001,33.92564
4661,3,14,2002,33.87597
4661,3,14,2003,33.91809
4661,3,14,2004,34.11042
4661,3,14,2005,33.81399
4661,3,14,2006,34.15125
4661,3,14,2007,34.31979
4661,3,14,2008,34.14455
4661,3,14,2009,34.0054
4661,3,14,2010,34.34768
4661,3,14,2011,34.42187
4661,3,14,2012,34.65257
4661,3,14,2013,34.48126
4661,3,14,2014,34.61553
4661,3,14,2015,34.81763
4661,3,14,2016,34.76877
4661,3,14,2017,34.7519
4661,3,14,2018,34.70072
4661,3,14,2019,35.63002
4662,1,14,1950,24.72092
4662,1,14,1951,24.63729
4662,1,14,1952,25.13204
4662,1,14,1953,25.45668
4662,1,14,1954,26.5517
4662,1,14,1955,26.8487
4662,1,14,1956,26.80317
4662,1,14,1957,26.626
4662,1,14,1958,26.79753
4662,1,14,1959,26.83208
4662,1,14,1960,27.09516
4662,1,14,1961,27.57764
4662,1,14,1962,28.05761
4662,1,14,1963,27.51424
4662,1,14,1964,27.76398
4662,1,14,1965,27.67053
4662,1,14,1966,27.90749
4662,1,14,1967,27.87516
4662,1,14,1968,27.64566
4662,1,14,1969,27.54964
4662,1,14,1970,27.26842
4662,1,14,1971,28.30047
4662,1,14,1972,27.98348
4662,1,14,1973,27.87374
4662,1,14,1974,27.75998
4662,1,14,1975,27.66799
4662,1,14,1976,27.45453
4662,1,14,1977,27.06694
4662,1,14,1978,27.0716
4662,1,14,1979,26.21668
4662,1,14,1980,26.3353
4662,1,14,1981,27.65686
4662,1,14,1982,28.04616
4662,1,14,1983,28.16353
4662,1,14,1984,28.22256
4662,1,14,1985,28.68114
4662,1,14,1986,29.53152
4662,1,14,1987,29.60482
4662,1,14,1988,29.70196
4662,1,14,1989,30.61926
4662,1,14,1990,31.20423
4662,1,14,1991,31.27229
4662,1,14,1992,31.34633
4662,1,14,1993,31.32301
4662,1,14,1994,32.0706
4662,1,14,1995,32.21486
4662,1,14,1996,32.22415
4662,1,14,1997,32.39564
4662,1,14,1998,32.18074
4662,1,14,1999,32.6992
4662,1,14,2000,33.35826
4662,1,14,2001,33.71338
4662,1,14,2002,33.6704
4662,1,14,2003,33.66683
4662,1,14,2004,34.13488
4662,1,14,2005,33.974
4662,1,14,2006,34.48456
4662,1,14,2007,34.26446
4662,1,14,2008,33.89711
4662,1,14,2009,33.93886
4662,1,14,2010,33.8982
4662,1,14,2011,34.59718
4662,1,14,2012,34.88189
4662,1,14,2013,34.47403
4662,1,14,2014,34.39111
4662,1,14,2015,34.08844
4662,1,14,2016,34.12685
4662,1,14,2017,34.31832
4662,1,14,2018,34.09454
4662,1,14,2019,35.46234
4662,2,14,1950,26.49222
4662,2,14,1951,26.38006
4662,2,14,1952,26.84145
4662,2,14,1953,26.92119
4662,2,14,1954,27.93361
4662,2,14,1955,28.08361
4662,2,14,1956,28.38157
4662,2,14,1957,28.29238
4662,2,14,1958,28.49569
4662,2,14,1959,28.73793
4662,2,14,1960,28.83461
4662,2,14,1961,29.23354
4662,2,14,1962,29.72788
4662,2,14,1963,29.02993
4662,2,14,1964,29.42691
4662,2,14,1965,29.39352
4662,2,14,1966,29.47428
4662,2,14,1967,29.71207
4662,2,14,1968,29.48185
4662,2,14,1969,29.49305
4662,2,14,1970,29.48162
4662,2,14,1971,30.12643
4662,2,14,1972,30.11288
4662,2,14,1973,30.16081
4662,2,14,1974,30.59874
4662,2,14,1975,30.53016
4662,2,14,1976,30.5601
4662,2,14,1977,30.68327
4662,2,14,1978,30.48712
4662,2,14,1979,29.98177
4662,2,14,1980,29.99454
4662,2,14,1981,30.61886
4662,2,14,1982,31.19799
4662,2,14,1983,30.83012
4662,2,14,1984,30.90119
4662,2,14,1985,31.18664
4662,2,14,1986,31.63194
4662,2,14,1987,31.6027
4662,2,14,1988,31.92901
4662,2,14,1989,32.59874
4662,2,14,1990,33.20336
4662,2,14,1991,33.39841
4662,2,14,1992,33.56242
4662,2,14,1993,33.57693
4662,2,14,1994,33.97026
4662,2,14,1995,33.90148
4662,2,14,1996,34.34155
4662,2,14,1997,34.21358
4662,2,14,1998,34.79702
4662,2,14,1999,35.18962
4662,2,14,2000,35.70011
4662,2,14,2001,35.94783
4662,2,14,2002,35.89894
4662,2,14,2003,35.96688
4662,2,14,2004,36.2263
4662,2,14,2005,36.35804
4662,2,14,2006,36.81292
4662,2,14,2007,36.70441
4662,2,14,2008,36.65734
4662,2,14,2009,36.83297
4662,2,14,2010,36.85883
4662,2,14,2011,37.21424
4662,2,14,2012,37.30353
4662,2,14,2013,37.20597
4662,2,14,2014,36.83739
4662,2,14,2015,36.7084
4662,2,14,2016,36.66343
4662,2,14,2017,37.09792
4662,2,14,2018,36.98369
4662,2,14,2019,37.98887
4662,3,14,1950,24.87217
4662,3,14,1951,24.81303
4662,3,14,1952,25.30411
4662,3,14,1953,25.30333
4662,3,14,1954,26.49287
4662,3,14,1955,26.70053
4662,3,14,1956,26.74262
4662,3,14,1957,26.72659
4662,3,14,1958,26.92233
4662,3,14,1959,27.00966
4662,3,14,1960,27.23322
4662,3,14,1961,27.81665
4662,3,14,1962,28.16062
4662,3,14,1963,27.57269
4662,3,14,1964,27.92903
4662,3,14,1965,27.92053
4662,3,14,1966,27.99238
4662,3,14,1967,28.13021
4662,3,14,1968,28.05684
4662,3,14,1969,27.8471
4662,3,14,1970,27.74694
4662,3,14,1971,28.52569
4662,3,14,1972,28.58066
4662,3,14,1973,28.43661
4662,3,14,1974,28.55497
4662,3,14,1975,28.4986
4662,3,14,1976,28.50423
4662,3,14,1977,28.36975
4662,3,14,1978,28.47576
4662,3,14,1979,27.92838
4662,3,14,1980,28.01149
4662,3,14,1981,29.03041
4662,3,14,1982,29.53007
4662,3,14,1983,29.41032
4662,3,14,1984,29.47627
4662,3,14,1985,29.85491
4662,3,14,1986,30.50653
4662,3,14,1987,30.53776
4662,3,14,1988,30.7384
4662,3,14,1989,31.53992
4662,3,14,1990,32.1408
4662,3,14,1991,32.27751
4662,3,14,1992,32.39393
4662,3,14,1993,32.40448
4662,3,14,1994,32.96068
4662,3,14,1995,33.00623
4662,3,14,1996,33.236
4662,3,14,1997,33.27675
4662,3,14,1998,33.46062
4662,3,14,1999,33.91683
4662,3,14,2000,34.50905
4662,3,14,2001,34.79929
4662,3,14,2002,34.7621
4662,3,14,2003,34.79832
4662,3,14,2004,35.16032
4662,3,14,2005,35.14011
4662,3,14,2006,35.61991
4662,3,14,2007,35.45826
4662,3,14,2008,35.25785
4662,3,14,2009,35.36653
4662,3,14,2010,35.34892
4662,3,14,2011,35.86452
4662,3,14,2012,36.06607
4662,3,14,2013,35.82809
4662,3,14,2014,35.59315
4662,3,14,2015,35.3767
4662,3,14,2016,35.37482
4662,3,14,2017,35.70329
4662,3,14,2018,35.53452
4662,3,14,2019,36.42461
4663,1,14,1950,24.31015
4663,1,14,1951,24.43668
4663,1,14,1952,24.98129
4663,1,14,1953,25.44525
4663,1,14,1954,26.58888
4663,1,14,1955,26.98336
4663,1,14,1956,27.07283
4663,1,14,1957,27.00129
4663,1,14,1958,27.20855
4663,1,14,1959,27.28832
4663,1,14,1960,27.70869
4663,1,14,1961,28.15621
4663,1,14,1962,28.74038
4663,1,14,1963,28.0559
4663,1,14,1964,28.43019
4663,1,14,1965,28.42234
4663,1,14,1966,28.78139
4663,1,14,1967,28.74763
4663,1,14,1968,28.66282
4663,1,14,1969,28.48249
4663,1,14,1970,28.13155
4663,1,14,1971,29.07756
4663,1,14,1972,28.93381
4663,1,14,1973,28.89549
4663,1,14,1974,28.96378
4663,1,14,1975,29.04691
4663,1,14,1976,28.94005
4663,1,14,1977,28.7352
4663,1,14,1978,28.91079
4663,1,14,1979,28.16227
4663,1,14,1980,28.09291
4663,1,14,1981,28.71447
4663,1,14,1982,28.76761
4663,1,14,1983,28.7953
4663,1,14,1984,29.65271
4663,1,14,1985,29.44143
4663,1,14,1986,29.52133
4663,1,14,1987,29.79879
4663,1,14,1988,29.85545
4663,1,14,1989,30.63414
4663,1,14,1990,30.60554
4663,1,14,1991,30.78602
4663,1,14,1992,30.88408
4663,1,14,1993,30.9519
4663,1,14,1994,31.27917
4663,1,14,1995,31.20646
4663,1,14,1996,31.4818
4663,1,14,1997,31.60222
4663,1,14,1998,31.30223
4663,1,14,1999,31.63686
4663,1,14,2000,31.96873
4663,1,14,2001,32.26359
4663,1,14,2002,32.2194
4663,1,14,2003,32.25659
4663,1,14,2004,32.54745
4663,1,14,2005,32.36719
4663,1,14,2006,33.01332
4663,1,14,2007,33.14235
4663,1,14,2008,32.64497
4663,1,14,2009,32.48659
4663,1,14,2010,33.16618
4663,1,14,2011,33.26511
4663,1,14,2012,33.21757
4663,1,14,2013,32.68484
4663,1,14,2014,32.50894
4663,1,14,2015,32.6684
4663,1,14,2016,32.38121
4663,1,14,2017,32.44392
4663,1,14,2018,32.26193
4663,1,14,2019,33.79117
4663,2,14,1950,26.18984
4663,2,14,1951,26.10568
4663,2,14,1952,26.80329
4663,2,14,1953,26.71909
4663,2,14,1954,28.0633
4663,2,14,1955,28.25246
4663,2,14,1956,28.60598
4663,2,14,1957,28.48725
4663,2,14,1958,28.84629
4663,2,14,1959,29.12344
4663,2,14,1960,29.33484
4663,2,14,1961,29.85367
4663,2,14,1962,30.26358
4663,2,14,1963,29.55441
4663,2,14,1964,29.98943
4663,2,14,1965,30.00181
4663,2,14,1966,30.18111
4663,2,14,1967,30.36995
4663,2,14,1968,30.17087
4663,2,14,1969,30.25086
4663,2,14,1970,30.35035
4663,2,14,1971,30.88463
4663,2,14,1972,30.95758
4663,2,14,1973,30.92173
4663,2,14,1974,31.5395
4663,2,14,1975,31.61207
4663,2,14,1976,31.84656
4663,2,14,1977,31.97869
4663,2,14,1978,31.97158
4663,2,14,1979,31.65834
4663,2,14,1980,32.06403
4663,2,14,1981,31.89503
4663,2,14,1982,32.36976
4663,2,14,1983,32.01239
4663,2,14,1984,32.13457
4663,2,14,1985,32.0471
4663,2,14,1986,32.1245
4663,2,14,1987,32.27568
4663,2,14,1988,32.73006
4663,2,14,1989,33.15885
4663,2,14,1990,33.39878
4663,2,14,1991,33.61008
4663,2,14,1992,33.70008
4663,2,14,1993,33.58405
4663,2,14,1994,33.64904
4663,2,14,1995,33.86225
4663,2,14,1996,33.93639
4663,2,14,1997,34.20794
4663,2,14,1998,34.38383
4663,2,14,1999,34.51795
4663,2,14,2000,35.09773
4663,2,14,2001,35.41998
4663,2,14,2002,35.34082
4663,2,14,2003,35.10982
4663,2,14,2004,35.37573
4663,2,14,2005,35.27677
4663,2,14,2006,35.66178
4663,2,14,2007,35.75502
4663,2,14,2008,35.65677
4663,2,14,2009,35.53873
4663,2,14,2010,35.7514
4663,2,14,2011,35.97706
4663,2,14,2012,35.88836
4663,2,14,2013,35.62063
4663,2,14,2014,35.68266
4663,2,14,2015,35.76113
4663,2,14,2016,35.39699
4663,2,14,2017,35.27289
4663,2,14,2018,35.45258
4663,2,14,2019,36.66604
4663,3,14,1950,24.6785
4663,3,14,1951,24.5235
4663,3,14,1952,25.08451
4663,3,14,1953,25.32218
4663,3,14,1954,26.50615
4663,3,14,1955,26.81714
4663,3,14,1956,26.97694
4663,3,14,1957,27.00426
4663,3,14,1958,27.28511
4663,3,14,1959,27.45502
4663,3,14,1960,27.78574
4663,3,14,1961,28.28631
4663,3,14,1962,28.7315
4663,3,14,1963,28.19767
4663,3,14,1964,28.55592
4663,3,14,1965,28.54442
4663,3,14,1966,28.75241
4663,3,14,1967,28.9116
4663,3,14,1968,28.79369
4663,3,14,1969,28.61154
4663,3,14,1970,28.64343
4663,3,14,1971,29.2352
4663,3,14,1972,29.36684
4663,3,14,1973,29.18427
4663,3,14,1974,29.64625
4663,3,14,1975,29.72391
4663,3,14,1976,29.88813
4663,3,14,1977,29.94329
4663,3,14,1978,30.19813
4663,3,14,1979,29.77519
4663,3,14,1980,29.96698
4663,3,14,1981,30.24315
4663,3,14,1982,30.50416
4663,3,14,1983,30.32754
4663,3,14,1984,30.82728
4663,3,14,1985,30.67325
4663,3,14,1986,30.76805
4663,3,14,1987,30.97688
4663,3,14,1988,31.233
4663,3,14,1989,31.85312
4663,3,14,1990,31.97521
4663,3,14,1991,32.17604
4663,3,14,1992,32.27908
4663,3,14,1993,32.23791
4663,3,14,1994,32.43829
4663,3,14,1995,32.50156
4663,3,14,1996,32.6835
4663,3,14,1997,32.88782
4663,3,14,1998,32.8335
4663,3,14,1999,33.07774
4663,3,14,2000,33.51671
4663,3,14,2001,33.84115
4663,3,14,2002,33.78851
4663,3,14,2003,33.67317
4663,3,14,2004,33.95167
4663,3,14,2005,33.83068
4663,3,14,2006,34.33178
4663,3,14,2007,34.45138
4663,3,14,2008,34.15092
4663,3,14,2009,34.00978
4663,3,14,2010,34.43895
4663,3,14,2011,34.59077
4663,3,14,2012,34.55559
4663,3,14,2013,34.17469
4663,3,14,2014,34.11278
4663,3,14,2015,34.23668
4663,3,14,2016,33.90457
4663,3,14,2017,33.87015
4663,3,14,2018,33.87238
4663,3,14,2019,34.8956
4664,1,14,1950,26.13038
4664,1,14,1951,26.19447
4664,1,14,1952,26.67164
4664,1,14,1953,27.0112
4664,1,14,1954,28.33675
4664,1,14,1955,28.70987
4664,1,14,1956,28.66395
4664,1,14,1957,28.46263
4664,1,14,1958,28.78183
4664,1,14,1959,28.7275
4664,1,14,1960,29.12915
4664,1,14,1961,29.61092
4664,1,14,1962,30.08862
4664,1,14,1963,29.84466
4664,1,14,1964,30.24473
4664,1,14,1965,30.09247
4664,1,14,1966,30.3321
4664,1,14,1967,30.25649
4664,1,14,1968,30.15118
4664,1,14,1969,29.91077
4664,1,14,1970,29.76153
4664,1,14,1971,30.65279
4664,1,14,1972,30.50105
4664,1,14,1973,30.42227
4664,1,14,1974,30.44502
4664,1,14,1975,30.55655
4664,1,14,1976,30.47119
4664,1,14,1977,30.44616
4664,1,14,1978,30.88477
4664,1,14,1979,30.61242
4664,1,14,1980,30.50298
4664,1,14,1981,30.57385
4664,1,14,1982,30.60329
4664,1,14,1983,30.38428
4664,1,14,1984,31.25067
4664,1,14,1985,30.79255
4664,1,14,1986,31.09361
4664,1,14,1987,31.18864
4664,1,14,1988,31.06715
4664,1,14,1989,30.48783
4664,1,14,1990,30.34534
4664,1,14,1991,30.95782
4664,1,14,1992,31.11791
4664,1,14,1993,31.49234
4664,1,14,1994,31.73854
4664,1,14,1995,31.65676
4664,1,14,1996,31.95421
4664,1,14,1997,31.86073
4664,1,14,1998,31.643
4664,1,14,1999,31.76782
4664,1,14,2000,31.82729
4664,1,14,2001,32.02793
4664,1,14,2002,32.26973
4664,1,14,2003,32.29368
4664,1,14,2004,32.85354
4664,1,14,2005,32.7419
4664,1,14,2006,32.92583
4664,1,14,2007,33.29393
4664,1,14,2008,32.79691
4664,1,14,2009,32.88194
4664,1,14,2010,33.39988
4664,1,14,2011,33.62394
4664,1,14,2012,33.47003
4664,1,14,2013,33.00442
4664,1,14,2014,33.15546
4664,1,14,2015,33.29152
4664,1,14,2016,32.99245
4664,1,14,2017,32.57576
4664,1,14,2018,32.81839
4664,1,14,2019,34.14445
4664,2,14,1950,28.38951
4664,2,14,1951,28.26212
4664,2,14,1952,28.70947
4664,2,14,1953,28.83253
4664,2,14,1954,29.95684
4664,2,14,1955,30.06325
4664,2,14,1956,30.38531
4664,2,14,1957,30.3158
4664,2,14,1958,30.84779
4664,2,14,1959,30.9325
4664,2,14,1960,31.07964
4664,2,14,1961,31.50598
4664,2,14,1962,32.12096
4664,2,14,1963,31.51189
4664,2,14,1964,31.90912
4664,2,14,1965,31.86955
4664,2,14,1966,31.97248
4664,2,14,1967,32.17716
4664,2,14,1968,32.12496
4664,2,14,1969,32.07019
4664,2,14,1970,32.14393
4664,2,14,1971,32.73293
4664,2,14,1972,32.93792
4664,2,14,1973,32.9415
4664,2,14,1974,33.51134
4664,2,14,1975,33.7011
4664,2,14,1976,34.10003
4664,2,14,1977,34.42055
4664,2,14,1978,34.59427
4664,2,14,1979,34.48945
4664,2,14,1980,33.98338
4664,2,14,1981,33.43809
4664,2,14,1982,33.55412
4664,2,14,1983,33.41497
4664,2,14,1984,33.50003
4664,2,14,1985,33.34351
4664,2,14,1986,33.63833
4664,2,14,1987,33.5655
4664,2,14,1988,33.61437
4664,2,14,1989,33.60447
4664,2,14,1990,33.87298
4664,2,14,1991,34.23351
4664,2,14,1992,34.45541
4664,2,14,1993,34.58748
4664,2,14,1994,34.47172
4664,2,14,1995,34.16351
4664,2,14,1996,34.27936
4664,2,14,1997,34.36541
4664,2,14,1998,34.51153
4664,2,14,1999,34.67717
4664,2,14,2000,35.03248
4664,2,14,2001,35.39599
4664,2,14,2002,35.47663
4664,2,14,2003,35.40313
4664,2,14,2004,35.64532
4664,2,14,2005,35.75028
4664,2,14,2006,36.06501
4664,2,14,2007,36.20217
4664,2,14,2008,35.83789
4664,2,14,2009,35.95139
4664,2,14,2010,36.21351
4664,2,14,2011,36.39231
4664,2,14,2012,36.4267
4664,2,14,2013,36.04589
4664,2,14,2014,35.96159
4664,2,14,2015,36.32586
4664,2,14,2016,36.22912
4664,2,14,2017,36.23169
4664,2,14,2018,36.39145
4664,2,14,2019,37.31544
4664,3,14,1950,26.69386
4664,3,14,1951,26.4307
4664,3,14,1952,27.05066
4664,3,14,1953,27.20511
4664,3,14,1954,28.31877
4664,3,14,1955,28.63593
4664,3,14,1956,28.66118
4664,3,14,1957,28.76343
4664,3,14,1958,29.01715
4664,3,14,1959,29.06322
4664,3,14,1960,29.33967
4664,3,14,1961,29.89279
4664,3,14,1962,30.30844
4664,3,14,1963,29.89447
4664,3,14,1964,30.28229
4664,3,14,1965,30.25893
4664,3,14,1966,30.46341
4664,3,14,1967,30.42291
4664,3,14,1968,30.31735
4664,3,14,1969,30.34086
4664,3,14,1970,30.22109
4664,3,14,1971,31.02562
4664,3,14,1972,30.94843
4664,3,14,1973,30.98371
4664,3,14,1974,31.35132
4664,3,14,1975,31.5298
4664,3,14,1976,31.63674
4664,3,14,1977,31.8349
4664,3,14,1978,32.0971
4664,3,14,1979,32.02227
4664,3,14,1980,31.78213
4664,3,14,1981,31.68241
4664,3,14,1982,31.80607
4664,3,14,1983,31.74022
4664,3,14,1984,32.24448
4664,3,14,1985,31.93656
4664,3,14,1986,32.26983
4664,3,14,1987,32.27611
4664,3,14,1988,32.23126
4664,3,14,1989,31.94546
4664,3,14,1990,32.00425
4664,3,14,1991,32.49986
4664,3,14,1992,32.67948
4664,3,14,1993,32.94528
4664,3,14,1994,32.99464
4664,3,14,1995,32.81515
4664,3,14,1996,33.03298
4664,3,14,1997,33.02736
4664,3,14,1998,32.9791
4664,3,14,1999,33.13966
4664,3,14,2000,33.34102
4664,3,14,2001,33.62725
4664,3,14,2002,33.79563
4664,3,14,2003,33.77671
4664,3,14,2004,34.17654
4664,3,14,2005,34.16484
4664,3,14,2006,34.43879
4664,3,14,2007,34.69276
4664,3,14,2008,34.2595
4664,3,14,2009,34.34812
4664,3,14,2010,34.76813
4664,3,14,2011,34.95986
4664,3,14,2012,34.89612
4664,3,14,2013,34.49115
4664,3,14,2014,34.5253
4664,3,14,2015,34.79184
4664,3,14,2016,34.58935
4664,3,14,2017,34.36968
4664,3,14,2018,34.57523
4664,3,14,2019,35.45546
4665,1,14,1950,28.90809
4665,1,14,1951,28.73422
4665,1,14,1952,29.14986
4665,1,14,1953,29.58601
4665,1,14,1954,30.53224
4665,1,14,1955,21.64673
4665,1,14,1956,30.94996
4665,1,14,1957,30.68967
4665,1,14,1958,30.78813
4665,1,14,1959,30.42509
4665,1,14,1960,30.96103
4665,1,14,1961,31.17817
4665,1,14,1962,31.66305
4665,1,14,1963,31.23721
4665,1,14,1964,31.42837
4665,1,14,1965,31.224
4665,1,14,1966,31.63322
4665,1,14,1967,31.45587
4665,1,14,1968,31.23164
4665,1,14,1969,31.23571
4665,1,14,1970,30.82505
4665,1,14,1971,31.4883
4665,1,14,1972,31.38456
4665,1,14,1973,31.19542
4665,1,14,1974,31.18538
4665,1,14,1975,31.14778
4665,1,14,1976,30.96473
4665,1,14,1977,30.79386
4665,1,14,1978,31.0256
4665,1,14,1979,30.55663
4665,1,14,1980,30.38865
4665,1,14,1981,30.74311
4665,1,14,1982,30.92953
4665,1,14,1983,32.28756
4665,1,14,1984,32.7392
4665,1,14,1985,33.51567
4665,1,14,1986,34.01046
4665,1,14,1987,33.54916
4665,1,14,1988,33.41595
4665,1,14,1989,33.11529
4665,1,14,1990,33.32519
4665,1,14,1991,33.44769
4665,1,14,1992,33.35876
4665,1,14,1993,33.46916
4665,1,14,1994,33.61131
4665,1,14,1995,33.71307
4665,1,14,1996,33.86167
4665,1,14,1997,34.05354
4665,1,14,1998,34.12989
4665,1,14,1999,33.94279
4665,1,14,2000,34.09469
4665,1,14,2001,34.23209
4665,1,14,2002,34.04074
4665,1,14,2003,33.95776
4665,1,14,2004,34.19708
4665,1,14,2005,34.26853
4665,1,14,2006,34.45971
4665,1,14,2007,34.31618
4665,1,14,2008,33.71343
4665,1,14,2009,33.48681
4665,1,14,2010,33.35015
4665,1,14,2011,33.60632
4665,1,14,2012,34.0109
4665,1,14,2013,33.58219
4665,1,14,2014,33.23814
4665,1,14,2015,32.74947
4665,1,14,2016,32.41428
4665,1,14,2017,32.5312
4665,1,14,2018,32.65066
4665,1,14,2019,33.71254
4665,2,14,1950,29.87411
4665,2,14,1951,29.69389
4665,2,14,1952,30.08125
4665,2,14,1953,30.06359
4665,2,14,1954,31.22046
4665,2,14,1955,23.298
4665,2,14,1956,31.68557
4665,2,14,1957,31.68561
4665,2,14,1958,31.91191
4665,2,14,1959,32.02687
4665,2,14,1960,32.07353
4665,2,14,1961,32.58252
4665,2,14,1962,33.15974
4665,2,14,1963,32.36511
4665,2,14,1964,32.77329
4665,2,14,1965,32.47915
4665,2,14,1966,32.54317
4665,2,14,1967,32.69041
4665,2,14,1968,32.5595
4665,2,14,1969,32.41142
4665,2,14,1970,32.4488
4665,2,14,1971,32.93422
4665,2,14,1972,32.86774
4665,2,14,1973,33.01141
4665,2,14,1974,33.56118
4665,2,14,1975,33.70371
4665,2,14,1976,33.87454
4665,2,14,1977,34.15445
4665,2,14,1978,34.45065
4665,2,14,1979,34.25816
4665,2,14,1980,34.555
4665,2,14,1981,34.98444
4665,2,14,1982,35.19728
4665,2,14,1983,35.69551
4665,2,14,1984,36.30692
4665,2,14,1985,36.76288
4665,2,14,1986,37.19708
4665,2,14,1987,36.59235
4665,2,14,1988,36.16476
4665,2,14,1989,35.87019
4665,2,14,1990,36.02535
4665,2,14,1991,36.04817
4665,2,14,1992,35.54268
4665,2,14,1993,35.15676
4665,2,14,1994,35.0239
4665,2,14,1995,34.86384
4665,2,14,1996,34.94251
4665,2,14,1997,35.05626
4665,2,14,1998,35.27073
4665,2,14,1999,35.42561
4665,2,14,2000,35.66091
4665,2,14,2001,36.01219
4665,2,14,2002,35.85951
4665,2,14,2003,35.47439
4665,2,14,2004,35.51845
4665,2,14,2005,35.72748
4665,2,14,2006,36.00656
4665,2,14,2007,35.94394
4665,2,14,2008,35.65418
4665,2,14,2009,35.47522
4665,2,14,2010,35.45181
4665,2,14,2011,35.46655
4665,2,14,2012,35.64537
4665,2,14,2013,35.25075
4665,2,14,2014,34.96117
4665,2,14,2015,34.71762
4665,2,14,2016,34.46353
4665,2,14,2017,34.68915
4665,2,14,2018,34.93638
4665,2,14,2019,35.78081
4665,3,14,1950,28.62267
4665,3,14,1951,28.61044
4665,3,14,1952,28.99328
4665,3,14,1953,29.14978
4665,3,14,1954,30.17167
4665,3,14,1955,21.97092
4665,3,14,1956,30.479
4665,3,14,1957,30.36619
4665,3,14,1958,30.50978
4665,3,14,1959,30.49482
4665,3,14,1960,30.7866
4665,3,14,1961,31.11939
4665,3,14,1962,31.5534
4665,3,14,1963,31.05882
4665,3,14,1964,31.32014
4665,3,14,1965,31.14968
4665,3,14,1966,31.33983
4665,3,14,1967,31.41121
4665,3,14,1968,31.08574
4665,3,14,1969,31.15242
4665,3,14,1970,31.00541
4665,3,14,1971,31.52442
4665,3,14,1972,31.50071
4665,3,14,1973,31.39555
4665,3,14,1974,31.68308
4665,3,14,1975,31.73474
4665,3,14,1976,31.65585
4665,3,14,1977,31.77195
4665,3,14,1978,32.11162
4665,3,14,1979,31.77398
4665,3,14,1980,31.81266
4665,3,14,1981,32.25427
4665,3,14,1982,32.48152
4665,3,14,1983,33.54603
4665,3,14,1984,34.01764
4665,3,14,1985,34.71449
4665,3,14,1986,35.18495
4665,3,14,1987,34.68863
4665,3,14,1988,34.43757
4665,3,14,1989,34.14868
4665,3,14,1990,34.36445
4665,3,14,1991,34.46327
4665,3,14,1992,34.2114
4665,3,14,1993,34.11854
4665,3,14,1994,34.14021
4665,3,14,1995,34.13223
4665,3,14,1996,34.22789
4665,3,14,1997,34.41374
4665,3,14,1998,34.59972
4665,3,14,1999,34.56572
4665,3,14,2000,34.75984
4665,3,14,2001,34.99126
4665,3,14,2002,34.8034
4665,3,14,2003,34.60224
4665,3,14,2004,34.73558
4665,3,14,2005,34.87107
4665,3,14,2006,35.1099
4665,3,14,2007,35.01382
4665,3,14,2008,34.54273
4665,3,14,2009,34.37391
4665,3,14,2010,34.28101
4665,3,14,2011,34.42794
4665,3,14,2012,34.71834
4665,3,14,2013,34.31891
4665,3,14,2014,34.00915
4665,3,14,2015,33.64086
4665,3,14,2016,33.34649
4665,3,14,2017,33.50766
4665,3,14,2018,33.65918
4665,3,14,2019,34.33032
4666,1,14,1950,28.02141
4666,1,14,1951,27.96907
4666,1,14,1952,28.52971
4666,1,14,1953,28.84565
4666,1,14,1954,30.00532
4666,1,14,1955,30.23954
4666,1,14,1956,30.33904
4666,1,14,1957,30.15718
4666,1,14,1958,30.32471
4666,1,14,1959,30.11167
4666,1,14,1960,30.63022
4666,1,14,1961,30.92121
4666,1,14,1962,31.23854
4666,1,14,1963,30.59606
4666,1,14,1964,30.7303
4666,1,14,1965,30.93622
4666,1,14,1966,31.22023
4666,1,14,1967,31.17775
4666,1,14,1968,30.94134
4666,1,14,1969,30.6923
4666,1,14,1970,30.44098
4666,1,14,1971,31.07761
4666,1,14,1972,30.97494
4666,1,14,1973,30.86698
4666,1,14,1974,30.81514
4666,1,14,1975,30.71662
4666,1,14,1976,30.52463
4666,1,14,1977,30.53291
4666,1,14,1978,30.91135
4666,1,14,1979,30.633
4666,1,14,1980,32.64162
4666,1,14,1981,32.31279
4666,1,14,1982,32.2948
4666,1,14,1983,32.44849
4666,1,14,1984,32.10101
4666,1,14,1985,31.22441
4666,1,14,1986,31.68829
4666,1,14,1987,31.8799
4666,1,14,1988,31.78675
4666,1,14,1989,32.48462
4666,1,14,1990,33.17961
4666,1,14,1991,33.74792
4666,1,14,1992,33.52174
4666,1,14,1993,33.67203
4666,1,14,1994,33.53358
4666,1,14,1995,33.60976
4666,1,14,1996,33.55294
4666,1,14,1997,33.80495
4666,1,14,1998,33.8958
4666,1,14,1999,34.38641
4666,1,14,2000,34.64135
4666,1,14,2001,35.04472
4666,1,14,2002,34.71114
4666,1,14,2003,34.44701
4666,1,14,2004,34.29963
4666,1,14,2005,34.65576
4666,1,14,2006,34.71119
4666,1,14,2007,35.39008
4666,1,14,2008,35.06725
4666,1,14,2009,34.80534
4666,1,14,2010,34.70143
4666,1,14,2011,35.20645
4666,1,14,2012,35.20209
4666,1,14,2013,34.46432
4666,1,14,2014,34.44284
4666,1,14,2015,34.91755
4666,1,14,2016,34.63087
4666,1,14,2017,33.9506
4666,1,14,2018,33.88194
4666,1,14,2019,35.22829
4666,2,14,1950,28.7814
4666,2,14,1951,28.7471
4666,2,14,1952,29.16645
4666,2,14,1953,29.21994
4666,2,14,1954,30.36077
4666,2,14,1955,30.57504
4666,2,14,1956,30.98448
4666,2,14,1957,30.77877
4666,2,14,1958,31.16113
4666,2,14,1959,31.362
4666,2,14,1960,31.49052
4666,2,14,1961,32.10128
4666,2,14,1962,32.46383
4666,2,14,1963,31.69884
4666,2,14,1964,31.95451
4666,2,14,1965,32.14422
4666,2,14,1966,32.29236
4666,2,14,1967,32.55057
4666,2,14,1968,32.29638
4666,2,14,1969,32.47505
4666,2,14,1970,32.636
4666,2,14,1971,33.09107
4666,2,14,1972,33.19995
4666,2,14,1973,33.34729
4666,2,14,1974,33.96524
4666,2,14,1975,34.12516
4666,2,14,1976,34.28899
4666,2,14,1977,34.88099
4666,2,14,1978,34.99495
4666,2,14,1979,34.71004
4666,2,14,1980,35.06711
4666,2,14,1981,34.37471
4666,2,14,1982,34.38655
4666,2,14,1983,34.01283
4666,2,14,1984,33.66939
4666,2,14,1985,33.45904
4666,2,14,1986,33.82035
4666,2,14,1987,33.87918
4666,2,14,1988,34.03091
4666,2,14,1989,34.34982
4666,2,14,1990,34.86791
4666,2,14,1991,35.33483
4666,2,14,1992,35.12215
4666,2,14,1993,35.13469
4666,2,14,1994,35.19986
4666,2,14,1995,35.01007
4666,2,14,1996,35.24277
4666,2,14,1997,35.29964
4666,2,14,1998,35.65646
4666,2,14,1999,35.99072
4666,2,14,2000,36.64378
4666,2,14,2001,36.81512
4666,2,14,2002,36.48473
4666,2,14,2003,36.29432
4666,2,14,2004,36.70527
4666,2,14,2005,36.89415
4666,2,14,2006,37.02903
4666,2,14,2007,37.09208
4666,2,14,2008,36.94025
4666,2,14,2009,36.97706
4666,2,14,2010,37.08822
4666,2,14,2011,37.44833
4666,2,14,2012,37.63281
4666,2,14,2013,37.13385
4666,2,14,2014,37.22535
4666,2,14,2015,37.63595
4666,2,14,2016,37.36347
4666,2,14,2017,37.14651
4666,2,14,2018,37.05507
4666,2,14,2019,38.00163
4666,3,14,1950,27.78113
4666,3,14,1951,27.55553
4666,3,14,1952,28.12097
4666,3,14,1953,28.22141
4666,3,14,1954,29.36791
4666,3,14,1955,29.53806
4666,3,14,1956,29.80169
4666,3,14,1957,29.76415
4666,3,14,1958,30.00989
4666,3,14,1959,30.07902
4666,3,14,1960,30.2983
4666,3,14,1961,30.83062
4666,3,14,1962,31.0496
4666,3,14,1963,30.3754
4666,3,14,1964,30.6904
4666,3,14,1965,30.73788
4666,3,14,1966,30.97117
4666,3,14,1967,31.1503
4666,3,14,1968,31.03759
4666,3,14,1969,30.89954
4666,3,14,1970,30.78816
4666,3,14,1971,31.43428
4666,3,14,1972,31.4353
4666,3,14,1973,31.41856
4666,3,14,1974,31.83707
4666,3,14,1975,31.70321
4666,3,14,1976,31.77202
4666,3,14,1977,32.24366
4666,3,14,1978,32.59337
4666,3,14,1979,32.3684
4666,3,14,1980,33.70075
4666,3,14,1981,33.22875
4666,3,14,1982,33.22646
4666,3,14,1983,33.12214
4666,3,14,1984,32.74001
4666,3,14,1985,32.22742
4666,3,14,1986,32.64076
4666,3,14,1987,32.77195
4666,3,14,1988,32.80738
4666,3,14,1989,33.32451
4666,3,14,1990,33.93791
4666,3,14,1991,34.46812
4666,3,14,1992,34.2259
4666,3,14,1993,34.3286
4666,3,14,1994,34.297
4666,3,14,1995,34.21303
4666,3,14,1996,34.30933
4666,3,14,1997,34.4611
4666,3,14,1998,34.70025
4666,3,14,1999,35.11463
4666,3,14,2000,35.5479
4666,3,14,2001,35.83954
4666,3,14,2002,35.51967
4666,3,14,2003,35.28434
4666,3,14,2004,35.41571
4666,3,14,2005,35.69742
4666,3,14,2006,35.77534
4666,3,14,2007,36.1703
4666,3,14,2008,35.91428
4666,3,14,2009,35.79173
4666,3,14,2010,35.79601
4666,3,14,2011,36.19794
4666,3,14,2012,36.32018
4666,3,14,2013,35.71426
4666,3,14,2014,35.74925
4666,3,14,2015,36.20925
4666,3,14,2016,35.91368
4666,3,14,2017,35.49642
4666,3,14,2018,35.4047
4666,3,14,2019,36.32375
4667,1,14,1950,28.78548
4667,1,14,1951,28.79446
4667,1,14,1952,29.35007
4667,1,14,1953,29.62063
4667,1,14,1954,30.67509
4667,1,14,1955,30.97519
4667,1,14,1956,30.95281
4667,1,14,1957,30.83364
4667,1,14,1958,30.90753
4667,1,14,1959,30.83295
4667,1,14,1960,30.88879
4667,1,14,1961,31.2417
4667,1,14,1962,31.66405
4667,1,14,1963,31.08663
4667,1,14,1964,31.33514
4667,1,14,1965,31.20489
4667,1,14,1966,31.70729
4667,1,14,1967,31.65863
4667,1,14,1968,31.58407
4667,1,14,1969,31.31627
4667,1,14,1970,31.00097
4667,1,14,1971,31.83045
4667,1,14,1972,31.55777
4667,1,14,1973,31.44529
4667,1,14,1974,31.55161
4667,1,14,1975,31.67541
4667,1,14,1976,31.44924
4667,1,14,1977,31.1683
4667,1,14,1978,31.29942
4667,1,14,1979,30.56487
4667,1,14,1980,30.47902
4667,1,14,1981,31.06504
4667,1,14,1982,31.38187
4667,1,14,1983,31.01475
4667,1,14,1984,30.76054
4667,1,14,1985,31.4412
4667,1,14,1986,31.81893
4667,1,14,1987,32.25595
4667,1,14,1988,32.51444
4667,1,14,1989,32.3178
4667,1,14,1990,32.33959
4667,1,14,1991,32.85274
4667,1,14,1992,32.77585
4667,1,14,1993,32.96707
4667,1,14,1994,32.52338
4667,1,14,1995,32.49863
4667,1,14,1996,32.46939
4667,1,14,1997,32.78749
4667,1,14,1998,32.68474
4667,1,14,1999,33.10257
4667,1,14,2000,33.55628
4667,1,14,2001,33.93803
4667,1,14,2002,33.72219
4667,1,14,2003,33.64132
4667,1,14,2004,33.84867
4667,1,14,2005,33.99646
4667,1,14,2006,33.82932
4667,1,14,2007,34.32207
4667,1,14,2008,33.47554
4667,1,14,2009,33.41981
4667,1,14,2010,32.85893
4667,1,14,2011,33.59805
4667,1,14,2012,34.79904
4667,1,14,2013,34.44641
4667,1,14,2014,34.85247
4667,1,14,2015,35.2761
4667,1,14,2016,34.3516
4667,1,14,2017,33.3976
4667,1,14,2018,33.19265
4667,1,14,2019,34.86989
4667,2,14,1950,30.16166
4667,2,14,1951,29.98205
4667,2,14,1952,30.39589
4667,2,14,1953,30.42655
4667,2,14,1954,31.47606
4667,2,14,1955,31.78744
4667,2,14,1956,31.97345
4667,2,14,1957,32.03252
4667,2,14,1958,32.24217
4667,2,14,1959,32.29352
4667,2,14,1960,32.54937
4667,2,14,1961,33.02301
4667,2,14,1962,33.33424
4667,2,14,1963,32.57403
4667,2,14,1964,33.0258
4667,2,14,1965,33.04991
4667,2,14,1966,33.09656
4667,2,14,1967,33.36029
4667,2,14,1968,33.23058
4667,2,14,1969,33.20389
4667,2,14,1970,33.28509
4667,2,14,1971,33.82971
4667,2,14,1972,33.99399
4667,2,14,1973,34.05583
4667,2,14,1974,34.74054
4667,2,14,1975,34.81473
4667,2,14,1976,35.01485
4667,2,14,1977,35.10557
4667,2,14,1978,35.10055
4667,2,14,1979,34.51236
4667,2,14,1980,34.04952
4667,2,14,1981,33.73462
4667,2,14,1982,33.97335
4667,2,14,1983,33.73563
4667,2,14,1984,33.81823
4667,2,14,1985,34.3205
4667,2,14,1986,35.17517
4667,2,14,1987,35.40722
4667,2,14,1988,35.60776
4667,2,14,1989,34.92951
4667,2,14,1990,35.22324
4667,2,14,1991,35.76419
4667,2,14,1992,36.0069
4667,2,14,1993,35.61301
4667,2,14,1994,35.60472
4667,2,14,1995,35.39799
4667,2,14,1996,35.51162
4667,2,14,1997,35.73394
4667,2,14,1998,35.84857
4667,2,14,1999,36.13679
4667,2,14,2000,36.55629
4667,2,14,2001,36.69482
4667,2,14,2002,36.57498
4667,2,14,2003,36.41114
4667,2,14,2004,36.66476
4667,2,14,2005,36.88337
4667,2,14,2006,37.21396
4667,2,14,2007,37.81447
4667,2,14,2008,37.5083
4667,2,14,2009,37.67114
4667,2,14,2010,37.63256
4667,2,14,2011,37.87369
4667,2,14,2012,38.43744
4667,2,14,2013,38.17663
4667,2,14,2014,38.11601
4667,2,14,2015,38.16607
4667,2,14,2016,38.17123
4667,2,14,2017,38.49396
4667,2,14,2018,38.81175
4667,2,14,2019,39.99563
4667,3,14,1950,28.78555
4667,3,14,1951,28.66677
4667,3,14,1952,29.15831
4667,3,14,1953,29.19575
4667,3,14,1954,30.22127
4667,3,14,1955,30.42849
4667,3,14,1956,30.74341
4667,3,14,1957,30.60817
4667,3,14,1958,30.78212
4667,3,14,1959,30.78101
4667,3,14,1960,31.00585
4667,3,14,1961,31.44016
4667,3,14,1962,31.68999
4667,3,14,1963,31.11285
4667,3,14,1964,31.51745
4667,3,14,1965,31.44898
4667,3,14,1966,31.72225
4667,3,14,1967,31.82811
4667,3,14,1968,31.76807
4667,3,14,1969,31.49237
4667,3,14,1970,31.44015
4667,3,14,1971,32.12096
4667,3,14,1972,32.11677
4667,3,14,1973,32.12197
4667,3,14,1974,32.37067
4667,3,14,1975,32.63118
4667,3,14,1976,32.6536
4667,3,14,1977,32.59653
4667,3,14,1978,32.81497
4667,3,14,1979,32.25084
4667,3,14,1980,32.03639
4667,3,14,1981,32.23674
4667,3,14,1982,32.50953
4667,3,14,1983,32.19487
4667,3,14,1984,32.09453
4667,3,14,1985,32.68767
4667,3,14,1986,33.28543
4667,3,14,1987,33.62928
4667,3,14,1988,33.86374
4667,3,14,1989,33.45935
4667,3,14,1990,33.62243
4667,3,14,1991,34.12766
4667,3,14,1992,34.19778
4667,3,14,1993,34.12886
4667,3,14,1994,33.86797
4667,3,14,1995,33.77962
4667,3,14,1996,33.80852
4667,3,14,1997,34.07709
4667,3,14,1998,34.08554
4667,3,14,1999,34.4573
4667,3,14,2000,34.87354
4667,3,14,2001,35.12613
4667,3,14,2002,34.9463
4667,3,14,2003,34.84587
4667,3,14,2004,35.09424
4667,3,14,2005,35.29103
4667,3,14,2006,35.35551
4667,3,14,2007,35.91733
4667,3,14,2008,35.33101
4667,3,14,2009,35.36993
4667,3,14,2010,35.07424
4667,3,14,2011,35.5774
4667,3,14,2012,36.50059
4667,3,14,2013,36.19259
4667,3,14,2014,36.35503
4667,3,14,2015,36.6141
4667,3,14,2016,36.13598
4667,3,14,2017,35.76864
4667,3,14,2018,35.76751
4667,3,14,2019,36.91065
4668,1,14,1950,28.30506
4668,1,14,1951,28.3859
4668,1,14,1952,28.71776
4668,1,14,1953,29.0325
4668,1,14,1954,30.00871
4668,1,14,1955,30.19709
4668,1,14,1956,30.13524
4668,1,14,1957,29.94546
4668,1,14,1958,30.115
4668,1,14,1959,29.98609
4668,1,14,1960,30.24242
4668,1,14,1961,30.54956
4668,1,14,1962,30.8805
4668,1,14,1963,30.4792
4668,1,14,1964,30.70506
4668,1,14,1965,30.4749
4668,1,14,1966,30.59074
4668,1,14,1967,30.56243
4668,1,14,1968,30.39554
4668,1,14,1969,30.29861
4668,1,14,1970,29.98387
4668,1,14,1971,30.83283
4668,1,14,1972,30.8057
4668,1,14,1973,30.65645
4668,1,14,1974,30.64375
4668,1,14,1975,30.67625
4668,1,14,1976,30.62077
4668,1,14,1977,30.61813
4668,1,14,1978,30.94682
4668,1,14,1979,30.52172
4668,1,14,1980,30.62543
4668,1,14,1981,30.55639
4668,1,14,1982,30.36531
4668,1,14,1983,30.14114
4668,1,14,1984,29.65063
4668,1,14,1985,29.71167
4668,1,14,1986,29.68625
4668,1,14,1987,29.52753
4668,1,14,1988,29.34482
4668,1,14,1989,29.47931
4668,1,14,1990,29.75649
4668,1,14,1991,29.94618
4668,1,14,1992,29.8722
4668,1,14,1993,29.83107
4668,1,14,1994,29.81152
4668,1,14,1995,29.71481
4668,1,14,1996,29.8887
4668,1,14,1997,29.82646
4668,1,14,1998,30.28182
4668,1,14,1999,30.55815
4668,1,14,2000,30.98038
4668,1,14,2001,31.13371
4668,1,14,2002,31.06074
4668,1,14,2003,30.92939
4668,1,14,2004,31.16983
4668,1,14,2005,31.17711
4668,1,14,2006,31.34818
4668,1,14,2007,31.71516
4668,1,14,2008,31.45385
4668,1,14,2009,31.41159
4668,1,14,2010,31.44397
4668,1,14,2011,31.71775
4668,1,14,2012,31.87133
4668,1,14,2013,31.51661
4668,1,14,2014,31.37816
4668,1,14,2015,31.56042
4668,1,14,2016,31.6438
4668,1,14,2017,32.01125
4668,1,14,2018,31.75754
4668,1,14,2019,33.18469
4668,2,14,1950,28.9227
4668,2,14,1951,28.92124
4668,2,14,1952,29.39209
4668,2,14,1953,29.19788
4668,2,14,1954,30.31804
4668,2,14,1955,30.41518
4668,2,14,1956,30.79852
4668,2,14,1957,30.6081
4668,2,14,1958,30.80067
4668,2,14,1959,30.86343
4668,2,14,1960,31.04517
4668,2,14,1961,31.58801
4668,2,14,1962,31.92071
4668,2,14,1963,31.27853
4668,2,14,1964,31.71565
4668,2,14,1965,31.55371
4668,2,14,1966,31.59325
4668,2,14,1967,31.74203
4668,2,14,1968,31.54192
4668,2,14,1969,31.6933
4668,2,14,1970,31.70006
4668,2,14,1971,32.35118
4668,2,14,1972,32.37288
4668,2,14,1973,32.38726
4668,2,14,1974,33.00955
4668,2,14,1975,33.09167
4668,2,14,1976,33.29192
4668,2,14,1977,33.57981
4668,2,14,1978,33.70902
4668,2,14,1979,33.42532
4668,2,14,1980,33.19023
4668,2,14,1981,32.50328
4668,2,14,1982,32.26487
4668,2,14,1983,32.13708
4668,2,14,1984,31.86836
4668,2,14,1985,32.18013
4668,2,14,1986,32.21696
4668,2,14,1987,32.26056
4668,2,14,1988,32.57625
4668,2,14,1989,32.62876
4668,2,14,1990,32.91558
4668,2,14,1991,32.96527
4668,2,14,1992,32.94969
4668,2,14,1993,32.84326
4668,2,14,1994,33.03643
4668,2,14,1995,33.03439
4668,2,14,1996,33.14373
4668,2,14,1997,33.20435
4668,2,14,1998,33.44721
4668,2,14,1999,33.83741
4668,2,14,2000,34.25611
4668,2,14,2001,34.50059
4668,2,14,2002,34.58645
4668,2,14,2003,34.3064
4668,2,14,2004,34.46598
4668,2,14,2005,34.56245
4668,2,14,2006,35.00146
4668,2,14,2007,35.41646
4668,2,14,2008,35.23281
4668,2,14,2009,35.00509
4668,2,14,2010,35.02441
4668,2,14,2011,35.24551
4668,2,14,2012,35.49554
4668,2,14,2013,35.42241
4668,2,14,2014,35.31483
4668,2,14,2015,35.37444
4668,2,14,2016,35.5949
4668,2,14,2017,35.99786
4668,2,14,2018,35.93547
4668,2,14,2019,36.93231
4668,3,14,1950,27.96427
4668,3,14,1951,27.98174
4668,3,14,1952,28.34808
4668,3,14,1953,28.42417
4668,3,14,1954,29.3637
4668,3,14,1955,29.44137
4668,3,14,1956,29.62195
4668,3,14,1957,29.48318
4668,3,14,1958,29.72444
4668,3,14,1959,29.83476
4668,3,14,1960,29.93684
4668,3,14,1961,30.38293
4668,3,14,1962,30.68364
4668,3,14,1963,30.06978
4668,3,14,1964,30.42037
4668,3,14,1965,30.39701
4668,3,14,1966,30.40401
4668,3,14,1967,30.43522
4668,3,14,1968,30.20204
4668,3,14,1969,30.27233
4668,3,14,1970,30.08637
4668,3,14,1971,30.81191
4668,3,14,1972,30.8061
4668,3,14,1973,30.79867
4668,3,14,1974,31.06281
4668,3,14,1975,31.01848
4668,3,14,1976,31.09072
4668,3,14,1977,31.32142
4668,3,14,1978,31.58482
4668,3,14,1979,31.3117
4668,3,14,1980,31.37698
4668,3,14,1981,31.0606
4668,3,14,1982,30.93627
4668,3,14,1983,30.85691
4668,3,14,1984,30.58089
4668,3,14,1985,30.77559
4668,3,14,1986,30.79387
4668,3,14,1987,30.7266
4668,3,14,1988,30.77887
4668,3,14,1989,30.85646
4668,3,14,1990,31.15456
4668,3,14,1991,31.27912
4668,3,14,1992,31.23798
4668,3,14,1993,31.16602
4668,3,14,1994,31.22952
4668,3,14,1995,31.17826
4668,3,14,1996,31.33311
4668,3,14,1997,31.34047
4668,3,14,1998,31.70787
4668,3,14,1999,32.04633
4668,3,14,2000,32.45633
4668,3,14,2001,32.66494
4668,3,14,2002,32.64175
4668,3,14,2003,32.47551
4668,3,14,2004,32.67368
4668,3,14,2005,32.71377
4668,3,14,2006,33.02547
4668,3,14,2007,33.42279
4668,3,14,2008,33.2001
4668,3,14,2009,33.08816
4668,3,14,2010,33.10357
4668,3,14,2011,33.35119
4668,3,14,2012,33.56997
4668,3,14,2013,33.34495
4668,3,14,2014,33.20983
4668,3,14,2015,33.34928
4668,3,14,2016,33.48383
4668,3,14,2017,33.87478
4668,3,14,2018,33.70588
4668,3,14,2019,34.65363
4669,1,14,1950,27.6823
4669,1,14,1951,27.71313
4669,1,14,1952,28.00999
4669,1,14,1953,28.50433
4669,1,14,1954,29.68254
4669,1,14,1955,29.82422
4669,1,14,1956,29.8201
4669,1,14,1957,29.61671
4669,1,14,1958,29.81301
4669,1,14,1959,29.7741
4669,1,14,1960,30.06712
4669,1,14,1961,30.36112
4669,1,14,1962,30.71662
4669,1,14,1963,30.18004
4669,1,14,1964,30.46831
4669,1,14,1965,30.38292
4669,1,14,1966,30.67343
4669,1,14,1967,30.50535
4669,1,14,1968,30.37442
4669,1,14,1969,30.11146
4669,1,14,1970,29.91195
4669,1,14,1971,30.80026
4669,1,14,1972,30.51207
4669,1,14,1973,30.41567
4669,1,14,1974,30.40035
4669,1,14,1975,30.15652
4669,1,14,1976,29.87546
4669,1,14,1977,29.49269
4669,1,14,1978,29.62121
4669,1,14,1979,28.81891
4669,1,14,1980,28.80702
4669,1,14,1981,29.4999
4669,1,14,1982,30.62936
4669,1,14,1983,32.35894
4669,1,14,1984,32.34252
4669,1,14,1985,32.58352
4669,1,14,1986,32.99847
4669,1,14,1987,32.97214
4669,1,14,1988,32.41942
4669,1,14,1989,32.70696
4669,1,14,1990,32.68845
4669,1,14,1991,32.62734
4669,1,14,1992,33.1371
4669,1,14,1993,33.00299
4669,1,14,1994,32.66459
4669,1,14,1995,32.69642
4669,1,14,1996,33.04662
4669,1,14,1997,32.89289
4669,1,14,1998,32.52728
4669,1,14,1999,33.24683
4669,1,14,2000,33.70276
4669,1,14,2001,33.79827
4669,1,14,2002,33.63814
4669,1,14,2003,33.38791
4669,1,14,2004,33.55273
4669,1,14,2005,33.40394
4669,1,14,2006,33.12048
4669,1,14,2007,33.31285
4669,1,14,2008,33.22261
4669,1,14,2009,33.40325
4669,1,14,2010,33.06744
4669,1,14,2011,33.57708
4669,1,14,2012,33.98598
4669,1,14,2013,33.30133
4669,1,14,2014,33.08555
4669,1,14,2015,32.91515
4669,1,14,2016,32.88467
4669,1,14,2017,33.28547
4669,1,14,2018,33.07456
4669,1,14,2019,34.41839
4669,2,14,1950,28.77722
4669,2,14,1951,28.63749
4669,2,14,1952,29.00998
4669,2,14,1953,28.99491
4669,2,14,1954,30.06584
4669,2,14,1955,30.24639
4669,2,14,1956,30.51299
4669,2,14,1957,30.41363
4669,2,14,1958,30.82787
4669,2,14,1959,30.85208
4669,2,14,1960,31.06843
4669,2,14,1961,31.50781
4669,2,14,1962,31.94464
4669,2,14,1963,31.26725
4669,2,14,1964,31.46757
4669,2,14,1965,31.47736
4669,2,14,1966,31.62664
4669,2,14,1967,31.87804
4669,2,14,1968,31.75962
4669,2,14,1969,31.65137
4669,2,14,1970,31.73746
4669,2,14,1971,32.26825
4669,2,14,1972,32.30279
4669,2,14,1973,32.31073
4669,2,14,1974,32.86936
4669,2,14,1975,32.86803
4669,2,14,1976,32.88923
4669,2,14,1977,32.99906
4669,2,14,1978,33.1652
4669,2,14,1979,32.74531
4669,2,14,1980,32.15617
4669,2,14,1981,32.1982
4669,2,14,1982,33.00744
4669,2,14,1983,33.27499
4669,2,14,1984,33.16369
4669,2,14,1985,33.24225
4669,2,14,1986,33.51699
4669,2,14,1987,33.78221
4669,2,14,1988,33.70803
4669,2,14,1989,33.70161
4669,2,14,1990,33.90812
4669,2,14,1991,34.16979
4669,2,14,1992,34.37433
4669,2,14,1993,33.88529
4669,2,14,1994,33.71544
4669,2,14,1995,33.99129
4669,2,14,1996,34.18589
4669,2,14,1997,34.22351
4669,2,14,1998,34.18201
4669,2,14,1999,34.6895
4669,2,14,2000,35.14891
4669,2,14,2001,35.04745
4669,2,14,2002,35.12287
4669,2,14,2003,35.29323
4669,2,14,2004,35.67241
4669,2,14,2005,35.35974
4669,2,14,2006,35.52012
4669,2,14,2007,35.84136
4669,2,14,2008,35.44927
4669,2,14,2009,35.43473
4669,2,14,2010,35.32725
4669,2,14,2011,35.66933
4669,2,14,2012,35.78678
4669,2,14,2013,35.21183
4669,2,14,2014,35.20211
4669,2,14,2015,35.19587
4669,2,14,2016,35.1326
4669,2,14,2017,35.43193
4669,2,14,2018,35.38839
4669,2,14,2019,36.44692
4669,3,14,1950,27.5048
4669,3,14,1951,27.40838
4669,3,14,1952,27.84158
4669,3,14,1953,27.94566
4669,3,14,1954,28.8923
4669,3,14,1955,29.21297
4669,3,14,1956,29.395
4669,3,14,1957,29.24838
4669,3,14,1958,29.48535
4669,3,14,1959,29.57358
4669,3,14,1960,29.74444
4669,3,14,1961,30.25868
4669,3,14,1962,30.65047
4669,3,14,1963,30.00971
4669,3,14,1964,30.30165
4669,3,14,1965,30.29144
4669,3,14,1966,30.38009
4669,3,14,1967,30.42318
4669,3,14,1968,30.25571
4669,3,14,1969,30.18842
4669,3,14,1970,30.11907
4669,3,14,1971,30.82111
4669,3,14,1972,30.70481
4669,3,14,1973,30.66612
4669,3,14,1974,30.99217
4669,3,14,1975,30.81895
4669,3,14,1976,30.72291
4669,3,14,1977,30.64255
4669,3,14,1978,30.85574
4669,3,14,1979,30.36729
4669,3,14,1980,30.18097
4669,3,14,1981,30.61491
4669,3,14,1982,31.60462
4669,3,14,1983,32.66231
4669,3,14,1984,32.5974
4669,3,14,1985,32.75312
4669,3,14,1986,33.11154
4669,3,14,1987,33.2361
4669,3,14,1988,32.91623
4669,3,14,1989,33.08361
4669,3,14,1990,33.15766
4669,3,14,1991,33.2481
4669,3,14,1992,33.63566
4669,3,14,1993,33.33225
4669,3,14,1994,33.07418
4669,3,14,1995,33.21908
4669,3,14,1996,33.52065
4669,3,14,1997,33.46269
4669,3,14,1998,33.26397
4669,3,14,1999,33.86661
4669,3,14,2000,34.34835
4669,3,14,2001,34.34407
4669,3,14,2002,34.27148
4669,3,14,2003,34.24913
4669,3,14,2004,34.51348
4669,3,14,2005,34.26894
4669,3,14,2006,34.22021
4669,3,14,2007,34.46637
4669,3,14,2008,34.25268
4669,3,14,2009,34.33321
4669,3,14,2010,34.08764
4669,3,14,2011,34.52617
4669,3,14,2012,34.79846
4669,3,14,2013,34.16461
4669,3,14,2014,34.05685
4669,3,14,2015,33.97844
4669,3,14,2016,33.91039
4669,3,14,2017,34.27369
4669,3,14,2018,34.15609
4669,3,14,2019,35.0354
4670,1,14,1950,28.3702
4670,1,14,1951,28.37983
4670,1,14,1952,28.82909
4670,1,14,1953,29.11715
4670,1,14,1954,30.25468
4670,1,14,1955,30.16797
4670,1,14,1956,30.44799
4670,1,14,1957,30.39732
4670,1,14,1958,30.38487
4670,1,14,1959,30.26192
4670,1,14,1960,30.58966
4670,1,14,1961,30.9167
4670,1,14,1962,31.19257
4670,1,14,1963,30.67411
4670,1,14,1964,30.98411
4670,1,14,1965,30.97828
4670,1,14,1966,31.22109
4670,1,14,1967,31.11929
4670,1,14,1968,31.19994
4670,1,14,1969,30.92496
4670,1,14,1970,30.65022
4670,1,14,1971,31.51818
4670,1,14,1972,31.29265
4670,1,14,1973,31.24919
4670,1,14,1974,31.41527
4670,1,14,1975,31.34045
4670,1,14,1976,31.15778
4670,1,14,1977,30.87367
4670,1,14,1978,30.88738
4670,1,14,1979,29.97583
4670,1,14,1980,29.41618
4670,1,14,1981,29.97631
4670,1,14,1982,29.88037
4670,1,14,1983,29.81839
4670,1,14,1984,30.64336
4670,1,14,1985,30.39524
4670,1,14,1986,30.55492
4670,1,14,1987,30.55632
4670,1,14,1988,30.31738
4670,1,14,1989,31.05382
4670,1,14,1990,31.27874
4670,1,14,1991,31.70758
4670,1,14,1992,31.6606
4670,1,14,1993,31.76539
4670,1,14,1994,31.98136
4670,1,14,1995,32.23632
4670,1,14,1996,32.22856
4670,1,14,1997,32.25888
4670,1,14,1998,32.49765
4670,1,14,1999,32.90807
4670,1,14,2000,33.35921
4670,1,14,2001,33.57694
4670,1,14,2002,33.59068
4670,1,14,2003,33.34188
4670,1,14,2004,33.25419
4670,1,14,2005,33.05447
4670,1,14,2006,33.14369
4670,1,14,2007,33.57824
4670,1,14,2008,33.12593
4670,1,14,2009,33.02556
4670,1,14,2010,32.25104
4670,1,14,2011,32.38094
4670,1,14,2012,31.94281
4670,1,14,2013,32.37538
4670,1,14,2014,32.57117
4670,1,14,2015,32.80756
4670,1,14,2016,32.5878
4670,1,14,2017,32.01396
4670,1,14,2018,31.91513
4670,1,14,2019,33.51038
4670,2,14,1950,29.03105
4670,2,14,1951,28.88045
4670,2,14,1952,29.23817
4670,2,14,1953,29.37179
4670,2,14,1954,30.41022
4670,2,14,1955,30.4941
4670,2,14,1956,30.96592
4670,2,14,1957,30.81934
4670,2,14,1958,31.18758
4670,2,14,1959,31.22524
4670,2,14,1960,31.42797
4670,2,14,1961,31.79976
4670,2,14,1962,32.29239
4670,2,14,1963,31.52929
4670,2,14,1964,31.90029
4670,2,14,1965,31.93011
4670,2,14,1966,32.01956
4670,2,14,1967,32.32028
4670,2,14,1968,32.00208
4670,2,14,1969,31.9333
4670,2,14,1970,32.06174
4670,2,14,1971,32.54598
4670,2,14,1972,32.65682
4670,2,14,1973,32.6668
4670,2,14,1974,33.25783
4670,2,14,1975,33.3392
4670,2,14,1976,33.2625
4670,2,14,1977,33.38627
4670,2,14,1978,33.51348
4670,2,14,1979,32.9562
4670,2,14,1980,32.77826
4670,2,14,1981,32.33757
4670,2,14,1982,32.48541
4670,2,14,1983,32.32717
4670,2,14,1984,32.92991
4670,2,14,1985,33.13694
4670,2,14,1986,33.06616
4670,2,14,1987,33.30245
4670,2,14,1988,33.33593
4670,2,14,1989,33.59948
4670,2,14,1990,33.89823
4670,2,14,1991,34.20041
4670,2,14,1992,34.52538
4670,2,14,1993,34.62941
4670,2,14,1994,34.79402
4670,2,14,1995,34.70504
4670,2,14,1996,34.63419
4670,2,14,1997,34.93463
4670,2,14,1998,35.41056
4670,2,14,1999,35.44866
4670,2,14,2000,35.66941
4670,2,14,2001,36.04816
4670,2,14,2002,36.21351
4670,2,14,2003,36.17474
4670,2,14,2004,36.26986
4670,2,14,2005,36.19899
4670,2,14,2006,36.52052
4670,2,14,2007,36.65485
4670,2,14,2008,36.44142
4670,2,14,2009,36.17818
4670,2,14,2010,36.75523
4670,2,14,2011,37.13082
4670,2,14,2012,37.06545
4670,2,14,2013,36.50947
4670,2,14,2014,36.26482
4670,2,14,2015,36.48464
4670,2,14,2016,36.4862
4670,2,14,2017,36.90236
4670,2,14,2018,37.01935
4670,2,14,2019,38.27455
4670,3,14,1950,27.79344
4670,3,14,1951,27.80449
4670,3,14,1952,28.31171
4670,3,14,1953,28.41466
4670,3,14,1954,29.50621
4670,3,14,1955,29.39598
4670,3,14,1956,29.88801
4670,3,14,1957,29.67388
4670,3,14,1958,30.09621
4670,3,14,1959,30.07213
4670,3,14,1960,30.30269
4670,3,14,1961,30.6423
4670,3,14,1962,31.07034
4670,3,14,1963,30.36333
4670,3,14,1964,30.80733
4670,3,14,1965,30.71055
4670,3,14,1966,30.86503
4670,3,14,1967,31.00782
4670,3,14,1968,30.9244
4670,3,14,1969,30.80615
4670,3,14,1970,30.66245
4670,3,14,1971,31.38231
4670,3,14,1972,31.38735
4670,3,14,1973,31.45215
4670,3,14,1974,31.76049
4670,3,14,1975,31.77883
4670,3,14,1976,31.65931
4670,3,14,1977,31.7728
4670,3,14,1978,31.89543
4670,3,14,1979,31.27599
4670,3,14,1980,30.93209
4670,3,14,1981,31.05303
4670,3,14,1982,31.08026
4670,3,14,1983,30.96681
4670,3,14,1984,31.67638
4670,3,14,1985,31.65354
4670,3,14,1986,31.72211
4670,3,14,1987,31.8212
4670,3,14,1988,31.72264
4670,3,14,1989,32.23767
4670,3,14,1990,32.50185
4670,3,14,1991,32.86034
4670,3,14,1992,33.00342
4670,3,14,1993,33.10837
4670,3,14,1994,33.29679
4670,3,14,1995,33.39707
4670,3,14,1996,33.36066
4670,3,14,1997,33.50483
4670,3,14,1998,33.8722
4670,3,14,1999,34.09143
4670,3,14,2000,34.40166
4670,3,14,2001,34.72526
4670,3,14,2002,34.83546
4670,3,14,2003,34.69656
4670,3,14,2004,34.68226
4670,3,14,2005,34.52344
4670,3,14,2006,34.742
4670,3,14,2007,35.05261
4670,3,14,2008,34.69319
4670,3,14,2009,34.53183
4670,3,14,2010,34.39015
4670,3,14,2011,34.63258
4670,3,14,2012,34.35913
4670,3,14,2013,34.37216
4670,3,14,2014,34.3452
4670,3,14,2015,34.57477
4670,3,14,2016,34.4562
4670,3,14,2017,34.34918
4670,3,14,2018,34.32234
4670,3,14,2019,35.42628
4671,1,14,1950,27.24182
4671,1,14,1951,27.18942
4671,1,14,1952,27.77117
4671,1,14,1953,28.17004
4671,1,14,1954,29.3866
4671,1,14,1955,29.60448
4671,1,14,1956,29.63035
4671,1,14,1957,29.50427
4671,1,14,1958,29.87013
4671,1,14,1959,29.74725
4671,1,14,1960,30.10322
4671,1,14,1961,30.64196
4671,1,14,1962,30.83324
4671,1,14,1963,30.23434
4671,1,14,1964,30.28851
4671,1,14,1965,30.70638
4671,1,14,1966,31.10221
4671,1,14,1967,31.19433
4671,1,14,1968,31.16873
4671,1,14,1969,30.95262
4671,1,14,1970,30.85789
4671,1,14,1971,31.69652
4671,1,14,1972,31.60596
4671,1,14,1973,31.73182
4671,1,14,1974,31.80955
4671,1,14,1975,31.80233
4671,1,14,1976,31.85097
4671,1,14,1977,31.97914
4671,1,14,1978,32.55547
4671,1,14,1979,32.16373
4671,1,14,1980,32.21934
4671,1,14,1981,32.38431
4671,1,14,1982,32.52966
4671,1,14,1983,32.5704
4671,1,14,1984,32.6871
4671,1,14,1985,32.41529
4671,1,14,1986,32.30838
4671,1,14,1987,32.173
4671,1,14,1988,32.18099
4671,1,14,1989,32.44336
4671,1,14,1990,32.54763
4671,1,14,1991,32.42292
4671,1,14,1992,32.66999
4671,1,14,1993,32.9518
4671,1,14,1994,33.07511
4671,1,14,1995,32.90185
4671,1,14,1996,32.81813
4671,1,14,1997,32.9763
4671,1,14,1998,33.29552
4671,1,14,1999,33.49633
4671,1,14,2000,33.79816
4671,1,14,2001,33.89387
4671,1,14,2002,34.01912
4671,1,14,2003,34.19332
4671,1,14,2004,34.29405
4671,1,14,2005,34.61682
4671,1,14,2006,34.76145
4671,1,14,2007,34.58069
4671,1,14,2008,33.98971
4671,1,14,2009,34.58841
4671,1,14,2010,34.82715
4671,1,14,2011,34.93185
4671,1,14,2012,34.96813
4671,1,14,2013,34.54415
4671,1,14,2014,34.57992
4671,1,14,2015,34.39686
4671,1,14,2016,34.01966
4671,1,14,2017,33.80614
4671,1,14,2018,33.72484
4671,1,14,2019,34.80015
4671,2,14,1950,28.29925
4671,2,14,1951,28.22939
4671,2,14,1952,28.70606
4671,2,14,1953,28.72627
4671,2,14,1954,29.87962
4671,2,14,1955,30.08636
4671,2,14,1956,30.52909
4671,2,14,1957,30.39224
4671,2,14,1958,30.72508
4671,2,14,1959,30.89895
4671,2,14,1960,31.07132
4671,2,14,1961,31.62959
4671,2,14,1962,32.00351
4671,2,14,1963,31.2959
4671,2,14,1964,31.52337
4671,2,14,1965,31.72228
4671,2,14,1966,31.96216
4671,2,14,1967,32.28967
4671,2,14,1968,32.20714
4671,2,14,1969,32.24818
4671,2,14,1970,32.2679
4671,2,14,1971,32.96174
4671,2,14,1972,33.17317
4671,2,14,1973,33.29138
4671,2,14,1974,33.99817
4671,2,14,1975,34.08543
4671,2,14,1976,34.39072
4671,2,14,1977,34.85337
4671,2,14,1978,35.12692
4671,2,14,1979,34.93734
4671,2,14,1980,34.53415
4671,2,14,1981,33.90295
4671,2,14,1982,33.83993
4671,2,14,1983,33.81401
4671,2,14,1984,33.98826
4671,2,14,1985,33.99845
4671,2,14,1986,34.12123
4671,2,14,1987,34.03109
4671,2,14,1988,33.85345
4671,2,14,1989,33.91994
4671,2,14,1990,34.22527
4671,2,14,1991,34.3523
4671,2,14,1992,34.52188
4671,2,14,1993,34.70716
4671,2,14,1994,34.84374
4671,2,14,1995,34.74272
4671,2,14,1996,34.83314
4671,2,14,1997,34.88697
4671,2,14,1998,35.18087
4671,2,14,1999,35.4365
4671,2,14,2000,35.65732
4671,2,14,2001,35.75322
4671,2,14,2002,35.83353
4671,2,14,2003,35.93402
4671,2,14,2004,36.06465
4671,2,14,2005,36.14031
4671,2,14,2006,36.25237
4671,2,14,2007,36.47697
4671,2,14,2008,36.40457
4671,2,14,2009,36.25324
4671,2,14,2010,36.39769
4671,2,14,2011,36.52564
4671,2,14,2012,36.77158
4671,2,14,2013,36.67288
4671,2,14,2014,36.73813
4671,2,14,2015,36.81515
4671,2,14,2016,36.8245
4671,2,14,2017,36.91169
4671,2,14,2018,36.86554
4671,2,14,2019,37.65098
4671,3,14,1950,27.09774
4671,3,14,1951,26.93889
4671,3,14,1952,27.47865
4671,3,14,1953,27.64166
4671,3,14,1954,28.71495
4671,3,14,1955,29.04245
4671,3,14,1956,29.19026
4671,3,14,1957,29.19317
4671,3,14,1958,29.50631
4671,3,14,1959,29.70909
4671,3,14,1960,29.82643
4671,3,14,1961,30.50565
4671,3,14,1962,30.72593
4671,3,14,1963,30.15211
4671,3,14,1964,30.21767
4671,3,14,1965,30.51117
4671,3,14,1966,30.91231
4671,3,14,1967,30.91968
4671,3,14,1968,30.9152
4671,3,14,1969,30.92668
4671,3,14,1970,31.00585
4671,3,14,1971,31.66883
4671,3,14,1972,31.74192
4671,3,14,1973,31.93121
4671,3,14,1974,32.35761
4671,3,14,1975,32.30638
4671,3,14,1976,32.60185
4671,3,14,1977,32.75679
4671,3,14,1978,33.24714
4671,3,14,1979,32.93436
4671,3,14,1980,32.92127
4671,3,14,1981,32.72604
4671,3,14,1982,32.82365
4671,3,14,1983,32.86941
4671,3,14,1984,33.07874
4671,3,14,1985,33.02701
4671,3,14,1986,33.07016
4671,3,14,1987,32.99074
4671,3,14,1988,32.91102
4671,3,14,1989,33.0889
4671,3,14,1990,33.29643
4671,3,14,1991,33.29205
4671,3,14,1992,33.52729
4671,3,14,1993,33.75558
4671,3,14,1994,33.88052
4671,3,14,1995,33.74554
4671,3,14,1996,33.73696
4671,3,14,1997,33.84371
4671,3,14,1998,34.16744
4671,3,14,1999,34.39767
4671,3,14,2000,34.64666
4671,3,14,2001,34.74226
4671,3,14,2002,34.8373
4671,3,14,2003,34.97915
4671,3,14,2004,35.08923
4671,3,14,2005,35.29595
4671,3,14,2006,35.41863
4671,3,14,2007,35.45413
4671,3,14,2008,35.14243
4671,3,14,2009,35.32964
4671,3,14,2010,35.51302
4671,3,14,2011,35.63556
4671,3,14,2012,35.81431
4671,3,14,2013,35.55084
4671,3,14,2014,35.58735
4671,3,14,2015,35.55559
4671,3,14,2016,35.38619
4671,3,14,2017,35.30897
4671,3,14,2018,35.22842
4671,3,14,2019,35.94692
4672,1,14,1950,27.45619
4672,1,14,1951,27.32049
4672,1,14,1952,27.99631
4672,1,14,1953,28.28092
4672,1,14,1954,29.46603
4672,1,14,1955,29.63897
4672,1,14,1956,29.8513
4672,1,14,1957,29.72186
4672,1,14,1958,29.87569
4672,1,14,1959,29.83783
4672,1,14,1960,30.08876
4672,1,14,1961,30.54084
4672,1,14,1962,30.87695
4672,1,14,1963,30.30428
4672,1,14,1964,30.53692
4672,1,14,1965,30.4838
4672,1,14,1966,30.89779
4672,1,14,1967,30.8166
4672,1,14,1968,30.59135
4672,1,14,1969,30.48979
4672,1,14,1970,30.19659
4672,1,14,1971,30.96419
4672,1,14,1972,30.96653
4672,1,14,1973,30.75806
4672,1,14,1974,30.81891
4672,1,14,1975,30.94496
4672,1,14,1976,30.78464
4672,1,14,1977,30.52672
4672,1,14,1978,30.72343
4672,1,14,1979,29.92922
4672,1,14,1980,30.27247
4672,1,14,1981,30.78877
4672,1,14,1982,30.94631
4672,1,14,1983,31.47934
4672,1,14,1984,31.52895
4672,1,14,1985,31.65382
4672,1,14,1986,31.98717
4672,1,14,1987,32.04956
4672,1,14,1988,31.08229
4672,1,14,1989,31.14718
4672,1,14,1990,32.03153
4672,1,14,1991,32.39784
4672,1,14,1992,33.08122
4672,1,14,1993,33.16378
4672,1,14,1994,33.38061
4672,1,14,1995,33.32615
4672,1,14,1996,33.39835
4672,1,14,1997,33.17088
4672,1,14,1998,33.13354
4672,1,14,1999,33.5487
4672,1,14,2000,33.66683
4672,1,14,2001,33.58483
4672,1,14,2002,33.48304
4672,1,14,2003,33.35874
4672,1,14,2004,33.70884
4672,1,14,2005,33.38465
4672,1,14,2006,33.8853
4672,1,14,2007,33.64432
4672,1,14,2008,33.30404
4672,1,14,2009,33.05695
4672,1,14,2010,33.75388
4672,1,14,2011,33.43555
4672,1,14,2012,33.07839
4672,1,14,2013,32.87301
4672,1,14,2014,32.77436
4672,1,14,2015,32.54245
4672,1,14,2016,32.3793
4672,1,14,2017,32.46025
4672,1,14,2018,32.7398
4672,1,14,2019,34.50789
4672,2,14,1950,29.32247
4672,2,14,1951,29.24009
4672,2,14,1952,29.65829
4672,2,14,1953,29.65973
4672,2,14,1954,30.93365
4672,2,14,1955,31.00651
4672,2,14,1956,31.49307
4672,2,14,1957,31.31992
4672,2,14,1958,31.75623
4672,2,14,1959,31.89892
4672,2,14,1960,32.00292
4672,2,14,1961,32.70049
4672,2,14,1962,33.01435
4672,2,14,1963,32.33983
4672,2,14,1964,32.75054
4672,2,14,1965,32.80853
4672,2,14,1966,32.92467
4672,2,14,1967,33.23761
4672,2,14,1968,32.94079
4672,2,14,1969,33.04037
4672,2,14,1970,33.09241
4672,2,14,1971,33.70652
4672,2,14,1972,33.74539
4672,2,14,1973,33.92623
4672,2,14,1974,34.6166
4672,2,14,1975,34.878
4672,2,14,1976,35.13234
4672,2,14,1977,35.26158
4672,2,14,1978,35.28577
4672,2,14,1979,34.78345
4672,2,14,1980,34.61223
4672,2,14,1981,34.29868
4672,2,14,1982,34.73635
4672,2,14,1983,34.3744
4672,2,14,1984,34.35119
4672,2,14,1985,34.22985
4672,2,14,1986,34.23182
4672,2,14,1987,34.06612
4672,2,14,1988,33.82924
4672,2,14,1989,33.94205
4672,2,14,1990,34.53332
4672,2,14,1991,35.04181
4672,2,14,1992,35.13702
4672,2,14,1993,35.19178
4672,2,14,1994,35.404
4672,2,14,1995,35.22725
4672,2,14,1996,35.11759
4672,2,14,1997,35.26533
4672,2,14,1998,35.36805
4672,2,14,1999,35.5164
4672,2,14,2000,35.99758
4672,2,14,2001,36.05012
4672,2,14,2002,35.97992
4672,2,14,2003,35.82936
4672,2,14,2004,35.72111
4672,2,14,2005,35.65761
4672,2,14,2006,35.9963
4672,2,14,2007,36.02163
4672,2,14,2008,36.00656
4672,2,14,2009,35.70113
4672,2,14,2010,35.9251
4672,2,14,2011,36.08149
4672,2,14,2012,35.87992
4672,2,14,2013,35.7282
4672,2,14,2014,35.57412
4672,2,14,2015,35.61502
4672,2,14,2016,35.38682
4672,2,14,2017,35.64744
4672,2,14,2018,35.75063
4672,2,14,2019,36.99021
4672,3,14,1950,27.7307
4672,3,14,1951,27.60801
4672,3,14,1952,28.0273
4672,3,14,1953,28.2489
4672,3,14,1954,29.31729
4672,3,14,1955,29.55561
4672,3,14,1956,29.79424
4672,3,14,1957,29.67719
4672,3,14,1958,30.1035
4672,3,14,1959,30.11077
4672,3,14,1960,30.40646
4672,3,14,1961,30.87551
4672,3,14,1962,31.19029
4672,3,14,1963,30.57237
4672,3,14,1964,30.92346
4672,3,14,1965,30.79423
4672,3,14,1966,31.32681
4672,3,14,1967,31.27416
4672,3,14,1968,31.22341
4672,3,14,1969,31.10385
4672,3,14,1970,30.96101
4672,3,14,1971,31.79989
4672,3,14,1972,31.79548
4672,3,14,1973,31.70277
4672,3,14,1974,31.98615
4672,3,14,1975,32.29637
4672,3,14,1976,32.3632
4672,3,14,1977,32.41347
4672,3,14,1978,32.63163
4672,3,14,1979,32.06534
4672,3,14,1980,32.22767
4672,3,14,1981,32.43615
4672,3,14,1982,32.7166
4672,3,14,1983,32.8491
4672,3,14,1984,32.86218
4672,3,14,1985,32.87548
4672,3,14,1986,33.03484
4672,3,14,1987,32.98957
4672,3,14,1988,32.38149
4672,3,14,1989,32.47604
4672,3,14,1990,33.21725
4672,3,14,1991,33.65552
4672,3,14,1992,34.04546
4672,3,14,1993,34.11033
4672,3,14,1994,34.33448
4672,3,14,1995,34.23179
4672,3,14,1996,34.2053
4672,3,14,1997,34.17107
4672,3,14,1998,34.2157
4672,3,14,1999,34.49204
4672,3,14,2000,34.78809
4672,3,14,2001,34.77028
4672,3,14,2002,34.68603
4672,3,14,2003,34.56688
4672,3,14,2004,34.66542
4672,3,14,2005,34.48418
4672,3,14,2006,34.89969
4672,3,14,2007,34.78698
4672,3,14,2008,34.61657
4672,3,14,2009,34.34248
4672,3,14,2010,34.80331
4672,3,14,2011,34.72818
4672,3,14,2012,34.45098
4672,3,14,2013,34.28115
4672,3,14,2014,34.1613
4672,3,14,2015,34.06056
4672,3,14,2016,33.87394
4672,3,14,2017,34.0468
4672,3,14,2018,34.22166
4672,3,14,2019,35.35149
4673,1,14,1950,30.14484
4673,1,14,1951,29.94971
4673,1,14,1952,30.44654
4673,1,14,1953,30.70504
4673,1,14,1954,31.63683
4673,1,14,1955,31.67861
4673,1,14,1956,31.81999
4673,1,14,1957,31.63709
4673,1,14,1958,31.7011
4673,1,14,1959,31.45115
4673,1,14,1960,31.72809
4673,1,14,1961,32.04017
4673,1,14,1962,32.30029
4673,1,14,1963,31.7919
4673,1,14,1964,31.87609
4673,1,14,1965,31.97907
4673,1,14,1966,32.20705
4673,1,14,1967,32.09312
4673,1,14,1968,31.92027
4673,1,14,1969,31.83281
4673,1,14,1970,31.48562
4673,1,14,1971,32.07873
4673,1,14,1972,31.8629
4673,1,14,1973,31.74386
4673,1,14,1974,31.66282
4673,1,14,1975,31.501
4673,1,14,1976,31.21674
4673,1,14,1977,31.02104
4673,1,14,1978,31.00907
4673,1,14,1979,30.30813
4673,1,14,1980,30.82984
4673,1,14,1981,31.0445
4673,1,14,1982,31.49178
4673,1,14,1983,31.82088
4673,1,14,1984,31.67226
4673,1,14,1985,31.65829
4673,1,14,1986,31.93251
4673,1,14,1987,31.45173
4673,1,14,1988,31.22865
4673,1,14,1989,31.61841
4673,1,14,1990,31.81137
4673,1,14,1991,32.32998
4673,1,14,1992,32.46738
4673,1,14,1993,32.42714
4673,1,14,1994,32.45888
4673,1,14,1995,32.44579
4673,1,14,1996,32.54264
4673,1,14,1997,32.80983
4673,1,14,1998,32.89835
4673,1,14,1999,33.34283
4673,1,14,2000,33.43002
4673,1,14,2001,33.54861
4673,1,14,2002,33.29688
4673,1,14,2003,33.39008
4673,1,14,2004,33.89322
4673,1,14,2005,33.64287
4673,1,14,2006,33.51214
4673,1,14,2007,33.51632
4673,1,14,2008,33.35253
4673,1,14,2009,33.42712
4673,1,14,2010,33.43448
4673,1,14,2011,33.57402
4673,1,14,2012,33.58841
4673,1,14,2013,32.98531
4673,1,14,2014,32.85869
4673,1,14,2015,32.58681
4673,1,14,2016,32.55546
4673,1,14,2017,33.06956
4673,1,14,2018,32.93557
4673,1,14,2019,34.09099
4673,2,14,1950,28.59066
4673,2,14,1951,28.40986
4673,2,14,1952,28.88524
4673,2,14,1953,28.83417
4673,2,14,1954,29.84232
4673,2,14,1955,29.97452
4673,2,14,1956,30.12684
4673,2,14,1957,29.98344
4673,2,14,1958,30.40297
4673,2,14,1959,30.36445
4673,2,14,1960,30.42854
4673,2,14,1961,30.92258
4673,2,14,1962,31.31696
4673,2,14,1963,30.57897
4673,2,14,1964,30.85566
4673,2,14,1965,30.88129
4673,2,14,1966,30.92719
4673,2,14,1967,31.08642
4673,2,14,1968,31.04113
4673,2,14,1969,30.92568
4673,2,14,1970,30.94239
4673,2,14,1971,31.23574
4673,2,14,1972,31.2894
4673,2,14,1973,31.30143
4673,2,14,1974,31.67166
4673,2,14,1975,31.55335
4673,2,14,1976,31.45606
4673,2,14,1977,31.56054
4673,2,14,1978,31.45724
4673,2,14,1979,31.08992
4673,2,14,1980,31.60387
4673,2,14,1981,31.46112
4673,2,14,1982,31.82044
4673,2,14,1983,31.81805
4673,2,14,1984,32.05711
4673,2,14,1985,32.23595
4673,2,14,1986,32.20292
4673,2,14,1987,32.00363
4673,2,14,1988,32.39936
4673,2,14,1989,32.75714
4673,2,14,1990,33.22607
4673,2,14,1991,33.39727
4673,2,14,1992,33.50402
4673,2,14,1993,33.59095
4673,2,14,1994,33.73936
4673,2,14,1995,33.75427
4673,2,14,1996,33.8604
4673,2,14,1997,34.01548
4673,2,14,1998,34.20409
4673,2,14,1999,34.52723
4673,2,14,2000,34.65426
4673,2,14,2001,34.86275
4673,2,14,2002,34.72424
4673,2,14,2003,34.7909
4673,2,14,2004,34.94999
4673,2,14,2005,35.00246
4673,2,14,2006,35.10935
4673,2,14,2007,35.31197
4673,2,14,2008,35.17588
4673,2,14,2009,35.3209
4673,2,14,2010,35.37527
4673,2,14,2011,35.51704
4673,2,14,2012,35.77573
4673,2,14,2013,35.36885
4673,2,14,2014,35.25721
4673,2,14,2015,34.92388
4673,2,14,2016,35.09864
4673,2,14,2017,35.64544
4673,2,14,2018,35.563
4673,2,14,2019,36.45912
4673,3,14,1950,28.70356
4673,3,14,1951,28.60348
4673,3,14,1952,28.94356
4673,3,14,1953,29.06243
4673,3,14,1954,29.97425
4673,3,14,1955,30.0456
4673,3,14,1956,30.35638
4673,3,14,1957,30.24067
4673,3,14,1958,30.31757
4673,3,14,1959,30.28417
4673,3,14,1960,30.45173
4673,3,14,1961,30.91232
4673,3,14,1962,31.21995
4673,3,14,1963,30.60928
4673,3,14,1964,30.85225
4673,3,14,1965,30.84197
4673,3,14,1966,30.96115
4673,3,14,1967,31.07941
4673,3,14,1968,30.90599
4673,3,14,1969,30.69567
4673,3,14,1970,30.58759
4673,3,14,1971,31.16619
4673,3,14,1972,31.12486
4673,3,14,1973,31.10447
4673,3,14,1974,31.21856
4673,3,14,1975,31.06074
4673,3,14,1976,30.9504
4673,3,14,1977,30.86967
4673,3,14,1978,30.94566
4673,3,14,1979,30.56843
4673,3,14,1980,31.12707
4673,3,14,1981,31.18265
4673,3,14,1982,31.58563
4673,3,14,1983,31.71548
4673,3,14,1984,31.78015
4673,3,14,1985,31.8765
4673,3,14,1986,31.99414
4673,3,14,1987,31.63993
4673,3,14,1988,31.71572
4673,3,14,1989,32.0929
4673,3,14,1990,32.43112
4673,3,14,1991,32.78151
4673,3,14,1992,32.8919
4673,3,14,1993,32.90581
4673,3,14,1994,32.98368
4673,3,14,1995,33.01419
4673,3,14,1996,33.1152
4673,3,14,1997,33.31142
4673,3,14,1998,33.45586
4673,3,14,1999,33.84881
4673,3,14,2000,33.97166
4673,3,14,2001,34.1241
4673,3,14,2002,33.92613
4673,3,14,2003,34.006
4673,3,14,2004,34.32605
4673,3,14,2005,34.25254
4673,3,14,2006,34.22373
4673,3,14,2007,34.3421
4673,3,14,2008,34.17797
4673,3,14,2009,34.28689
4673,3,14,2010,34.3329
4673,3,14,2011,34.46732
4673,3,14,2012,34.62092
4673,3,14,2013,34.10217
4673,3,14,2014,34.00847
4673,3,14,2015,33.67082
4673,3,14,2016,33.75731
4673,3,14,2017,34.29305
4673,3,14,2018,34.17253
4673,3,14,2019,34.97703
4674,1,14,1950,30.33638
4674,1,14,1951,30.23854
4674,1,14,1952,30.78105
4674,1,14,1953,31.03539
4674,1,14,1954,32.1693
4674,1,14,1955,32.48443
4674,1,14,1956,32.51475
4674,1,14,1957,32.37927
4674,1,14,1958,32.60618
4674,1,14,1959,32.25945
4674,1,14,1960,32.63784
4674,1,14,1961,32.9517
4674,1,14,1962,33.37823
4674,1,14,1963,32.71059
4674,1,14,1964,32.92165
4674,1,14,1965,32.96748
4674,1,14,1966,33.50371
4674,1,14,1967,33.48177
4674,1,14,1968,33.35471
4674,1,14,1969,32.96763
4674,1,14,1970,32.70745
4674,1,14,1971,33.53424
4674,1,14,1972,33.31326
4674,1,14,1973,33.21768
4674,1,14,1974,33.14102
4674,1,14,1975,33.4143
4674,1,14,1976,33.37025
4674,1,14,1977,33.2541
4674,1,14,1978,33.76267
4674,1,14,1979,33.04191
4674,1,14,1980,33.69275
4674,1,14,1981,33.00706
4674,1,14,1982,33.41532
4674,1,14,1983,33.94252
4674,1,14,1984,33.79285
4674,1,14,1985,34.2
4674,1,14,1986,34.54403
4674,1,14,1987,34.26761
4674,1,14,1988,34.42042
4674,1,14,1989,34.24727
4674,1,14,1990,34.25383
4674,1,14,1991,34.27502
4674,1,14,1992,34.1856
4674,1,14,1993,34.58368
4674,1,14,1994,34.65392
4674,1,14,1995,34.35779
4674,1,14,1996,34.35007
4674,1,14,1997,34.32893
4674,1,14,1998,34.12845
4674,1,14,1999,34.4997
4674,1,14,2000,34.77579
4674,1,14,2001,34.95104
4674,1,14,2002,34.77817
4674,1,14,2003,34.58396
4674,1,14,2004,34.81163
4674,1,14,2005,35.13813
4674,1,14,2006,35.50222
4674,1,14,2007,35.8507
4674,1,14,2008,35.20994
4674,1,14,2009,34.59476
4674,1,14,2010,34.4983
4674,1,14,2011,34.89624
4674,1,14,2012,35.22867
4674,1,14,2013,34.55446
4674,1,14,2014,34.6932
4674,1,14,2015,34.66516
4674,1,14,2016,34.18278
4674,1,14,2017,33.91596
4674,1,14,2018,34.30984
4674,1,14,2019,35.97608
4674,2,14,1950,30.62208
4674,2,14,1951,30.38737
4674,2,14,1952,30.69452
4674,2,14,1953,30.82275
4674,2,14,1954,31.93737
4674,2,14,1955,32.18874
4674,2,14,1956,32.67167
4674,2,14,1957,32.40645
4674,2,14,1958,32.80686
4674,2,14,1959,32.95586
4674,2,14,1960,33.01532
4674,2,14,1961,33.62012
4674,2,14,1962,34.06883
4674,2,14,1963,33.35733
4674,2,14,1964,33.70257
4674,2,14,1965,33.73612
4674,2,14,1966,33.93835
4674,2,14,1967,34.22866
4674,2,14,1968,34.0866
4674,2,14,1969,34.07752
4674,2,14,1970,34.06095
4674,2,14,1971,34.74692
4674,2,14,1972,34.87724
4674,2,14,1973,34.86974
4674,2,14,1974,35.58744
4674,2,14,1975,35.86521
4674,2,14,1976,36.25382
4674,2,14,1977,36.62525
4674,2,14,1978,36.97683
4674,2,14,1979,36.56412
4674,2,14,1980,36.40936
4674,2,14,1981,35.29557
4674,2,14,1982,34.88876
4674,2,14,1983,34.71268
4674,2,14,1984,34.75816
4674,2,14,1985,34.97382
4674,2,14,1986,35.23177
4674,2,14,1987,35.37235
4674,2,14,1988,35.34525
4674,2,14,1989,35.32671
4674,2,14,1990,35.47344
4674,2,14,1991,35.53021
4674,2,14,1992,35.50307
4674,2,14,1993,35.64168
4674,2,14,1994,35.59529
4674,2,14,1995,35.37688
4674,2,14,1996,35.4345
4674,2,14,1997,35.46258
4674,2,14,1998,35.68805
4674,2,14,1999,36.06896
4674,2,14,2000,36.49069
4674,2,14,2001,36.65319
4674,2,14,2002,36.56787
4674,2,14,2003,36.521
4674,2,14,2004,36.67091
4674,2,14,2005,36.59898
4674,2,14,2006,36.88825
4674,2,14,2007,36.90154
4674,2,14,2008,36.62839
4674,2,14,2009,36.57445
4674,2,14,2010,36.77784
4674,2,14,2011,37.09715
4674,2,14,2012,37.35293
4674,2,14,2013,36.90317
4674,2,14,2014,36.88508
4674,2,14,2015,37.07743
4674,2,14,2016,37.00476
4674,2,14,2017,37.20534
4674,2,14,2018,37.34399
4674,2,14,2019,38.29726
4674,3,14,1950,29.73018
4674,3,14,1951,29.603
4674,3,14,1952,30.1194
4674,3,14,1953,30.13421
4674,3,14,1954,31.18939
4674,3,14,1955,31.49206
4674,3,14,1956,31.86669
4674,3,14,1957,31.73355
4674,3,14,1958,31.80428
4674,3,14,1959,31.84237
4674,3,14,1960,32.19832
4674,3,14,1961,32.53457
4674,3,14,1962,32.91802
4674,3,14,1963,32.37559
4674,3,14,1964,32.69342
4674,3,14,1965,32.68846
4674,3,14,1966,32.96837
4674,3,14,1967,33.15603
4674,3,14,1968,32.93749
4674,3,14,1969,32.83878
4674,3,14,1970,32.71622
4674,3,14,1971,33.44471
4674,3,14,1972,33.46944
4674,3,14,1973,33.55847
4674,3,14,1974,33.90485
4674,3,14,1975,34.19874
4674,3,14,1976,34.29196
4674,3,14,1977,34.42618
4674,3,14,1978,34.97653
4674,3,14,1979,34.45409
4674,3,14,1980,34.81889
4674,3,14,1981,34.0179
4674,3,14,1982,34.01686
4674,3,14,1983,34.21819
4674,3,14,1984,34.15821
4674,3,14,1985,34.4658
4674,3,14,1986,34.78785
4674,3,14,1987,34.70586
4674,3,14,1988,34.76563
4674,3,14,1989,34.69375
4674,3,14,1990,34.77347
4674,3,14,1991,34.79758
4674,3,14,1992,34.7713
4674,3,14,1993,35.02046
4674,3,14,1994,35.01587
4674,3,14,1995,34.78968
4674,3,14,1996,34.80501
4674,3,14,1997,34.81709
4674,3,14,1998,34.80447
4674,3,14,1999,35.19643
4674,3,14,2000,35.51914
4674,3,14,2001,35.71542
4674,3,14,2002,35.56649
4674,3,14,2003,35.43901
4674,3,14,2004,35.653
4674,3,14,2005,35.79164
4674,3,14,2006,36.10557
4674,3,14,2007,36.27216
4674,3,14,2008,35.83863
4674,3,14,2009,35.46838
4674,3,14,2010,35.53138
4674,3,14,2011,35.87318
4674,3,14,2012,36.13062
4674,3,14,2013,35.60814
4674,3,14,2014,35.68157
4674,3,14,2015,35.77956
4674,3,14,2016,35.50451
4674,3,14,2017,35.44376
4674,3,14,2018,35.72194
4674,3,14,2019,36.72984
4709,1,14,1950,26.02634
4709,1,14,1951,26.20541
4709,1,14,1952,26.41449
4709,1,14,1953,26.76073
4709,1,14,1954,26.84949
4709,1,14,1955,27.19977
4709,1,14,1956,27.16665
4709,1,14,1957,27.36244
4709,1,14,1958,27.78178
4709,1,14,1959,27.92483
4709,1,14,1960,28.12397
4709,1,14,1961,28.52343
4709,1,14,1962,28.37561
4709,1,14,1963,28.54774
4709,1,14,1964,28.75346
4709,1,14,1965,29.00758
4709,1,14,1966,28.75233
4709,1,14,1967,29.00481
4709,1,14,1968,29.07908
4709,1,14,1969,29.45933
4709,1,14,1970,29.63584
4709,1,14,1971,29.68891
4709,1,14,1972,29.76439
4709,1,14,1973,29.8016
4709,1,14,1974,30.13175
4709,1,14,1975,30.34525
4709,1,14,1976,30.40398
4709,1,14,1977,30.56002
4709,1,14,1978,31.05966
4709,1,14,1979,30.89735
4709,1,14,1980,31.07282
4709,1,14,1981,30.98886
4709,1,14,1982,31.45662
4709,1,14,1983,31.21396
4709,1,14,1984,31.34983
4709,1,14,1985,31.26181
4709,1,14,1986,30.98969
4709,1,14,1987,30.87982
4709,1,14,1988,30.80436
4709,1,14,1989,30.84677
4709,1,14,1990,30.63962
4709,1,14,1991,30.80243
4709,1,14,1992,30.89227
4709,1,14,1993,30.88194
4709,1,14,1994,31.04243
4709,1,14,1995,31.0696
4709,1,14,1996,31.28909
4709,1,14,1997,31.05722
4709,1,14,1998,31.20559
4709,1,14,1999,31.28567
4709,1,14,2000,30.97917
4709,1,14,2001,30.69914
4709,1,14,2002,30.18101
4709,1,14,2003,30.24494
4709,1,14,2004,12.23178
4709,1,14,2005,29.92124
4709,1,14,2006,29.98941
4709,1,14,2007,29.80627
4709,1,14,2008,29.77115
4709,1,14,2009,30.02663
4709,1,14,2010,30.09523
4709,1,14,2011,30.20982
4709,1,14,2012,30.21451
4709,1,14,2013,30.60289
4709,1,14,2014,30.75738
4709,1,14,2015,30.80496
4709,1,14,2016,30.83421
4709,1,14,2017,30.97415
4709,1,14,2018,31.00445
4709,1,14,2019,31.17362
4709,2,14,1950,27.97765
4709,2,14,1951,28.00513
4709,2,14,1952,27.98422
4709,2,14,1953,28.19881
4709,2,14,1954,28.48875
4709,2,14,1955,28.40427
4709,2,14,1956,28.5705
4709,2,14,1957,28.81495
4709,2,14,1958,28.8415
4709,2,14,1959,29.15435
4709,2,14,1960,29.30187
4709,2,14,1961,29.34687
4709,2,14,1962,29.43326
4709,2,14,1963,29.63032
4709,2,14,1964,29.68366
4709,2,14,1965,29.82131
4709,2,14,1966,29.70915
4709,2,14,1967,29.94584
4709,2,14,1968,29.83316
4709,2,14,1969,30.01742
4709,2,14,1970,30.08791
4709,2,14,1971,30.1055
4709,2,14,1972,30.1525
4709,2,14,1973,30.22464
4709,2,14,1974,30.29172
4709,2,14,1975,30.39033
4709,2,14,1976,30.39722
4709,2,14,1977,30.51989
4709,2,14,1978,30.48615
4709,2,14,1979,30.54738
4709,2,14,1980,30.66953
4709,2,14,1981,30.59742
4709,2,14,1982,30.73884
4709,2,14,1983,30.77162
4709,2,14,1984,30.81263
4709,2,14,1985,30.80462
4709,2,14,1986,30.79543
4709,2,14,1987,30.77027
4709,2,14,1988,30.8369
4709,2,14,1989,30.91687
4709,2,14,1990,30.96345
4709,2,14,1991,31.03353
4709,2,14,1992,31.15794
4709,2,14,1993,31.10766
4709,2,14,1994,31.109
4709,2,14,1995,31.24276
4709,2,14,1996,31.20141
4709,2,14,1997,31.26549
4709,2,14,1998,31.26448
4709,2,14,1999,31.40796
4709,2,14,2000,31.38509
4709,2,14,2001,31.48524
4709,2,14,2002,31.46486
4709,2,14,2003,31.46582
4709,2,14,2004,16.5471
4709,2,14,2005,31.25749
4709,2,14,2006,31.3125
4709,2,14,2007,31.26359
4709,2,14,2008,31.20762
4709,2,14,2009,31.32027
4709,2,14,2010,31.16798
4709,2,14,2011,31.33932
4709,2,14,2012,31.2971
4709,2,14,2013,31.5204
4709,2,14,2014,31.81271
4709,2,14,2015,31.94671
4709,2,14,2016,32.25375
4709,2,14,2017,32.20799
4709,2,14,2018,32.61301
4709,2,14,2019,32.84453
4709,3,14,1950,26.12235
4709,3,14,1951,26.16063
4709,3,14,1952,26.37862
4709,3,14,1953,26.65491
4709,3,14,1954,26.71073
4709,3,14,1955,26.70687
4709,3,14,1956,27.0272
4709,3,14,1957,27.1649
4709,3,14,1958,27.32481
4709,3,14,1959,27.42611
4709,3,14,1960,27.79365
4709,3,14,1961,27.90229
4709,3,14,1962,27.95077
4709,3,14,1963,28.08156
4709,3,14,1964,28.2724
4709,3,14,1965,28.33112
4709,3,14,1966,28.39326
4709,3,14,1967,28.46876
4709,3,14,1968,28.57411
4709,3,14,1969,28.63839
4709,3,14,1970,28.72649
4709,3,14,1971,28.99326
4709,3,14,1972,29.04284
4709,3,14,1973,29.12762
4709,3,14,1974,29.43911
4709,3,14,1975,29.4921
4709,3,14,1976,29.56495
4709,3,14,1977,29.72944
4709,3,14,1978,29.94024
4709,3,14,1979,29.96491
4709,3,14,1980,30.04699
4709,3,14,1981,30.09214
4709,3,14,1982,30.25281
4709,3,14,1983,30.33042
4709,3,14,1984,30.39399
4709,3,14,1985,30.2798
4709,3,14,1986,30.29468
4709,3,14,1987,30.30433
4709,3,14,1988,30.17838
4709,3,14,1989,30.21125
4709,3,14,1990,30.25442
4709,3,14,1991,30.37295
4709,3,14,1992,30.525
4709,3,14,1993,30.49827
4709,3,14,1994,30.57402
4709,3,14,1995,30.6814
4709,3,14,1996,30.70834
4709,3,14,1997,30.78838
4709,3,14,1998,30.72861
4709,3,14,1999,30.87353
4709,3,14,2000,30.65995
4709,3,14,2001,30.6106
4709,3,14,2002,30.32732
4709,3,14,2003,30.29779
4709,3,14,2004,14.06917
4709,3,14,2005,30.0074
4709,3,14,2006,30.07922
4709,3,14,2007,29.86903
4709,3,14,2008,29.92217
4709,3,14,2009,29.85124
4709,3,14,2010,29.80144
4709,3,14,2011,29.86025
4709,3,14,2012,29.96042
4709,3,14,2013,30.10309
4709,3,14,2014,30.36094
4709,3,14,2015,30.47599
4709,3,14,2016,30.47476
4709,3,14,2017,30.94252
4709,3,14,2018,30.97425
4709,3,14,2019,31.21756
4710,1,14,1950,24.28076
4710,1,14,1951,24.23799
4710,1,14,1952,24.42288
4710,1,14,1953,24.53405
4710,1,14,1954,24.776
4710,1,14,1955,24.96523
4710,1,14,1956,25.36394
4710,1,14,1957,25.31936
4710,1,14,1958,25.67695
4710,1,14,1959,25.74023
4710,1,14,1960,26.25376
4710,1,14,1961,26.25057
4710,1,14,1962,26.39084
4710,1,14,1963,26.68812
4710,1,14,1964,26.85898
4710,1,14,1965,26.85416
4710,1,14,1966,27.0607
4710,1,14,1967,27.01185
4710,1,14,1968,27.35637
4710,1,14,1969,27.64487
4710,1,14,1970,27.67395
4710,1,14,1971,27.83561
4710,1,14,1972,28.09545
4710,1,14,1973,28.51519
4710,1,14,1974,28.52335
4710,1,14,1975,28.86674
4710,1,14,1976,28.76796
4710,1,14,1977,28.84873
4710,1,14,1978,29.06445
4710,1,14,1979,29.13813
4710,1,14,1980,29.26389
4710,1,14,1981,29.53211
4710,1,14,1982,29.49901
4710,1,14,1983,29.67029
4710,1,14,1984,29.55582
4710,1,14,1985,29.45156
4710,1,14,1986,29.55615
4710,1,14,1987,29.23401
4710,1,14,1988,28.94173
4710,1,14,1989,28.94204
4710,1,14,1990,28.65878
4710,1,14,1991,28.84543
4710,1,14,1992,28.79053
4710,1,14,1993,28.60701
4710,1,14,1994,28.46447
4710,1,14,1995,28.4747
4710,1,14,1996,28.47536
4710,1,14,1997,28.34406
4710,1,14,1998,28.26495
4710,1,14,1999,28.34521
4710,1,14,2000,28.48368
4710,1,14,2001,28.46217
4710,1,14,2002,28.49481
4710,1,14,2003,28.78191
4710,1,14,2004,28.57973
4710,1,14,2005,28.41965
4710,1,14,2006,28.2675
4710,1,14,2007,28.12493
4710,1,14,2008,28.31202
4710,1,14,2009,28.25166
4710,1,14,2010,28.33689
4710,1,14,2011,28.38084
4710,1,14,2012,28.66838
4710,1,14,2013,28.73607
4710,1,14,2014,28.97652
4710,1,14,2015,29.22221
4710,1,14,2016,29.30465
4710,1,14,2017,29.49039
4710,1,14,2018,29.46264
4710,1,14,2019,29.78441
4710,2,14,1950,27.48732
4710,2,14,1951,27.54037
4710,2,14,1952,27.45424
4710,2,14,1953,27.81228
4710,2,14,1954,28.02274
4710,2,14,1955,28.08096
4710,2,14,1956,28.22855
4710,2,14,1957,28.38323
4710,2,14,1958,28.50095
4710,2,14,1959,28.58975
4710,2,14,1960,28.82292
4710,2,14,1961,29.03576
4710,2,14,1962,29.03845
4710,2,14,1963,29.24067
4710,2,14,1964,29.35878
4710,2,14,1965,29.31267
4710,2,14,1966,29.56823
4710,2,14,1967,29.53205
4710,2,14,1968,29.73338
4710,2,14,1969,29.70546
4710,2,14,1970,29.93189
4710,2,14,1971,30.13242
4710,2,14,1972,30.22336
4710,2,14,1973,30.29509
4710,2,14,1974,30.3667
4710,2,14,1975,30.40324
4710,2,14,1976,30.60886
4710,2,14,1977,30.57787
4710,2,14,1978,30.51139
4710,2,14,1979,30.44373
4710,2,14,1980,30.47159
4710,2,14,1981,30.59341
4710,2,14,1982,30.57994
4710,2,14,1983,30.65514
4710,2,14,1984,30.68308
4710,2,14,1985,30.65916
4710,2,14,1986,30.60946
4710,2,14,1987,30.57875
4710,2,14,1988,30.65586
4710,2,14,1989,30.70208
4710,2,14,1990,30.83257
4710,2,14,1991,31.16263
4710,2,14,1992,31.21868
4710,2,14,1993,31.17207
4710,2,14,1994,31.20103
4710,2,14,1995,31.27432
4710,2,14,1996,31.21298
4710,2,14,1997,31.06806
4710,2,14,1998,30.95622
4710,2,14,1999,30.87233
4710,2,14,2000,30.96025
4710,2,14,2001,31.00262
4710,2,14,2002,31.06041
4710,2,14,2003,31.23766
4710,2,14,2004,31.24666
4710,2,14,2005,31.31847
4710,2,14,2006,31.39463
4710,2,14,2007,31.51011
4710,2,14,2008,31.67535
4710,2,14,2009,31.83611
4710,2,14,2010,31.91328
4710,2,14,2011,32.142
4710,2,14,2012,32.42079
4710,2,14,2013,32.48727
4710,2,14,2014,32.85269
4710,2,14,2015,33.16073
4710,2,14,2016,33.24138
4710,2,14,2017,33.67067
4710,2,14,2018,33.70545
4710,2,14,2019,33.77948
4710,3,14,1950,24.50954
4710,3,14,1951,24.54458
4710,3,14,1952,24.9786
4710,3,14,1953,24.98551
4710,3,14,1954,25.30557
4710,3,14,1955,25.27956
4710,3,14,1956,25.70563
4710,3,14,1957,25.87778
4710,3,14,1958,25.98425
4710,3,14,1959,26.08167
4710,3,14,1960,26.3362
4710,3,14,1961,26.54556
4710,3,14,1962,26.53804
4710,3,14,1963,26.74981
4710,3,14,1964,26.97192
4710,3,14,1965,27.03268
4710,3,14,1966,27.25788
4710,3,14,1967,27.34111
4710,3,14,1968,27.42957
4710,3,14,1969,27.57372
4710,3,14,1970,27.81253
4710,3,14,1971,28.00045
4710,3,14,1972,28.06306
4710,3,14,1973,28.56668
4710,3,14,1974,28.38912
4710,3,14,1975,28.62684
4710,3,14,1976,28.77438
4710,3,14,1977,28.83396
4710,3,14,1978,28.78454
4710,3,14,1979,29.03076
4710,3,14,1980,29.24166
4710,3,14,1981,29.35452
4710,3,14,1982,29.30111
4710,3,14,1983,29.46026
4710,3,14,1984,29.40728
4710,3,14,1985,29.44682
4710,3,14,1986,29.36049
4710,3,14,1987,29.26778
4710,3,14,1988,29.29438
4710,3,14,1989,29.17246
4710,3,14,1990,29.17273
4710,3,14,1991,29.30856
4710,3,14,1992,29.42164
4710,3,14,1993,29.34332
4710,3,14,1994,29.31216
4710,3,14,1995,29.29317
4710,3,14,1996,29.22267
4710,3,14,1997,29.15548
4710,3,14,1998,29.12271
4710,3,14,1999,29.07696
4710,3,14,2000,29.2315
4710,3,14,2001,29.2694
4710,3,14,2002,29.29926
4710,3,14,2003,29.39329
4710,3,14,2004,29.44198
4710,3,14,2005,29.31294
4710,3,14,2006,29.36645
4710,3,14,2007,29.35352
4710,3,14,2008,29.33912
4710,3,14,2009,29.42836
4710,3,14,2010,29.48321
4710,3,14,2011,29.57388
4710,3,14,2012,29.6505
4710,3,14,2013,30.04828
4710,3,14,2014,30.30748
4710,3,14,2015,30.43382
4710,3,14,2016,30.55641
4710,3,14,2017,30.82697
4710,3,14,2018,30.91561
4710,3,14,2019,31.13267
4711,1,14,1950,21.56441
4711,1,14,1951,21.796
4711,1,14,1952,21.97408
4711,1,14,1953,22.61107
4711,1,14,1954,22.80718
4711,1,14,1955,23.08146
4711,1,14,1956,23.42059
4711,1,14,1957,23.96021
4711,1,14,1958,24.04518
4711,1,14,1959,24.61615
4711,1,14,1960,24.9273
4711,1,14,1961,25.2779
4711,1,14,1962,25.85153
4711,1,14,1963,26.00207
4711,1,14,1964,26.19389
4711,1,14,1965,26.43093
4711,1,14,1966,26.76789
4711,1,14,1967,26.77424
4711,1,14,1968,27.35978
4711,1,14,1969,27.58467
4711,1,14,1970,27.89207
4711,1,14,1971,28.14339
4711,1,14,1972,28.27347
4711,1,14,1973,28.54353
4711,1,14,1974,28.93931
4711,1,14,1975,29.26118
4711,1,14,1976,29.53787
4711,1,14,1977,29.55936
4711,1,14,1978,29.9194
4711,1,14,1979,30.14085
4711,1,14,1980,30.21952
4711,1,14,1981,30.55202
4711,1,14,1982,30.55765
4711,1,14,1983,30.6817
4711,1,14,1984,30.83425
4711,1,14,1985,30.71728
4711,1,14,1986,30.50077
4711,1,14,1987,30.45228
4711,1,14,1988,30.15646
4711,1,14,1989,29.94074
4711,1,14,1990,29.86418
4711,1,14,1991,29.63724
4711,1,14,1992,29.42002
4711,1,14,1993,29.39336
4711,1,14,1994,29.35244
4711,1,14,1995,29.32859
4711,1,14,1996,29.45161
4711,1,14,1997,29.32867
4711,1,14,1998,29.39578
4711,1,14,1999,29.40932
4711,1,14,2000,29.25572
4711,1,14,2001,29.21086
4711,1,14,2002,29.31325
4711,1,14,2003,29.34951
4711,1,14,2004,29.08661
4711,1,14,2005,28.91523
4711,1,14,2006,28.7278
4711,1,14,2007,28.7829
4711,1,14,2008,28.9355
4711,1,14,2009,28.62424
4711,1,14,2010,28.91971
4711,1,14,2011,29.10497
4711,1,14,2012,29.14914
4711,1,14,2013,29.19607
4711,1,14,2014,29.40901
4711,1,14,2015,29.92341
4711,1,14,2016,29.91687
4711,1,14,2017,29.99093
4711,1,14,2018,30.11319
4711,1,14,2019,30.6204
4711,2,14,1950,24.9809
4711,2,14,1951,25.00799
4711,2,14,1952,25.19007
4711,2,14,1953,25.56145
4711,2,14,1954,25.67488
4711,2,14,1955,26.0612
4711,2,14,1956,26.30543
4711,2,14,1957,26.53321
4711,2,14,1958,26.81259
4711,2,14,1959,26.91315
4711,2,14,1960,27.53075
4711,2,14,1961,27.73474
4711,2,14,1962,27.78021
4711,2,14,1963,27.88097
4711,2,14,1964,28.19754
4711,2,14,1965,28.37536
4711,2,14,1966,28.52652
4711,2,14,1967,28.62709
4711,2,14,1968,28.77243
4711,2,14,1969,28.89241
4711,2,14,1970,28.95071
4711,2,14,1971,29.35526
4711,2,14,1972,29.35211
4711,2,14,1973,29.52005
4711,2,14,1974,29.77211
4711,2,14,1975,29.86214
4711,2,14,1976,29.80872
4711,2,14,1977,29.83404
4711,2,14,1978,29.98002
4711,2,14,1979,30.02899
4711,2,14,1980,30.08114
4711,2,14,1981,30.22679
4711,2,14,1982,30.39802
4711,2,14,1983,30.55641
4711,2,14,1984,30.55774
4711,2,14,1985,30.6526
4711,2,14,1986,30.66774
4711,2,14,1987,30.59695
4711,2,14,1988,30.74636
4711,2,14,1989,30.89772
4711,2,14,1990,31.06336
4711,2,14,1991,31.21555
4711,2,14,1992,31.29347
4711,2,14,1993,31.34896
4711,2,14,1994,31.44395
4711,2,14,1995,31.48843
4711,2,14,1996,31.55689
4711,2,14,1997,31.52978
4711,2,14,1998,31.61645
4711,2,14,1999,31.60276
4711,2,14,2000,31.61655
4711,2,14,2001,31.64304
4711,2,14,2002,31.67133
4711,2,14,2003,31.64049
4711,2,14,2004,31.6499
4711,2,14,2005,31.623
4711,2,14,2006,31.64113
4711,2,14,2007,31.67843
4711,2,14,2008,32.00721
4711,2,14,2009,31.86626
4711,2,14,2010,32.18076
4711,2,14,2011,32.68739
4711,2,14,2012,32.69966
4711,2,14,2013,32.9121
4711,2,14,2014,33.22227
4711,2,14,2015,33.3982
4711,2,14,2016,33.89556
4711,2,14,2017,33.96256
4711,2,14,2018,33.89678
4711,2,14,2019,34.48143
4711,3,14,1950,22.50379
4711,3,14,1951,22.56363
4711,3,14,1952,22.95343
4711,3,14,1953,23.18678
4711,3,14,1954,23.53783
4711,3,14,1955,23.79065
4711,3,14,1956,24.16031
4711,3,14,1957,24.51935
4711,3,14,1958,24.75883
4711,3,14,1959,25.10317
4711,3,14,1960,25.40514
4711,3,14,1961,25.61999
4711,3,14,1962,25.98494
4711,3,14,1963,26.01133
4711,3,14,1964,26.2077
4711,3,14,1965,26.45693
4711,3,14,1966,26.6777
4711,3,14,1967,26.90587
4711,3,14,1968,27.03989
4711,3,14,1969,27.17112
4711,3,14,1970,27.44516
4711,3,14,1971,27.70932
4711,3,14,1972,28.09573
4711,3,14,1973,28.29971
4711,3,14,1974,28.51537
4711,3,14,1975,28.62282
4711,3,14,1976,28.7798
4711,3,14,1977,29.02918
4711,3,14,1978,29.17021
4711,3,14,1979,29.21528
4711,3,14,1980,29.34489
4711,3,14,1981,29.65674
4711,3,14,1982,29.66789
4711,3,14,1983,29.89715
4711,3,14,1984,29.95441
4711,3,14,1985,29.99416
4711,3,14,1986,30.03185
4711,3,14,1987,29.93472
4711,3,14,1988,29.97276
4711,3,14,1989,29.95587
4711,3,14,1990,29.93329
4711,3,14,1991,29.90235
4711,3,14,1992,29.94248
4711,3,14,1993,29.94029
4711,3,14,1994,29.97751
4711,3,14,1995,29.99715
4711,3,14,1996,30.0968
4711,3,14,1997,30.11152
4711,3,14,1998,30.09237
4711,3,14,1999,30.0806
4711,3,14,2000,30.01085
4711,3,14,2001,29.90791
4711,3,14,2002,29.9994
4711,3,14,2003,29.95971
4711,3,14,2004,29.90871
4711,3,14,2005,29.81984
4711,3,14,2006,29.72831
4711,3,14,2007,29.67044
4711,3,14,2008,29.78319
4711,3,14,2009,29.56176
4711,3,14,2010,29.77349
4711,3,14,2011,30.11315
4711,3,14,2012,30.25769
4711,3,14,2013,30.32609
4711,3,14,2014,30.82069
4711,3,14,2015,30.96608
4711,3,14,2016,31.02098
4711,3,14,2017,31.16624
4711,3,14,2018,31.3512
4711,3,14,2019,31.71468
4712,1,14,1950,24.82692
4712,1,14,1951,24.86908
4712,1,14,1952,25.12562
4712,1,14,1953,25.23982
4712,1,14,1954,25.43582
4712,1,14,1955,25.42886
4712,1,14,1956,25.7318
4712,1,14,1957,25.88727
4712,1,14,1958,25.83786
4712,1,14,1959,26.15407
4712,1,14,1960,26.6668
4712,1,14,1961,26.63135
4712,1,14,1962,26.6288
4712,1,14,1963,26.92008
4712,1,14,1964,26.89656
4712,1,14,1965,27.04757
4712,1,14,1966,27.13695
4712,1,14,1967,27.32916
4712,1,14,1968,27.37913
4712,1,14,1969,27.6877
4712,1,14,1970,27.89478
4712,1,14,1971,27.99979
4712,1,14,1972,28.13383
4712,1,14,1973,28.69815
4712,1,14,1974,28.78471
4712,1,14,1975,28.93002
4712,1,14,1976,28.93502
4712,1,14,1977,29.22768
4712,1,14,1978,29.20422
4712,1,14,1979,29.40555
4712,1,14,1980,29.53841
4712,1,14,1981,29.55209
4712,1,14,1982,29.72762
4712,1,14,1983,29.84022
4712,1,14,1984,29.85955
4712,1,14,1985,30.1084
4712,1,14,1986,30.31311
4712,1,14,1987,30.38525
4712,1,14,1988,30.26986
4712,1,14,1989,30.37957
4712,1,14,1990,30.29349
4712,1,14,1991,30.7562
4712,1,14,1992,30.73655
4712,1,14,1993,30.80404
4712,1,14,1994,30.9091
4712,1,14,1995,31.05847
4712,1,14,1996,31.19973
4712,1,14,1997,31.26905
4712,1,14,1998,31.11967
4712,1,14,1999,31.22094
4712,1,14,2000,31.35545
4712,1,14,2001,31.48673
4712,1,14,2002,31.31145
4712,1,14,2003,31.3135
4712,1,14,2004,31.35894
4712,1,14,2005,31.21853
4712,1,14,2006,31.04805
4712,1,14,2007,31.07758
4712,1,14,2008,31.13447
4712,1,14,2009,31.00483
4712,1,14,2010,31.08797
4712,1,14,2011,31.17434
4712,1,14,2012,31.20135
4712,1,14,2013,31.28648
4712,1,14,2014,31.70099
4712,1,14,2015,31.786
4712,1,14,2016,31.87118
4712,1,14,2017,31.72467
4712,1,14,2018,31.87394
4712,1,14,2019,32.20028
4712,2,14,1950,28.30474
4712,2,14,1951,28.3118
4712,2,14,1952,28.41155
4712,2,14,1953,28.42191
4712,2,14,1954,28.68093
4712,2,14,1955,28.60778
4712,2,14,1956,28.90158
4712,2,14,1957,29.00753
4712,2,14,1958,29.01617
4712,2,14,1959,29.16759
4712,2,14,1960,29.36377
4712,2,14,1961,29.28739
4712,2,14,1962,29.64217
4712,2,14,1963,29.67048
4712,2,14,1964,29.82519
4712,2,14,1965,29.95957
4712,2,14,1966,29.89495
4712,2,14,1967,30.06272
4712,2,14,1968,30.00869
4712,2,14,1969,30.14293
4712,2,14,1970,30.30426
4712,2,14,1971,30.32588
4712,2,14,1972,30.45719
4712,2,14,1973,30.57516
4712,2,14,1974,30.73369
4712,2,14,1975,30.81862
4712,2,14,1976,30.73981
4712,2,14,1977,30.88647
4712,2,14,1978,30.87185
4712,2,14,1979,30.97526
4712,2,14,1980,31.18466
4712,2,14,1981,31.03257
4712,2,14,1982,31.18078
4712,2,14,1983,31.30052
4712,2,14,1984,31.24651
4712,2,14,1985,31.24325
4712,2,14,1986,31.09912
4712,2,14,1987,31.00217
4712,2,14,1988,30.9636
4712,2,14,1989,31.02069
4712,2,14,1990,31.04808
4712,2,14,1991,31.12485
4712,2,14,1992,31.13905
4712,2,14,1993,31.15358
4712,2,14,1994,31.19135
4712,2,14,1995,31.27973
4712,2,14,1996,31.15268
4712,2,14,1997,31.21942
4712,2,14,1998,31.2767
4712,2,14,1999,31.34926
4712,2,14,2000,31.38955
4712,2,14,2001,31.61861
4712,2,14,2002,31.80517
4712,2,14,2003,31.89672
4712,2,14,2004,31.97015
4712,2,14,2005,32.01513
4712,2,14,2006,32.14272
4712,2,14,2007,32.21044
4712,2,14,2008,32.42338
4712,2,14,2009,32.53607
4712,2,14,2010,32.63135
4712,2,14,2011,32.82965
4712,2,14,2012,33.01025
4712,2,14,2013,33.09015
4712,2,14,2014,33.3691
4712,2,14,2015,33.64357
4712,2,14,2016,34.01008
4712,2,14,2017,34.19452
4712,2,14,2018,34.24697
4712,2,14,2019,34.445
4712,3,14,1950,25.30594
4712,3,14,1951,25.26788
4712,3,14,1952,25.75937
4712,3,14,1953,25.82814
4712,3,14,1954,25.90549
4712,3,14,1955,25.9351
4712,3,14,1956,26.27694
4712,3,14,1957,26.2504
4712,3,14,1958,26.31719
4712,3,14,1959,26.44857
4712,3,14,1960,26.66206
4712,3,14,1961,26.89425
4712,3,14,1962,26.95694
4712,3,14,1963,27.07456
4712,3,14,1964,27.33744
4712,3,14,1965,27.5065
4712,3,14,1966,27.44578
4712,3,14,1967,27.46679
4712,3,14,1968,27.81673
4712,3,14,1969,27.99376
4712,3,14,1970,28.00482
4712,3,14,1971,28.25559
4712,3,14,1972,28.36243
4712,3,14,1973,28.61982
4712,3,14,1974,28.78344
4712,3,14,1975,28.96927
4712,3,14,1976,29.03792
4712,3,14,1977,29.23309
4712,3,14,1978,29.37715
4712,3,14,1979,29.45818
4712,3,14,1980,29.72017
4712,3,14,1981,29.68539
4712,3,14,1982,29.79096
4712,3,14,1983,29.84219
4712,3,14,1984,29.95978
4712,3,14,1985,30.01647
4712,3,14,1986,30.18421
4712,3,14,1987,30.03167
4712,3,14,1988,30.07248
4712,3,14,1989,30.05068
4712,3,14,1990,30.18767
4712,3,14,1991,30.40228
4712,3,14,1992,30.46728
4712,3,14,1993,30.47924
4712,3,14,1994,30.57694
4712,3,14,1995,30.59648
4712,3,14,1996,30.71205
4712,3,14,1997,30.76765
4712,3,14,1998,30.65837
4712,3,14,1999,30.78456
4712,3,14,2000,30.94923
4712,3,14,2001,31.03263
4712,3,14,2002,31.04487
4712,3,14,2003,31.04402
4712,3,14,2004,31.05964
4712,3,14,2005,31.03655
4712,3,14,2006,31.04076
4712,3,14,2007,30.97314
4712,3,14,2008,31.10739
4712,3,14,2009,31.1347
4712,3,14,2010,31.16015
4712,3,14,2011,31.42231
4712,3,14,2012,31.37884
4712,3,14,2013,31.52651
4712,3,14,2014,31.79702
4712,3,14,2015,31.95454
4712,3,14,2016,32.04447
4712,3,14,2017,32.3476
4712,3,14,2018,32.29299
4712,3,14,2019,32.64372
4713,1,14,1950,21.77066
4713,1,14,1951,21.79403
4713,1,14,1952,21.89686
4713,1,14,1953,22.12217
4713,1,14,1954,22.54201
4713,1,14,1955,22.65096
4713,1,14,1956,22.89585
4713,1,14,1957,23.3282
4713,1,14,1958,23.44583
4713,1,14,1959,23.63926
4713,1,14,1960,23.88831
4713,1,14,1961,24.55895
4713,1,14,1962,24.56681
4713,1,14,1963,24.62962
4713,1,14,1964,24.69348
4713,1,14,1965,24.85791
4713,1,14,1966,24.81974
4713,1,14,1967,25.2347
4713,1,14,1968,25.44574
4713,1,14,1969,25.44673
4713,1,14,1970,25.76399
4713,1,14,1971,25.82735
4713,1,14,1972,26.01621
4713,1,14,1973,26.26898
4713,1,14,1974,26.38044
4713,1,14,1975,26.6976
4713,1,14,1976,26.85526
4713,1,14,1977,27.11466
4713,1,14,1978,27.23963
4713,1,14,1979,27.30962
4713,1,14,1980,27.37992
4713,1,14,1981,27.58004
4713,1,14,1982,27.68653
4713,1,14,1983,27.98037
4713,1,14,1984,27.87509
4713,1,14,1985,27.78649
4713,1,14,1986,27.828
4713,1,14,1987,27.54707
4713,1,14,1988,27.85324
4713,1,14,1989,28.33788
4713,1,14,1990,28.26749
4713,1,14,1991,28.49096
4713,1,14,1992,28.61834
4713,1,14,1993,28.87402
4713,1,14,1994,29.26122
4713,1,14,1995,29.20301
4713,1,14,1996,29.47704
4713,1,14,1997,29.41249
4713,1,14,1998,29.64562
4713,1,14,1999,29.81959
4713,1,14,2000,29.78138
4713,1,14,2001,29.92518
4713,1,14,2002,29.9227
4713,1,14,2003,30.07843
4713,1,14,2004,30.20657
4713,1,14,2005,30.20958
4713,1,14,2006,30.15006
4713,1,14,2007,30.23444
4713,1,14,2008,30.38937
4713,1,14,2009,30.43241
4713,1,14,2010,30.30541
4713,1,14,2011,30.61281
4713,1,14,2012,30.60019
4713,1,14,2013,31.24363
4713,1,14,2014,30.95486
4713,1,14,2015,31.16732
4713,1,14,2016,31.5415
4713,1,14,2017,31.58032
4713,1,14,2018,31.66356
4713,1,14,2019,31.76495
4713,2,14,1950,24.11274
4713,2,14,1951,23.94625
4713,2,14,1952,24.12725
4713,2,14,1953,24.41349
4713,2,14,1954,24.64466
4713,2,14,1955,24.74216
4713,2,14,1956,24.768
4713,2,14,1957,25.05475
4713,2,14,1958,25.38159
4713,2,14,1959,25.21689
4713,2,14,1960,25.52456
4713,2,14,1961,25.78913
4713,2,14,1962,25.94791
4713,2,14,1963,25.84816
4713,2,14,1964,26.00172
4713,2,14,1965,26.13435
4713,2,14,1966,26.08021
4713,2,14,1967,26.00158
4713,2,14,1968,26.27857
4713,2,14,1969,26.23423
4713,2,14,1970,26.38
4713,2,14,1971,26.38339
4713,2,14,1972,26.3291
4713,2,14,1973,26.46282
4713,2,14,1974,26.58859
4713,2,14,1975,26.7191
4713,2,14,1976,26.81891
4713,2,14,1977,26.80856
4713,2,14,1978,26.6675
4713,2,14,1979,26.65256
4713,2,14,1980,26.76538
4713,2,14,1981,26.88694
4713,2,14,1982,26.84998
4713,2,14,1983,26.68312
4713,2,14,1984,26.95368
4713,2,14,1985,27.31265
4713,2,14,1986,27.64094
4713,2,14,1987,27.70496
4713,2,14,1988,27.9785
4713,2,14,1989,28.2572
4713,2,14,1990,28.45927
4713,2,14,1991,28.65617
4713,2,14,1992,28.91491
4713,2,14,1993,29.28155
4713,2,14,1994,29.49508
4713,2,14,1995,29.64867
4713,2,14,1996,29.75121
4713,2,14,1997,29.79996
4713,2,14,1998,30.11483
4713,2,14,1999,30.16663
4713,2,14,2000,30.2033
4713,2,14,2001,30.46303
4713,2,14,2002,30.69534
4713,2,14,2003,30.67867
4713,2,14,2004,30.68363
4713,2,14,2005,30.61071
4713,2,14,2006,30.78662
4713,2,14,2007,30.88167
4713,2,14,2008,31.03233
4713,2,14,2009,31.08784
4713,2,14,2010,31.23069
4713,2,14,2011,31.46645
4713,2,14,2012,31.58303
4713,2,14,2013,31.93976
4713,2,14,2014,32.30506
4713,2,14,2015,32.60861
4713,2,14,2016,32.69367
4713,2,14,2017,32.8438
4713,2,14,2018,33.12245
4713,2,14,2019,33.29173
4713,3,14,1950,21.569
4713,3,14,1951,21.75179
4713,3,14,1952,22.03072
4713,3,14,1953,22.0958
4713,3,14,1954,22.27597
4713,3,14,1955,22.51902
4713,3,14,1956,22.76165
4713,3,14,1957,23.12879
4713,3,14,1958,23.0968
4713,3,14,1959,23.37447
4713,3,14,1960,23.65969
4713,3,14,1961,23.79851
4713,3,14,1962,24.11555
4713,3,14,1963,24.12804
4713,3,14,1964,24.34734
4713,3,14,1965,24.3087
4713,3,14,1966,24.56702
4713,3,14,1967,24.67326
4713,3,14,1968,24.98584
4713,3,14,1969,24.84174
4713,3,14,1970,25.19537
4713,3,14,1971,25.22549
4713,3,14,1972,25.218
4713,3,14,1973,25.52006
4713,3,14,1974,25.58649
4713,3,14,1975,25.68963
4713,3,14,1976,25.87046
4713,3,14,1977,26.02548
4713,3,14,1978,26.05899
4713,3,14,1979,26.15841
4713,3,14,1980,26.26447
4713,3,14,1981,26.42793
4713,3,14,1982,26.51417
4713,3,14,1983,26.58066
4713,3,14,1984,26.73729
4713,3,14,1985,26.84361
4713,3,14,1986,27.09193
4713,3,14,1987,27.00757
4713,3,14,1988,27.3392
4713,3,14,1989,27.68165
4713,3,14,1990,27.86139
4713,3,14,1991,28.1108
4713,3,14,1992,28.32179
4713,3,14,1993,28.56936
4713,3,14,1994,28.77862
4713,3,14,1995,28.81367
4713,3,14,1996,29.06951
4713,3,14,1997,29.19528
4713,3,14,1998,29.34203
4713,3,14,1999,29.50179
4713,3,14,2000,29.51656
4713,3,14,2001,29.71307
4713,3,14,2002,29.76002
4713,3,14,2003,29.84091
4713,3,14,2004,29.81647
4713,3,14,2005,29.82249
4713,3,14,2006,29.86975
4713,3,14,2007,29.85942
4713,3,14,2008,29.92003
4713,3,14,2009,30.01314
4713,3,14,2010,29.94238
4713,3,14,2011,30.20006
4713,3,14,2012,30.25791
4713,3,14,2013,30.63946
4713,3,14,2014,30.70738
4713,3,14,2015,31.18481
4713,3,14,2016,31.19032
4713,3,14,2017,31.43887
4713,3,14,2018,31.63274
4713,3,14,2019,31.84549
4714,1,14,1950,24.37377
4714,1,14,1951,24.80265
4714,1,14,1952,24.74894
4714,1,14,1953,25.07982
4714,1,14,1954,25.4089
4714,1,14,1955,25.67639
4714,1,14,1956,26.00634
4714,1,14,1957,26.16052
4714,1,14,1958,26.14605
4714,1,14,1959,26.67309
4714,1,14,1960,26.88594
4714,1,14,1961,27.15076
4714,1,14,1962,27.35247
4714,1,14,1963,27.75931
4714,1,14,1964,27.86111
4714,1,14,1965,27.87668
4714,1,14,1966,27.9249
4714,1,14,1967,28.09288
4714,1,14,1968,28.62246
4714,1,14,1969,28.62421
4714,1,14,1970,28.8959
4714,1,14,1971,28.91144
4714,1,14,1972,29.3808
4714,1,14,1973,29.62367
4714,1,14,1974,29.95122
4714,1,14,1975,29.87013
4714,1,14,1976,30.17151
4714,1,14,1977,30.38806
4714,1,14,1978,30.64203
4714,1,14,1979,30.56244
4714,1,14,1980,30.81867
4714,1,14,1981,31.06477
4714,1,14,1982,31.0969
4714,1,14,1983,31.15438
4714,1,14,1984,31.23788
4714,1,14,1985,31.21204
4714,1,14,1986,30.95918
4714,1,14,1987,30.6884
4714,1,14,1988,30.65854
4714,1,14,1989,30.61476
4714,1,14,1990,30.6165
4714,1,14,1991,30.57837
4714,1,14,1992,30.47321
4714,1,14,1993,30.62798
4714,1,14,1994,30.82089
4714,1,14,1995,30.90507
4714,1,14,1996,31.10569
4714,1,14,1997,31.27974
4714,1,14,1998,31.2846
4714,1,14,1999,31.27484
4714,1,14,2000,31.15602
4714,1,14,2001,31.28703
4714,1,14,2002,31.31435
4714,1,14,2003,31.46179
4714,1,14,2004,31.39971
4714,1,14,2005,31.4281
4714,1,14,2006,31.43939
4714,1,14,2007,31.40485
4714,1,14,2008,31.30253
4714,1,14,2009,31.48964
4714,1,14,2010,31.4461
4714,1,14,2011,31.54974
4714,1,14,2012,31.72385
4714,1,14,2013,32.01449
4714,1,14,2014,32.10503
4714,1,14,2015,32.03277
4714,1,14,2016,32.33497
4714,1,14,2017,32.27654
4714,1,14,2018,32.45982
4714,1,14,2019,32.61294
4714,2,14,1950,28.02233
4714,2,14,1951,28.1357
4714,2,14,1952,28.25547
4714,2,14,1953,28.27969
4714,2,14,1954,28.74497
4714,2,14,1955,28.75868
4714,2,14,1956,28.97081
4714,2,14,1957,29.20479
4714,2,14,1958,29.24652
4714,2,14,1959,29.43701
4714,2,14,1960,29.78911
4714,2,14,1961,30.10364
4714,2,14,1962,30.07341
4714,2,14,1963,30.24341
4714,2,14,1964,30.23745
4714,2,14,1965,30.2635
4714,2,14,1966,30.29547
4714,2,14,1967,30.36765
4714,2,14,1968,30.62367
4714,2,14,1969,30.64186
4714,2,14,1970,30.84464
4714,2,14,1971,30.91366
4714,2,14,1972,31.03308
4714,2,14,1973,31.04292
4714,2,14,1974,31.09505
4714,2,14,1975,31.37371
4714,2,14,1976,31.36469
4714,2,14,1977,31.45688
4714,2,14,1978,31.75064
4714,2,14,1979,31.67739
4714,2,14,1980,31.88251
4714,2,14,1981,32.17679
4714,2,14,1982,32.08132
4714,2,14,1983,32.16012
4714,2,14,1984,32.12011
4714,2,14,1985,32.07067
4714,2,14,1986,31.98433
4714,2,14,1987,31.85541
4714,2,14,1988,31.90705
4714,2,14,1989,32.01658
4714,2,14,1990,32.01929
4714,2,14,1991,32.27268
4714,2,14,1992,32.30124
4714,2,14,1993,32.25644
4714,2,14,1994,32.2368
4714,2,14,1995,32.27416
4714,2,14,1996,32.29634
4714,2,14,1997,32.3208
4714,2,14,1998,32.28257
4714,2,14,1999,32.34248
4714,2,14,2000,32.34742
4714,2,14,2001,32.63185
4714,2,14,2002,32.72435
4714,2,14,2003,32.76553
4714,2,14,2004,32.82345
4714,2,14,2005,32.78344
4714,2,14,2006,32.74266
4714,2,14,2007,32.72934
4714,2,14,2008,32.75805
4714,2,14,2009,32.87745
4714,2,14,2010,33.11482
4714,2,14,2011,33.27189
4714,2,14,2012,33.36755
4714,2,14,2013,33.32215
4714,2,14,2014,33.78038
4714,2,14,2015,33.79716
4714,2,14,2016,33.91814
4714,2,14,2017,34.01542
4714,2,14,2018,34.09654
4714,2,14,2019,34.47443
4714,3,14,1950,25.08398
4714,3,14,1951,25.44562
4714,3,14,1952,25.50167
4714,3,14,1953,25.5696
4714,3,14,1954,25.95172
4714,3,14,1955,26.19975
4714,3,14,1956,26.38563
4714,3,14,1957,26.47754
4714,3,14,1958,26.73979
4714,3,14,1959,27.03108
4714,3,14,1960,27.22768
4714,3,14,1961,27.45666
4714,3,14,1962,27.49163
4714,3,14,1963,27.73584
4714,3,14,1964,27.9579
4714,3,14,1965,28.11607
4714,3,14,1966,28.184
4714,3,14,1967,28.33154
4714,3,14,1968,28.54861
4714,3,14,1969,28.70947
4714,3,14,1970,28.92164
4714,3,14,1971,28.95404
4714,3,14,1972,29.13585
4714,3,14,1973,29.40893
4714,3,14,1974,29.51198
4714,3,14,1975,29.64035
4714,3,14,1976,29.88477
4714,3,14,1977,29.95756
4714,3,14,1978,30.1023
4714,3,14,1979,30.36049
4714,3,14,1980,30.56256
4714,3,14,1981,30.69514
4714,3,14,1982,30.68088
4714,3,14,1983,30.78317
4714,3,14,1984,30.91733
4714,3,14,1985,30.85622
4714,3,14,1986,30.75747
4714,3,14,1987,30.57198
4714,3,14,1988,30.65723
4714,3,14,1989,30.65542
4714,3,14,1990,30.68583
4714,3,14,1991,30.78979
4714,3,14,1992,30.79901
4714,3,14,1993,30.84145
4714,3,14,1994,30.81675
4714,3,14,1995,31.00955
4714,3,14,1996,31.18521
4714,3,14,1997,31.21856
4714,3,14,1998,31.18977
4714,3,14,1999,31.26062
4714,3,14,2000,31.30342
4714,3,14,2001,31.34781
4714,3,14,2002,31.40803
4714,3,14,2003,31.52718
4714,3,14,2004,31.49518
4714,3,14,2005,31.59665
4714,3,14,2006,31.53998
4714,3,14,2007,31.51261
4714,3,14,2008,31.52324
4714,3,14,2009,31.52301
4714,3,14,2010,31.53507
4714,3,14,2011,31.69291
4714,3,14,2012,31.71069
4714,3,14,2013,31.96398
4714,3,14,2014,32.1421
4714,3,14,2015,32.24816
4714,3,14,2016,32.29426
4714,3,14,2017,32.39381
4714,3,14,2018,32.54589
4714,3,14,2019,32.66311
4715,1,14,1950,21.70749
4715,1,14,1951,21.86105
4715,1,14,1952,21.8865
4715,1,14,1953,22.15064
4715,1,14,1954,22.29991
4715,1,14,1955,22.54879
4715,1,14,1956,22.92987
4715,1,14,1957,23.25167
4715,1,14,1958,23.47871
4715,1,14,1959,23.94223
4715,1,14,1960,24.0089
4715,1,14,1961,24.38554
4715,1,14,1962,24.73079
4715,1,14,1963,25.00213
4715,1,14,1964,25.41457
4715,1,14,1965,25.68662
4715,1,14,1966,25.7051
4715,1,14,1967,26.0683
4715,1,14,1968,26.2454
4715,1,14,1969,26.51404
4715,1,14,1970,26.79979
4715,1,14,1971,26.95834
4715,1,14,1972,27.29951
4715,1,14,1973,27.46162
4715,1,14,1974,27.84604
4715,1,14,1975,27.8939
4715,1,14,1976,28.36202
4715,1,14,1977,28.41444
4715,1,14,1978,28.77582
4715,1,14,1979,29.21782
4715,1,14,1980,29.1645
4715,1,14,1981,29.68752
4715,1,14,1982,29.76079
4715,1,14,1983,29.86139
4715,1,14,1984,30.12658
4715,1,14,1985,30.23549
4715,1,14,1986,30.4126
4715,1,14,1987,30.2523
4715,1,14,1988,30.31347
4715,1,14,1989,30.30119
4715,1,14,1990,30.30859
4715,1,14,1991,30.42249
4715,1,14,1992,30.56207
4715,1,14,1993,30.40883
4715,1,14,1994,30.35794
4715,1,14,1995,30.52396
4715,1,14,1996,30.70192
4715,1,14,1997,30.69091
4715,1,14,1998,30.69519
4715,1,14,1999,30.5742
4715,1,14,2000,30.48435
4715,1,14,2001,30.58505
4715,1,14,2002,30.39636
4715,1,14,2003,30.44556
4715,1,14,2004,30.53618
4715,1,14,2005,30.34149
4715,1,14,2006,30.61664
4715,1,14,2007,30.5748
4715,1,14,2008,30.67387
4715,1,14,2009,30.82901
4715,1,14,2010,30.74352
4715,1,14,2011,30.91841
4715,1,14,2012,31.01939
4715,1,14,2013,31.32023
4715,1,14,2014,31.34427
4715,1,14,2015,31.50843
4715,1,14,2016,31.70251
4715,1,14,2017,31.78265
4715,1,14,2018,31.84714
4715,1,14,2019,31.94246
4715,2,14,1950,22.94801
4715,2,14,1951,22.9027
4715,2,14,1952,23.06341
4715,2,14,1953,23.49404
4715,2,14,1954,23.68347
4715,2,14,1955,23.5965
4715,2,14,1956,23.77776
4715,2,14,1957,24.16122
4715,2,14,1958,24.17431
4715,2,14,1959,24.20306
4715,2,14,1960,24.73016
4715,2,14,1961,24.76165
4715,2,14,1962,24.80041
4715,2,14,1963,25.24594
4715,2,14,1964,25.33385
4715,2,14,1965,25.41552
4715,2,14,1966,25.49786
4715,2,14,1967,25.5757
4715,2,14,1968,25.6172
4715,2,14,1969,25.83043
4715,2,14,1970,25.99421
4715,2,14,1971,26.12863
4715,2,14,1972,26.02885
4715,2,14,1973,26.28394
4715,2,14,1974,26.51311
4715,2,14,1975,26.36909
4715,2,14,1976,26.51518
4715,2,14,1977,26.56919
4715,2,14,1978,26.56164
4715,2,14,1979,26.8071
4715,2,14,1980,26.82055
4715,2,14,1981,26.70161
4715,2,14,1982,26.98229
4715,2,14,1983,27.13645
4715,2,14,1984,27.05135
4715,2,14,1985,27.12282
4715,2,14,1986,27.32242
4715,2,14,1987,27.16192
4715,2,14,1988,27.29547
4715,2,14,1989,27.46984
4715,2,14,1990,27.62725
4715,2,14,1991,27.93301
4715,2,14,1992,28.02737
4715,2,14,1993,28.05462
4715,2,14,1994,28.29403
4715,2,14,1995,28.46418
4715,2,14,1996,28.52732
4715,2,14,1997,28.54648
4715,2,14,1998,28.90541
4715,2,14,1999,29.04268
4715,2,14,2000,29.06995
4715,2,14,2001,29.27801
4715,2,14,2002,29.38095
4715,2,14,2003,29.39743
4715,2,14,2004,29.73386
4715,2,14,2005,29.79741
4715,2,14,2006,29.59782
4715,2,14,2007,29.72534
4715,2,14,2008,29.74446
4715,2,14,2009,29.94217
4715,2,14,2010,30.15456
4715,2,14,2011,30.08241
4715,2,14,2012,30.30985
4715,2,14,2013,30.5802
4715,2,14,2014,30.66404
4715,2,14,2015,30.8623
4715,2,14,2016,31.14782
4715,2,14,2017,31.06676
4715,2,14,2018,31.59919
4715,2,14,2019,31.50838
4715,3,14,1950,21.34193
4715,3,14,1951,21.50436
4715,3,14,1952,21.6106
4715,3,14,1953,21.84588
4715,3,14,1954,21.92945
4715,3,14,1955,22.04059
4715,3,14,1956,22.52549
4715,3,14,1957,22.69346
4715,3,14,1958,22.80878
4715,3,14,1959,23.21111
4715,3,14,1960,23.41072
4715,3,14,1961,23.64706
4715,3,14,1962,23.79561
4715,3,14,1963,24.0112
4715,3,14,1964,24.37444
4715,3,14,1965,24.5602
4715,3,14,1966,24.6867
4715,3,14,1967,24.84017
4715,3,14,1968,24.96415
4715,3,14,1969,25.19109
4715,3,14,1970,25.33489
4715,3,14,1971,25.56522
4715,3,14,1972,25.75166
4715,3,14,1973,26.05282
4715,3,14,1974,26.26792
4715,3,14,1975,26.36366
4715,3,14,1976,26.4708
4715,3,14,1977,26.67114
4715,3,14,1978,26.7892
4715,3,14,1979,27.06608
4715,3,14,1980,27.20968
4715,3,14,1981,27.42323
4715,3,14,1982,27.52435
4715,3,14,1983,27.6976
4715,3,14,1984,27.88277
4715,3,14,1985,27.95946
4715,3,14,1986,28.08031
4715,3,14,1987,28.02363
4715,3,14,1988,28.13831
4715,3,14,1989,28.21235
4715,3,14,1990,28.35042
4715,3,14,1991,28.58581
4715,3,14,1992,28.69591
4715,3,14,1993,28.67379
4715,3,14,1994,28.77539
4715,3,14,1995,28.91327
4715,3,14,1996,29.08626
4715,3,14,1997,29.17084
4715,3,14,1998,29.25742
4715,3,14,1999,29.35192
4715,3,14,2000,29.23622
4715,3,14,2001,29.37453
4715,3,14,2002,29.34866
4715,3,14,2003,29.49425
4715,3,14,2004,29.55133
4715,3,14,2005,29.52358
4715,3,14,2006,29.49828
4715,3,14,2007,29.53149
4715,3,14,2008,29.64446
4715,3,14,2009,29.58001
4715,3,14,2010,29.6212
4715,3,14,2011,29.84401
4715,3,14,2012,29.77859
4715,3,14,2013,29.92343
4715,3,14,2014,30.06256
4715,3,14,2015,30.14313
4715,3,14,2016,30.24764
4715,3,14,2017,30.32759
4715,3,14,2018,30.50938
4715,3,14,2019,30.81008
4716,1,14,1950,23.07771
4716,1,14,1951,23.33199
4716,1,14,1952,23.41867
4716,1,14,1953,23.60842
4716,1,14,1954,24.0649
4716,1,14,1955,24.13499
4716,1,14,1956,24.51266
4716,1,14,1957,24.80453
4716,1,14,1958,24.71044
4716,1,14,1959,25.11913
4716,1,14,1960,25.33817
4716,1,14,1961,25.81311
4716,1,14,1962,26.07195
4716,1,14,1963,26.20522
4716,1,14,1964,26.0674
4716,1,14,1965,26.35195
4716,1,14,1966,26.45515
4716,1,14,1967,26.81257
4716,1,14,1968,27.235
4716,1,14,1969,27.08122
4716,1,14,1970,27.37184
4716,1,14,1971,27.80948
4716,1,14,1972,27.97802
4716,1,14,1973,28.08096
4716,1,14,1974,28.12511
4716,1,14,1975,28.48887
4716,1,14,1976,28.45761
4716,1,14,1977,28.66135
4716,1,14,1978,28.81324
4716,1,14,1979,29.27216
4716,1,14,1980,29.38129
4716,1,14,1981,29.21185
4716,1,14,1982,29.43673
4716,1,14,1983,29.43972
4716,1,14,1984,29.55549
4716,1,14,1985,29.52603
4716,1,14,1986,29.48306
4716,1,14,1987,29.23752
4716,1,14,1988,29.10833
4716,1,14,1989,29.06993
4716,1,14,1990,29.00129
4716,1,14,1991,29.19807
4716,1,14,1992,29.28559
4716,1,14,1993,29.57753
4716,1,14,1994,29.83983
4716,1,14,1995,30.24314
4716,1,14,1996,30.6757
4716,1,14,1997,30.99843
4716,1,14,1998,31.18778
4716,1,14,1999,31.3442
4716,1,14,2000,31.47915
4716,1,14,2001,31.43691
4716,1,14,2002,31.38824
4716,1,14,2003,31.7138
4716,1,14,2004,31.89827
4716,1,14,2005,31.99486
4716,1,14,2006,32.0397
4716,1,14,2007,32.14872
4716,1,14,2008,32.18561
4716,1,14,2009,32.05987
4716,1,14,2010,32.19408
4716,1,14,2011,32.25128
4716,1,14,2012,32.35001
4716,1,14,2013,32.47516
4716,1,14,2014,32.58927
4716,1,14,2015,32.89676
4716,1,14,2016,32.85884
4716,1,14,2017,33.20555
4716,1,14,2018,33.14914
4716,1,14,2019,33.29063
4716,2,14,1950,27.75438
4716,2,14,1951,27.82379
4716,2,14,1952,28.14528
4716,2,14,1953,28.16921
4716,2,14,1954,28.40252
4716,2,14,1955,28.4661
4716,2,14,1956,28.69319
4716,2,14,1957,28.77958
4716,2,14,1958,29.08448
4716,2,14,1959,29.19781
4716,2,14,1960,29.34621
4716,2,14,1961,29.59498
4716,2,14,1962,29.79585
4716,2,14,1963,29.72608
4716,2,14,1964,29.85651
4716,2,14,1965,30.03041
4716,2,14,1966,29.98756
4716,2,14,1967,30.05182
4716,2,14,1968,30.11259
4716,2,14,1969,30.31355
4716,2,14,1970,30.46322
4716,2,14,1971,30.59093
4716,2,14,1972,30.50073
4716,2,14,1973,30.8154
4716,2,14,1974,30.96074
4716,2,14,1975,30.97741
4716,2,14,1976,31.25672
4716,2,14,1977,31.13721
4716,2,14,1978,31.38133
4716,2,14,1979,31.46392
4716,2,14,1980,31.69741
4716,2,14,1981,31.81799
4716,2,14,1982,31.90859
4716,2,14,1983,31.96779
4716,2,14,1984,32.04882
4716,2,14,1985,32.36331
4716,2,14,1986,32.33775
4716,2,14,1987,32.27316
4716,2,14,1988,32.50067
4716,2,14,1989,32.72092
4716,2,14,1990,32.61649
4716,2,14,1991,32.81424
4716,2,14,1992,32.87569
4716,2,14,1993,32.91588
4716,2,14,1994,32.92786
4716,2,14,1995,32.92151
4716,2,14,1996,32.89949
4716,2,14,1997,32.8262
4716,2,14,1998,32.76389
4716,2,14,1999,32.78469
4716,2,14,2000,32.79418
4716,2,14,2001,32.62454
4716,2,14,2002,32.49775
4716,2,14,2003,32.59593
4716,2,14,2004,32.57041
4716,2,14,2005,32.47675
4716,2,14,2006,32.61343
4716,2,14,2007,32.6606
4716,2,14,2008,32.75416
4716,2,14,2009,32.86416
4716,2,14,2010,33.07145
4716,2,14,2011,33.08204
4716,2,14,2012,33.29646
4716,2,14,2013,33.55858
4716,2,14,2014,33.62203
4716,2,14,2015,34.0729
4716,2,14,2016,34.2152
4716,2,14,2017,34.2251
4716,2,14,2018,34.30981
4716,2,14,2019,34.45119
4716,3,14,1950,23.94615
4716,3,14,1951,24.08959
4716,3,14,1952,24.23477
4716,3,14,1953,24.4937
4716,3,14,1954,24.82709
4716,3,14,1955,24.90173
4716,3,14,1956,25.17947
4716,3,14,1957,25.41949
4716,3,14,1958,25.53547
4716,3,14,1959,25.60383
4716,3,14,1960,26.12933
4716,3,14,1961,26.24529
4716,3,14,1962,26.52942
4716,3,14,1963,26.67462
4716,3,14,1964,26.76406
4716,3,14,1965,27.00713
4716,3,14,1966,27.2065
4716,3,14,1967,27.27083
4716,3,14,1968,27.50964
4716,3,14,1969,27.5398
4716,3,14,1970,27.78552
4716,3,14,1971,28.09688
4716,3,14,1972,28.33119
4716,3,14,1973,28.45062
4716,3,14,1974,28.56936
4716,3,14,1975,28.87226
4716,3,14,1976,28.81307
4716,3,14,1977,28.99622
4716,3,14,1978,29.1728
4716,3,14,1979,29.40208
4716,3,14,1980,29.57645
4716,3,14,1981,29.57908
4716,3,14,1982,29.77093
4716,3,14,1983,29.74664
4716,3,14,1984,29.9085
4716,3,14,1985,30.12065
4716,3,14,1986,29.9819
4716,3,14,1987,29.98652
4716,3,14,1988,29.99116
4716,3,14,1989,30.03946
4716,3,14,1990,30.08996
4716,3,14,1991,30.26348
4716,3,14,1992,30.36231
4716,3,14,1993,30.51188
4716,3,14,1994,30.66331
4716,3,14,1995,30.93527
4716,3,14,1996,31.19509
4716,3,14,1997,31.25266
4716,3,14,1998,31.46114
4716,3,14,1999,31.44889
4716,3,14,2000,31.51806
4716,3,14,2001,31.50838
4716,3,14,2002,31.48834
4716,3,14,2003,31.65884
4716,3,14,2004,31.78713
4716,3,14,2005,31.72705
4716,3,14,2006,31.86574
4716,3,14,2007,31.89911
4716,3,14,2008,31.87671
4716,3,14,2009,31.91154
4716,3,14,2010,31.94226
4716,3,14,2011,32.02646
4716,3,14,2012,32.10656
4716,3,14,2013,32.21793
4716,3,14,2014,32.39678
4716,3,14,2015,32.60441
4716,3,14,2016,32.63061
4716,3,14,2017,32.81892
4716,3,14,2018,32.86717
4716,3,14,2019,33.05213
4717,1,14,1950,22.25454
4717,1,14,1951,22.18382
4717,1,14,1952,22.10573
4717,1,14,1953,22.49863
4717,1,14,1954,22.81155
4717,1,14,1955,22.933
4717,1,14,1956,23.02122
4717,1,14,1957,23.39719
4717,1,14,1958,23.39248
4717,1,14,1959,23.93067
4717,1,14,1960,24.05429
4717,1,14,1961,24.51912
4717,1,14,1962,24.47569
4717,1,14,1963,24.52749
4717,1,14,1964,24.78658
4717,1,14,1965,24.89804
4717,1,14,1966,25.0907
4717,1,14,1967,25.40313
4717,1,14,1968,25.66473
4717,1,14,1969,25.8027
4717,1,14,1970,26.00356
4717,1,14,1971,26.32724
4717,1,14,1972,26.46803
4717,1,14,1973,26.82523
4717,1,14,1974,27.38792
4717,1,14,1975,27.25203
4717,1,14,1976,27.57013
4717,1,14,1977,27.66002
4717,1,14,1978,27.78247
4717,1,14,1979,28.16744
4717,1,14,1980,27.94721
4717,1,14,1981,28.18138
4717,1,14,1982,28.24133
4717,1,14,1983,28.34749
4717,1,14,1984,28.51284
4717,1,14,1985,28.46302
4717,1,14,1986,28.52462
4717,1,14,1987,28.35678
4717,1,14,1988,28.34363
4717,1,14,1989,28.32034
4717,1,14,1990,28.58628
4717,1,14,1991,28.71613
4717,1,14,1992,28.77187
4717,1,14,1993,28.88877
4717,1,14,1994,28.84222
4717,1,14,1995,29.06124
4717,1,14,1996,29.12954
4717,1,14,1997,29.00885
4717,1,14,1998,28.89944
4717,1,14,1999,28.55058
4717,1,14,2000,28.38115
4717,1,14,2001,28.07529
4717,1,14,2002,27.91398
4717,1,14,2003,27.81517
4717,1,14,2004,27.92363
4717,1,14,2005,27.92844
4717,1,14,2006,28.15362
4717,1,14,2007,28.38102
4717,1,14,2008,28.31367
4717,1,14,2009,28.39952
4717,1,14,2010,28.58851
4717,1,14,2011,28.784
4717,1,14,2012,29.01343
4717,1,14,2013,29.14162
4717,1,14,2014,29.14125
4717,1,14,2015,29.15689
4717,1,14,2016,29.44879
4717,1,14,2017,29.70335
4717,1,14,2018,29.81386
4717,1,14,2019,30.14461
4717,2,14,1950,24.74654
4717,2,14,1951,24.93167
4717,2,14,1952,24.93843
4717,2,14,1953,25.09195
4717,2,14,1954,25.35317
4717,2,14,1955,25.50284
4717,2,14,1956,25.51535
4717,2,14,1957,25.81851
4717,2,14,1958,25.97867
4717,2,14,1959,25.96662
4717,2,14,1960,26.30209
4717,2,14,1961,26.346
4717,2,14,1962,26.63593
4717,2,14,1963,26.68189
4717,2,14,1964,27.0127
4717,2,14,1965,27.13579
4717,2,14,1966,27.01634
4717,2,14,1967,26.98053
4717,2,14,1968,27.11068
4717,2,14,1969,27.35283
4717,2,14,1970,27.50221
4717,2,14,1971,27.50925
4717,2,14,1972,27.56458
4717,2,14,1973,27.952
4717,2,14,1974,28.26058
4717,2,14,1975,28.18992
4717,2,14,1976,28.19779
4717,2,14,1977,28.24909
4717,2,14,1978,28.26053
4717,2,14,1979,28.44267
4717,2,14,1980,28.48632
4717,2,14,1981,28.4011
4717,2,14,1982,28.45578
4717,2,14,1983,28.50214
4717,2,14,1984,28.36111
4717,2,14,1985,28.48634
4717,2,14,1986,28.43274
4717,2,14,1987,28.41734
4717,2,14,1988,28.34143
4717,2,14,1989,28.42236
4717,2,14,1990,28.37321
4717,2,14,1991,28.70339
4717,2,14,1992,28.77323
4717,2,14,1993,28.58762
4717,2,14,1994,28.59254
4717,2,14,1995,28.56851
4717,2,14,1996,28.64235
4717,2,14,1997,28.49066
4717,2,14,1998,28.47336
4717,2,14,1999,28.47115
4717,2,14,2000,28.3538
4717,2,14,2001,28.49895
4717,2,14,2002,28.51314
4717,2,14,2003,28.51541
4717,2,14,2004,28.72129
4717,2,14,2005,28.6676
4717,2,14,2006,28.63479
4717,2,14,2007,28.90779
4717,2,14,2008,29.10042
4717,2,14,2009,29.17417
4717,2,14,2010,29.40347
4717,2,14,2011,29.57991
4717,2,14,2012,29.81795
4717,2,14,2013,29.9653
4717,2,14,2014,30.3287
4717,2,14,2015,30.78533
4717,2,14,2016,30.84681
4717,2,14,2017,31.08434
4717,2,14,2018,31.18995
4717,2,14,2019,31.28304
4717,3,14,1950,22.2573
4717,3,14,1951,22.4236
4717,3,14,1952,22.36222
4717,3,14,1953,22.62206
4717,3,14,1954,22.91638
4717,3,14,1955,23.12942
4717,3,14,1956,23.23438
4717,3,14,1957,23.39529
4717,3,14,1958,23.51262
4717,3,14,1959,23.979
4717,3,14,1960,24.01384
4717,3,14,1961,24.26993
4717,3,14,1962,24.43727
4717,3,14,1963,24.48664
4717,3,14,1964,24.79561
4717,3,14,1965,24.86076
4717,3,14,1966,25.09966
4717,3,14,1967,25.07421
4717,3,14,1968,25.40267
4717,3,14,1969,25.56716
4717,3,14,1970,25.88523
4717,3,14,1971,26.07016
4717,3,14,1972,26.21244
4717,3,14,1973,26.47831
4717,3,14,1974,26.612
4717,3,14,1975,26.89793
4717,3,14,1976,26.97601
4717,3,14,1977,27.06009
4717,3,14,1978,27.2489
4717,3,14,1979,27.33122
4717,3,14,1980,27.38891
4717,3,14,1981,27.44441
4717,3,14,1982,27.54452
4717,3,14,1983,27.57901
4717,3,14,1984,27.71605
4717,3,14,1985,27.71837
4717,3,14,1986,27.88718
4717,3,14,1987,27.55429
4717,3,14,1988,27.5694
4717,3,14,1989,27.71658
4717,3,14,1990,27.81294
4717,3,14,1991,28.00428
4717,3,14,1992,28.18222
4717,3,14,1993,28.17284
4717,3,14,1994,28.24702
4717,3,14,1995,28.32576
4717,3,14,1996,28.38972
4717,3,14,1997,28.27398
4717,3,14,1998,28.17241
4717,3,14,1999,27.90868
4717,3,14,2000,27.74535
4717,3,14,2001,27.65801
4717,3,14,2002,27.63498
4717,3,14,2003,27.61032
4717,3,14,2004,27.64675
4717,3,14,2005,27.55239
4717,3,14,2006,27.72342
4717,3,14,2007,27.794
4717,3,14,2008,27.94064
4717,3,14,2009,28.02623
4717,3,14,2010,28.08324
4717,3,14,2011,28.25511
4717,3,14,2012,28.35571
4717,3,14,2013,28.56433
4717,3,14,2014,28.72962
4717,3,14,2015,28.91873
4717,3,14,2016,29.02569
4717,3,14,2017,29.395
4717,3,14,2018,29.5104
4717,3,14,2019,29.483
4718,1,14,1950,25.04041
4718,1,14,1951,25.15909
4718,1,14,1952,25.59747
4718,1,14,1953,25.52313
4718,1,14,1954,25.77409
4718,1,14,1955,26.0597
4718,1,14,1956,26.0154
4718,1,14,1957,26.14431
4718,1,14,1958,26.22425
4718,1,14,1959,26.49511
4718,1,14,1960,26.82523
4718,1,14,1961,27.34705
4718,1,14,1962,27.17354
4718,1,14,1963,27.32136
4718,1,14,1964,27.57472
4718,1,14,1965,27.73412
4718,1,14,1966,27.83635
4718,1,14,1967,27.94821
4718,1,14,1968,28.3645
4718,1,14,1969,28.29473
4718,1,14,1970,28.19049
4718,1,14,1971,28.28594
4718,1,14,1972,29.02094
4718,1,14,1973,29.02656
4718,1,14,1974,29.11189
4718,1,14,1975,29.01078
4718,1,14,1976,29.38795
4718,1,14,1977,29.35985
4718,1,14,1978,29.47324
4718,1,14,1979,29.41092
4718,1,14,1980,29.57418
4718,1,14,1981,29.58727
4718,1,14,1982,29.84608
4718,1,14,1983,29.80565
4718,1,14,1984,29.90736
4718,1,14,1985,29.70272
4718,1,14,1986,29.66534
4718,1,14,1987,29.53219
4718,1,14,1988,29.5607
4718,1,14,1989,29.64339
4718,1,14,1990,30.09371
4718,1,14,1991,30.37606
4718,1,14,1992,30.56799
4718,1,14,1993,31.23302
4718,1,14,1994,31.96752
4718,1,14,1995,32.27961
4718,1,14,1996,32.35402
4718,1,14,1997,32.7106
4718,1,14,1998,33.19472
4718,1,14,1999,33.6973
4718,1,14,2000,33.8653
4718,1,14,2001,33.97261
4718,1,14,2002,34.15268
4718,1,14,2003,34.11009
4718,1,14,2004,34.01888
4718,1,14,2005,34.21649
4718,1,14,2006,33.93937
4718,1,14,2007,33.88368
4718,1,14,2008,34.08823
4718,1,14,2009,33.80616
4718,1,14,2010,33.62614
4718,1,14,2011,33.69364
4718,1,14,2012,33.83325
4718,1,14,2013,33.95759
4718,1,14,2014,34.00155
4718,1,14,2015,34.08164
4718,1,14,2016,34.40182
4718,1,14,2017,34.32699
4718,1,14,2018,34.34398
4718,1,14,2019,34.54148
4718,2,14,1950,27.25198
4718,2,14,1951,27.26989
4718,2,14,1952,27.49234
4718,2,14,1953,27.54425
4718,2,14,1954,27.67058
4718,2,14,1955,27.86786
4718,2,14,1956,27.89385
4718,2,14,1957,27.94424
4718,2,14,1958,28.08421
4718,2,14,1959,28.39653
4718,2,14,1960,28.70641
4718,2,14,1961,28.72111
4718,2,14,1962,28.79065
4718,2,14,1963,29.0808
4718,2,14,1964,29.24842
4718,2,14,1965,29.59047
4718,2,14,1966,29.29046
4718,2,14,1967,29.47474
4718,2,14,1968,29.56755
4718,2,14,1969,29.72902
4718,2,14,1970,29.55306
4718,2,14,1971,29.85572
4718,2,14,1972,29.98827
4718,2,14,1973,30.12715
4718,2,14,1974,30.08572
4718,2,14,1975,30.22466
4718,2,14,1976,30.09858
4718,2,14,1977,30.21608
4718,2,14,1978,30.12097
4718,2,14,1979,30.26388
4718,2,14,1980,30.21307
4718,2,14,1981,30.29529
4718,2,14,1982,30.37703
4718,2,14,1983,30.20123
4718,2,14,1984,30.33272
4718,2,14,1985,30.30744
4718,2,14,1986,30.27244
4718,2,14,1987,30.22304
4718,2,14,1988,30.27956
4718,2,14,1989,30.40247
4718,2,14,1990,30.36618
4718,2,14,1991,30.50071
4718,2,14,1992,30.69199
4718,2,14,1993,30.72354
4718,2,14,1994,30.77338
4718,2,14,1995,30.98242
4718,2,14,1996,31.13948
4718,2,14,1997,31.16165
4718,2,14,1998,31.18294
4718,2,14,1999,31.37277
4718,2,14,2000,31.23068
4718,2,14,2001,31.40162
4718,2,14,2002,31.32718
4718,2,14,2003,31.34623
4718,2,14,2004,31.54354
4718,2,14,2005,31.61655
4718,2,14,2006,31.24252
4718,2,14,2007,31.10095
4718,2,14,2008,31.02541
4718,2,14,2009,31.18254
4718,2,14,2010,31.18955
4718,2,14,2011,31.35931
4718,2,14,2012,31.33334
4718,2,14,2013,31.67502
4718,2,14,2014,32.00686
4718,2,14,2015,32.34217
4718,2,14,2016,32.36859
4718,2,14,2017,32.69364
4718,2,14,2018,32.71852
4718,2,14,2019,33.0445
4718,3,14,1950,25.10916
4718,3,14,1951,25.1525
4718,3,14,1952,25.32491
4718,3,14,1953,25.50304
4718,3,14,1954,25.5922
4718,3,14,1955,25.82305
4718,3,14,1956,26.14647
4718,3,14,1957,26.11083
4718,3,14,1958,26.41754
4718,3,14,1959,26.26509
4718,3,14,1960,26.75071
4718,3,14,1961,26.97714
4718,3,14,1962,26.9451
4718,3,14,1963,27.18525
4718,3,14,1964,27.27772
4718,3,14,1965,27.42767
4718,3,14,1966,27.64138
4718,3,14,1967,27.56009
4718,3,14,1968,27.82229
4718,3,14,1969,27.79804
4718,3,14,1970,27.93131
4718,3,14,1971,28.00598
4718,3,14,1972,28.37766
4718,3,14,1973,28.3566
4718,3,14,1974,28.64355
4718,3,14,1975,28.74847
4718,3,14,1976,28.82118
4718,3,14,1977,28.71425
4718,3,14,1978,28.87204
4718,3,14,1979,28.87811
4718,3,14,1980,28.9718
4718,3,14,1981,29.09636
4718,3,14,1982,29.10475
4718,3,14,1983,29.16294
4718,3,14,1984,29.39268
4718,3,14,1985,29.42969
4718,3,14,1986,29.21729
4718,3,14,1987,29.06669
4718,3,14,1988,29.15968
4718,3,14,1989,29.24359
4718,3,14,1990,29.51904
4718,3,14,1991,29.74998
4718,3,14,1992,30.00394
4718,3,14,1993,30.37916
4718,3,14,1994,30.85676
4718,3,14,1995,31.03215
4718,3,14,1996,31.38197
4718,3,14,1997,31.51086
4718,3,14,1998,31.70875
4718,3,14,1999,32.04222
4718,3,14,2000,32.04721
4718,3,14,2001,32.12774
4718,3,14,2002,32.20214
4718,3,14,2003,32.13644
4718,3,14,2004,32.18858
4718,3,14,2005,32.36104
4718,3,14,2006,32.01299
4718,3,14,2007,31.84997
4718,3,14,2008,31.92006
4718,3,14,2009,31.75541
4718,3,14,2010,31.6716
4718,3,14,2011,31.63921
4718,3,14,2012,31.82998
4718,3,14,2013,32.02646
4718,3,14,2014,32.20322
4718,3,14,2015,32.44891
4718,3,14,2016,32.70387
4718,3,14,2017,32.78162
4718,3,14,2018,32.82023
4718,3,14,2019,32.99242
4719,1,14,1950,26.20382
4719,1,14,1951,26.47881
4719,1,14,1952,26.47435
4719,1,14,1953,26.73339
4719,1,14,1954,26.78044
4719,1,14,1955,26.98527
4719,1,14,1956,27.24152
4719,1,14,1957,27.2947
4719,1,14,1958,27.25525
4719,1,14,1959,27.59783
4719,1,14,1960,27.76519
4719,1,14,1961,27.78559
4719,1,14,1962,28.0771
4719,1,14,1963,28.36029
4719,1,14,1964,28.13116
4719,1,14,1965,28.26208
4719,1,14,1966,28.20577
4719,1,14,1967,28.41511
4719,1,14,1968,28.62109
4719,1,14,1969,28.69602
4719,1,14,1970,29.03797
4719,1,14,1971,29.01968
4719,1,14,1972,29.24121
4719,1,14,1973,29.8862
4719,1,14,1974,29.75712
4719,1,14,1975,29.94067
4719,1,14,1976,30.13362
4719,1,14,1977,30.33933
4719,1,14,1978,30.5071
4719,1,14,1979,30.93242
4719,1,14,1980,31.14113
4719,1,14,1981,31.35936
4719,1,14,1982,31.48818
4719,1,14,1983,31.8842
4719,1,14,1984,31.83122
4719,1,14,1985,32.19335
4719,1,14,1986,32.26459
4719,1,14,1987,32.23739
4719,1,14,1988,32.19182
4719,1,14,1989,32.63526
4719,1,14,1990,32.84355
4719,1,14,1991,33.13624
4719,1,14,1992,33.22069
4719,1,14,1993,33.45977
4719,1,14,1994,33.52437
4719,1,14,1995,33.82204
4719,1,14,1996,34.24426
4719,1,14,1997,34.17335
4719,1,14,1998,34.39842
4719,1,14,1999,34.84379
4719,1,14,2000,34.75898
4719,1,14,2001,34.55353
4719,1,14,2002,34.4513
4719,1,14,2003,34.39658
4719,1,14,2004,34.69552
4719,1,14,2005,34.27111
4719,1,14,2006,34.26094
4719,1,14,2007,34.09794
4719,1,14,2008,34.09833
4719,1,14,2009,34.292
4719,1,14,2010,34.02107
4719,1,14,2011,34.22284
4719,1,14,2012,34.29984
4719,1,14,2013,34.18216
4719,1,14,2014,34.42137
4719,1,14,2015,34.51838
4719,1,14,2016,34.80651
4719,1,14,2017,35.04568
4719,1,14,2018,35.05588
4719,1,14,2019,35.11344
4719,2,14,1950,31.46979
4719,2,14,1951,31.36977
4719,2,14,1952,31.42179
4719,2,14,1953,31.52154
4719,2,14,1954,31.74287
4719,2,14,1955,31.66195
4719,2,14,1956,31.64959
4719,2,14,1957,31.94369
4719,2,14,1958,31.81654
4719,2,14,1959,32.36462
4719,2,14,1960,32.30467
4719,2,14,1961,32.36235
4719,2,14,1962,32.37251
4719,2,14,1963,32.67443
4719,2,14,1964,32.8972
4719,2,14,1965,32.85815
4719,2,14,1966,32.57108
4719,2,14,1967,32.84821
4719,2,14,1968,32.87066
4719,2,14,1969,33.15345
4719,2,14,1970,33.4196
4719,2,14,1971,33.36266
4719,2,14,1972,33.13825
4719,2,14,1973,33.65467
4719,2,14,1974,33.82178
4719,2,14,1975,33.95321
4719,2,14,1976,34.092
4719,2,14,1977,34.0672
4719,2,14,1978,34.41318
4719,2,14,1979,34.43423
4719,2,14,1980,34.78207
4719,2,14,1981,34.84057
4719,2,14,1982,35.00792
4719,2,14,1983,35.12676
4719,2,14,1984,35.2379
4719,2,14,1985,35.49264
4719,2,14,1986,35.57798
4719,2,14,1987,35.5187
4719,2,14,1988,35.78713
4719,2,14,1989,36.05736
4719,2,14,1990,36.27781
4719,2,14,1991,36.50531
4719,2,14,1992,36.73384
4719,2,14,1993,36.9517
4719,2,14,1994,36.93214
4719,2,14,1995,37.1219
4719,2,14,1996,36.97756
4719,2,14,1997,37.172
4719,2,14,1998,37.35215
4719,2,14,1999,37.43943
4719,2,14,2000,37.41881
4719,2,14,2001,37.45965
4719,2,14,2002,37.45284
4719,2,14,2003,37.44316
4719,2,14,2004,37.53007
4719,2,14,2005,37.78946
4719,2,14,2006,37.94772
4719,2,14,2007,37.99521
4719,2,14,2008,37.84869
4719,2,14,2009,38.08404
4719,2,14,2010,38.03453
4719,2,14,2011,38.29893
4719,2,14,2012,38.29539
4719,2,14,2013,38.63142
4719,2,14,2014,38.79814
4719,2,14,2015,38.91079
4719,2,14,2016,39.18521
4719,2,14,2017,39.35291
4719,2,14,2018,39.384
4719,2,14,2019,39.47673
4719,3,14,1950,27.07689
4719,3,14,1951,27.19715
4719,3,14,1952,27.46688
4719,3,14,1953,27.58795
4719,3,14,1954,27.69041
4719,3,14,1955,28.027
4719,3,14,1956,28.03455
4719,3,14,1957,28.25793
4719,3,14,1958,28.24387
4719,3,14,1959,28.44521
4719,3,14,1960,28.61829
4719,3,14,1961,28.67695
4719,3,14,1962,28.80507
4719,3,14,1963,29.16988
4719,3,14,1964,29.01083
4719,3,14,1965,29.18996
4719,3,14,1966,29.18722
4719,3,14,1967,29.2332
4719,3,14,1968,29.47182
4719,3,14,1969,29.52441
4719,3,14,1970,29.67443
4719,3,14,1971,29.84896
4719,3,14,1972,30.10889
4719,3,14,1973,30.34098
4719,3,14,1974,30.58309
4719,3,14,1975,30.95485
4719,3,14,1976,30.99869
4719,3,14,1977,31.24261
4719,3,14,1978,31.45137
4719,3,14,1979,31.60778
4719,3,14,1980,31.94895
4719,3,14,1981,32.23466
4719,3,14,1982,32.35939
4719,3,14,1983,32.57421
4719,3,14,1984,32.63562
4719,3,14,1985,32.73615
4719,3,14,1986,32.98296
4719,3,14,1987,32.95337
4719,3,14,1988,33.21726
4719,3,14,1989,33.38269
4719,3,14,1990,33.62798
4719,3,14,1991,33.85544
4719,3,14,1992,34.15466
4719,3,14,1993,34.20274
4719,3,14,1994,34.41654
4719,3,14,1995,34.50513
4719,3,14,1996,34.86431
4719,3,14,1997,34.97612
4719,3,14,1998,35.01447
4719,3,14,1999,35.37415
4719,3,14,2000,35.29367
4719,3,14,2001,35.1703
4719,3,14,2002,35.04434
4719,3,14,2003,35.25958
4719,3,14,2004,35.23648
4719,3,14,2005,35.15131
4719,3,14,2006,35.28019
4719,3,14,2007,35.11643
4719,3,14,2008,35.10806
4719,3,14,2009,35.13279
4719,3,14,2010,35.18443
4719,3,14,2011,35.30178
4719,3,14,2012,35.17565
4719,3,14,2013,35.35769
4719,3,14,2014,35.60765
4719,3,14,2015,35.7426
4719,3,14,2016,35.79491
4719,3,14,2017,36.02874
4719,3,14,2018,36.23284
4719,3,14,2019,36.11661
4720,1,14,1950,27.96385
4720,1,14,1951,28.14992
4720,1,14,1952,28.10741
4720,1,14,1953,28.50423
4720,1,14,1954,28.86025
4720,1,14,1955,28.91838
4720,1,14,1956,29.28329
4720,1,14,1957,29.53202
4720,1,14,1958,29.55545
4720,1,14,1959,29.86914
4720,1,14,1960,30.43004
4720,1,14,1961,30.50134
4720,1,14,1962,30.77161
4720,1,14,1963,31.13519
4720,1,14,1964,31.18798
4720,1,14,1965,31.47984
4720,1,14,1966,31.57337
4720,1,14,1967,31.69115
4720,1,14,1968,31.92492
4720,1,14,1969,32.44457
4720,1,14,1970,32.43522
4720,1,14,1971,32.72862
4720,1,14,1972,32.81194
4720,1,14,1973,33.15117
4720,1,14,1974,33.11048
4720,1,14,1975,33.46195
4720,1,14,1976,33.68572
4720,1,14,1977,33.75065
4720,1,14,1978,33.97891
4720,1,14,1979,34.0379
4720,1,14,1980,34.14816
4720,1,14,1981,34.48079
4720,1,14,1982,34.35239
4720,1,14,1983,34.6457
4720,1,14,1984,34.54899
4720,1,14,1985,34.26329
4720,1,14,1986,33.84091
4720,1,14,1987,33.44658
4720,1,14,1988,33.47396
4720,1,14,1989,33.35196
4720,1,14,1990,32.80492
4720,1,14,1991,32.67293
4720,1,14,1992,32.27888
4720,1,14,1993,32.02521
4720,1,14,1994,32.00594
4720,1,14,1995,31.56912
4720,1,14,1996,31.22789
4720,1,14,1997,30.91533
4720,1,14,1998,30.59946
4720,1,14,1999,30.40078
4720,1,14,2000,30.20287
4720,1,14,2001,30.37173
4720,1,14,2002,30.244
4720,1,14,2003,30.18357
4720,1,14,2004,30.3174
4720,1,14,2005,30.27125
4720,1,14,2006,30.41235
4720,1,14,2007,30.58931
4720,1,14,2008,30.83362
4720,1,14,2009,30.92946
4720,1,14,2010,30.96267
4720,1,14,2011,30.91439
4720,1,14,2012,31.29903
4720,1,14,2013,31.47845
4720,1,14,2014,31.63207
4720,1,14,2015,31.79151
4720,1,14,2016,31.84402
4720,1,14,2017,32.29006
4720,1,14,2018,32.20518
4720,1,14,2019,32.61546
4720,2,14,1950,28.17213
4720,2,14,1951,28.1646
4720,2,14,1952,28.38463
4720,2,14,1953,28.42719
4720,2,14,1954,28.61311
4720,2,14,1955,28.75956
4720,2,14,1956,29.1027
4720,2,14,1957,29.0911
4720,2,14,1958,29.2257
4720,2,14,1959,29.41754
4720,2,14,1960,29.5849
4720,2,14,1961,29.83216
4720,2,14,1962,29.92061
4720,2,14,1963,30.02025
4720,2,14,1964,29.99464
4720,2,14,1965,30.18071
4720,2,14,1966,30.10197
4720,2,14,1967,30.35383
4720,2,14,1968,30.4888
4720,2,14,1969,30.47179
4720,2,14,1970,30.60142
4720,2,14,1971,30.61379
4720,2,14,1972,30.72769
4720,2,14,1973,30.82371
4720,2,14,1974,30.92944
4720,2,14,1975,31.05297
4720,2,14,1976,30.9643
4720,2,14,1977,31.04212
4720,2,14,1978,31.11258
4720,2,14,1979,31.09727
4720,2,14,1980,31.18785
4720,2,14,1981,31.23881
4720,2,14,1982,31.30839
4720,2,14,1983,31.36253
4720,2,14,1984,31.40051
4720,2,14,1985,31.48641
4720,2,14,1986,31.50095
4720,2,14,1987,31.52166
4720,2,14,1988,31.59723
4720,2,14,1989,31.6416
4720,2,14,1990,31.68653
4720,2,14,1991,31.82052
4720,2,14,1992,31.93703
4720,2,14,1993,31.95618
4720,2,14,1994,31.93734
4720,2,14,1995,32.00737
4720,2,14,1996,32.07268
4720,2,14,1997,31.98917
4720,2,14,1998,32.09814
4720,2,14,1999,32.19889
4720,2,14,2000,32.26959
4720,2,14,2001,32.42563
4720,2,14,2002,32.62534
4720,2,14,2003,32.68073
4720,2,14,2004,32.99766
4720,2,14,2005,32.9232
4720,2,14,2006,33.04823
4720,2,14,2007,33.21662
4720,2,14,2008,33.34339
4720,2,14,2009,33.45481
4720,2,14,2010,33.63052
4720,2,14,2011,33.66775
4720,2,14,2012,33.87611
4720,2,14,2013,33.96928
4720,2,14,2014,34.07737
4720,2,14,2015,34.34589
4720,2,14,2016,34.48607
4720,2,14,2017,34.5124
4720,2,14,2018,34.74065
4720,2,14,2019,34.85605
4720,3,14,1950,27.13338
4720,3,14,1951,27.29492
4720,3,14,1952,27.33618
4720,3,14,1953,27.53627
4720,3,14,1954,27.88014
4720,3,14,1955,27.9378
4720,3,14,1956,28.16875
4720,3,14,1957,28.32716
4720,3,14,1958,28.49191
4720,3,14,1959,28.58819
4720,3,14,1960,28.87389
4720,3,14,1961,29.15516
4720,3,14,1962,29.12073
4720,3,14,1963,29.34843
4720,3,14,1964,29.45563
4720,3,14,1965,29.73705
4720,3,14,1966,29.85184
4720,3,14,1967,29.94355
4720,3,14,1968,29.98268
4720,3,14,1969,30.2087
4720,3,14,1970,30.3972
4720,3,14,1971,30.53534
4720,3,14,1972,30.62084
4720,3,14,1973,30.80578
4720,3,14,1974,31.04667
4720,3,14,1975,31.21271
4720,3,14,1976,31.33338
4720,3,14,1977,31.31918
4720,3,14,1978,31.48321
4720,3,14,1979,31.56184
4720,3,14,1980,31.79503
4720,3,14,1981,31.8893
4720,3,14,1982,32.00893
4720,3,14,1983,32.14787
4720,3,14,1984,32.10728
4720,3,14,1985,32.05838
4720,3,14,1986,31.98517
4720,3,14,1987,31.88759
4720,3,14,1988,31.96657
4720,3,14,1989,31.92862
4720,3,14,1990,31.81458
4720,3,14,1991,31.75117
4720,3,14,1992,31.57927
4720,3,14,1993,31.53982
4720,3,14,1994,31.40982
4720,3,14,1995,31.29133
4720,3,14,1996,31.13551
4720,3,14,1997,31.01699
4720,3,14,1998,30.86195
4720,3,14,1999,30.86903
4720,3,14,2000,30.74288
4720,3,14,2001,30.91443
4720,3,14,2002,30.91371
4720,3,14,2003,31.02011
4720,3,14,2004,31.17929
4720,3,14,2005,31.1555
4720,3,14,2006,31.23299
4720,3,14,2007,31.27632
4720,3,14,2008,31.51595
4720,3,14,2009,31.61612
4720,3,14,2010,31.65888
4720,3,14,2011,31.61692
4720,3,14,2012,31.843
4720,3,14,2013,32.00919
4720,3,14,2014,32.267
4720,3,14,2015,32.40847
4720,3,14,2016,32.48832
4720,3,14,2017,32.85405
4720,3,14,2018,32.94375
4720,3,14,2019,33.09506
4721,1,14,1950,22.11745
4721,1,14,1951,22.38411
4721,1,14,1952,22.34687
4721,1,14,1953,22.59637
4721,1,14,1954,23.06037
4721,1,14,1955,23.33959
4721,1,14,1956,23.43303
4721,1,14,1957,23.89315
4721,1,14,1958,23.92986
4721,1,14,1959,24.33839
4721,1,14,1960,24.49779
4721,1,14,1961,24.93898
4721,1,14,1962,25.09262
4721,1,14,1963,25.13136
4721,1,14,1964,25.66201
4721,1,14,1965,25.81453
4721,1,14,1966,26.02344
4721,1,14,1967,26.05795
4721,1,14,1968,26.4587
4721,1,14,1969,26.58129
4721,1,14,1970,26.90387
4721,1,14,1971,27.08825
4721,1,14,1972,27.48369
4721,1,14,1973,27.70503
4721,1,14,1974,27.98453
4721,1,14,1975,28.20672
4721,1,14,1976,28.25287
4721,1,14,1977,28.50632
4721,1,14,1978,28.59693
4721,1,14,1979,28.74029
4721,1,14,1980,29.11375
4721,1,14,1981,29.08534
4721,1,14,1982,29.41424
4721,1,14,1983,29.40935
4721,1,14,1984,29.42715
4721,1,14,1985,29.36423
4721,1,14,1986,29.56458
4721,1,14,1987,29.40097
4721,1,14,1988,29.67437
4721,1,14,1989,29.95379
4721,1,14,1990,29.94808
4721,1,14,1991,30.10145
4721,1,14,1992,30.06228
4721,1,14,1993,30.3488
4721,1,14,1994,30.49017
4721,1,14,1995,30.87043
4721,1,14,1996,31.12027
4721,1,14,1997,31.22374
4721,1,14,1998,31.52303
4721,1,14,1999,31.58714
4721,1,14,2000,31.68239
4721,1,14,2001,31.75689
4721,1,14,2002,32.00582
4721,1,14,2003,31.93509
4721,1,14,2004,31.85216
4721,1,14,2005,31.87004
4721,1,14,2006,31.8966
4721,1,14,2007,31.69435
4721,1,14,2008,31.62445
4721,1,14,2009,31.58754
4721,1,14,2010,31.71937
4721,1,14,2011,31.55203
4721,1,14,2012,31.63931
4721,1,14,2013,31.69141
4721,1,14,2014,31.77132
4721,1,14,2015,32.00058
4721,1,14,2016,32.18904
4721,1,14,2017,32.16768
4721,1,14,2018,32.21241
4721,1,14,2019,32.4573
4721,2,14,1950,26.60783
4721,2,14,1951,26.77307
4721,2,14,1952,26.96764
4721,2,14,1953,27.32282
4721,2,14,1954,27.46318
4721,2,14,1955,27.6037
4721,2,14,1956,27.6163
4721,2,14,1957,27.94582
4721,2,14,1958,27.9716
4721,2,14,1959,28.17471
4721,2,14,1960,28.58095
4721,2,14,1961,28.62621
4721,2,14,1962,28.88339
4721,2,14,1963,29.04989
4721,2,14,1964,29.24598
4721,2,14,1965,29.13583
4721,2,14,1966,29.35563
4721,2,14,1967,29.55047
4721,2,14,1968,29.76946
4721,2,14,1969,29.78098
4721,2,14,1970,30.03249
4721,2,14,1971,30.176
4721,2,14,1972,30.16446
4721,2,14,1973,30.15514
4721,2,14,1974,30.43372
4721,2,14,1975,30.38714
4721,2,14,1976,30.4627
4721,2,14,1977,30.54372
4721,2,14,1978,30.83981
4721,2,14,1979,30.85203
4721,2,14,1980,31.02738
4721,2,14,1981,31.10429
4721,2,14,1982,31.3034
4721,2,14,1983,31.31977
4721,2,14,1984,31.41145
4721,2,14,1985,31.49853
4721,2,14,1986,31.63984
4721,2,14,1987,31.69879
4721,2,14,1988,31.76202
4721,2,14,1989,31.65014
4721,2,14,1990,31.77245
4721,2,14,1991,32.04696
4721,2,14,1992,32.13998
4721,2,14,1993,32.09473
4721,2,14,1994,32.1248
4721,2,14,1995,31.99428
4721,2,14,1996,32.08218
4721,2,14,1997,32.00985
4721,2,14,1998,32.08647
4721,2,14,1999,32.01179
4721,2,14,2000,32.08387
4721,2,14,2001,32.17053
4721,2,14,2002,32.14972
4721,2,14,2003,32.25089
4721,2,14,2004,32.21817
4721,2,14,2005,32.28544
4721,2,14,2006,32.31107
4721,2,14,2007,32.43782
4721,2,14,2008,32.53883
4721,2,14,2009,32.7625
4721,2,14,2010,32.85954
4721,2,14,2011,32.9863
4721,2,14,2012,33.20174
4721,2,14,2013,33.40771
4721,2,14,2014,33.45595
4721,2,14,2015,33.86222
4721,2,14,2016,33.79196
4721,2,14,2017,34.1121
4721,2,14,2018,34.3544
4721,2,14,2019,34.34628
4721,3,14,1950,23.09298
4721,3,14,1951,23.30363
4721,3,14,1952,23.19341
4721,3,14,1953,23.52441
4721,3,14,1954,23.90727
4721,3,14,1955,24.10528
4721,3,14,1956,24.39393
4721,3,14,1957,24.57996
4721,3,14,1958,24.79776
4721,3,14,1959,25.05649
4721,3,14,1960,25.3201
4721,3,14,1961,25.73165
4721,3,14,1962,25.78479
4721,3,14,1963,25.98961
4721,3,14,1964,26.30781
4721,3,14,1965,26.46561
4721,3,14,1966,26.62299
4721,3,14,1967,26.73363
4721,3,14,1968,26.93624
4721,3,14,1969,27.25888
4721,3,14,1970,27.4421
4721,3,14,1971,27.55823
4721,3,14,1972,27.87448
4721,3,14,1973,28.05523
4721,3,14,1974,28.30656
4721,3,14,1975,28.46872
4721,3,14,1976,28.59688
4721,3,14,1977,28.82764
4721,3,14,1978,28.94698
4721,3,14,1979,28.99784
4721,3,14,1980,29.24262
4721,3,14,1981,29.34554
4721,3,14,1982,29.55384
4721,3,14,1983,29.65834
4721,3,14,1984,29.77699
4721,3,14,1985,29.77958
4721,3,14,1986,29.83273
4721,3,14,1987,29.84423
4721,3,14,1988,30.01968
4721,3,14,1989,30.21081
4721,3,14,1990,30.27617
4721,3,14,1991,30.44028
4721,3,14,1992,30.50733
4721,3,14,1993,30.72896
4721,3,14,1994,30.81416
4721,3,14,1995,30.92393
4721,3,14,1996,31.09005
4721,3,14,1997,31.15892
4721,3,14,1998,31.32855
4721,3,14,1999,31.32197
4721,3,14,2000,31.38629
4721,3,14,2001,31.4968
4721,3,14,2002,31.56718
4721,3,14,2003,31.611
4721,3,14,2004,31.55362
4721,3,14,2005,31.60731
4721,3,14,2006,31.52255
4721,3,14,2007,31.62356
4721,3,14,2008,31.49093
4721,3,14,2009,31.63687
4721,3,14,2010,31.63719
4721,3,14,2011,31.68117
4721,3,14,2012,31.70248
4721,3,14,2013,31.8478
4721,3,14,2014,32.06377
4721,3,14,2015,32.19183
4721,3,14,2016,32.28462
4721,3,14,2017,32.40591
4721,3,14,2018,32.57672
4721,3,14,2019,32.73666
4722,1,14,1950,24.95961
4722,1,14,1951,25.16535
4722,1,14,1952,25.43676
4722,1,14,1953,25.49252
4722,1,14,1954,25.6968
4722,1,14,1955,25.86669
4722,1,14,1956,26.00938
4722,1,14,1957,26.43145
4722,1,14,1958,26.27107
4722,1,14,1959,26.76166
4722,1,14,1960,26.85815
4722,1,14,1961,27.49086
4722,1,14,1962,27.16571
4722,1,14,1963,27.52122
4722,1,14,1964,27.88748
4722,1,14,1965,27.84787
4722,1,14,1966,27.90802
4722,1,14,1967,28.11306
4722,1,14,1968,28.23582
4722,1,14,1969,28.60424
4722,1,14,1970,28.6771
4722,1,14,1971,29.07713
4722,1,14,1972,29.01935
4722,1,14,1973,29.38797
4722,1,14,1974,29.59587
4722,1,14,1975,29.70994
4722,1,14,1976,29.98954
4722,1,14,1977,30.04771
4722,1,14,1978,30.1814
4722,1,14,1979,30.4714
4722,1,14,1980,30.57518
4722,1,14,1981,30.75044
4722,1,14,1982,30.62703
4722,1,14,1983,30.87962
4722,1,14,1984,31.01832
4722,1,14,1985,31.07342
4722,1,14,1986,31.29195
4722,1,14,1987,31.4804
4722,1,14,1988,31.41216
4722,1,14,1989,31.15586
4722,1,14,1990,31.3486
4722,1,14,1991,31.33142
4722,1,14,1992,31.332
4722,1,14,1993,31.1204
4722,1,14,1994,31.05858
4722,1,14,1995,31.10828
4722,1,14,1996,30.99898
4722,1,14,1997,30.9039
4722,1,14,1998,30.77573
4722,1,14,1999,30.6569
4722,1,14,2000,30.52234
4722,1,14,2001,30.45399
4722,1,14,2002,30.42457
4722,1,14,2003,30.48423
4722,1,14,2004,30.32754
4722,1,14,2005,30.55469
4722,1,14,2006,30.42135
4722,1,14,2007,30.44875
4722,1,14,2008,30.6838
4722,1,14,2009,30.65911
4722,1,14,2010,30.79744
4722,1,14,2011,30.94986
4722,1,14,2012,31.17057
4722,1,14,2013,31.18684
4722,1,14,2014,31.53711
4722,1,14,2015,31.73052
4722,1,14,2016,31.78263
4722,1,14,2017,31.75122
4722,1,14,2018,31.85109
4722,1,14,2019,31.9382
4722,2,14,1950,28.67858
4722,2,14,1951,28.70513
4722,2,14,1952,28.9249
4722,2,14,1953,29.04139
4722,2,14,1954,29.12649
4722,2,14,1955,29.35535
4722,2,14,1956,29.40685
4722,2,14,1957,29.58383
4722,2,14,1958,29.60148
4722,2,14,1959,29.98001
4722,2,14,1960,30.05276
4722,2,14,1961,30.23426
4722,2,14,1962,30.32704
4722,2,14,1963,30.48897
4722,2,14,1964,30.52712
4722,2,14,1965,30.43058
4722,2,14,1966,30.63135
4722,2,14,1967,30.70625
4722,2,14,1968,30.77314
4722,2,14,1969,30.90448
4722,2,14,1970,30.92469
4722,2,14,1971,31.06073
4722,2,14,1972,31.14345
4722,2,14,1973,31.27768
4722,2,14,1974,31.35437
4722,2,14,1975,31.39763
4722,2,14,1976,31.43888
4722,2,14,1977,31.56183
4722,2,14,1978,31.65362
4722,2,14,1979,31.79098
4722,2,14,1980,31.75925
4722,2,14,1981,31.84806
4722,2,14,1982,31.98361
4722,2,14,1983,31.95013
4722,2,14,1984,32.06157
4722,2,14,1985,32.14796
4722,2,14,1986,32.33299
4722,2,14,1987,32.26924
4722,2,14,1988,32.28259
4722,2,14,1989,32.42401
4722,2,14,1990,32.50712
4722,2,14,1991,32.41602
4722,2,14,1992,32.52963
4722,2,14,1993,32.46288
4722,2,14,1994,32.59214
4722,2,14,1995,32.5108
4722,2,14,1996,32.42128
4722,2,14,1997,32.362
4722,2,14,1998,32.2858
4722,2,14,1999,32.30384
4722,2,14,2000,32.29296
4722,2,14,2001,32.40281
4722,2,14,2002,32.47758
4722,2,14,2003,32.50927
4722,2,14,2004,32.53298
4722,2,14,2005,32.73866
4722,2,14,2006,32.85657
4722,2,14,2007,32.87591
4722,2,14,2008,33.07138
4722,2,14,2009,33.07277
4722,2,14,2010,33.32475
4722,2,14,2011,33.53428
4722,2,14,2012,33.66586
4722,2,14,2013,33.88949
4722,2,14,2014,34.00373
4722,2,14,2015,34.13235
4722,2,14,2016,34.30098
4722,2,14,2017,34.39001
4722,2,14,2018,34.58556
4722,2,14,2019,34.8852
4722,3,14,1950,25.70164
4722,3,14,1951,25.68101
4722,3,14,1952,26.05734
4722,3,14,1953,26.27432
4722,3,14,1954,26.34894
4722,3,14,1955,26.40987
4722,3,14,1956,26.73408
4722,3,14,1957,27.05945
4722,3,14,1958,26.89914
4722,3,14,1959,27.20968
4722,3,14,1960,27.41873
4722,3,14,1961,27.80248
4722,3,14,1962,27.71056
4722,3,14,1963,27.96264
4722,3,14,1964,28.04358
4722,3,14,1965,28.22947
4722,3,14,1966,28.34227
4722,3,14,1967,28.50425
4722,3,14,1968,28.7178
4722,3,14,1969,28.79688
4722,3,14,1970,28.9788
4722,3,14,1971,29.20241
4722,3,14,1972,29.23071
4722,3,14,1973,29.51107
4722,3,14,1974,29.8165
4722,3,14,1975,29.86011
4722,3,14,1976,30.01101
4722,3,14,1977,30.06594
4722,3,14,1978,30.26737
4722,3,14,1979,30.40262
4722,3,14,1980,30.52475
4722,3,14,1981,30.6704
4722,3,14,1982,30.68076
4722,3,14,1983,30.82559
4722,3,14,1984,30.86315
4722,3,14,1985,30.98899
4722,3,14,1986,31.143
4722,3,14,1987,31.20197
4722,3,14,1988,31.26342
4722,3,14,1989,31.23303
4722,3,14,1990,31.30334
4722,3,14,1991,31.32212
4722,3,14,1992,31.41775
4722,3,14,1993,31.38776
4722,3,14,1994,31.37899
4722,3,14,1995,31.33188
4722,3,14,1996,31.34236
4722,3,14,1997,31.19976
4722,3,14,1998,31.1071
4722,3,14,1999,31.03565
4722,3,14,2000,31.1058
4722,3,14,2001,31.00074
4722,3,14,2002,31.12474
4722,3,14,2003,31.04226
4722,3,14,2004,31.03052
4722,3,14,2005,31.18793
4722,3,14,2006,31.21102
4722,3,14,2007,31.19384
4722,3,14,2008,31.33535
4722,3,14,2009,31.41028
4722,3,14,2010,31.4361
4722,3,14,2011,31.69724
4722,3,14,2012,31.75063
4722,3,14,2013,32.01196
4722,3,14,2014,32.21036
4722,3,14,2015,32.4536
4722,3,14,2016,32.49147
4722,3,14,2017,32.64649
4722,3,14,2018,32.66814
4722,3,14,2019,32.91025
4723,1,14,1950,27.74066
4723,1,14,1951,27.91977
4723,1,14,1952,28.01488
4723,1,14,1953,28.52857
4723,1,14,1954,28.49631
4723,1,14,1955,28.93867
4723,1,14,1956,28.70901
4723,1,14,1957,28.71894
4723,1,14,1958,29.01415
4723,1,14,1959,29.41961
4723,1,14,1960,29.69698
4723,1,14,1961,29.71058
4723,1,14,1962,30.00086
4723,1,14,1963,30.03338
4723,1,14,1964,30.33962
4723,1,14,1965,30.50512
4723,1,14,1966,30.38965
4723,1,14,1967,30.45437
4723,1,14,1968,30.56142
4723,1,14,1969,31.106
4723,1,14,1970,30.89475
4723,1,14,1971,31.05078
4723,1,14,1972,31.43746
4723,1,14,1973,31.33749
4723,1,14,1974,31.87481
4723,1,14,1975,31.93304
4723,1,14,1976,32.07218
4723,1,14,1977,31.93305
4723,1,14,1978,32.22147
4723,1,14,1979,32.30821
4723,1,14,1980,32.22222
4723,1,14,1981,32.29119
4723,1,14,1982,32.29584
4723,1,14,1983,32.21149
4723,1,14,1984,32.17436
4723,1,14,1985,31.91644
4723,1,14,1986,31.97408
4723,1,14,1987,31.6794
4723,1,14,1988,31.48017
4723,1,14,1989,31.46401
4723,1,14,1990,31.07138
4723,1,14,1991,31.26383
4723,1,14,1992,31.03935
4723,1,14,1993,31.00872
4723,1,14,1994,31.16336
4723,1,14,1995,31.4095
4723,1,14,1996,31.62042
4723,1,14,1997,31.65537
4723,1,14,1998,31.61935
4723,1,14,1999,31.63185
4723,1,14,2000,31.62747
4723,1,14,2001,31.60058
4723,1,14,2002,31.38948
4723,1,14,2003,31.54277
4723,1,14,2004,31.44541
4723,1,14,2005,31.49861
4723,1,14,2006,30.13644
4723,1,14,2007,31.35214
4723,1,14,2008,31.34406
4723,1,14,2009,31.29195
4723,1,14,2010,31.34445
4723,1,14,2011,31.30453
4723,1,14,2012,31.38856
4723,1,14,2013,31.25997
4723,1,14,2014,31.40416
4723,1,14,2015,31.57151
4723,1,14,2016,31.58459
4723,1,14,2017,31.35985
4723,1,14,2018,31.98976
4723,1,14,2019,32.16482
4723,2,14,1950,29.12837
4723,2,14,1951,29.19053
4723,2,14,1952,29.27735
4723,2,14,1953,29.42022
4723,2,14,1954,29.65668
4723,2,14,1955,29.72798
4723,2,14,1956,29.8586
4723,2,14,1957,29.98236
4723,2,14,1958,30.00584
4723,2,14,1959,30.08537
4723,2,14,1960,30.37703
4723,2,14,1961,30.58328
4723,2,14,1962,30.52865
4723,2,14,1963,30.59806
4723,2,14,1964,30.92621
4723,2,14,1965,30.72515
4723,2,14,1966,30.87802
4723,2,14,1967,30.85309
4723,2,14,1968,30.8243
4723,2,14,1969,31.06417
4723,2,14,1970,31.21467
4723,2,14,1971,31.10549
4723,2,14,1972,31.15955
4723,2,14,1973,31.1907
4723,2,14,1974,31.34211
4723,2,14,1975,31.44614
4723,2,14,1976,31.43554
4723,2,14,1977,31.13829
4723,2,14,1978,31.30625
4723,2,14,1979,31.51201
4723,2,14,1980,31.36716
4723,2,14,1981,31.29649
4723,2,14,1982,31.07947
4723,2,14,1983,30.86992
4723,2,14,1984,30.6775
4723,2,14,1985,30.58844
4723,2,14,1986,30.36408
4723,2,14,1987,30.19111
4723,2,14,1988,30.16358
4723,2,14,1989,30.14199
4723,2,14,1990,30.01787
4723,2,14,1991,30.07741
4723,2,14,1992,30.17174
4723,2,14,1993,30.20199
4723,2,14,1994,30.07219
4723,2,14,1995,30.11688
4723,2,14,1996,30.08936
4723,2,14,1997,30.18534
4723,2,14,1998,30.16098
4723,2,14,1999,30.32351
4723,2,14,2000,30.49275
4723,2,14,2001,30.56123
4723,2,14,2002,30.77778
4723,2,14,2003,30.84667
4723,2,14,2004,30.95495
4723,2,14,2005,31.07747
4723,2,14,2006,30.57549
4723,2,14,2007,31.40777
4723,2,14,2008,31.54431
4723,2,14,2009,31.65161
4723,2,14,2010,31.94418
4723,2,14,2011,32.09869
4723,2,14,2012,32.23873
4723,2,14,2013,32.58826
4723,2,14,2014,32.75675
4723,2,14,2015,32.8666
4723,2,14,2016,33.06572
4723,2,14,2017,33.16115
4723,2,14,2018,33.38602
4723,2,14,2019,33.69921
4723,3,14,1950,27.58699
4723,3,14,1951,27.65093
4723,3,14,1952,27.68535
4723,3,14,1953,28.03296
4723,3,14,1954,28.15071
4723,3,14,1955,28.21909
4723,3,14,1956,28.49159
4723,3,14,1957,28.40919
4723,3,14,1958,28.56742
4723,3,14,1959,28.81669
4723,3,14,1960,28.80519
4723,3,14,1961,29.08316
4723,3,14,1962,29.21916
4723,3,14,1963,29.19497
4723,3,14,1964,29.60418
4723,3,14,1965,29.66438
4723,3,14,1966,29.70217
4723,3,14,1967,29.66007
4723,3,14,1968,29.71602
4723,3,14,1969,30.02711
4723,3,14,1970,30.12542
4723,3,14,1971,29.91412
4723,3,14,1972,30.43482
4723,3,14,1973,30.495
4723,3,14,1974,30.54017
4723,3,14,1975,30.75147
4723,3,14,1976,30.89172
4723,3,14,1977,30.88331
4723,3,14,1978,30.92364
4723,3,14,1979,31.05807
4723,3,14,1980,31.12988
4723,3,14,1981,31.15484
4723,3,14,1982,31.13799
4723,3,14,1983,30.92639
4723,3,14,1984,30.843
4723,3,14,1985,30.6777
4723,3,14,1986,30.45074
4723,3,14,1987,30.28411
4723,3,14,1988,30.11769
4723,3,14,1989,30.01792
4723,3,14,1990,29.96957
4723,3,14,1991,29.94028
4723,3,14,1992,29.9183
4723,3,14,1993,29.97347
4723,3,14,1994,30.00112
4723,3,14,1995,30.04036
4723,3,14,1996,30.07738
4723,3,14,1997,30.19151
4723,3,14,1998,30.14105
4723,3,14,1999,30.20522
4723,3,14,2000,30.27261
4723,3,14,2001,30.36955
4723,3,14,2002,30.35756
4723,3,14,2003,30.47702
4723,3,14,2004,30.44026
4723,3,14,2005,30.47887
4723,3,14,2006,29.63067
4723,3,14,2007,30.48366
4723,3,14,2008,30.5248
4723,3,14,2009,30.55193
4723,3,14,2010,30.50992
4723,3,14,2011,30.77899
4723,3,14,2012,30.76922
4723,3,14,2013,30.84848
4723,3,14,2014,30.97366
4723,3,14,2015,31.02613
4723,3,14,2016,31.24
4723,3,14,2017,31.2323
4723,3,14,2018,31.55263
4723,3,14,2019,31.43105
4724,1,14,1950,23.52458
4724,1,14,1951,23.86411
4724,1,14,1952,24.07363
4724,1,14,1953,24.12085
4724,1,14,1954,24.2138
4724,1,14,1955,24.53139
4724,1,14,1956,24.5686
4724,1,14,1957,24.97467
4724,1,14,1958,25.10744
4724,1,14,1959,25.21451
4724,1,14,1960,25.48731
4724,1,14,1961,25.6073
4724,1,14,1962,25.82552
4724,1,14,1963,25.99124
4724,1,14,1964,26.18783
4724,1,14,1965,26.20714
4724,1,14,1966,26.24837
4724,1,14,1967,26.64964
4724,1,14,1968,26.68398
4724,1,14,1969,26.92045
4724,1,14,1970,27.06406
4724,1,14,1971,26.98394
4724,1,14,1972,27.47666
4724,1,14,1973,27.46487
4724,1,14,1974,27.57844
4724,1,14,1975,27.68106
4724,1,14,1976,27.82489
4724,1,14,1977,28.01586
4724,1,14,1978,28.14909
4724,1,14,1979,28.38834
4724,1,14,1980,28.45564
4724,1,14,1981,28.51932
4724,1,14,1982,28.64785
4724,1,14,1983,28.64763
4724,1,14,1984,28.57098
4724,1,14,1985,28.63188
4724,1,14,1986,28.8199
4724,1,14,1987,28.63758
4724,1,14,1988,28.61228
4724,1,14,1989,28.81363
4724,1,14,1990,28.77906
4724,1,14,1991,28.78098
4724,1,14,1992,28.82049
4724,1,14,1993,28.79266
4724,1,14,1994,29.04035
4724,1,14,1995,29.20835
4724,1,14,1996,29.42676
4724,1,14,1997,29.38721
4724,1,14,1998,29.63371
4724,1,14,1999,29.62723
4724,1,14,2000,29.68821
4724,1,14,2001,29.72427
4724,1,14,2002,29.72432
4724,1,14,2003,29.66702
4724,1,14,2004,29.74547
4724,1,14,2005,29.69373
4724,1,14,2006,29.56691
4724,1,14,2007,29.53152
4724,1,14,2008,29.67207
4724,1,14,2009,29.76836
4724,1,14,2010,29.68625
4724,1,14,2011,29.6809
4724,1,14,2012,29.89328
4724,1,14,2013,29.87793
4724,1,14,2014,30.25966
4724,1,14,2015,30.39968
4724,1,14,2016,30.52752
4724,1,14,2017,30.84585
4724,1,14,2018,30.94524
4724,1,14,2019,31.08923
4724,2,14,1950,28.65623
4724,2,14,1951,28.81732
4724,2,14,1952,28.94117
4724,2,14,1953,28.97669
4724,2,14,1954,29.03288
4724,2,14,1955,29.40361
4724,2,14,1956,29.49066
4724,2,14,1957,29.66716
4724,2,14,1958,29.62135
4724,2,14,1959,29.87381
4724,2,14,1960,29.93021
4724,2,14,1961,30.20765
4724,2,14,1962,30.28225
4724,2,14,1963,30.311
4724,2,14,1964,30.42477
4724,2,14,1965,30.50376
4724,2,14,1966,30.3581
4724,2,14,1967,30.59613
4724,2,14,1968,30.71328
4724,2,14,1969,30.76138
4724,2,14,1970,30.85045
4724,2,14,1971,30.88634
4724,2,14,1972,31.02696
4724,2,14,1973,31.07703
4724,2,14,1974,31.12628
4724,2,14,1975,31.37169
4724,2,14,1976,31.25062
4724,2,14,1977,31.53686
4724,2,14,1978,31.47016
4724,2,14,1979,31.8136
4724,2,14,1980,31.88234
4724,2,14,1981,31.92715
4724,2,14,1982,31.92112
4724,2,14,1983,32.14138
4724,2,14,1984,32.05748
4724,2,14,1985,31.99955
4724,2,14,1986,31.88487
4724,2,14,1987,31.8312
4724,2,14,1988,31.88679
4724,2,14,1989,32.01246
4724,2,14,1990,31.94924
4724,2,14,1991,31.9872
4724,2,14,1992,32.04202
4724,2,14,1993,32.04987
4724,2,14,1994,32.00293
4724,2,14,1995,32.24505
4724,2,14,1996,32.20581
4724,2,14,1997,32.19838
4724,2,14,1998,32.28905
4724,2,14,1999,32.22806
4724,2,14,2000,32.31385
4724,2,14,2001,32.34886
4724,2,14,2002,32.3943
4724,2,14,2003,32.5361
4724,2,14,2004,32.65762
4724,2,14,2005,32.87629
4724,2,14,2006,32.95247
4724,2,14,2007,33.21015
4724,2,14,2008,33.41909
4724,2,14,2009,33.63264
4724,2,14,2010,33.70425
4724,2,14,2011,33.92289
4724,2,14,2012,34.14195
4724,2,14,2013,34.33288
4724,2,14,2014,34.4732
4724,2,14,2015,34.73613
4724,2,14,2016,34.93623
4724,2,14,2017,34.80053
4724,2,14,2018,35.1467
4724,2,14,2019,35.42332
4724,3,14,1950,25.11302
4724,3,14,1951,25.16099
4724,3,14,1952,25.40496
4724,3,14,1953,25.53827
4724,3,14,1954,25.68728
4724,3,14,1955,25.91119
4724,3,14,1956,26.11659
4724,3,14,1957,26.22024
4724,3,14,1958,26.36286
4724,3,14,1959,26.56794
4724,3,14,1960,26.67917
4724,3,14,1961,26.92524
4724,3,14,1962,27.01356
4724,3,14,1963,27.23079
4724,3,14,1964,27.4271
4724,3,14,1965,27.47713
4724,3,14,1966,27.58621
4724,3,14,1967,27.71434
4724,3,14,1968,27.90381
4724,3,14,1969,28.02088
4724,3,14,1970,28.19519
4724,3,14,1971,28.30811
4724,3,14,1972,28.45243
4724,3,14,1973,28.58847
4724,3,14,1974,28.7611
4724,3,14,1975,28.82879
4724,3,14,1976,28.93716
4724,3,14,1977,29.07539
4724,3,14,1978,29.11338
4724,3,14,1979,29.30063
4724,3,14,1980,29.4614
4724,3,14,1981,29.56554
4724,3,14,1982,29.7046
4724,3,14,1983,29.80817
4724,3,14,1984,29.80957
4724,3,14,1985,29.96072
4724,3,14,1986,29.90172
4724,3,14,1987,29.8938
4724,3,14,1988,29.93108
4724,3,14,1989,29.96335
4724,3,14,1990,29.9334
4724,3,14,1991,30.03486
4724,3,14,1992,30.12126
4724,3,14,1993,30.17394
4724,3,14,1994,30.23941
4724,3,14,1995,30.37825
4724,3,14,1996,30.52349
4724,3,14,1997,30.55987
4724,3,14,1998,30.60406
4724,3,14,1999,30.57938
4724,3,14,2000,30.63489
4724,3,14,2001,30.69992
4724,3,14,2002,30.69272
4724,3,14,2003,30.78719
4724,3,14,2004,30.86885
4724,3,14,2005,30.82854
4724,3,14,2006,30.89739
4724,3,14,2007,30.95898
4724,3,14,2008,30.9785
4724,3,14,2009,31.09191
4724,3,14,2010,31.16924
4724,3,14,2011,31.28346
4724,3,14,2012,31.37881
4724,3,14,2013,31.52602
4724,3,14,2014,31.74702
4724,3,14,2015,31.80519
4724,3,14,2016,32.00335
4724,3,14,2017,32.23938
4724,3,14,2018,32.35767
4724,3,14,2019,32.50083
4725,1,14,1950,20.35789
4725,1,14,1951,20.38193
4725,1,14,1952,20.60564
4725,1,14,1953,20.906
4725,1,14,1954,20.94464
4725,1,14,1955,21.41798
4725,1,14,1956,21.59901
4725,1,14,1957,21.79481
4725,1,14,1958,22.27106
4725,1,14,1959,22.50402
4725,1,14,1960,22.7565
4725,1,14,1961,23.25813
4725,1,14,1962,23.51788
4725,1,14,1963,23.79431
4725,1,14,1964,24.02436
4725,1,14,1965,24.29223
4725,1,14,1966,24.63579
4725,1,14,1967,24.62729
4725,1,14,1968,24.943
4725,1,14,1969,25.41222
4725,1,14,1970,25.70261
4725,1,14,1971,25.89728
4725,1,14,1972,26.26978
4725,1,14,1973,26.45939
4725,1,14,1974,26.94348
4725,1,14,1975,26.97958
4725,1,14,1976,27.1668
4725,1,14,1977,27.40987
4725,1,14,1978,27.76925
4725,1,14,1979,28.13353
4725,1,14,1980,28.25436
4725,1,14,1981,28.61352
4725,1,14,1982,28.79446
4725,1,14,1983,29.13183
4725,1,14,1984,29.00747
4725,1,14,1985,29.12295
4725,1,14,1986,29.11328
4725,1,14,1987,29.2395
4725,1,14,1988,29.38478
4725,1,14,1989,29.57669
4725,1,14,1990,29.85953
4725,1,14,1991,29.84602
4725,1,14,1992,30.291
4725,1,14,1993,30.35886
4725,1,14,1994,30.66716
4725,1,14,1995,30.93261
4725,1,14,1996,31.1942
4725,1,14,1997,31.43307
4725,1,14,1998,31.49998
4725,1,14,1999,31.40139
4725,1,14,2000,31.12762
4725,1,14,2001,31.10495
4725,1,14,2002,30.70687
4725,1,14,2003,30.60772
4725,1,14,2004,30.66777
4725,1,14,2005,30.62581
4725,1,14,2006,30.45853
4725,1,14,2007,30.54855
4725,1,14,2008,30.38083
4725,1,14,2009,30.17251
4725,1,14,2010,30.25154
4725,1,14,2011,30.28335
4725,1,14,2012,30.38025
4725,1,14,2013,30.48001
4725,1,14,2014,30.54769
4725,1,14,2015,30.78983
4725,1,14,2016,31.00591
4725,1,14,2017,31.29679
4725,1,14,2018,31.16235
4725,1,14,2019,31.34814
4725,2,14,1950,24.83839
4725,2,14,1951,24.69471
4725,2,14,1952,25.11516
4725,2,14,1953,25.28707
4725,2,14,1954,25.38529
4725,2,14,1955,25.64223
4725,2,14,1956,25.92029
4725,2,14,1957,26.0873
4725,2,14,1958,26.43814
4725,2,14,1959,26.50702
4725,2,14,1960,27.01462
4725,2,14,1961,27.19244
4725,2,14,1962,27.23933
4725,2,14,1963,27.42614
4725,2,14,1964,27.70139
4725,2,14,1965,27.87187
4725,2,14,1966,27.92917
4725,2,14,1967,27.90173
4725,2,14,1968,28.34971
4725,2,14,1969,28.47892
4725,2,14,1970,28.52375
4725,2,14,1971,28.72609
4725,2,14,1972,28.94632
4725,2,14,1973,29.17059
4725,2,14,1974,29.1259
4725,2,14,1975,29.41992
4725,2,14,1976,29.34779
4725,2,14,1977,29.38866
4725,2,14,1978,29.66688
4725,2,14,1979,29.59707
4725,2,14,1980,29.75889
4725,2,14,1981,29.99473
4725,2,14,1982,30.12435
4725,2,14,1983,30.18756
4725,2,14,1984,30.39949
4725,2,14,1985,30.46828
4725,2,14,1986,30.63451
4725,2,14,1987,30.72384
4725,2,14,1988,30.96897
4725,2,14,1989,31.15549
4725,2,14,1990,31.39641
4725,2,14,1991,31.72369
4725,2,14,1992,32.01653
4725,2,14,1993,31.8719
4725,2,14,1994,32.03111
4725,2,14,1995,32.08059
4725,2,14,1996,31.94803
4725,2,14,1997,31.95743
4725,2,14,1998,31.76765
4725,2,14,1999,31.66346
4725,2,14,2000,31.68213
4725,2,14,2001,31.7047
4725,2,14,2002,31.76789
4725,2,14,2003,31.80127
4725,2,14,2004,31.86343
4725,2,14,2005,31.89563
4725,2,14,2006,31.85195
4725,2,14,2007,31.89649
4725,2,14,2008,31.95934
4725,2,14,2009,32.04754
4725,2,14,2010,32.20993
4725,2,14,2011,32.34299
4725,2,14,2012,32.52805
4725,2,14,2013,32.60333
4725,2,14,2014,32.92339
4725,2,14,2015,33.03752
4725,2,14,2016,33.29031
4725,2,14,2017,33.2158
4725,2,14,2018,33.58769
4725,2,14,2019,33.72748
4725,3,14,1950,20.998
4725,3,14,1951,21.11385
4725,3,14,1952,21.3357
4725,3,14,1953,21.65909
4725,3,14,1954,21.76668
4725,3,14,1955,22.1957
4725,3,14,1956,22.31736
4725,3,14,1957,22.66344
4725,3,14,1958,23.12722
4725,3,14,1959,23.31704
4725,3,14,1960,23.53705
4725,3,14,1961,23.80723
4725,3,14,1962,24.21914
4725,3,14,1963,24.48158
4725,3,14,1964,24.5878
4725,3,14,1965,24.87277
4725,3,14,1966,25.21144
4725,3,14,1967,25.18048
4725,3,14,1968,25.41442
4725,3,14,1969,25.8027
4725,3,14,1970,26.09866
4725,3,14,1971,26.27957
4725,3,14,1972,26.56916
4725,3,14,1973,26.79732
4725,3,14,1974,27.11179
4725,3,14,1975,27.30447
4725,3,14,1976,27.32864
4725,3,14,1977,27.64626
4725,3,14,1978,27.80387
4725,3,14,1979,27.99002
4725,3,14,1980,28.29583
4725,3,14,1981,28.51334
4725,3,14,1982,28.66005
4725,3,14,1983,28.83514
4725,3,14,1984,28.94426
4725,3,14,1985,29.07263
4725,3,14,1986,29.19958
4725,3,14,1987,29.34669
4725,3,14,1988,29.52043
4725,3,14,1989,29.69405
4725,3,14,1990,29.86137
4725,3,14,1991,30.0031
4725,3,14,1992,30.30577
4725,3,14,1993,30.4671
4725,3,14,1994,30.67494
4725,3,14,1995,30.69906
4725,3,14,1996,30.96592
4725,3,14,1997,31.06905
4725,3,14,1998,31.08504
4725,3,14,1999,31.00126
4725,3,14,2000,30.90268
4725,3,14,2001,30.90316
4725,3,14,2002,30.74905
4725,3,14,2003,30.63885
4725,3,14,2004,30.5842
4725,3,14,2005,30.64807
4725,3,14,2006,30.53513
4725,3,14,2007,30.58184
4725,3,14,2008,30.49422
4725,3,14,2009,30.42743
4725,3,14,2010,30.59476
4725,3,14,2011,30.68657
4725,3,14,2012,30.60274
4725,3,14,2013,30.84549
4725,3,14,2014,30.93519
4725,3,14,2015,31.23708
4725,3,14,2016,31.1983
4725,3,14,2017,31.53246
4725,3,14,2018,31.43416
4725,3,14,2019,31.85044
4726,1,14,1950,24.73535
4726,1,14,1951,24.79549
4726,1,14,1952,25.13728
4726,1,14,1953,25.38787
4726,1,14,1954,25.32025
4726,1,14,1955,25.5398
4726,1,14,1956,25.82401
4726,1,14,1957,26.16839
4726,1,14,1958,26.15584
4726,1,14,1959,26.73884
4726,1,14,1960,26.59771
4726,1,14,1961,26.67051
4726,1,14,1962,27.35445
4726,1,14,1963,26.80001
4726,1,14,1964,27.44467
4726,1,14,1965,27.61518
4726,1,14,1966,27.65141
4726,1,14,1967,27.80523
4726,1,14,1968,27.92407
4726,1,14,1969,28.08587
4726,1,14,1970,28.43675
4726,1,14,1971,28.61099
4726,1,14,1972,28.64852
4726,1,14,1973,28.77658
4726,1,14,1974,28.84659
4726,1,14,1975,29.21693
4726,1,14,1976,29.09147
4726,1,14,1977,29.26455
4726,1,14,1978,29.33735
4726,1,14,1979,29.32495
4726,1,14,1980,29.73861
4726,1,14,1981,29.76615
4726,1,14,1982,29.96838
4726,1,14,1983,29.85632
4726,1,14,1984,29.92265
4726,1,14,1985,30.11841
4726,1,14,1986,29.81535
4726,1,14,1987,29.62715
4726,1,14,1988,29.41337
4726,1,14,1989,29.46832
4726,1,14,1990,29.37405
4726,1,14,1991,29.38896
4726,1,14,1992,29.31267
4726,1,14,1993,29.35317
4726,1,14,1994,29.36715
4726,1,14,1995,29.59813
4726,1,14,1996,29.82675
4726,1,14,1997,29.91321
4726,1,14,1998,29.82758
4726,1,14,1999,29.91497
4726,1,14,2000,30.06143
4726,1,14,2001,30.13599
4726,1,14,2002,30.10573
4726,1,14,2003,30.20031
4726,1,14,2004,30.25756
4726,1,14,2005,30.56263
4726,1,14,2006,30.59947
4726,1,14,2007,30.91384
4726,1,14,2008,31.04218
4726,1,14,2009,31.06208
4726,1,14,2010,31.5447
4726,1,14,2011,31.83729
4726,1,14,2012,32.55735
4726,1,14,2013,32.64825
4726,1,14,2014,33.25167
4726,1,14,2015,33.56506
4726,1,14,2016,34.40087
4726,1,14,2017,34.70351
4726,1,14,2018,34.99486
4726,1,14,2019,35.09228
4726,2,14,1950,27.20168
4726,2,14,1951,27.10947
4726,2,14,1952,27.43618
4726,2,14,1953,27.51964
4726,2,14,1954,27.71412
4726,2,14,1955,27.79327
4726,2,14,1956,27.82304
4726,2,14,1957,27.99596
4726,2,14,1958,28.17097
4726,2,14,1959,28.15265
4726,2,14,1960,28.55973
4726,2,14,1961,28.8515
4726,2,14,1962,28.81709
4726,2,14,1963,28.4031
4726,2,14,1964,29.03009
4726,2,14,1965,29.27875
4726,2,14,1966,29.06651
4726,2,14,1967,28.96813
4726,2,14,1968,29.12358
4726,2,14,1969,29.11065
4726,2,14,1970,29.1662
4726,2,14,1971,29.39358
4726,2,14,1972,29.35995
4726,2,14,1973,29.4963
4726,2,14,1974,29.55186
4726,2,14,1975,29.40661
4726,2,14,1976,29.3199
4726,2,14,1977,29.4157
4726,2,14,1978,29.48042
4726,2,14,1979,29.56635
4726,2,14,1980,29.56939
4726,2,14,1981,29.57236
4726,2,14,1982,29.64506
4726,2,14,1983,29.74918
4726,2,14,1984,29.54753
4726,2,14,1985,30.00738
4726,2,14,1986,30.32722
4726,2,14,1987,30.2834
4726,2,14,1988,30.34112
4726,2,14,1989,30.48387
4726,2,14,1990,30.56306
4726,2,14,1991,30.7053
4726,2,14,1992,30.87226
4726,2,14,1993,30.946
4726,2,14,1994,30.98762
4726,2,14,1995,31.07709
4726,2,14,1996,30.96543
4726,2,14,1997,31.08673
4726,2,14,1998,31.05043
4726,2,14,1999,31.28658
4726,2,14,2000,31.35637
4726,2,14,2001,31.51583
4726,2,14,2002,31.63433
4726,2,14,2003,31.65295
4726,2,14,2004,31.76836
4726,2,14,2005,31.96442
4726,2,14,2006,32.07328
4726,2,14,2007,32.28554
4726,2,14,2008,32.51721
4726,2,14,2009,32.72141
4726,2,14,2010,32.90297
4726,2,14,2011,33.36015
4726,2,14,2012,33.62382
4726,2,14,2013,33.96822
4726,2,14,2014,34.21471
4726,2,14,2015,34.81128
4726,2,14,2016,35.56375
4726,2,14,2017,35.88341
4726,2,14,2018,35.97192
4726,2,14,2019,36.15705
4726,3,14,1950,24.76854
4726,3,14,1951,24.95909
4726,3,14,1952,25.12252
4726,3,14,1953,25.36948
4726,3,14,1954,25.41436
4726,3,14,1955,25.51981
4726,3,14,1956,25.83132
4726,3,14,1957,25.99669
4726,3,14,1958,26.02075
4726,3,14,1959,26.19514
4726,3,14,1960,26.49662
4726,3,14,1961,26.7575
4726,3,14,1962,26.93528
4726,3,14,1963,26.62761
4726,3,14,1964,27.11647
4726,3,14,1965,27.20369
4726,3,14,1966,27.32031
4726,3,14,1967,27.43448
4726,3,14,1968,27.53397
4726,3,14,1969,27.66556
4726,3,14,1970,27.72657
4726,3,14,1971,27.8021
4726,3,14,1972,27.96145
4726,3,14,1973,28.04042
4726,3,14,1974,28.24303
4726,3,14,1975,28.28105
4726,3,14,1976,28.26159
4726,3,14,1977,28.50292
4726,3,14,1978,28.5663
4726,3,14,1979,28.52516
4726,3,14,1980,28.69555
4726,3,14,1981,28.91974
4726,3,14,1982,28.95726
4726,3,14,1983,29.08421
4726,3,14,1984,29.0906
4726,3,14,1985,29.39584
4726,3,14,1986,29.4373
4726,3,14,1987,29.55221
4726,3,14,1988,29.45716
4726,3,14,1989,29.54736
4726,3,14,1990,29.47581
4726,3,14,1991,29.4625
4726,3,14,1992,29.47198
4726,3,14,1993,29.54093
4726,3,14,1994,29.5574
4726,3,14,1995,29.66838
4726,3,14,1996,29.78618
4726,3,14,1997,29.84319
4726,3,14,1998,29.78882
4726,3,14,1999,29.85856
4726,3,14,2000,29.9339
4726,3,14,2001,30.03952
4726,3,14,2002,30.10181
4726,3,14,2003,30.28892
4726,3,14,2004,30.3398
4726,3,14,2005,30.40401
4726,3,14,2006,30.55964
4726,3,14,2007,30.62003
4726,3,14,2008,30.83678
4726,3,14,2009,30.90729
4726,3,14,2010,31.11186
4726,3,14,2011,31.46158
4726,3,14,2012,31.86827
4726,3,14,2013,32.20719
4726,3,14,2014,32.62259
4726,3,14,2015,33.2024
4726,3,14,2016,34.06442
4726,3,14,2017,34.53133
4726,3,14,2018,34.65952
4726,3,14,2019,34.8494
4727,1,14,1950,19.80401
4727,1,14,1951,20.10348
4727,1,14,1952,20.14412
4727,1,14,1953,20.26253
4727,1,14,1954,20.78312
4727,1,14,1955,21.25057
4727,1,14,1956,21.27368
4727,1,14,1957,21.37176
4727,1,14,1958,21.75936
4727,1,14,1959,21.93352
4727,1,14,1960,22.22622
4727,1,14,1961,22.87514
4727,1,14,1962,22.97907
4727,1,14,1963,23.25234
4727,1,14,1964,23.41131
4727,1,14,1965,23.64699
4727,1,14,1966,23.54098
4727,1,14,1967,24.09954
4727,1,14,1968,24.16758
4727,1,14,1969,24.19267
4727,1,14,1970,24.81401
4727,1,14,1971,24.74796
4727,1,14,1972,25.0767
4727,1,14,1973,25.44883
4727,1,14,1974,25.75431
4727,1,14,1975,26.0057
4727,1,14,1976,26.46519
4727,1,14,1977,26.69005
4727,1,14,1978,26.80508
4727,1,14,1979,27.27483
4727,1,14,1980,27.39234
4727,1,14,1981,27.601
4727,1,14,1982,27.69763
4727,1,14,1983,28.10276
4727,1,14,1984,28.24762
4727,1,14,1985,28.30632
4727,1,14,1986,28.45983
4727,1,14,1987,28.40577
4727,1,14,1988,28.26921
4727,1,14,1989,28.31356
4727,1,14,1990,28.23804
4727,1,14,1991,28.23548
4727,1,14,1992,28.14933
4727,1,14,1993,28.32337
4727,1,14,1994,28.6614
4727,1,14,1995,28.81414
4727,1,14,1996,28.98456
4727,1,14,1997,29.07696
4727,1,14,1998,29.12057
4727,1,14,1999,29.20391
4727,1,14,2000,29.17186
4727,1,14,2001,29.20723
4727,1,14,2002,29.14881
4727,1,14,2003,29.27756
4727,1,14,2004,29.2622
4727,1,14,2005,29.51158
4727,1,14,2006,29.67669
4727,1,14,2007,29.85209
4727,1,14,2008,29.99532
4727,1,14,2009,29.91911
4727,1,14,2010,30.33081
4727,1,14,2011,30.34339
4727,1,14,2012,30.28842
4727,1,14,2013,30.56057
4727,1,14,2014,30.50769
4727,1,14,2015,30.89094
4727,1,14,2016,30.92052
4727,1,14,2017,30.95963
4727,1,14,2018,31.12034
4727,1,14,2019,31.16885
4727,2,14,1950,22.92867
4727,2,14,1951,22.87657
4727,2,14,1952,23.03734
4727,2,14,1953,23.42389
4727,2,14,1954,23.65879
4727,2,14,1955,23.7058
4727,2,14,1956,23.59758
4727,2,14,1957,24.11565
4727,2,14,1958,24.06014
4727,2,14,1959,24.45959
4727,2,14,1960,24.51631
4727,2,14,1961,24.79809
4727,2,14,1962,25.08479
4727,2,14,1963,25.27715
4727,2,14,1964,25.3248
4727,2,14,1965,25.48587
4727,2,14,1966,25.43746
4727,2,14,1967,25.57006
4727,2,14,1968,25.61391
4727,2,14,1969,25.81656
4727,2,14,1970,26.10626
4727,2,14,1971,25.8604
4727,2,14,1972,25.9388
4727,2,14,1973,26.3721
4727,2,14,1974,26.49518
4727,2,14,1975,26.68948
4727,2,14,1976,26.70453
4727,2,14,1977,26.86112
4727,2,14,1978,26.74871
4727,2,14,1979,26.80197
4727,2,14,1980,27.03979
4727,2,14,1981,27.17268
4727,2,14,1982,27.15072
4727,2,14,1983,27.45637
4727,2,14,1984,27.52302
4727,2,14,1985,27.71645
4727,2,14,1986,27.81062
4727,2,14,1987,27.70849
4727,2,14,1988,27.9837
4727,2,14,1989,28.15713
4727,2,14,1990,28.29279
4727,2,14,1991,28.43462
4727,2,14,1992,28.50332
4727,2,14,1993,28.71455
4727,2,14,1994,28.90326
4727,2,14,1995,28.93572
4727,2,14,1996,28.96036
4727,2,14,1997,28.93717
4727,2,14,1998,28.81578
4727,2,14,1999,28.97646
4727,2,14,2000,29.22151
4727,2,14,2001,29.29742
4727,2,14,2002,29.70837
4727,2,14,2003,29.77759
4727,2,14,2004,29.94514
4727,2,14,2005,30.11841
4727,2,14,2006,30.24323
4727,2,14,2007,30.56248
4727,2,14,2008,30.72141
4727,2,14,2009,30.69158
4727,2,14,2010,30.66883
4727,2,14,2011,30.75369
4727,2,14,2012,30.89596
4727,2,14,2013,31.15832
4727,2,14,2014,31.3294
4727,2,14,2015,31.42236
4727,2,14,2016,31.74032
4727,2,14,2017,31.81244
4727,2,14,2018,32.06884
4727,2,14,2019,32.13696
4727,3,14,1950,20.25267
4727,3,14,1951,20.36354
4727,3,14,1952,20.57862
4727,3,14,1953,20.83708
4727,3,14,1954,21.01134
4727,3,14,1955,21.34108
4727,3,14,1956,21.52943
4727,3,14,1957,21.4953
4727,3,14,1958,21.87306
4727,3,14,1959,21.88205
4727,3,14,1960,22.28032
4727,3,14,1961,22.403
4727,3,14,1962,22.81149
4727,3,14,1963,23.13909
4727,3,14,1964,23.24728
4727,3,14,1965,23.41657
4727,3,14,1966,23.55886
4727,3,14,1967,23.78555
4727,3,14,1968,23.91704
4727,3,14,1969,24.02581
4727,3,14,1970,24.43439
4727,3,14,1971,24.36426
4727,3,14,1972,24.66305
4727,3,14,1973,24.96798
4727,3,14,1974,25.38557
4727,3,14,1975,25.40617
4727,3,14,1976,25.68001
4727,3,14,1977,25.93655
4727,3,14,1978,25.97019
4727,3,14,1979,26.03887
4727,3,14,1980,26.47377
4727,3,14,1981,26.61007
4727,3,14,1982,26.90772
4727,3,14,1983,27.00389
4727,3,14,1984,27.08441
4727,3,14,1985,27.31427
4727,3,14,1986,27.45015
4727,3,14,1987,27.41738
4727,3,14,1988,27.56105
4727,3,14,1989,27.64896
4727,3,14,1990,27.66747
4727,3,14,1991,27.81233
4727,3,14,1992,27.81523
4727,3,14,1993,28.04859
4727,3,14,1994,28.20538
4727,3,14,1995,28.25551
4727,3,14,1996,28.43659
4727,3,14,1997,28.43552
4727,3,14,1998,28.49954
4727,3,14,1999,28.53726
4727,3,14,2000,28.60333
4727,3,14,2001,28.7459
4727,3,14,2002,28.77125
4727,3,14,2003,28.92239
4727,3,14,2004,28.99656
4727,3,14,2005,29.15182
4727,3,14,2006,29.35492
4727,3,14,2007,29.59586
4727,3,14,2008,29.6719
4727,3,14,2009,29.67014
4727,3,14,2010,29.66347
4727,3,14,2011,29.82627
4727,3,14,2012,29.77051
4727,3,14,2013,30.02408
4727,3,14,2014,30.07028
4727,3,14,2015,30.30428
4727,3,14,2016,30.39638
4727,3,14,2017,30.54493
4727,3,14,2018,30.77275
4727,3,14,2019,30.66991
4728,1,14,1950,21.31499
4728,1,14,1951,21.39905
4728,1,14,1952,21.54487
4728,1,14,1953,21.81695
4728,1,14,1954,22.05342
4728,1,14,1955,22.45194
4728,1,14,1956,22.50144
4728,1,14,1957,22.87028
4728,1,14,1958,23.16996
4728,1,14,1959,23.39948
4728,1,14,1960,23.77996
4728,1,14,1961,23.95965
4728,1,14,1962,24.26549
4728,1,14,1963,24.28116
4728,1,14,1964,24.85793
4728,1,14,1965,24.93627
4728,1,14,1966,24.95352
4728,1,14,1967,25.18381
4728,1,14,1968,25.47652
4728,1,14,1969,25.37205
4728,1,14,1970,25.80744
4728,1,14,1971,26.16968
4728,1,14,1972,26.33704
4728,1,14,1973,26.57081
4728,1,14,1974,26.93449
4728,1,14,1975,27.1331
4728,1,14,1976,27.39893
4728,1,14,1977,27.71966
4728,1,14,1978,27.50783
4728,1,14,1979,27.52992
4728,1,14,1980,28.00542
4728,1,14,1981,28.14986
4728,1,14,1982,28.49664
4728,1,14,1983,28.3139
4728,1,14,1984,28.62791
4728,1,14,1985,28.64112
4728,1,14,1986,28.53869
4728,1,14,1987,28.64827
4728,1,14,1988,28.66547
4728,1,14,1989,28.77772
4728,1,14,1990,28.81425
4728,1,14,1991,29.13866
4728,1,14,1992,28.5284
4728,1,14,1993,29.14015
4728,1,14,1994,29.05645
4728,1,14,1995,29.19149
4728,1,14,1996,29.44752
4728,1,14,1997,29.59797
4728,1,14,1998,29.51681
4728,1,14,1999,29.58922
4728,1,14,2000,29.6766
4728,1,14,2001,30.0454
4728,1,14,2002,30.20734
4728,1,14,2003,30.08015
4728,1,14,2004,30.36133
4728,1,14,2005,30.44388
4728,1,14,2006,30.53047
4728,1,14,2007,30.71887
4728,1,14,2008,30.78592
4728,1,14,2009,30.84931
4728,1,14,2010,30.97328
4728,1,14,2011,31.3013
4728,1,14,2012,31.33273
4728,1,14,2013,31.40254
4728,1,14,2014,31.36997
4728,1,14,2015,31.47093
4728,1,14,2016,31.64768
4728,1,14,2017,31.58992
4728,1,14,2018,31.96486
4728,1,14,2019,31.81949
4728,2,14,1950,24.28927
4728,2,14,1951,24.50733
4728,2,14,1952,24.69292
4728,2,14,1953,24.84628
4728,2,14,1954,25.13493
4728,2,14,1955,25.29983
4728,2,14,1956,25.48229
4728,2,14,1957,25.60988
4728,2,14,1958,25.76977
4728,2,14,1959,26.01424
4728,2,14,1960,26.4027
4728,2,14,1961,26.5962
4728,2,14,1962,26.63054
4728,2,14,1963,26.79928
4728,2,14,1964,26.70899
4728,2,14,1965,27.06545
4728,2,14,1966,26.84382
4728,2,14,1967,27.12087
4728,2,14,1968,27.29161
4728,2,14,1969,27.47165
4728,2,14,1970,27.4368
4728,2,14,1971,27.75454
4728,2,14,1972,27.97396
4728,2,14,1973,27.97114
4728,2,14,1974,28.2346
4728,2,14,1975,28.35657
4728,2,14,1976,28.34482
4728,2,14,1977,28.21416
4728,2,14,1978,28.48028
4728,2,14,1979,28.28014
4728,2,14,1980,28.71335
4728,2,14,1981,28.77691
4728,2,14,1982,28.72031
4728,2,14,1983,28.90556
4728,2,14,1984,28.85821
4728,2,14,1985,28.73605
4728,2,14,1986,28.77313
4728,2,14,1987,28.59473
4728,2,14,1988,28.6017
4728,2,14,1989,28.82318
4728,2,14,1990,28.82112
4728,2,14,1991,28.75168
4728,2,14,1992,28.5215
4728,2,14,1993,28.98425
4728,2,14,1994,29.1816
4728,2,14,1995,29.39629
4728,2,14,1996,29.36701
4728,2,14,1997,29.59889
4728,2,14,1998,29.64386
4728,2,14,1999,29.72505
4728,2,14,2000,30.05918
4728,2,14,2001,30.41045
4728,2,14,2002,30.62976
4728,2,14,2003,30.70084
4728,2,14,2004,30.90666
4728,2,14,2005,31.22299
4728,2,14,2006,31.22274
4728,2,14,2007,31.32029
4728,2,14,2008,31.36771
4728,2,14,2009,31.5013
4728,2,14,2010,31.62993
4728,2,14,2011,31.75258
4728,2,14,2012,31.8188
4728,2,14,2013,31.96425
4728,2,14,2014,32.14779
4728,2,14,2015,32.31308
4728,2,14,2016,32.55093
4728,2,14,2017,32.76813
4728,2,14,2018,32.91758
4728,2,14,2019,33.22961
4728,3,14,1950,21.67551
4728,3,14,1951,21.62593
4728,3,14,1952,21.97949
4728,3,14,1953,22.15815
4728,3,14,1954,22.38779
4728,3,14,1955,22.54811
4728,3,14,1956,22.83461
4728,3,14,1957,23.11367
4728,3,14,1958,23.32179
4728,3,14,1959,23.62802
4728,3,14,1960,23.98168
4728,3,14,1961,24.26259
4728,3,14,1962,24.24177
4728,3,14,1963,24.50986
4728,3,14,1964,24.96284
4728,3,14,1965,24.8969
4728,3,14,1966,25.00173
4728,3,14,1967,25.26367
4728,3,14,1968,25.3298
4728,3,14,1969,25.43949
4728,3,14,1970,25.75562
4728,3,14,1971,25.86564
4728,3,14,1972,26.18312
4728,3,14,1973,26.39679
4728,3,14,1974,26.61773
4728,3,14,1975,26.73254
4728,3,14,1976,26.87993
4728,3,14,1977,27.13042
4728,3,14,1978,27.11508
4728,3,14,1979,27.07959
4728,3,14,1980,27.60016
4728,3,14,1981,27.64716
4728,3,14,1982,27.7907
4728,3,14,1983,27.93758
4728,3,14,1984,27.98277
4728,3,14,1985,27.98004
4728,3,14,1986,28.11598
4728,3,14,1987,27.95015
4728,3,14,1988,28.10169
4728,3,14,1989,28.08138
4728,3,14,1990,28.287
4728,3,14,1991,28.23865
4728,3,14,1992,28.06854
4728,3,14,1993,28.43806
4728,3,14,1994,28.58561
4728,3,14,1995,28.80887
4728,3,14,1996,28.89512
4728,3,14,1997,29.02535
4728,3,14,1998,29.02472
4728,3,14,1999,29.10036
4728,3,14,2000,29.29548
4728,3,14,2001,29.55637
4728,3,14,2002,29.85984
4728,3,14,2003,29.87281
4728,3,14,2004,30.07457
4728,3,14,2005,30.14113
4728,3,14,2006,30.17917
4728,3,14,2007,30.28149
4728,3,14,2008,30.42583
4728,3,14,2009,30.49989
4728,3,14,2010,30.49173
4728,3,14,2011,30.81363
4728,3,14,2012,30.82498
4728,3,14,2013,30.91213
4728,3,14,2014,31.02761
4728,3,14,2015,31.14882
4728,3,14,2016,31.26327
4728,3,14,2017,31.42798
4728,3,14,2018,31.6415
4728,3,14,2019,31.79119
4729,1,14,1950,24.35496
4729,1,14,1951,24.40857
4729,1,14,1952,24.37907
4729,1,14,1953,24.63945
4729,1,14,1954,24.80641
4729,1,14,1955,24.97499
4729,1,14,1956,24.92135
4729,1,14,1957,25.39328
4729,1,14,1958,25.62423
4729,1,14,1959,25.63107
4729,1,14,1960,25.72691
4729,1,14,1961,26.05792
4729,1,14,1962,26.10183
4729,1,14,1963,26.32596
4729,1,14,1964,26.4598
4729,1,14,1965,26.59239
4729,1,14,1966,26.83877
4729,1,14,1967,27.09961
4729,1,14,1968,27.04322
4729,1,14,1969,27.31968
4729,1,14,1970,27.62738
4729,1,14,1971,27.86385
4729,1,14,1972,28.01802
4729,1,14,1973,28.16248
4729,1,14,1974,28.5958
4729,1,14,1975,28.65511
4729,1,14,1976,29.00579
4729,1,14,1977,29.01957
4729,1,14,1978,29.35265
4729,1,14,1979,29.43357
4729,1,14,1980,29.70836
4729,1,14,1981,29.68344
4729,1,14,1982,29.84183
4729,1,14,1983,29.94993
4729,1,14,1984,30.06262
4729,1,14,1985,29.98212
4729,1,14,1986,29.99357
4729,1,14,1987,29.67004
4729,1,14,1988,29.66375
4729,1,14,1989,29.42952
4729,1,14,1990,29.41571
4729,1,14,1991,29.46691
4729,1,14,1992,29.53489
4729,1,14,1993,29.46806
4729,1,14,1994,29.56547
4729,1,14,1995,29.6408
4729,1,14,1996,29.92552
4729,1,14,1997,29.8181
4729,1,14,1998,29.7929
4729,1,14,1999,29.58595
4729,1,14,2000,29.66899
4729,1,14,2001,29.71201
4729,1,14,2002,29.73255
4729,1,14,2003,29.65764
4729,1,14,2004,29.69192
4729,1,14,2005,29.65413
4729,1,14,2006,29.88705
4729,1,14,2007,29.84754
4729,1,14,2008,30.09668
4729,1,14,2009,30.16117
4729,1,14,2010,30.22152
4729,1,14,2011,30.42301
4729,1,14,2012,30.47554
4729,1,14,2013,30.66255
4729,1,14,2014,30.90653
4729,1,14,2015,31.31249
4729,1,14,2016,31.4119
4729,1,14,2017,31.46944
4729,1,14,2018,31.73267
4729,1,14,2019,31.74161
4729,2,14,1950,25.04169
4729,2,14,1951,25.11542
4729,2,14,1952,24.97786
4729,2,14,1953,25.18751
4729,2,14,1954,25.30724
4729,2,14,1955,25.39328
4729,2,14,1956,25.65102
4729,2,14,1957,25.67955
4729,2,14,1958,25.70339
4729,2,14,1959,25.79279
4729,2,14,1960,26.00223
4729,2,14,1961,26.19478
4729,2,14,1962,26.20378
4729,2,14,1963,26.30102
4729,2,14,1964,26.48401
4729,2,14,1965,26.39207
4729,2,14,1966,26.42934
4729,2,14,1967,26.32229
4729,2,14,1968,26.41582
4729,2,14,1969,26.35551
4729,2,14,1970,26.58778
4729,2,14,1971,26.78505
4729,2,14,1972,26.77926
4729,2,14,1973,26.6922
4729,2,14,1974,26.76007
4729,2,14,1975,26.78082
4729,2,14,1976,26.82917
4729,2,14,1977,26.92074
4729,2,14,1978,26.91085
4729,2,14,1979,26.90535
4729,2,14,1980,26.86925
4729,2,14,1981,27.03793
4729,2,14,1982,27.08389
4729,2,14,1983,26.92364
4729,2,14,1984,27.0984
4729,2,14,1985,27.29848
4729,2,14,1986,27.52427
4729,2,14,1987,27.64698
4729,2,14,1988,27.80522
4729,2,14,1989,28.15282
4729,2,14,1990,28.27353
4729,2,14,1991,28.64066
4729,2,14,1992,28.80989
4729,2,14,1993,28.99234
4729,2,14,1994,29.1391
4729,2,14,1995,29.33566
4729,2,14,1996,29.30936
4729,2,14,1997,29.3837
4729,2,14,1998,29.46201
4729,2,14,1999,29.54672
4729,2,14,2000,29.72716
4729,2,14,2001,29.88441
4729,2,14,2002,30.05884
4729,2,14,2003,30.13337
4729,2,14,2004,30.39173
4729,2,14,2005,30.49825
4729,2,14,2006,30.65273
4729,2,14,2007,30.68881
4729,2,14,2008,30.86646
4729,2,14,2009,30.81708
4729,2,14,2010,30.98053
4729,2,14,2011,31.12132
4729,2,14,2012,31.08668
4729,2,14,2013,31.30567
4729,2,14,2014,31.59091
4729,2,14,2015,31.71231
4729,2,14,2016,31.97111
4729,2,14,2017,32.27142
4729,2,14,2018,32.41806
4729,2,14,2019,32.95075
4729,3,14,1950,23.83581
4729,3,14,1951,23.59434
4729,3,14,1952,23.79026
4729,3,14,1953,23.83966
4729,3,14,1954,24.15187
4729,3,14,1955,24.2523
4729,3,14,1956,24.33554
4729,3,14,1957,24.55864
4729,3,14,1958,24.68983
4729,3,14,1959,24.7163
4729,3,14,1960,24.79066
4729,3,14,1961,25.13792
4729,3,14,1962,25.16989
4729,3,14,1963,25.31578
4729,3,14,1964,25.31318
4729,3,14,1965,25.50642
4729,3,14,1966,25.60664
4729,3,14,1967,25.7389
4729,3,14,1968,25.73227
4729,3,14,1969,26.00763
4729,3,14,1970,26.0917
4729,3,14,1971,26.16406
4729,3,14,1972,26.56459
4729,3,14,1973,26.6111
4729,3,14,1974,26.6162
4729,3,14,1975,27.04404
4729,3,14,1976,27.00002
4729,3,14,1977,27.11616
4729,3,14,1978,27.10007
4729,3,14,1979,27.31709
4729,3,14,1980,27.38423
4729,3,14,1981,27.67149
4729,3,14,1982,27.64426
4729,3,14,1983,27.80232
4729,3,14,1984,27.94235
4729,3,14,1985,28.04647
4729,3,14,1986,28.01121
4729,3,14,1987,28.10731
4729,3,14,1988,28.3668
4729,3,14,1989,28.20136
4729,3,14,1990,28.33958
4729,3,14,1991,28.51678
4729,3,14,1992,28.65516
4729,3,14,1993,28.75675
4729,3,14,1994,28.71679
4729,3,14,1995,28.82373
4729,3,14,1996,29.04061
4729,3,14,1997,29.02524
4729,3,14,1998,29.11072
4729,3,14,1999,29.00639
4729,3,14,2000,29.16061
4729,3,14,2001,29.23187
4729,3,14,2002,29.3847
4729,3,14,2003,29.40347
4729,3,14,2004,29.57183
4729,3,14,2005,29.54711
4729,3,14,2006,29.74379
4729,3,14,2007,29.62982
4729,3,14,2008,29.74328
4729,3,14,2009,29.62991
4729,3,14,2010,29.63568
4729,3,14,2011,29.8514
4729,3,14,2012,29.78422
4729,3,14,2013,29.91487
4729,3,14,2014,30.19202
4729,3,14,2015,30.38915
4729,3,14,2016,30.63451
4729,3,14,2017,30.81847
4729,3,14,2018,30.82262
4729,3,14,2019,31.02849
4730,1,14,1950,24.27806
4730,1,14,1951,24.5381
4730,1,14,1952,24.85152
4730,1,14,1953,24.8164
4730,1,14,1954,25.16108
4730,1,14,1955,25.4481
4730,1,14,1956,25.50407
4730,1,14,1957,25.65944
4730,1,14,1958,25.94416
4730,1,14,1959,26.52979
4730,1,14,1960,26.75119
4730,1,14,1961,26.92124
4730,1,14,1962,27.00777
4730,1,14,1963,27.27538
4730,1,14,1964,27.56824
4730,1,14,1965,27.65072
4730,1,14,1966,27.71015
4730,1,14,1967,27.86618
4730,1,14,1968,27.81345
4730,1,14,1969,28.01451
4730,1,14,1970,28.15421
4730,1,14,1971,28.26104
4730,1,14,1972,28.43775
4730,1,14,1973,28.90168
4730,1,14,1974,28.93642
4730,1,14,1975,29.06822
4730,1,14,1976,29.3066
4730,1,14,1977,29.32744
4730,1,14,1978,29.49979
4730,1,14,1979,29.63993
4730,1,14,1980,29.67182
4730,1,14,1981,29.65237
4730,1,14,1982,29.85358
4730,1,14,1983,30.01649
4730,1,14,1984,30.11715
4730,1,14,1985,29.7626
4730,1,14,1986,29.90905
4730,1,14,1987,29.52598
4730,1,14,1988,29.66356
4730,1,14,1989,29.96358
4730,1,14,1990,29.82817
4730,1,14,1991,30.02702
4730,1,14,1992,29.8097
4730,1,14,1993,30.14532
4730,1,14,1994,30.38786
4730,1,14,1995,30.51588
4730,1,14,1996,30.95543
4730,1,14,1997,31.00503
4730,1,14,1998,31.22721
4730,1,14,1999,31.23722
4730,1,14,2000,31.23792
4730,1,14,2001,31.03087
4730,1,14,2002,31.04498
4730,1,14,2003,31.03835
4730,1,14,2004,31.08267
4730,1,14,2005,30.805
4730,1,14,2006,30.44441
4730,1,14,2007,30.23471
4730,1,14,2008,30.31955
4730,1,14,2009,30.11694
4730,1,14,2010,30.31934
4730,1,14,2011,30.19993
4730,1,14,2012,30.2176
4730,1,14,2013,30.36981
4730,1,14,2014,30.48564
4730,1,14,2015,30.74226
4730,1,14,2016,30.97652
4730,1,14,2017,30.8767
4730,1,14,2018,31.06034
4730,1,14,2019,31.15054
4730,2,14,1950,26.1227
4730,2,14,1951,26.37229
4730,2,14,1952,26.3013
4730,2,14,1953,26.42075
4730,2,14,1954,26.80771
4730,2,14,1955,26.92366
4730,2,14,1956,27.15286
4730,2,14,1957,27.34849
4730,2,14,1958,27.32488
4730,2,14,1959,27.63123
4730,2,14,1960,27.82274
4730,2,14,1961,27.78974
4730,2,14,1962,27.89583
4730,2,14,1963,28.31443
4730,2,14,1964,28.39983
4730,2,14,1965,28.34951
4730,2,14,1966,28.20111
4730,2,14,1967,28.38048
4730,2,14,1968,28.42866
4730,2,14,1969,28.62532
4730,2,14,1970,28.66846
4730,2,14,1971,28.71279
4730,2,14,1972,28.61608
4730,2,14,1973,28.92012
4730,2,14,1974,29.0714
4730,2,14,1975,28.86697
4730,2,14,1976,28.72933
4730,2,14,1977,28.83237
4730,2,14,1978,28.65233
4730,2,14,1979,28.70009
4730,2,14,1980,28.83661
4730,2,14,1981,28.8562
4730,2,14,1982,28.8164
4730,2,14,1983,28.6622
4730,2,14,1984,28.66899
4730,2,14,1985,28.89749
4730,2,14,1986,28.98446
4730,2,14,1987,28.74321
4730,2,14,1988,29.06986
4730,2,14,1989,29.19296
4730,2,14,1990,29.43365
4730,2,14,1991,29.54457
4730,2,14,1992,29.58724
4730,2,14,1993,30.0191
4730,2,14,1994,30.30544
4730,2,14,1995,30.64214
4730,2,14,1996,30.85288
4730,2,14,1997,31.09913
4730,2,14,1998,31.46693
4730,2,14,1999,31.5039
4730,2,14,2000,31.72472
4730,2,14,2001,31.63538
4730,2,14,2002,31.80359
4730,2,14,2003,31.84686
4730,2,14,2004,31.87722
4730,2,14,2005,31.64902
4730,2,14,2006,31.50585
4730,2,14,2007,31.64369
4730,2,14,2008,31.60671
4730,2,14,2009,31.6898
4730,2,14,2010,31.76062
4730,2,14,2011,32.03525
4730,2,14,2012,31.99325
4730,2,14,2013,32.18024
4730,2,14,2014,32.51385
4730,2,14,2015,32.69471
4730,2,14,2016,33.01442
4730,2,14,2017,33.23247
4730,2,14,2018,33.30405
4730,2,14,2019,33.48334
4730,3,14,1950,24.03565
4730,3,14,1951,24.31502
4730,3,14,1952,24.62538
4730,3,14,1953,24.72807
4730,3,14,1954,24.96358
4730,3,14,1955,25.21947
4730,3,14,1956,25.25279
4730,3,14,1957,25.40011
4730,3,14,1958,25.60207
4730,3,14,1959,25.95799
4730,3,14,1960,26.2203
4730,3,14,1961,26.43043
4730,3,14,1962,26.39586
4730,3,14,1963,26.76334
4730,3,14,1964,26.76571
4730,3,14,1965,26.79942
4730,3,14,1966,27.11588
4730,3,14,1967,27.1902
4730,3,14,1968,27.09082
4730,3,14,1969,27.26405
4730,3,14,1970,27.25106
4730,3,14,1971,27.62243
4730,3,14,1972,27.71134
4730,3,14,1973,27.80634
4730,3,14,1974,28.10608
4730,3,14,1975,28.02827
4730,3,14,1976,28.12096
4730,3,14,1977,28.3661
4730,3,14,1978,28.25574
4730,3,14,1979,28.38253
4730,3,14,1980,28.43725
4730,3,14,1981,28.43649
4730,3,14,1982,28.55234
4730,3,14,1983,28.64588
4730,3,14,1984,28.68425
4730,3,14,1985,28.72883
4730,3,14,1986,28.73711
4730,3,14,1987,28.6417
4730,3,14,1988,28.78999
4730,3,14,1989,29.09924
4730,3,14,1990,29.00563
4730,3,14,1991,29.14066
4730,3,14,1992,29.17896
4730,3,14,1993,29.41525
4730,3,14,1994,29.80585
4730,3,14,1995,29.97818
4730,3,14,1996,30.37837
4730,3,14,1997,30.57608
4730,3,14,1998,30.77335
4730,3,14,1999,31.03683
4730,3,14,2000,30.87447
4730,3,14,2001,30.75582
4730,3,14,2002,30.85515
4730,3,14,2003,30.85684
4730,3,14,2004,31.02197
4730,3,14,2005,30.70372
4730,3,14,2006,30.35944
4730,3,14,2007,30.30032
4730,3,14,2008,30.2796
4730,3,14,2009,30.10362
4730,3,14,2010,30.01855
4730,3,14,2011,30.09977
4730,3,14,2012,30.09223
4730,3,14,2013,30.35196
4730,3,14,2014,30.66168
4730,3,14,2015,30.91142
4730,3,14,2016,30.96924
4730,3,14,2017,31.43843
4730,3,14,2018,31.1945
4730,3,14,2019,31.56071
4731,1,14,1950,21.53177
4731,1,14,1951,21.60218
4731,1,14,1952,21.73299
4731,1,14,1953,22.05087
4731,1,14,1954,22.12196
4731,1,14,1955,22.38753
4731,1,14,1956,22.49839
4731,1,14,1957,22.87698
4731,1,14,1958,22.90751
4731,1,14,1959,23.13758
4731,1,14,1960,23.70785
4731,1,14,1961,23.83856
4731,1,14,1962,24.16456
4731,1,14,1963,24.22028
4731,1,14,1964,24.71177
4731,1,14,1965,24.79341
4731,1,14,1966,25.10651
4731,1,14,1967,25.34672
4731,1,14,1968,25.88918
4731,1,14,1969,26.1338
4731,1,14,1970,26.42301
4731,1,14,1971,26.55936
4731,1,14,1972,26.97391
4731,1,14,1973,27.28588
4731,1,14,1974,27.61047
4731,1,14,1975,27.97739
4731,1,14,1976,27.70236
4731,1,14,1977,28.29947
4731,1,14,1978,28.44866
4731,1,14,1979,28.53566
4731,1,14,1980,28.95136
4731,1,14,1981,29.09857
4731,1,14,1982,29.18286
4731,1,14,1983,29.31247
4731,1,14,1984,29.36658
4731,1,14,1985,28.87597
4731,1,14,1986,28.60508
4731,1,14,1987,28.51266
4731,1,14,1988,28.13972
4731,1,14,1989,27.88367
4731,1,14,1990,27.73073
4731,1,14,1991,27.85348
4731,1,14,1992,27.86396
4731,1,14,1993,27.66556
4731,1,14,1994,27.57079
4731,1,14,1995,27.46851
4731,1,14,1996,27.54352
4731,1,14,1997,27.48131
4731,1,14,1998,27.26198
4731,1,14,1999,27.31111
4731,1,14,2000,27.09393
4731,1,14,2001,27.24872
4731,1,14,2002,27.0371
4731,1,14,2003,27.17172
4731,1,14,2004,27.00433
4731,1,14,2005,26.99152
4731,1,14,2006,27.18305
4731,1,14,2007,27.2635
4731,1,14,2008,27.10658
4731,1,14,2009,27.25171
4731,1,14,2010,27.44809
4731,1,14,2011,27.57872
4731,1,14,2012,27.68751
4731,1,14,2013,28.07986
4731,1,14,2014,28.26548
4731,1,14,2015,28.55632
4731,1,14,2016,28.7009
4731,1,14,2017,28.77175
4731,1,14,2018,28.93976
4731,1,14,2019,29.17456
4731,2,14,1950,24.95962
4731,2,14,1951,24.91687
4731,2,14,1952,25.02372
4731,2,14,1953,25.27884
4731,2,14,1954,25.47092
4731,2,14,1955,25.47261
4731,2,14,1956,25.56481
4731,2,14,1957,25.75401
4731,2,14,1958,25.87232
4731,2,14,1959,26.29323
4731,2,14,1960,26.50036
4731,2,14,1961,26.71145
4731,2,14,1962,26.62475
4731,2,14,1963,26.92881
4731,2,14,1964,27.18508
4731,2,14,1965,27.36184
4731,2,14,1966,27.30399
4731,2,14,1967,27.48546
4731,2,14,1968,27.56963
4731,2,14,1969,27.73445
4731,2,14,1970,28.05059
4731,2,14,1971,28.17867
4731,2,14,1972,28.3884
4731,2,14,1973,28.5696
4731,2,14,1974,28.65915
4731,2,14,1975,28.74176
4731,2,14,1976,28.94592
4731,2,14,1977,28.87031
4731,2,14,1978,28.92807
4731,2,14,1979,28.89672
4731,2,14,1980,29.02687
4731,2,14,1981,29.09319
4731,2,14,1982,29.252
4731,2,14,1983,29.23886
4731,2,14,1984,29.33617
4731,2,14,1985,29.36469
4731,2,14,1986,29.31764
4731,2,14,1987,29.27297
4731,2,14,1988,29.2495
4731,2,14,1989,29.38619
4731,2,14,1990,29.50234
4731,2,14,1991,29.37902
4731,2,14,1992,29.49037
4731,2,14,1993,29.38798
4731,2,14,1994,29.38475
4731,2,14,1995,29.41814
4731,2,14,1996,29.20955
4731,2,14,1997,29.03134
4731,2,14,1998,28.95726
4731,2,14,1999,29.08603
4731,2,14,2000,29.25061
4731,2,14,2001,29.32832
4731,2,14,2002,29.42806
4731,2,14,2003,29.63375
4731,2,14,2004,29.84697
4731,2,14,2005,29.67533
4731,2,14,2006,29.67405
4731,2,14,2007,29.9902
4731,2,14,2008,30.18393
4731,2,14,2009,30.30609
4731,2,14,2010,30.56444
4731,2,14,2011,30.74987
4731,2,14,2012,30.86851
4731,2,14,2013,31.21566
4731,2,14,2014,31.41759
4731,2,14,2015,31.64627
4731,2,14,2016,31.76016
4731,2,14,2017,32.11826
4731,2,14,2018,31.92547
4731,2,14,2019,32.22838
4731,3,14,1950,22.18897
4731,3,14,1951,22.22242
4731,3,14,1952,22.29154
4731,3,14,1953,22.66122
4731,3,14,1954,22.70217
4731,3,14,1955,22.97423
4731,3,14,1956,23.21273
4731,3,14,1957,23.42528
4731,3,14,1958,23.48795
4731,3,14,1959,23.64539
4731,3,14,1960,23.9966
4731,3,14,1961,24.279
4731,3,14,1962,24.30049
4731,3,14,1963,24.719
4731,3,14,1964,24.83263
4731,3,14,1965,25.03043
4731,3,14,1966,25.20435
4731,3,14,1967,25.38285
4731,3,14,1968,25.8078
4731,3,14,1969,25.96961
4731,3,14,1970,26.15708
4731,3,14,1971,26.52193
4731,3,14,1972,26.77179
4731,3,14,1973,26.91641
4731,3,14,1974,27.3772
4731,3,14,1975,27.46625
4731,3,14,1976,27.49308
4731,3,14,1977,27.6997
4731,3,14,1978,27.90915
4731,3,14,1979,27.98158
4731,3,14,1980,28.24285
4731,3,14,1981,28.35428
4731,3,14,1982,28.48701
4731,3,14,1983,28.57228
4731,3,14,1984,28.66441
4731,3,14,1985,28.49542
4731,3,14,1986,28.37492
4731,3,14,1987,28.22854
4731,3,14,1988,28.08565
4731,3,14,1989,28.14373
4731,3,14,1990,28.02715
4731,3,14,1991,28.05758
4731,3,14,1992,28.13393
4731,3,14,1993,28.14073
4731,3,14,1994,27.91507
4731,3,14,1995,27.79979
4731,3,14,1996,27.8409
4731,3,14,1997,27.73659
4731,3,14,1998,27.65165
4731,3,14,1999,27.71223
4731,3,14,2000,27.64597
4731,3,14,2001,27.82805
4731,3,14,2002,27.73868
4731,3,14,2003,27.88748
4731,3,14,2004,27.80444
4731,3,14,2005,27.87248
4731,3,14,2006,27.94401
4731,3,14,2007,27.94496
4731,3,14,2008,27.95311
4731,3,14,2009,28.05906
4731,3,14,2010,28.1252
4731,3,14,2011,28.50346
4731,3,14,2012,28.51142
4731,3,14,2013,28.85383
4731,3,14,2014,29.01848
4731,3,14,2015,29.33027
4731,3,14,2016,29.37328
4731,3,14,2017,29.60286
4731,3,14,2018,29.68112
4731,3,14,2019,29.71139
4732,1,14,1950,26.30436
4732,1,14,1951,26.38988
4732,1,14,1952,26.84351
4732,1,14,1953,26.89938
4732,1,14,1954,27.06415
4732,1,14,1955,27.19715
4732,1,14,1956,27.13541
4732,1,14,1957,27.50914
4732,1,14,1958,27.57071
4732,1,14,1959,28.26584
4732,1,14,1960,27.84791
4732,1,14,1961,28.36839
4732,1,14,1962,28.38552
4732,1,14,1963,28.42808
4732,1,14,1964,28.69118
4732,1,14,1965,28.99048
4732,1,14,1966,28.9292
4732,1,14,1967,28.93088
4732,1,14,1968,29.22031
4732,1,14,1969,29.31436
4732,1,14,1970,29.65765
4732,1,14,1971,29.83145
4732,1,14,1972,29.76434
4732,1,14,1973,30.02711
4732,1,14,1974,30.25068
4732,1,14,1975,30.37811
4732,1,14,1976,30.48572
4732,1,14,1977,30.75113
4732,1,14,1978,30.6412
4732,1,14,1979,30.88649
4732,1,14,1980,31.15787
4732,1,14,1981,31.1344
4732,1,14,1982,31.22545
4732,1,14,1983,31.39417
4732,1,14,1984,31.22558
4732,1,14,1985,31.22536
4732,1,14,1986,31.16038
4732,1,14,1987,30.78129
4732,1,14,1988,30.93783
4732,1,14,1989,30.74288
4732,1,14,1990,30.3953
4732,1,14,1991,30.28815
4732,1,14,1992,30.04935
4732,1,14,1993,29.69418
4732,1,14,1994,29.36261
4732,1,14,1995,29.03442
4732,1,14,1996,28.8189
4732,1,14,1997,28.51717
4732,1,14,1998,28.41904
4732,1,14,1999,28.16386
4732,1,14,2000,28.30635
4732,1,14,2001,28.21796
4732,1,14,2002,28.20506
4732,1,14,2003,28.31575
4732,1,14,2004,28.45637
4732,1,14,2005,28.4506
4732,1,14,2006,28.48914
4732,1,14,2007,28.45713
4732,1,14,2008,28.79401
4732,1,14,2009,28.9065
4732,1,14,2010,28.92518
4732,1,14,2011,29.09608
4732,1,14,2012,29.32038
4732,1,14,2013,29.55262
4732,1,14,2014,29.70076
4732,1,14,2015,30.01145
4732,1,14,2016,29.82088
4732,1,14,2017,30.17513
4732,1,14,2018,30.40826
4732,1,14,2019,30.65229
4732,2,14,1950,27.50229
4732,2,14,1951,27.56236
4732,2,14,1952,27.7019
4732,2,14,1953,27.92601
4732,2,14,1954,27.86414
4732,2,14,1955,28.19532
4732,2,14,1956,28.16219
4732,2,14,1957,28.05015
4732,2,14,1958,28.22918
4732,2,14,1959,28.27112
4732,2,14,1960,28.40372
4732,2,14,1961,28.51213
4732,2,14,1962,28.55892
4732,2,14,1963,28.93973
4732,2,14,1964,28.76226
4732,2,14,1965,28.86261
4732,2,14,1966,28.94945
4732,2,14,1967,28.96809
4732,2,14,1968,29.12561
4732,2,14,1969,29.30258
4732,2,14,1970,29.37824
4732,2,14,1971,29.3229
4732,2,14,1972,29.49088
4732,2,14,1973,29.83421
4732,2,14,1974,29.61968
4732,2,14,1975,29.62642
4732,2,14,1976,29.62123
4732,2,14,1977,29.61357
4732,2,14,1978,29.74919
4732,2,14,1979,29.77195
4732,2,14,1980,29.77598
4732,2,14,1981,29.90202
4732,2,14,1982,29.97825
4732,2,14,1983,29.81297
4732,2,14,1984,29.63108
4732,2,14,1985,29.439
4732,2,14,1986,29.52215
4732,2,14,1987,29.41368
4732,2,14,1988,29.28227
4732,2,14,1989,29.34222
4732,2,14,1990,29.43215
4732,2,14,1991,29.40112
4732,2,14,1992,29.50884
4732,2,14,1993,29.52862
4732,2,14,1994,29.36924
4732,2,14,1995,29.48218
4732,2,14,1996,29.21429
4732,2,14,1997,29.25982
4732,2,14,1998,29.28725
4732,2,14,1999,29.24067
4732,2,14,2000,29.29852
4732,2,14,2001,29.35429
4732,2,14,2002,29.52969
4732,2,14,2003,29.54636
4732,2,14,2004,29.815
4732,2,14,2005,29.64782
4732,2,14,2006,29.70924
4732,2,14,2007,29.81268
4732,2,14,2008,30.05335
4732,2,14,2009,30.29239
4732,2,14,2010,30.53739
4732,2,14,2011,30.70871
4732,2,14,2012,30.99816
4732,2,14,2013,31.24676
4732,2,14,2014,31.37168
4732,2,14,2015,31.70587
4732,2,14,2016,31.89342
4732,2,14,2017,31.88344
4732,2,14,2018,32.29911
4732,2,14,2019,32.52469
4732,3,14,1950,26.12963
4732,3,14,1951,25.99072
4732,3,14,1952,26.36468
4732,3,14,1953,26.46432
4732,3,14,1954,26.44534
4732,3,14,1955,26.5324
4732,3,14,1956,26.6942
4732,3,14,1957,26.83408
4732,3,14,1958,26.89664
4732,3,14,1959,27.1736
4732,3,14,1960,27.10357
4732,3,14,1961,27.43721
4732,3,14,1962,27.53764
4732,3,14,1963,27.67158
4732,3,14,1964,27.73005
4732,3,14,1965,27.92582
4732,3,14,1966,27.83877
4732,3,14,1967,28.06589
4732,3,14,1968,28.2982
4732,3,14,1969,28.25534
4732,3,14,1970,28.65708
4732,3,14,1971,28.8204
4732,3,14,1972,28.81357
4732,3,14,1973,28.92279
4732,3,14,1974,28.98525
4732,3,14,1975,29.22237
4732,3,14,1976,29.29425
4732,3,14,1977,29.37879
4732,3,14,1978,29.44795
4732,3,14,1979,29.48939
4732,3,14,1980,29.69883
4732,3,14,1981,29.8384
4732,3,14,1982,29.96068
4732,3,14,1983,29.89258
4732,3,14,1984,29.86374
4732,3,14,1985,29.76769
4732,3,14,1986,29.77713
4732,3,14,1987,29.51702
4732,3,14,1988,29.56893
4732,3,14,1989,29.57274
4732,3,14,1990,29.4108
4732,3,14,1991,29.36842
4732,3,14,1992,29.27354
4732,3,14,1993,29.13861
4732,3,14,1994,28.90579
4732,3,14,1995,28.77472
4732,3,14,1996,28.52267
4732,3,14,1997,28.3722
4732,3,14,1998,28.27859
4732,3,14,1999,28.17944
4732,3,14,2000,28.17845
4732,3,14,2001,28.14222
4732,3,14,2002,28.13828
4732,3,14,2003,28.23044
4732,3,14,2004,28.3396
4732,3,14,2005,28.209
4732,3,14,2006,28.29674
4732,3,14,2007,28.26157
4732,3,14,2008,28.46553
4732,3,14,2009,28.66593
4732,3,14,2010,28.75393
4732,3,14,2011,28.94756
4732,3,14,2012,29.12081
4732,3,14,2013,29.30153
4732,3,14,2014,29.55319
4732,3,14,2015,29.7041
4732,3,14,2016,29.70789
4732,3,14,2017,29.80316
4732,3,14,2018,30.03197
4732,3,14,2019,30.31412
4733,1,14,1950,24.00652
4733,1,14,1951,24.20293
4733,1,14,1952,24.26072
4733,1,14,1953,24.62982
4733,1,14,1954,24.84715
4733,1,14,1955,24.92814
4733,1,14,1956,24.96329
4733,1,14,1957,24.9356
4733,1,14,1958,25.39374
4733,1,14,1959,25.51719
4733,1,14,1960,25.74394
4733,1,14,1961,25.74089
4733,1,14,1962,26.16512
4733,1,14,1963,26.26015
4733,1,14,1964,26.44652
4733,1,14,1965,26.61448
4733,1,14,1966,26.83385
4733,1,14,1967,26.98245
4733,1,14,1968,27.08155
4733,1,14,1969,27.19287
4733,1,14,1970,27.33735
4733,1,14,1971,27.56906
4733,1,14,1972,27.89138
4733,1,14,1973,28.10618
4733,1,14,1974,28.07712
4733,1,14,1975,28.24272
4733,1,14,1976,28.48211
4733,1,14,1977,28.43651
4733,1,14,1978,28.69494
4733,1,14,1979,28.65943
4733,1,14,1980,29.0224
4733,1,14,1981,28.83475
4733,1,14,1982,28.86975
4733,1,14,1983,28.94734
4733,1,14,1984,29.17122
4733,1,14,1985,28.57353
4733,1,14,1986,28.57894
4733,1,14,1987,28.22617
4733,1,14,1988,28.14757
4733,1,14,1989,27.94231
4733,1,14,1990,28.16821
4733,1,14,1991,28.33459
4733,1,14,1992,28.27668
4733,1,14,1993,28.52941
4733,1,14,1994,28.792
4733,1,14,1995,28.75569
4733,1,14,1996,28.97508
4733,1,14,1997,28.95933
4733,1,14,1998,28.99666
4733,1,14,1999,29.01487
4733,1,14,2000,28.93628
4733,1,14,2001,29.08048
4733,1,14,2002,29.03418
4733,1,14,2003,29.17179
4733,1,14,2004,29.03145
4733,1,14,2005,29.12588
4733,1,14,2006,29.42067
4733,1,14,2007,29.49298
4733,1,14,2008,29.64495
4733,1,14,2009,29.76806
4733,1,14,2010,29.86603
4733,1,14,2011,30.08434
4733,1,14,2012,30.36332
4733,1,14,2013,30.48217
4733,1,14,2014,30.57258
4733,1,14,2015,30.58577
4733,1,14,2016,30.77597
4733,1,14,2017,31.07705
4733,1,14,2018,31.49916
4733,1,14,2019,31.1944
4733,2,14,1950,26.08643
4733,2,14,1951,26.19402
4733,2,14,1952,26.32379
4733,2,14,1953,26.14967
4733,2,14,1954,26.47888
4733,2,14,1955,26.70896
4733,2,14,1956,26.62651
4733,2,14,1957,26.81701
4733,2,14,1958,26.67069
4733,2,14,1959,27.12342
4733,2,14,1960,27.21912
4733,2,14,1961,27.46204
4733,2,14,1962,27.29557
4733,2,14,1963,27.70976
4733,2,14,1964,27.44697
4733,2,14,1965,27.58385
4733,2,14,1966,27.74484
4733,2,14,1967,27.72978
4733,2,14,1968,27.96455
4733,2,14,1969,27.9318
4733,2,14,1970,28.06299
4733,2,14,1971,28.18072
4733,2,14,1972,28.14284
4733,2,14,1973,28.1961
4733,2,14,1974,28.48331
4733,2,14,1975,28.46304
4733,2,14,1976,28.6753
4733,2,14,1977,28.57853
4733,2,14,1978,28.47022
4733,2,14,1979,28.55356
4733,2,14,1980,28.52194
4733,2,14,1981,28.59428
4733,2,14,1982,28.62826
4733,2,14,1983,28.59294
4733,2,14,1984,28.50307
4733,2,14,1985,28.59453
4733,2,14,1986,28.67692
4733,2,14,1987,28.65268
4733,2,14,1988,28.7452
4733,2,14,1989,28.6434
4733,2,14,1990,28.88766
4733,2,14,1991,28.9985
4733,2,14,1992,29.0581
4733,2,14,1993,29.06576
4733,2,14,1994,29.12218
4733,2,14,1995,29.27201
4733,2,14,1996,29.40583
4733,2,14,1997,29.52568
4733,2,14,1998,29.58827
4733,2,14,1999,29.77609
4733,2,14,2000,29.91234
4733,2,14,2001,30.19409
4733,2,14,2002,30.37334
4733,2,14,2003,30.43781
4733,2,14,2004,30.51077
4733,2,14,2005,30.48588
4733,2,14,2006,30.52876
4733,2,14,2007,30.49583
4733,2,14,2008,30.60535
4733,2,14,2009,30.73049
4733,2,14,2010,30.87712
4733,2,14,2011,31.12621
4733,2,14,2012,31.36816
4733,2,14,2013,31.42292
4733,2,14,2014,31.52321
4733,2,14,2015,32.06742
4733,2,14,2016,32.34968
4733,2,14,2017,32.40907
4733,2,14,2018,32.50858
4733,2,14,2019,32.8355
4733,3,14,1950,24.03899
4733,3,14,1951,24.16782
4733,3,14,1952,24.08095
4733,3,14,1953,24.30416
4733,3,14,1954,24.56543
4733,3,14,1955,24.65474
4733,3,14,1956,24.75508
4733,3,14,1957,24.92684
4733,3,14,1958,25.10612
4733,3,14,1959,25.21813
4733,3,14,1960,25.44759
4733,3,14,1961,25.50428
4733,3,14,1962,25.52656
4733,3,14,1963,25.85382
4733,3,14,1964,26.056
4733,3,14,1965,25.99408
4733,3,14,1966,26.36962
4733,3,14,1967,26.3417
4733,3,14,1968,26.49013
4733,3,14,1969,26.34339
4733,3,14,1970,26.81077
4733,3,14,1971,26.8938
4733,3,14,1972,27.09252
4733,3,14,1973,27.19156
4733,3,14,1974,27.38861
4733,3,14,1975,27.52959
4733,3,14,1976,27.56982
4733,3,14,1977,27.6311
4733,3,14,1978,27.76908
4733,3,14,1979,27.77349
4733,3,14,1980,28.14243
4733,3,14,1981,28.04763
4733,3,14,1982,28.09844
4733,3,14,1983,28.07867
4733,3,14,1984,28.08748
4733,3,14,1985,28.01301
4733,3,14,1986,28.00497
4733,3,14,1987,27.79354
4733,3,14,1988,27.98254
4733,3,14,1989,27.90448
4733,3,14,1990,28.00109
4733,3,14,1991,28.13563
4733,3,14,1992,28.11894
4733,3,14,1993,28.33708
4733,3,14,1994,28.41648
4733,3,14,1995,28.57708
4733,3,14,1996,28.80806
4733,3,14,1997,28.77861
4733,3,14,1998,28.74785
4733,3,14,1999,28.90224
4733,3,14,2000,28.8645
4733,3,14,2001,29.02507
4733,3,14,2002,29.15124
4733,3,14,2003,29.17725
4733,3,14,2004,29.18743
4733,3,14,2005,29.16656
4733,3,14,2006,29.18774
4733,3,14,2007,29.28403
4733,3,14,2008,29.40379
4733,3,14,2009,29.48243
4733,3,14,2010,29.55697
4733,3,14,2011,29.79768
4733,3,14,2012,29.92329
4733,3,14,2013,29.96701
4733,3,14,2014,30.25351
4733,3,14,2015,30.4034
4733,3,14,2016,30.67735
4733,3,14,2017,30.96816
4733,3,14,2018,31.14935
4733,3,14,2019,31.15626
4734,1,14,1950,19.42088
4734,1,14,1951,19.75119
4734,1,14,1952,19.8828
4734,1,14,1953,20.34488
4734,1,14,1954,20.66439
4734,1,14,1955,20.80893
4734,1,14,1956,21.2635
4734,1,14,1957,21.73098
4734,1,14,1958,22.12095
4734,1,14,1959,22.38825
4734,1,14,1960,22.8241
4734,1,14,1961,23.09046
4734,1,14,1962,23.1824
4734,1,14,1963,23.73827
4734,1,14,1964,23.74122
4734,1,14,1965,23.92253
4734,1,14,1966,24.10153
4734,1,14,1967,24.27188
4734,1,14,1968,24.35663
4734,1,14,1969,24.69721
4734,1,14,1970,25.001
4734,1,14,1971,25.1717
4734,1,14,1972,25.45587
4734,1,14,1973,25.68796
4734,1,14,1974,26.0674
4734,1,14,1975,26.03528
4734,1,14,1976,26.255
4734,1,14,1977,26.50328
4734,1,14,1978,26.55853
4734,1,14,1979,26.67107
4734,1,14,1980,26.80203
4734,1,14,1981,26.88877
4734,1,14,1982,27.15874
4734,1,14,1983,27.35801
4734,1,14,1984,27.39703
4734,1,14,1985,27.47933
4734,1,14,1986,27.37563
4734,1,14,1987,27.40531
4734,1,14,1988,27.36235
4734,1,14,1989,27.37806
4734,1,14,1990,27.34476
4734,1,14,1991,27.4488
4734,1,14,1992,27.34338
4734,1,14,1993,27.64726
4734,1,14,1994,27.84075
4734,1,14,1995,27.91384
4734,1,14,1996,28.14465
4734,1,14,1997,28.04433
4734,1,14,1998,27.93236
4734,1,14,1999,27.92001
4734,1,14,2000,28.03089
4734,1,14,2001,28.08811
4734,1,14,2002,28.15755
4734,1,14,2003,28.19217
4734,1,14,2004,28.51219
4734,1,14,2005,28.67978
4734,1,14,2006,28.99948
4734,1,14,2007,29.20455
4734,1,14,2008,29.37582
4734,1,14,2009,29.53348
4734,1,14,2010,29.63518
4734,1,14,2011,29.72253
4734,1,14,2012,30.03654
4734,1,14,2013,30.45471
4734,1,14,2014,30.54144
4734,1,14,2015,30.62194
4734,1,14,2016,31.00589
4734,1,14,2017,31.14478
4734,1,14,2018,31.20871
4734,1,14,2019,31.4911
4734,2,14,1950,23.01917
4734,2,14,1951,22.93427
4734,2,14,1952,23.12699
4734,2,14,1953,23.39976
4734,2,14,1954,23.53726
4734,2,14,1955,23.9258
4734,2,14,1956,24.11702
4734,2,14,1957,24.30607
4734,2,14,1958,24.63272
4734,2,14,1959,24.66045
4734,2,14,1960,25.14476
4734,2,14,1961,25.38524
4734,2,14,1962,25.55019
4734,2,14,1963,25.90278
4734,2,14,1964,25.66485
4734,2,14,1965,25.98499
4734,2,14,1966,26.17965
4734,2,14,1967,26.16771
4734,2,14,1968,26.24947
4734,2,14,1969,26.48117
4734,2,14,1970,26.50354
4734,2,14,1971,26.64991
4734,2,14,1972,26.98633
4734,2,14,1973,26.93298
4734,2,14,1974,27.02634
4734,2,14,1975,27.16565
4734,2,14,1976,27.1649
4734,2,14,1977,27.02606
4734,2,14,1978,27.23876
4734,2,14,1979,27.22849
4734,2,14,1980,27.39085
4734,2,14,1981,27.49468
4734,2,14,1982,27.3366
4734,2,14,1983,27.37627
4734,2,14,1984,27.42558
4734,2,14,1985,27.26992
4734,2,14,1986,27.21215
4734,2,14,1987,27.2032
4734,2,14,1988,27.00338
4734,2,14,1989,26.95781
4734,2,14,1990,26.9258
4734,2,14,1991,27.12049
4734,2,14,1992,27.12956
4734,2,14,1993,27.10328
4734,2,14,1994,27.30412
4734,2,14,1995,27.34612
4734,2,14,1996,27.38907
4734,2,14,1997,27.4436
4734,2,14,1998,27.43362
4734,2,14,1999,27.3947
4734,2,14,2000,27.43348
4734,2,14,2001,27.48812
4734,2,14,2002,27.63724
4734,2,14,2003,27.97164
4734,2,14,2004,28.16143
4734,2,14,2005,28.22206
4734,2,14,2006,28.51947
4734,2,14,2007,28.51066
4734,2,14,2008,28.84693
4734,2,14,2009,28.9428
4734,2,14,2010,29.10108
4734,2,14,2011,29.33827
4734,2,14,2012,29.60945
4734,2,14,2013,29.98486
4734,2,14,2014,30.25954
4734,2,14,2015,30.61439
4734,2,14,2016,30.70424
4734,2,14,2017,31.0232
4734,2,14,2018,31.17947
4734,2,14,2019,31.22534
4734,3,14,1950,19.97974
4734,3,14,1951,20.12652
4734,3,14,1952,20.3782
4734,3,14,1953,20.66002
4734,3,14,1954,20.90724
4734,3,14,1955,21.26172
4734,3,14,1956,21.53824
4734,3,14,1957,21.95141
4734,3,14,1958,22.24145
4734,3,14,1959,22.5716
4734,3,14,1960,22.86763
4734,3,14,1961,23.11771
4734,3,14,1962,23.21138
4734,3,14,1963,23.53168
4734,3,14,1964,23.58224
4734,3,14,1965,23.79748
4734,3,14,1966,24.0121
4734,3,14,1967,23.96884
4734,3,14,1968,24.38194
4734,3,14,1969,24.45693
4734,3,14,1970,24.71423
4734,3,14,1971,24.87345
4734,3,14,1972,25.08292
4734,3,14,1973,25.32721
4734,3,14,1974,25.47662
4734,3,14,1975,25.64637
4734,3,14,1976,25.76596
4734,3,14,1977,25.97999
4734,3,14,1978,26.08424
4734,3,14,1979,26.0042
4734,3,14,1980,26.12417
4734,3,14,1981,26.46781
4734,3,14,1982,26.37185
4734,3,14,1983,26.58163
4734,3,14,1984,26.77595
4734,3,14,1985,26.60404
4734,3,14,1986,26.61647
4734,3,14,1987,26.61643
4734,3,14,1988,26.58946
4734,3,14,1989,26.56078
4734,3,14,1990,26.53062
4734,3,14,1991,26.64089
4734,3,14,1992,26.63391
4734,3,14,1993,26.98828
4734,3,14,1994,27.09754
4734,3,14,1995,27.08802
4734,3,14,1996,27.16962
4734,3,14,1997,27.2492
4734,3,14,1998,27.20168
4734,3,14,1999,27.17429
4734,3,14,2000,27.15908
4734,3,14,2001,27.34698
4734,3,14,2002,27.45197
4734,3,14,2003,27.62148
4734,3,14,2004,27.84017
4734,3,14,2005,27.99677
4734,3,14,2006,28.03906
4734,3,14,2007,28.20575
4734,3,14,2008,28.5475
4734,3,14,2009,28.46941
4734,3,14,2010,28.66018
4734,3,14,2011,28.89708
4734,3,14,2012,29.06076
4734,3,14,2013,29.33747
4734,3,14,2014,29.45622
4734,3,14,2015,29.7586
4734,3,14,2016,29.89575
4734,3,14,2017,30.25381
4734,3,14,2018,30.34027
4734,3,14,2019,30.31439
4735,1,14,1950,22.20188
4735,1,14,1951,22.26052
4735,1,14,1952,22.3601
4735,1,14,1953,22.78104
4735,1,14,1954,23.00382
4735,1,14,1955,23.11489
4735,1,14,1956,23.40939
4735,1,14,1957,23.7821
4735,1,14,1958,23.78073
4735,1,14,1959,24.05091
4735,1,14,1960,24.39666
4735,1,14,1961,24.46182
4735,1,14,1962,24.64155
4735,1,14,1963,24.8042
4735,1,14,1964,25.41717
4735,1,14,1965,25.26115
4735,1,14,1966,25.63389
4735,1,14,1967,25.65646
4735,1,14,1968,25.76955
4735,1,14,1969,26.03175
4735,1,14,1970,26.29562
4735,1,14,1971,26.30678
4735,1,14,1972,26.71303
4735,1,14,1973,26.93672
4735,1,14,1974,27.13874
4735,1,14,1975,27.30412
4735,1,14,1976,27.74598
4735,1,14,1977,27.79727
4735,1,14,1978,28.01739
4735,1,14,1979,28.01385
4735,1,14,1980,28.17738
4735,1,14,1981,28.38466
4735,1,14,1982,28.39726
4735,1,14,1983,28.5914
4735,1,14,1984,28.88666
4735,1,14,1985,28.77728
4735,1,14,1986,28.82731
4735,1,14,1987,28.65943
4735,1,14,1988,28.9569
4735,1,14,1989,28.96783
4735,1,14,1990,29.007
4735,1,14,1991,29.07761
4735,1,14,1992,29.12771
4735,1,14,1993,29.44685
4735,1,14,1994,29.57855
4735,1,14,1995,29.77718
4735,1,14,1996,29.90122
4735,1,14,1997,30.09458
4735,1,14,1998,29.93913
4735,1,14,1999,30.01022
4735,1,14,2000,30.04838
4735,1,14,2001,30.34312
4735,1,14,2002,30.3899
4735,1,14,2003,30.34318
4735,1,14,2004,30.37025
4735,1,14,2005,30.24401
4735,1,14,2006,30.27491
4735,1,14,2007,30.26782
4735,1,14,2008,30.07751
4735,1,14,2009,30.13642
4735,1,14,2010,30.149
4735,1,14,2011,30.26056
4735,1,14,2012,30.04053
4735,1,14,2013,30.43083
4735,1,14,2014,30.69832
4735,1,14,2015,30.77648
4735,1,14,2016,30.93212
4735,1,14,2017,31.07223
4735,1,14,2018,31.17602
4735,1,14,2019,31.24811
4735,2,14,1950,25.83039
4735,2,14,1951,25.73452
4735,2,14,1952,25.76544
4735,2,14,1953,26.17145
4735,2,14,1954,26.36307
4735,2,14,1955,26.27782
4735,2,14,1956,26.529
4735,2,14,1957,26.7726
4735,2,14,1958,26.82566
4735,2,14,1959,26.91019
4735,2,14,1960,27.22187
4735,2,14,1961,27.47009
4735,2,14,1962,27.63619
4735,2,14,1963,27.7877
4735,2,14,1964,27.90128
4735,2,14,1965,27.97808
4735,2,14,1966,28.18486
4735,2,14,1967,28.22483
4735,2,14,1968,28.41164
4735,2,14,1969,28.42555
4735,2,14,1970,28.59577
4735,2,14,1971,28.70263
4735,2,14,1972,28.85998
4735,2,14,1973,28.93084
4735,2,14,1974,29.00778
4735,2,14,1975,29.15662
4735,2,14,1976,29.13115
4735,2,14,1977,29.42183
4735,2,14,1978,29.30155
4735,2,14,1979,29.36301
4735,2,14,1980,29.52118
4735,2,14,1981,29.64222
4735,2,14,1982,29.54217
4735,2,14,1983,29.68237
4735,2,14,1984,29.95783
4735,2,14,1985,29.90066
4735,2,14,1986,30.09627
4735,2,14,1987,30.1115
4735,2,14,1988,30.30789
4735,2,14,1989,30.39028
4735,2,14,1990,30.53495
4735,2,14,1991,30.7016
4735,2,14,1992,30.85926
4735,2,14,1993,30.96302
4735,2,14,1994,31.05751
4735,2,14,1995,31.16134
4735,2,14,1996,31.26045
4735,2,14,1997,31.24936
4735,2,14,1998,31.38621
4735,2,14,1999,31.34678
4735,2,14,2000,31.43477
4735,2,14,2001,31.34764
4735,2,14,2002,31.53771
4735,2,14,2003,31.52631
4735,2,14,2004,31.42603
4735,2,14,2005,31.46417
4735,2,14,2006,31.55731
4735,2,14,2007,31.62215
4735,2,14,2008,31.76011
4735,2,14,2009,31.97592
4735,2,14,2010,32.18165
4735,2,14,2011,32.45072
4735,2,14,2012,32.61345
4735,2,14,2013,32.89402
4735,2,14,2014,33.15828
4735,2,14,2015,33.17183
4735,2,14,2016,33.45649
4735,2,14,2017,33.8052
4735,2,14,2018,33.83508
4735,2,14,2019,33.9875
4735,3,14,1950,22.95055
4735,3,14,1951,22.89257
4735,3,14,1952,23.3322
4735,3,14,1953,23.4702
4735,3,14,1954,23.5559
4735,3,14,1955,23.77646
4735,3,14,1956,23.95854
4735,3,14,1957,24.14112
4735,3,14,1958,24.34882
4735,3,14,1959,24.52087
4735,3,14,1960,24.7417
4735,3,14,1961,25.01121
4735,3,14,1962,25.04786
4735,3,14,1963,25.21784
4735,3,14,1964,25.52736
4735,3,14,1965,25.69802
4735,3,14,1966,25.90966
4735,3,14,1967,25.9378
4735,3,14,1968,26.22572
4735,3,14,1969,26.26663
4735,3,14,1970,26.49542
4735,3,14,1971,26.68705
4735,3,14,1972,26.71868
4735,3,14,1973,27.00481
4735,3,14,1974,27.19935
4735,3,14,1975,27.33662
4735,3,14,1976,27.51552
4735,3,14,1977,27.64493
4735,3,14,1978,27.73983
4735,3,14,1979,27.96656
4735,3,14,1980,28.06901
4735,3,14,1981,28.30092
4735,3,14,1982,28.33292
4735,3,14,1983,28.39978
4735,3,14,1984,28.6236
4735,3,14,1985,28.71781
4735,3,14,1986,28.79143
4735,3,14,1987,28.76651
4735,3,14,1988,29.01219
4735,3,14,1989,29.19556
4735,3,14,1990,29.20092
4735,3,14,1991,29.34583
4735,3,14,1992,29.54543
4735,3,14,1993,29.6344
4735,3,14,1994,29.84327
4735,3,14,1995,29.90854
4735,3,14,1996,30.05934
4735,3,14,1997,30.19666
4735,3,14,1998,30.11468
4735,3,14,1999,30.13865
4735,3,14,2000,30.26812
4735,3,14,2001,30.33023
4735,3,14,2002,30.43969
4735,3,14,2003,30.41523
4735,3,14,2004,30.37525
4735,3,14,2005,30.31493
4735,3,14,2006,30.34359
4735,3,14,2007,30.35911
4735,3,14,2008,30.39537
4735,3,14,2009,30.41383
4735,3,14,2010,30.46837
4735,3,14,2011,30.77511
4735,3,14,2012,30.82865
4735,3,14,2013,30.98284
4735,3,14,2014,31.10275
4735,3,14,2015,31.43064
4735,3,14,2016,31.63462
4735,3,14,2017,31.92723
4735,3,14,2018,32.1372
4735,3,14,2019,32.2144
4736,1,14,1950,22.86686
4736,1,14,1951,23.22989
4736,1,14,1952,23.16529
4736,1,14,1953,23.22318
4736,1,14,1954,23.84333
4736,1,14,1955,23.92265
4736,1,14,1956,24.25989
4736,1,14,1957,24.52352
4736,1,14,1958,24.4126
4736,1,14,1959,24.96037
4736,1,14,1960,24.91773
4736,1,14,1961,25.10105
4736,1,14,1962,25.65754
4736,1,14,1963,25.62851
4736,1,14,1964,26.00413
4736,1,14,1965,25.95628
4736,1,14,1966,26.10862
4736,1,14,1967,26.47198
4736,1,14,1968,26.75582
4736,1,14,1969,26.9495
4736,1,14,1970,27.25579
4736,1,14,1971,27.59195
4736,1,14,1972,27.8224
4736,1,14,1973,28.30898
4736,1,14,1974,28.70036
4736,1,14,1975,28.88156
4736,1,14,1976,29.14074
4736,1,14,1977,29.51298
4736,1,14,1978,29.8006
4736,1,14,1979,30.07676
4736,1,14,1980,30.43262
4736,1,14,1981,30.34355
4736,1,14,1982,30.6562
4736,1,14,1983,30.94451
4736,1,14,1984,31.24213
4736,1,14,1985,31.39981
4736,1,14,1986,31.24806
4736,1,14,1987,31.24052
4736,1,14,1988,31.34082
4736,1,14,1989,31.45835
4736,1,14,1990,31.08337
4736,1,14,1991,31.00043
4736,1,14,1992,30.88682
4736,1,14,1993,30.7346
4736,1,14,1994,30.94602
4736,1,14,1995,30.75983
4736,1,14,1996,30.76645
4736,1,14,1997,30.67247
4736,1,14,1998,30.26079
4736,1,14,1999,30.16105
4736,1,14,2000,29.92846
4736,1,14,2001,29.78329
4736,1,14,2002,29.60304
4736,1,14,2003,29.65326
4736,1,14,2004,29.6418
4736,1,14,2005,29.67128
4736,1,14,2006,29.82681
4736,1,14,2007,29.81459
4736,1,14,2008,29.75064
4736,1,14,2009,29.82226
4736,1,14,2010,29.86824
4736,1,14,2011,29.90482
4736,1,14,2012,29.99923
4736,1,14,2013,29.95001
4736,1,14,2014,30.36421
4736,1,14,2015,30.48186
4736,1,14,2016,30.72835
4736,1,14,2017,31.00638
4736,1,14,2018,31.01304
4736,1,14,2019,31.44596
4736,2,14,1950,23.40329
4736,2,14,1951,23.4281
4736,2,14,1952,23.60946
4736,2,14,1953,23.81906
4736,2,14,1954,23.95447
4736,2,14,1955,24.02135
4736,2,14,1956,23.93818
4736,2,14,1957,24.19355
4736,2,14,1958,24.33581
4736,2,14,1959,24.30511
4736,2,14,1960,24.86682
4736,2,14,1961,24.87263
4736,2,14,1962,24.93317
4736,2,14,1963,24.83161
4736,2,14,1964,25.14076
4736,2,14,1965,25.0811
4736,2,14,1966,24.90711
4736,2,14,1967,25.0963
4736,2,14,1968,25.30831
4736,2,14,1969,25.33928
4736,2,14,1970,25.36299
4736,2,14,1971,25.61216
4736,2,14,1972,25.73659
4736,2,14,1973,25.82678
4736,2,14,1974,26.25254
4736,2,14,1975,26.15268
4736,2,14,1976,26.26336
4736,2,14,1977,26.4989
4736,2,14,1978,26.09451
4736,2,14,1979,26.51865
4736,2,14,1980,26.58944
4736,2,14,1981,26.72551
4736,2,14,1982,26.70462
4736,2,14,1983,26.71707
4736,2,14,1984,26.84876
4736,2,14,1985,26.95368
4736,2,14,1986,26.94509
4736,2,14,1987,26.89032
4736,2,14,1988,26.92051
4736,2,14,1989,26.93084
4736,2,14,1990,27.0911
4736,2,14,1991,27.13854
4736,2,14,1992,27.29404
4736,2,14,1993,27.26577
4736,2,14,1994,27.27674
4736,2,14,1995,27.42997
4736,2,14,1996,27.51069
4736,2,14,1997,27.68948
4736,2,14,1998,27.76863
4736,2,14,1999,28.08058
4736,2,14,2000,28.15722
4736,2,14,2001,28.38196
4736,2,14,2002,28.43601
4736,2,14,2003,28.69376
4736,2,14,2004,28.85604
4736,2,14,2005,28.97372
4736,2,14,2006,29.08274
4736,2,14,2007,29.3208
4736,2,14,2008,29.38516
4736,2,14,2009,29.52988
4736,2,14,2010,29.7393
4736,2,14,2011,29.93543
4736,2,14,2012,30.14853
4736,2,14,2013,30.43172
4736,2,14,2014,30.7108
4736,2,14,2015,30.93491
4736,2,14,2016,31.04783
4736,2,14,2017,31.43328
4736,2,14,2018,31.57937
4736,2,14,2019,31.60133
4736,3,14,1950,22.39681
4736,3,14,1951,22.31675
4736,3,14,1952,22.43711
4736,3,14,1953,22.45827
4736,3,14,1954,22.80631
4736,3,14,1955,23.01895
4736,3,14,1956,23.14337
4736,3,14,1957,23.30679
4736,3,14,1958,23.54816
4736,3,14,1959,23.54694
4736,3,14,1960,24.0225
4736,3,14,1961,24.09669
4736,3,14,1962,24.05314
4736,3,14,1963,24.1719
4736,3,14,1964,24.43073
4736,3,14,1965,24.57618
4736,3,14,1966,24.54754
4736,3,14,1967,24.86284
4736,3,14,1968,24.92923
4736,3,14,1969,25.12035
4736,3,14,1970,25.21614
4736,3,14,1971,25.55916
4736,3,14,1972,25.78937
4736,3,14,1973,26.03453
4736,3,14,1974,26.23965
4736,3,14,1975,26.53623
4736,3,14,1976,26.69564
4736,3,14,1977,26.80322
4736,3,14,1978,26.93129
4736,3,14,1979,27.30237
4736,3,14,1980,27.54963
4736,3,14,1981,27.51577
4736,3,14,1982,27.62978
4736,3,14,1983,27.83684
4736,3,14,1984,28.06175
4736,3,14,1985,28.28101
4736,3,14,1986,28.14356
4736,3,14,1987,28.15461
4736,3,14,1988,28.16905
4736,3,14,1989,28.34308
4736,3,14,1990,28.305
4736,3,14,1991,28.33766
4736,3,14,1992,28.26528
4736,3,14,1993,28.29086
4736,3,14,1994,28.40543
4736,3,14,1995,28.41664
4736,3,14,1996,28.49399
4736,3,14,1997,28.52638
4736,3,14,1998,28.45536
4736,3,14,1999,28.50244
4736,3,14,2000,28.52503
4736,3,14,2001,28.48843
4736,3,14,2002,28.46217
4736,3,14,2003,28.58893
4736,3,14,2004,28.78101
4736,3,14,2005,28.69083
4736,3,14,2006,28.85788
4736,3,14,2007,28.96578
4736,3,14,2008,29.02443
4736,3,14,2009,29.00441
4736,3,14,2010,29.26369
4736,3,14,2011,29.18066
4736,3,14,2012,29.2815
4736,3,14,2013,29.54199
4736,3,14,2014,29.74989
4736,3,14,2015,29.91437
4736,3,14,2016,30.16631
4736,3,14,2017,30.4583
4736,3,14,2018,30.5051
4736,3,14,2019,30.60024
4737,1,14,1950,23.84526
4737,1,14,1951,24.30027
4737,1,14,1952,24.2204
4737,1,14,1953,24.64348
4737,1,14,1954,24.6484
4737,1,14,1955,25.13697
4737,1,14,1956,25.23984
4737,1,14,1957,25.58294
4737,1,14,1958,25.81311
4737,1,14,1959,25.73577
4737,1,14,1960,26.28671
4737,1,14,1961,26.64167
4737,1,14,1962,26.88719
4737,1,14,1963,27.06445
4737,1,14,1964,27.44964
4737,1,14,1965,27.69149
4737,1,14,1966,27.62395
4737,1,14,1967,28.03367
4737,1,14,1968,28.16433
4737,1,14,1969,28.43911
4737,1,14,1970,28.73407
4737,1,14,1971,29.10562
4737,1,14,1972,29.47239
4737,1,14,1973,29.31418
4737,1,14,1974,29.73297
4737,1,14,1975,30.25343
4737,1,14,1976,30.17978
4737,1,14,1977,30.68029
4737,1,14,1978,30.90536
4737,1,14,1979,31.14147
4737,1,14,1980,31.35874
4737,1,14,1981,31.42984
4737,1,14,1982,31.61053
4737,1,14,1983,31.7496
4737,1,14,1984,31.81165
4737,1,14,1985,32.13497
4737,1,14,1986,32.08512
4737,1,14,1987,32.17098
4737,1,14,1988,32.15048
4737,1,14,1989,32.1865
4737,1,14,1990,32.50845
4737,1,14,1991,32.68863
4737,1,14,1992,32.81663
4737,1,14,1993,33.13639
4737,1,14,1994,33.33465
4737,1,14,1995,33.77292
4737,1,14,1996,33.99743
4737,1,14,1997,34.26273
4737,1,14,1998,34.21232
4737,1,14,1999,34.09783
4737,1,14,2000,34.02897
4737,1,14,2001,33.87901
4737,1,14,2002,33.85185
4737,1,14,2003,33.83643
4737,1,14,2004,33.89693
4737,1,14,2005,33.7691
4737,1,14,2006,33.69215
4737,1,14,2007,33.86845
4737,1,14,2008,33.77381
4737,1,14,2009,33.94353
4737,1,14,2010,33.79946
4737,1,14,2011,34.06529
4737,1,14,2012,34.05231
4737,1,14,2013,34.41736
4737,1,14,2014,34.33445
4737,1,14,2015,34.71581
4737,1,14,2016,34.71825
4737,1,14,2017,34.97024
4737,1,14,2018,35.23688
4737,1,14,2019,35.09158
4737,2,14,1950,24.10082
4737,2,14,1951,24.3197
4737,2,14,1952,24.36455
4737,2,14,1953,24.4559
4737,2,14,1954,24.57685
4737,2,14,1955,24.88971
4737,2,14,1956,24.95744
4737,2,14,1957,25.20826
4737,2,14,1958,25.28192
4737,2,14,1959,25.54108
4737,2,14,1960,25.83709
4737,2,14,1961,25.86349
4737,2,14,1962,26.03542
4737,2,14,1963,26.22458
4737,2,14,1964,26.35137
4737,2,14,1965,26.429
4737,2,14,1966,26.59833
4737,2,14,1967,26.54796
4737,2,14,1968,26.70793
4737,2,14,1969,26.93512
4737,2,14,1970,27.03921
4737,2,14,1971,27.19374
4737,2,14,1972,27.22757
4737,2,14,1973,27.34721
4737,2,14,1974,27.49791
4737,2,14,1975,27.56405
4737,2,14,1976,27.68148
4737,2,14,1977,27.72225
4737,2,14,1978,27.81767
4737,2,14,1979,27.83768
4737,2,14,1980,28.01402
4737,2,14,1981,28.10731
4737,2,14,1982,28.15949
4737,2,14,1983,28.17016
4737,2,14,1984,28.20283
4737,2,14,1985,28.17142
4737,2,14,1986,28.30277
4737,2,14,1987,28.1593
4737,2,14,1988,27.83357
4737,2,14,1989,27.86517
4737,2,14,1990,27.68097
4737,2,14,1991,27.73127
4737,2,14,1992,27.61628
4737,2,14,1993,27.63625
4737,2,14,1994,27.40229
4737,2,14,1995,27.4113
4737,2,14,1996,27.31317
4737,2,14,1997,27.19356
4737,2,14,1998,26.82589
4737,2,14,1999,26.74496
4737,2,14,2000,26.74878
4737,2,14,2001,26.50222
4737,2,14,2002,26.51549
4737,2,14,2003,26.25511
4737,2,14,2004,26.17396
4737,2,14,2005,26.28833
4737,2,14,2006,26.37164
4737,2,14,2007,26.60803
4737,2,14,2008,26.70486
4737,2,14,2009,26.92492
4737,2,14,2010,27.08884
4737,2,14,2011,27.42915
4737,2,14,2012,27.28594
4737,2,14,2013,27.78571
4737,2,14,2014,28.04163
4737,2,14,2015,28.44067
4737,2,14,2016,28.55387
4737,2,14,2017,29.15313
4737,2,14,2018,29.26364
4737,2,14,2019,29.51707
4737,3,14,1950,23.04079
4737,3,14,1951,23.29533
4737,3,14,1952,23.36317
4737,3,14,1953,23.56011
4737,3,14,1954,23.6691
4737,3,14,1955,23.94993
4737,3,14,1956,24.27197
4737,3,14,1957,24.46542
4737,3,14,1958,24.59053
4737,3,14,1959,24.7389
4737,3,14,1960,25.14928
4737,3,14,1961,25.46941
4737,3,14,1962,25.46239
4737,3,14,1963,25.68126
4737,3,14,1964,25.77818
4737,3,14,1965,26.21365
4737,3,14,1966,26.26315
4737,3,14,1967,26.2999
4737,3,14,1968,26.41545
4737,3,14,1969,26.84414
4737,3,14,1970,27.0163
4737,3,14,1971,27.19558
4737,3,14,1972,27.52869
4737,3,14,1973,27.60695
4737,3,14,1974,27.78459
4737,3,14,1975,28.14621
4737,3,14,1976,28.07475
4737,3,14,1977,28.25289
4737,3,14,1978,28.36098
4737,3,14,1979,28.56663
4737,3,14,1980,28.65994
4737,3,14,1981,28.90679
4737,3,14,1982,28.88673
4737,3,14,1983,29.06965
4737,3,14,1984,29.27486
4737,3,14,1985,29.26142
4737,3,14,1986,29.36162
4737,3,14,1987,29.27749
4737,3,14,1988,29.06538
4737,3,14,1989,29.15524
4737,3,14,1990,29.04403
4737,3,14,1991,29.18198
4737,3,14,1992,29.33511
4737,3,14,1993,29.40949
4737,3,14,1994,29.3035
4737,3,14,1995,29.34614
4737,3,14,1996,29.5061
4737,3,14,1997,29.48529
4737,3,14,1998,29.20867
4737,3,14,1999,28.98181
4737,3,14,2000,28.93182
4737,3,14,2001,28.75787
4737,3,14,2002,28.73177
4737,3,14,2003,28.65375
4737,3,14,2004,28.62012
4737,3,14,2005,28.70429
4737,3,14,2006,28.7266
4737,3,14,2007,28.80674
4737,3,14,2008,28.92945
4737,3,14,2009,28.92335
4737,3,14,2010,29.07983
4737,3,14,2011,29.24048
4737,3,14,2012,29.34068
4737,3,14,2013,29.72247
4737,3,14,2014,29.8996
4737,3,14,2015,30.24341
4737,3,14,2016,30.52738
4737,3,14,2017,30.88554
4737,3,14,2018,30.83403
4737,3,14,2019,31.41894
4738,1,14,1950,19.23739
4738,1,14,1951,19.3662
4738,1,14,1952,19.54973
4738,1,14,1953,19.74798
4738,1,14,1954,19.94259
4738,1,14,1955,20.26621
4738,1,14,1956,20.71128
4738,1,14,1957,20.87729
4738,1,14,1958,21.33517
4738,1,14,1959,21.41547
4738,1,14,1960,21.58793
4738,1,14,1961,22.13749
4738,1,14,1962,22.25192
4738,1,14,1963,22.47021
4738,1,14,1964,22.93488
4738,1,14,1965,22.96108
4738,1,14,1966,23.17517
4738,1,14,1967,23.33605
4738,1,14,1968,23.73875
4738,1,14,1969,23.82207
4738,1,14,1970,24.25618
4738,1,14,1971,24.37866
4738,1,14,1972,24.86299
4738,1,14,1973,25.08646
4738,1,14,1974,25.60546
4738,1,14,1975,25.70467
4738,1,14,1976,25.86887
4738,1,14,1977,26.28705
4738,1,14,1978,26.44631
4738,1,14,1979,26.77637
4738,1,14,1980,27.10894
4738,1,14,1981,27.39605
4738,1,14,1982,27.64638
4738,1,14,1983,27.73291
4738,1,14,1984,27.85721
4738,1,14,1985,27.63038
4738,1,14,1986,27.53758
4738,1,14,1987,27.46718
4738,1,14,1988,27.30341
4738,1,14,1989,27.37007
4738,1,14,1990,27.5273
4738,1,14,1991,27.86864
4738,1,14,1992,28.20059
4738,1,14,1993,28.389
4738,1,14,1994,28.74201
4738,1,14,1995,28.57455
4738,1,14,1996,28.6377
4738,1,14,1997,28.5395
4738,1,14,1998,28.2678
4738,1,14,1999,28.0913
4738,1,14,2000,28.17432
4738,1,14,2001,28.48487
4738,1,14,2002,28.54601
4738,1,14,2003,28.73225
4738,1,14,2004,28.99995
4738,1,14,2005,29.30292
4738,1,14,2006,29.64217
4738,1,14,2007,29.90632
4738,1,14,2008,30.05087
4738,1,14,2009,30.28283
4738,1,14,2010,30.39773
4738,1,14,2011,30.63606
4738,1,14,2012,30.84802
4738,1,14,2013,31.06021
4738,1,14,2014,31.18081
4738,1,14,2015,31.41257
4738,1,14,2016,31.74313
4738,1,14,2017,32.00976
4738,1,14,2018,32.06669
4738,1,14,2019,31.99433
4738,2,14,1950,20.52711
4738,2,14,1951,20.6045
4738,2,14,1952,20.6015
4738,2,14,1953,20.82707
4738,2,14,1954,20.96722
4738,2,14,1955,21.13887
4738,2,14,1956,21.42469
4738,2,14,1957,21.49513
4738,2,14,1958,21.53184
4738,2,14,1959,21.96483
4738,2,14,1960,22.15137
4738,2,14,1961,22.07011
4738,2,14,1962,22.35009
4738,2,14,1963,22.54406
4738,2,14,1964,22.78349
4738,2,14,1965,22.63074
4738,2,14,1966,22.85207
4738,2,14,1967,22.86177
4738,2,14,1968,22.81193
4738,2,14,1969,23.10494
4738,2,14,1970,23.10611
4738,2,14,1971,23.45623
4738,2,14,1972,23.46726
4738,2,14,1973,23.87379
4738,2,14,1974,23.94712
4738,2,14,1975,24.12114
4738,2,14,1976,23.9426
4738,2,14,1977,24.09186
4738,2,14,1978,24.22627
4738,2,14,1979,24.29286
4738,2,14,1980,24.58091
4738,2,14,1981,24.67976
4738,2,14,1982,24.70465
4738,2,14,1983,24.79524
4738,2,14,1984,24.9132
4738,2,14,1985,24.83686
4738,2,14,1986,25.22406
4738,2,14,1987,25.11162
4738,2,14,1988,25.31257
4738,2,14,1989,25.4746
4738,2,14,1990,25.77762
4738,2,14,1991,25.8025
4738,2,14,1992,25.96193
4738,2,14,1993,26.01813
4738,2,14,1994,26.09703
4738,2,14,1995,26.32717
4738,2,14,1996,26.29584
4738,2,14,1997,26.59317
4738,2,14,1998,26.67518
4738,2,14,1999,26.81535
4738,2,14,2000,27.15583
4738,2,14,2001,27.33497
4738,2,14,2002,27.5371
4738,2,14,2003,27.81551
4738,2,14,2004,28.02374
4738,2,14,2005,28.05608
4738,2,14,2006,28.00896
4738,2,14,2007,28.16106
4738,2,14,2008,28.20864
4738,2,14,2009,28.3876
4738,2,14,2010,28.54407
4738,2,14,2011,28.96255
4738,2,14,2012,29.01205
4738,2,14,2013,29.41177
4738,2,14,2014,29.76218
4738,2,14,2015,29.96673
4738,2,14,2016,30.18612
4738,2,14,2017,30.43247
4738,2,14,2018,30.48327
4738,2,14,2019,30.54716
4738,3,14,1950,19.0714
4738,3,14,1951,19.05098
4738,3,14,1952,19.01801
4738,3,14,1953,19.33774
4738,3,14,1954,19.48582
4738,3,14,1955,19.71076
4738,3,14,1956,20.132
4738,3,14,1957,20.29653
4738,3,14,1958,20.48875
4738,3,14,1959,20.63784
4738,3,14,1960,20.912
4738,3,14,1961,21.16161
4738,3,14,1962,21.24983
4738,3,14,1963,21.6151
4738,3,14,1964,21.75327
4738,3,14,1965,21.78233
4738,3,14,1966,22.00581
4738,3,14,1967,22.09828
4738,3,14,1968,22.27958
4738,3,14,1969,22.47293
4738,3,14,1970,22.76936
4738,3,14,1971,23.03797
4738,3,14,1972,23.22131
4738,3,14,1973,23.5824
4738,3,14,1974,23.70486
4738,3,14,1975,23.83369
4738,3,14,1976,24.19062
4738,3,14,1977,24.24901
4738,3,14,1978,24.43829
4738,3,14,1979,24.58783
4738,3,14,1980,24.92241
4738,3,14,1981,25.02608
4738,3,14,1982,25.19629
4738,3,14,1983,25.42579
4738,3,14,1984,25.51026
4738,3,14,1985,25.54582
4738,3,14,1986,25.62185
4738,3,14,1987,25.53322
4738,3,14,1988,25.51532
4738,3,14,1989,25.67967
4738,3,14,1990,25.87916
4738,3,14,1991,26.15633
4738,3,14,1992,26.31571
4738,3,14,1993,26.53135
4738,3,14,1994,26.77686
4738,3,14,1995,26.84399
4738,3,14,1996,26.86656
4738,3,14,1997,26.90016
4738,3,14,1998,26.90171
4738,3,14,1999,26.88299
4738,3,14,2000,27.0532
4738,3,14,2001,27.25166
4738,3,14,2002,27.45997
4738,3,14,2003,27.66719
4738,3,14,2004,27.81441
4738,3,14,2005,28.03008
4738,3,14,2006,28.07334
4738,3,14,2007,28.35805
4738,3,14,2008,28.41204
4738,3,14,2009,28.57757
4738,3,14,2010,28.74806
4738,3,14,2011,28.89194
4738,3,14,2012,29.179
4738,3,14,2013,29.49702
4738,3,14,2014,29.57568
4738,3,14,2015,29.86023
4738,3,14,2016,30.08243
4738,3,14,2017,30.41034
4738,3,14,2018,30.49731
4738,3,14,2019,30.47079
4739,1,14,1950,20.78549
4739,1,14,1951,20.96566
4739,1,14,1952,21.29691
4739,1,14,1953,21.36516
4739,1,14,1954,21.9324
4739,1,14,1955,22.01885
4739,1,14,1956,22.2646
4739,1,14,1957,22.66032
4739,1,14,1958,22.83258
4739,1,14,1959,23.21481
4739,1,14,1960,23.44105
4739,1,14,1961,23.97608
4739,1,14,1962,23.96823
4739,1,14,1963,24.27714
4739,1,14,1964,24.60487
4739,1,14,1965,24.92977
4739,1,14,1966,24.71021
4739,1,14,1967,25.2967
4739,1,14,1968,25.57354
4739,1,14,1969,25.50279
4739,1,14,1970,26.14251
4739,1,14,1971,26.13164
4739,1,14,1972,26.32062
4739,1,14,1973,26.78021
4739,1,14,1974,27.01135
4739,1,14,1975,27.16963
4739,1,14,1976,27.5366
4739,1,14,1977,27.72778
4739,1,14,1978,27.75557
4739,1,14,1979,27.96903
4739,1,14,1980,28.13061
4739,1,14,1981,28.27563
4739,1,14,1982,28.37443
4739,1,14,1983,28.74421
4739,1,14,1984,28.63872
4739,1,14,1985,28.8346
4739,1,14,1986,28.66549
4739,1,14,1987,28.79488
4739,1,14,1988,28.9184
4739,1,14,1989,28.88819
4739,1,14,1990,29.14927
4739,1,14,1991,29.60587
4739,1,14,1992,29.66854
4739,1,14,1993,29.89757
4739,1,14,1994,30.11146
4739,1,14,1995,30.36466
4739,1,14,1996,30.70341
4739,1,14,1997,30.77904
4739,1,14,1998,30.27701
4739,1,14,1999,30.95337
4739,1,14,2000,30.92238
4739,1,14,2001,31.06564
4739,1,14,2002,30.79121
4739,1,14,2003,30.83547
4739,1,14,2004,30.73185
4739,1,14,2005,30.45074
4739,1,14,2006,30.15512
4739,1,14,2007,29.92753
4739,1,14,2008,30.20099
4739,1,14,2009,29.98039
4739,1,14,2010,30.11238
4739,1,14,2011,30.04059
4739,1,14,2012,30.23726
4739,1,14,2013,30.47553
4739,1,14,2014,30.34205
4739,1,14,2015,30.78288
4739,1,14,2016,30.88753
4739,1,14,2017,31.00981
4739,1,14,2018,31.19264
4739,1,14,2019,31.62512
4739,2,14,1950,22.32107
4739,2,14,1951,22.2915
4739,2,14,1952,22.59331
4739,2,14,1953,22.7007
4739,2,14,1954,23.05583
4739,2,14,1955,23.22453
4739,2,14,1956,23.43739
4739,2,14,1957,23.54282
4739,2,14,1958,23.66407
4739,2,14,1959,24.02961
4739,2,14,1960,24.31221
4739,2,14,1961,24.3364
4739,2,14,1962,24.53132
4739,2,14,1963,24.80482
4739,2,14,1964,24.89859
4739,2,14,1965,25.11825
4739,2,14,1966,24.978
4739,2,14,1967,25.17555
4739,2,14,1968,25.52216
4739,2,14,1969,25.46565
4739,2,14,1970,25.64604
4739,2,14,1971,25.83491
4739,2,14,1972,25.90209
4739,2,14,1973,26.01767
4739,2,14,1974,26.38055
4739,2,14,1975,26.23999
4739,2,14,1976,26.21167
4739,2,14,1977,26.32757
4739,2,14,1978,26.31351
4739,2,14,1979,26.41359
4739,2,14,1980,26.41972
4739,2,14,1981,26.66805
4739,2,14,1982,26.60158
4739,2,14,1983,26.67299
4739,2,14,1984,26.72616
4739,2,14,1985,26.73967
4739,2,14,1986,26.86618
4739,2,14,1987,26.67356
4739,2,14,1988,26.88411
4739,2,14,1989,26.92696
4739,2,14,1990,27.09638
4739,2,14,1991,27.29422
4739,2,14,1992,27.521
4739,2,14,1993,27.56654
4739,2,14,1994,27.60531
4739,2,14,1995,27.57711
4739,2,14,1996,27.50354
4739,2,14,1997,27.64
4739,2,14,1998,27.4302
4739,2,14,1999,27.92152
4739,2,14,2000,27.81892
4739,2,14,2001,27.8294
4739,2,14,2002,27.92984
4739,2,14,2003,27.90565
4739,2,14,2004,27.92997
4739,2,14,2005,27.87815
4739,2,14,2006,27.87545
4739,2,14,2007,27.96503
4739,2,14,2008,27.93683
4739,2,14,2009,28.18273
4739,2,14,2010,28.30958
4739,2,14,2011,28.47007
4739,2,14,2012,28.78501
4739,2,14,2013,28.91903
4739,2,14,2014,29.01973
4739,2,14,2015,29.31352
4739,2,14,2016,29.52787
4739,2,14,2017,29.67996
4739,2,14,2018,29.8432
4739,2,14,2019,30.11767
4739,3,14,1950,20.49415
4739,3,14,1951,20.62497
4739,3,14,1952,20.80797
4739,3,14,1953,21.15512
4739,3,14,1954,21.23419
4739,3,14,1955,21.54883
4739,3,14,1956,21.91075
4739,3,14,1957,22.11975
4739,3,14,1958,22.33988
4739,3,14,1959,22.69952
4739,3,14,1960,22.82092
4739,3,14,1961,22.96493
4739,3,14,1962,23.15922
4739,3,14,1963,23.57365
4739,3,14,1964,23.69517
4739,3,14,1965,23.89712
4739,3,14,1966,23.90922
4739,3,14,1967,24.16521
4739,3,14,1968,24.29439
4739,3,14,1969,24.54298
4739,3,14,1970,24.75174
4739,3,14,1971,24.97299
4739,3,14,1972,25.36439
4739,3,14,1973,25.36037
4739,3,14,1974,25.68428
4739,3,14,1975,25.76887
4739,3,14,1976,25.92404
4739,3,14,1977,26.14602
4739,3,14,1978,26.15566
4739,3,14,1979,26.39138
4739,3,14,1980,26.42516
4739,3,14,1981,26.71583
4739,3,14,1982,26.5905
4739,3,14,1983,26.86111
4739,3,14,1984,26.9244
4739,3,14,1985,26.96566
4739,3,14,1986,26.9798
4739,3,14,1987,26.97055
4739,3,14,1988,26.96651
4739,3,14,1989,27.16937
4739,3,14,1990,27.34585
4739,3,14,1991,27.7057
4739,3,14,1992,27.80895
4739,3,14,1993,28.0048
4739,3,14,1994,28.10442
4739,3,14,1995,28.20722
4739,3,14,1996,28.31848
4739,3,14,1997,28.36573
4739,3,14,1998,28.15441
4739,3,14,1999,28.55748
4739,3,14,2000,28.58834
4739,3,14,2001,28.68833
4739,3,14,2002,28.5554
4739,3,14,2003,28.52098
4739,3,14,2004,28.5077
4739,3,14,2005,28.31822
4739,3,14,2006,28.27983
4739,3,14,2007,28.17892
4739,3,14,2008,28.24392
4739,3,14,2009,28.27655
4739,3,14,2010,28.49591
4739,3,14,2011,28.60191
4739,3,14,2012,28.39168
4739,3,14,2013,28.9282
4739,3,14,2014,28.88565
4739,3,14,2015,29.15719
4739,3,14,2016,29.17133
4739,3,14,2017,29.48883
4739,3,14,2018,29.45325
4739,3,14,2019,29.6552
4740,1,14,1950,19.98924
4740,1,14,1951,20.0174
4740,1,14,1952,20.19664
4740,1,14,1953,20.32558
4740,1,14,1954,20.61572
4740,1,14,1955,20.72235
4740,1,14,1956,20.74698
4740,1,14,1957,21.39064
4740,1,14,1958,21.2272
4740,1,14,1959,21.5192
4740,1,14,1960,21.87603
4740,1,14,1961,22.22659
4740,1,14,1962,22.42044
4740,1,14,1963,22.51665
4740,1,14,1964,22.75727
4740,1,14,1965,22.90708
4740,1,14,1966,23.02554
4740,1,14,1967,23.21843
4740,1,14,1968,23.49984
4740,1,14,1969,23.29521
4740,1,14,1970,23.89447
4740,1,14,1971,24.27324
4740,1,14,1972,24.06828
4740,1,14,1973,24.19772
4740,1,14,1974,24.82386
4740,1,14,1975,24.75097
4740,1,14,1976,24.90668
4740,1,14,1977,24.99718
4740,1,14,1978,25.14251
4740,1,14,1979,25.20259
4740,1,14,1980,25.45128
4740,1,14,1981,25.39117
4740,1,14,1982,25.60026
4740,1,14,1983,25.66247
4740,1,14,1984,25.79421
4740,1,14,1985,26.70516
4740,1,14,1986,27.2713
4740,1,14,1987,27.70042
4740,1,14,1988,28.13607
4740,1,14,1989,28.73579
4740,1,14,1990,29.17297
4740,1,14,1991,29.61095
4740,1,14,1992,29.84589
4740,1,14,1993,30.0417
4740,1,14,1994,30.40032
4740,1,14,1995,30.62754
4740,1,14,1996,31.0405
4740,1,14,1997,31.2491
4740,1,14,1998,31.17138
4740,1,14,1999,31.50165
4740,1,14,2000,31.25284
4740,1,14,2001,31.3256
4740,1,14,2002,31.0384
4740,1,14,2003,31.12533
4740,1,14,2004,30.98971
4740,1,14,2005,31.18688
4740,1,14,2006,31.34376
4740,1,14,2007,31.45452
4740,1,14,2008,31.40461
4740,1,14,2009,31.79479
4740,1,14,2010,31.84696
4740,1,14,2011,32.27108
4740,1,14,2012,32.20254
4740,1,14,2013,32.79813
4740,1,14,2014,32.74308
4740,1,14,2015,33.13921
4740,1,14,2016,33.29268
4740,1,14,2017,33.40942
4740,1,14,2018,33.3961
4740,1,14,2019,33.38167
4740,2,14,1950,21.61574
4740,2,14,1951,21.63126
4740,2,14,1952,21.88389
4740,2,14,1953,21.96199
4740,2,14,1954,22.04201
4740,2,14,1955,22.13589
4740,2,14,1956,22.54176
4740,2,14,1957,22.46401
4740,2,14,1958,22.67609
4740,2,14,1959,23.05344
4740,2,14,1960,23.20659
4740,2,14,1961,23.21072
4740,2,14,1962,23.31224
4740,2,14,1963,23.7542
4740,2,14,1964,23.64972
4740,2,14,1965,23.89363
4740,2,14,1966,23.96379
4740,2,14,1967,23.83651
4740,2,14,1968,23.91329
4740,2,14,1969,23.99619
4740,2,14,1970,24.05558
4740,2,14,1971,24.3512
4740,2,14,1972,24.20687
4740,2,14,1973,24.52881
4740,2,14,1974,24.86389
4740,2,14,1975,24.70651
4740,2,14,1976,24.66704
4740,2,14,1977,24.91887
4740,2,14,1978,24.93261
4740,2,14,1979,24.77759
4740,2,14,1980,24.84202
4740,2,14,1981,25.01407
4740,2,14,1982,24.86432
4740,2,14,1983,24.90489
4740,2,14,1984,25.0919
4740,2,14,1985,25.10533
4740,2,14,1986,25.26353
4740,2,14,1987,25.23186
4740,2,14,1988,25.35372
4740,2,14,1989,25.39528
4740,2,14,1990,25.53893
4740,2,14,1991,25.70607
4740,2,14,1992,25.97942
4740,2,14,1993,25.99933
4740,2,14,1994,26.0706
4740,2,14,1995,25.98334
4740,2,14,1996,25.9725
4740,2,14,1997,25.93726
4740,2,14,1998,25.87695
4740,2,14,1999,25.96995
4740,2,14,2000,25.72385
4740,2,14,2001,25.87048
4740,2,14,2002,25.58447
4740,2,14,2003,25.60296
4740,2,14,2004,25.72818
4740,2,14,2005,25.50197
4740,2,14,2006,25.54824
4740,2,14,2007,25.66883
4740,2,14,2008,25.78716
4740,2,14,2009,25.81078
4740,2,14,2010,25.92879
4740,2,14,2011,26.36454
4740,2,14,2012,26.59131
4740,2,14,2013,26.81094
4740,2,14,2014,27.35618
4740,2,14,2015,27.23293
4740,2,14,2016,27.48021
4740,2,14,2017,27.70099
4740,2,14,2018,27.86537
4740,2,14,2019,28.08344
4740,3,14,1950,19.72759
4740,3,14,1951,19.77811
4740,3,14,1952,20.05444
4740,3,14,1953,20.07938
4740,3,14,1954,20.29431
4740,3,14,1955,20.29154
4740,3,14,1956,20.71689
4740,3,14,1957,20.87802
4740,3,14,1958,20.8104
4740,3,14,1959,21.17837
4740,3,14,1960,21.48867
4740,3,14,1961,21.76145
4740,3,14,1962,21.67145
4740,3,14,1963,22.08404
4740,3,14,1964,22.20173
4740,3,14,1965,22.21707
4740,3,14,1966,22.35047
4740,3,14,1967,22.4705
4740,3,14,1968,22.75429
4740,3,14,1969,22.67976
4740,3,14,1970,23.01403
4740,3,14,1971,23.18022
4740,3,14,1972,23.35161
4740,3,14,1973,23.54611
4740,3,14,1974,23.63541
4740,3,14,1975,23.76981
4740,3,14,1976,23.91976
4740,3,14,1977,23.91209
4740,3,14,1978,24.29255
4740,3,14,1979,24.04394
4740,3,14,1980,24.27343
4740,3,14,1981,24.45324
4740,3,14,1982,24.49383
4740,3,14,1983,24.60794
4740,3,14,1984,24.81615
4740,3,14,1985,25.26312
4740,3,14,1986,25.39404
4740,3,14,1987,25.77625
4740,3,14,1988,25.97489
4740,3,14,1989,26.35528
4740,3,14,1990,26.59702
4740,3,14,1991,26.94458
4740,3,14,1992,27.17245
4740,3,14,1993,27.32085
4740,3,14,1994,27.51447
4740,3,14,1995,27.53218
4740,3,14,1996,27.85312
4740,3,14,1997,27.93573
4740,3,14,1998,27.82452
4740,3,14,1999,27.87142
4740,3,14,2000,27.72633
4740,3,14,2001,27.80285
4740,3,14,2002,27.63851
4740,3,14,2003,27.60849
4740,3,14,2004,27.52698
4740,3,14,2005,27.45594
4740,3,14,2006,27.68181
4740,3,14,2007,27.67482
4740,3,14,2008,27.86002
4740,3,14,2009,27.81106
4740,3,14,2010,27.91454
4740,3,14,2011,28.15619
4740,3,14,2012,28.4544
4740,3,14,2013,28.7175
4740,3,14,2014,29.18208
4740,3,14,2015,29.20186
4740,3,14,2016,29.27494
4740,3,14,2017,29.67963
4740,3,14,2018,29.57877
4740,3,14,2019,29.65018
4741,1,14,1950,26.93348
4741,1,14,1951,27.18831
4741,1,14,1952,27.2738
4741,1,14,1953,27.05107
4741,1,14,1954,27.47946
4741,1,14,1955,27.83041
4741,1,14,1956,27.8325
4741,1,14,1957,28.08131
4741,1,14,1958,27.8466
4741,1,14,1959,28.14838
4741,1,14,1960,28.54696
4741,1,14,1961,28.53686
4741,1,14,1962,28.70722
4741,1,14,1963,28.96614
4741,1,14,1964,29.13995
4741,1,14,1965,29.09342
4741,1,14,1966,29.13658
4741,1,14,1967,29.22788
4741,1,14,1968,29.52613
4741,1,14,1969,29.61814
4741,1,14,1970,29.67312
4741,1,14,1971,30.09967
4741,1,14,1972,29.83138
4741,1,14,1973,30.33686
4741,1,14,1974,30.54619
4741,1,14,1975,30.73395
4741,1,14,1976,30.28022
4741,1,14,1977,31.08655
4741,1,14,1978,31.22648
4741,1,14,1979,31.15441
4741,1,14,1980,31.45914
4741,1,14,1981,30.84451
4741,1,14,1982,31.83029
4741,1,14,1983,32.01831
4741,1,14,1984,32.07494
4741,1,14,1985,31.89246
4741,1,14,1986,31.82134
4741,1,14,1987,31.70101
4741,1,14,1988,31.85563
4741,1,14,1989,32.02253
4741,1,14,1990,32.06922
4741,1,14,1991,32.24437
4741,1,14,1992,32.46968
4741,1,14,1993,32.46127
4741,1,14,1994,32.54822
4741,1,14,1995,32.49907
4741,1,14,1996,32.48568
4741,1,14,1997,32.55742
4741,1,14,1998,32.60004
4741,1,14,1999,32.58298
4741,1,14,2000,32.21139
4741,1,14,2001,32.0005
4741,1,14,2002,31.80107
4741,1,14,2003,31.52216
4741,1,14,2004,31.21144
4741,1,14,2005,31.13076
4741,1,14,2006,31.12047
4741,1,14,2007,31.04053
4741,1,14,2008,31.24204
4741,1,14,2009,31.36547
4741,1,14,2010,30.97112
4741,1,14,2011,31.93598
4741,1,14,2012,32.08453
4741,1,14,2013,32.44594
4741,1,14,2014,32.42502
4741,1,14,2015,32.86874
4741,1,14,2016,33.07636
4741,1,14,2017,33.15651
4741,1,14,2018,33.08619
4741,1,14,2019,33.57014
4741,2,14,1950,24.76081
4741,2,14,1951,24.70131
4741,2,14,1952,25.09032
4741,2,14,1953,25.09155
4741,2,14,1954,25.22442
4741,2,14,1955,25.00156
4741,2,14,1956,25.2826
4741,2,14,1957,25.33659
4741,2,14,1958,25.4875
4741,2,14,1959,25.59035
4741,2,14,1960,25.74196
4741,2,14,1961,25.59072
4741,2,14,1962,25.55978
4741,2,14,1963,25.88704
4741,2,14,1964,26.05876
4741,2,14,1965,26.08131
4741,2,14,1966,26.00127
4741,2,14,1967,26.0199
4741,2,14,1968,25.94193
4741,2,14,1969,26.18233
4741,2,14,1970,25.91745
4741,2,14,1971,26.01967
4741,2,14,1972,26.31391
4741,2,14,1973,26.52648
4741,2,14,1974,26.49205
4741,2,14,1975,26.56909
4741,2,14,1976,25.99033
4741,2,14,1977,26.31099
4741,2,14,1978,26.34725
4741,2,14,1979,26.53089
4741,2,14,1980,26.62617
4741,2,14,1981,26.07604
4741,2,14,1982,26.49336
4741,2,14,1983,26.58011
4741,2,14,1984,26.74281
4741,2,14,1985,26.52502
4741,2,14,1986,26.40436
4741,2,14,1987,26.61665
4741,2,14,1988,26.52971
4741,2,14,1989,26.80186
4741,2,14,1990,26.79507
4741,2,14,1991,26.84443
4741,2,14,1992,26.94498
4741,2,14,1993,26.8044
4741,2,14,1994,26.81219
4741,2,14,1995,26.81919
4741,2,14,1996,26.77636
4741,2,14,1997,26.58509
4741,2,14,1998,26.73025
4741,2,14,1999,26.99586
4741,2,14,2000,26.74324
4741,2,14,2001,26.24024
4741,2,14,2002,26.14758
4741,2,14,2003,26.27261
4741,2,14,2004,26.47872
4741,2,14,2005,26.5126
4741,2,14,2006,26.39523
4741,2,14,2007,26.17826
4741,2,14,2008,26.22496
4741,2,14,2009,26.40068
4741,2,14,2010,26.23534
4741,2,14,2011,26.75302
4741,2,14,2012,26.85711
4741,2,14,2013,27.14176
4741,2,14,2014,27.46102
4741,2,14,2015,27.92947
4741,2,14,2016,28.17119
4741,2,14,2017,28.31429
4741,2,14,2018,28.43764
4741,2,14,2019,28.86278
4741,3,14,1950,25.26079
4741,3,14,1951,25.1995
4741,3,14,1952,25.46626
4741,3,14,1953,25.34773
4741,3,14,1954,25.64429
4741,3,14,1955,25.71012
4741,3,14,1956,25.93151
4741,3,14,1957,25.93664
4741,3,14,1958,25.96757
4741,3,14,1959,26.14151
4741,3,14,1960,26.37427
4741,3,14,1961,26.36102
4741,3,14,1962,26.32175
4741,3,14,1963,26.6939
4741,3,14,1964,26.92952
4741,3,14,1965,26.82147
4741,3,14,1966,26.63266
4741,3,14,1967,27.03695
4741,3,14,1968,26.95023
4741,3,14,1969,26.90433
4741,3,14,1970,27.02275
4741,3,14,1971,27.16032
4741,3,14,1972,27.36789
4741,3,14,1973,27.581
4741,3,14,1974,27.59511
4741,3,14,1975,27.67633
4741,3,14,1976,27.37295
4741,3,14,1977,28.01544
4741,3,14,1978,28.00593
4741,3,14,1979,27.98556
4741,3,14,1980,28.29759
4741,3,14,1981,27.77423
4741,3,14,1982,28.33951
4741,3,14,1983,28.51487
4741,3,14,1984,28.58632
4741,3,14,1985,28.6219
4741,3,14,1986,28.53091
4741,3,14,1987,28.51606
4741,3,14,1988,28.52734
4741,3,14,1989,28.76285
4741,3,14,1990,28.79199
4741,3,14,1991,29.01194
4741,3,14,1992,29.1721
4741,3,14,1993,29.17846
4741,3,14,1994,29.18708
4741,3,14,1995,29.12129
4741,3,14,1996,29.13614
4741,3,14,1997,29.13662
4741,3,14,1998,29.13011
4741,3,14,1999,29.34993
4741,3,14,2000,29.07698
4741,3,14,2001,28.62104
4741,3,14,2002,28.49516
4741,3,14,2003,28.31226
4741,3,14,2004,28.15365
4741,3,14,2005,28.10002
4741,3,14,2006,27.98034
4741,3,14,2007,27.87259
4741,3,14,2008,27.9237
4741,3,14,2009,28.08856
4741,3,14,2010,27.72117
4741,3,14,2011,28.40251
4741,3,14,2012,28.66156
4741,3,14,2013,28.87198
4741,3,14,2014,29.16504
4741,3,14,2015,29.43357
4741,3,14,2016,29.48736
4741,3,14,2017,29.83286
4741,3,14,2018,29.99855
4741,3,14,2019,30.1922
4742,1,14,1950,26.902
4742,1,14,1951,27.05535
4742,1,14,1952,27.34812
4742,1,14,1953,27.07032
4742,1,14,1954,27.58378
4742,1,14,1955,27.76777
4742,1,14,1956,27.78815
4742,1,14,1957,28.05406
4742,1,14,1958,27.89018
4742,1,14,1959,28.22593
4742,1,14,1960,28.4046
4742,1,14,1961,28.58313
4742,1,14,1962,28.56352
4742,1,14,1963,29.05037
4742,1,14,1964,29.193
4742,1,14,1965,29.205
4742,1,14,1966,29.1549
4742,1,14,1967,29.54868
4742,1,14,1968,29.7517
4742,1,14,1969,29.84436
4742,1,14,1970,29.98741
4742,1,14,1971,30.24829
4742,1,14,1972,30.27404
4742,1,14,1973,30.36246
4742,1,14,1974,30.78633
4742,1,14,1975,30.86257
4742,1,14,1976,28.80074
4742,1,14,1977,30.82753
4742,1,14,1978,31.26865
4742,1,14,1979,31.01633
4742,1,14,1980,31.52896
4742,1,14,1981,31.37891
4742,1,14,1982,31.48146
4742,1,14,1983,31.65071
4742,1,14,1984,31.58334
4742,1,14,1985,31.17404
4742,1,14,1986,30.90432
4742,1,14,1987,30.4036
4742,1,14,1988,30.40497
4742,1,14,1989,30.08732
4742,1,14,1990,30.46576
4742,1,14,1991,30.35896
4742,1,14,1992,30.33703
4742,1,14,1993,30.23859
4742,1,14,1994,30.19821
4742,1,14,1995,29.99459
4742,1,14,1996,29.74152
4742,1,14,1997,29.44348
4742,1,14,1998,29.27867
4742,1,14,1999,29.09846
4742,1,14,2000,28.78879
4742,1,14,2001,28.81839
4742,1,14,2002,28.44399
4742,1,14,2003,28.3446
4742,1,14,2004,28.28263
4742,1,14,2005,28.13289
4742,1,14,2006,28.22108
4742,1,14,2007,28.35451
4742,1,14,2008,28.15363
4742,1,14,2009,28.31109
4742,1,14,2010,28.39717
4742,1,14,2011,28.51827
4742,1,14,2012,28.61245
4742,1,14,2013,29.128
4742,1,14,2014,29.11378
4742,1,14,2015,29.39808
4742,1,14,2016,29.7914
4742,1,14,2017,30.15372
4742,1,14,2018,30.07312
4742,1,14,2019,30.44528
4742,2,14,1950,26.05962
4742,2,14,1951,26.08284
4742,2,14,1952,26.31405
4742,2,14,1953,26.39476
4742,2,14,1954,26.27828
4742,2,14,1955,26.40374
4742,2,14,1956,26.60248
4742,2,14,1957,26.64442
4742,2,14,1958,26.64449
4742,2,14,1959,26.83251
4742,2,14,1960,26.866
4742,2,14,1961,27.03433
4742,2,14,1962,26.84967
4742,2,14,1963,27.43364
4742,2,14,1964,27.47064
4742,2,14,1965,27.29463
4742,2,14,1966,27.11378
4742,2,14,1967,27.19651
4742,2,14,1968,27.47991
4742,2,14,1969,27.31033
4742,2,14,1970,27.29441
4742,2,14,1971,27.54769
4742,2,14,1972,27.44128
4742,2,14,1973,27.66591
4742,2,14,1974,27.61699
4742,2,14,1975,27.58258
4742,2,14,1976,26.40854
4742,2,14,1977,27.65468
4742,2,14,1978,27.81716
4742,2,14,1979,27.53689
4742,2,14,1980,27.68198
4742,2,14,1981,27.60881
4742,2,14,1982,27.47327
4742,2,14,1983,27.50995
4742,2,14,1984,27.42816
4742,2,14,1985,27.22487
4742,2,14,1986,27.30863
4742,2,14,1987,27.35338
4742,2,14,1988,27.38231
4742,2,14,1989,27.27795
4742,2,14,1990,27.38647
4742,2,14,1991,27.3672
4742,2,14,1992,27.47929
4742,2,14,1993,27.58399
4742,2,14,1994,27.52238
4742,2,14,1995,27.80502
4742,2,14,1996,27.83475
4742,2,14,1997,28.05681
4742,2,14,1998,28.36289
4742,2,14,1999,28.16119
4742,2,14,2000,27.9961
4742,2,14,2001,28.10217
4742,2,14,2002,27.90572
4742,2,14,2003,28.0237
4742,2,14,2004,27.97614
4742,2,14,2005,28.02434
4742,2,14,2006,27.96975
4742,2,14,2007,28.13595
4742,2,14,2008,28.1402
4742,2,14,2009,28.35646
4742,2,14,2010,28.48456
4742,2,14,2011,28.9756
4742,2,14,2012,29.18483
4742,2,14,2013,29.55238
4742,2,14,2014,29.71842
4742,2,14,2015,30.17479
4742,2,14,2016,30.60027
4742,2,14,2017,30.50762
4742,2,14,2018,30.73655
4742,2,14,2019,31.00362
4742,3,14,1950,25.62047
4742,3,14,1951,25.62989
4742,3,14,1952,25.85857
4742,3,14,1953,25.82612
4742,3,14,1954,26.08327
4742,3,14,1955,26.02763
4742,3,14,1956,26.23595
4742,3,14,1957,26.48648
4742,3,14,1958,26.22653
4742,3,14,1959,26.41076
4742,3,14,1960,26.65102
4742,3,14,1961,26.6914
4742,3,14,1962,26.71276
4742,3,14,1963,27.12618
4742,3,14,1964,27.14896
4742,3,14,1965,27.23457
4742,3,14,1966,27.11825
4742,3,14,1967,27.32389
4742,3,14,1968,27.61101
4742,3,14,1969,27.66637
4742,3,14,1970,27.65238
4742,3,14,1971,27.79947
4742,3,14,1972,27.99164
4742,3,14,1973,28.07023
4742,3,14,1974,28.28566
4742,3,14,1975,28.16939
4742,3,14,1976,26.77934
4742,3,14,1977,28.51607
4742,3,14,1978,28.60873
4742,3,14,1979,28.54996
4742,3,14,1980,28.55616
4742,3,14,1981,28.76151
4742,3,14,1982,28.65557
4742,3,14,1983,28.81774
4742,3,14,1984,28.85263
4742,3,14,1985,28.68411
4742,3,14,1986,28.5281
4742,3,14,1987,28.38277
4742,3,14,1988,28.22812
4742,3,14,1989,28.17218
4742,3,14,1990,28.37418
4742,3,14,1991,28.51225
4742,3,14,1992,28.47186
4742,3,14,1993,28.45302
4742,3,14,1994,28.42686
4742,3,14,1995,28.4183
4742,3,14,1996,28.45326
4742,3,14,1997,28.20522
4742,3,14,1998,28.28795
4742,3,14,1999,28.11471
4742,3,14,2000,27.94848
4742,3,14,2001,27.80841
4742,3,14,2002,27.68496
4742,3,14,2003,27.66216
4742,3,14,2004,27.59962
4742,3,14,2005,27.55135
4742,3,14,2006,27.58041
4742,3,14,2007,27.56516
4742,3,14,2008,27.64698
4742,3,14,2009,27.66706
4742,3,14,2010,27.8258
4742,3,14,2011,28.06094
4742,3,14,2012,28.09597
4742,3,14,2013,28.48329
4742,3,14,2014,28.63421
4742,3,14,2015,28.86972
4742,3,14,2016,29.13896
4742,3,14,2017,29.55998
4742,3,14,2018,29.49654
4742,3,14,2019,29.93315
4743,1,14,1950,27.12842
4743,1,14,1951,27.00934
4743,1,14,1952,27.32981
4743,1,14,1953,27.50846
4743,1,14,1954,27.67297
4743,1,14,1955,27.73404
4743,1,14,1956,27.6194
4743,1,14,1957,27.59487
4743,1,14,1958,28.04734
4743,1,14,1959,27.91673
4743,1,14,1960,28.01185
4743,1,14,1961,28.0583
4743,1,14,1962,27.84256
4743,1,14,1963,27.86636
4743,1,14,1964,28.07201
4743,1,14,1965,28.04427
4743,1,14,1966,28.11034
4743,1,14,1967,28.05573
4743,1,14,1968,27.90562
4743,1,14,1969,27.72359
4743,1,14,1970,27.93965
4743,1,14,1971,27.9884
4743,1,14,1972,28.09202
4743,1,14,1973,28.1501
4743,1,14,1974,28.22851
4743,1,14,1975,28.17286
4743,1,14,1976,28.24192
4743,1,14,1977,28.36399
4743,1,14,1978,28.39404
4743,1,14,1979,28.49575
4743,1,14,1980,28.53064
4743,1,14,1981,28.72948
4743,1,14,1982,28.88724
4743,1,14,1983,28.88573
4743,1,14,1984,29.02064
4743,1,14,1985,29.07789
4743,1,14,1986,29.26858
4743,1,14,1987,29.46665
4743,1,14,1988,29.64918
4743,1,14,1989,29.76091
4743,1,14,1990,29.82264
4743,1,14,1991,29.9238
4743,1,14,1992,30.06021
4743,1,14,1993,30.18351
4743,1,14,1994,30.34425
4743,1,14,1995,30.44553
4743,1,14,1996,30.64731
4743,1,14,1997,30.86406
4743,1,14,1998,31.06081
4743,1,14,1999,31.28192
4743,1,14,2000,31.63259
4743,1,14,2001,31.84839
4743,1,14,2002,31.99388
4743,1,14,2003,32.14045
4743,1,14,2004,32.48989
4743,1,14,2005,32.69056
4743,1,14,2006,32.94383
4743,1,14,2007,33.13985
4743,1,14,2008,33.34319
4743,1,14,2009,33.56604
4743,1,14,2010,33.80602
4743,1,14,2011,34.05314
4743,1,14,2012,34.18713
4743,1,14,2013,34.4062
4743,1,14,2014,34.6214
4743,1,14,2015,34.60766
4743,1,14,2016,34.80411
4743,1,14,2017,34.99511
4743,1,14,2018,35.20834
4743,1,14,2019,35.34827
4743,2,14,1950,30.60575
4743,2,14,1951,30.54525
4743,2,14,1952,30.86683
4743,2,14,1953,31.05764
4743,2,14,1954,31.27807
4743,2,14,1955,31.3919
4743,2,14,1956,31.38122
4743,2,14,1957,31.4882
4743,2,14,1958,31.92329
4743,2,14,1959,31.91856
4743,2,14,1960,32.07898
4743,2,14,1961,32.21618
4743,2,14,1962,32.13173
4743,2,14,1963,32.26993
4743,2,14,1964,32.55044
4743,2,14,1965,32.58938
4743,2,14,1966,32.69378
4743,2,14,1967,32.71946
4743,2,14,1968,32.58902
4743,2,14,1969,32.49404
4743,2,14,1970,32.71779
4743,2,14,1971,32.857
4743,2,14,1972,33.01602
4743,2,14,1973,33.11432
4743,2,14,1974,33.24804
4743,2,14,1975,33.32881
4743,2,14,1976,33.48107
4743,2,14,1977,33.69482
4743,2,14,1978,33.80907
4743,2,14,1979,33.93818
4743,2,14,1980,34.038
4743,2,14,1981,34.21212
4743,2,14,1982,34.37394
4743,2,14,1983,34.43104
4743,2,14,1984,34.60157
4743,2,14,1985,34.66532
4743,2,14,1986,34.84329
4743,2,14,1987,35.04069
4743,2,14,1988,35.22166
4743,2,14,1989,35.35107
4743,2,14,1990,35.49923
4743,2,14,1991,35.61818
4743,2,14,1992,35.79108
4743,2,14,1993,35.88589
4743,2,14,1994,36.06002
4743,2,14,1995,36.16831
4743,2,14,1996,36.32666
4743,2,14,1997,36.48127
4743,2,14,1998,36.61971
4743,2,14,1999,36.76997
4743,2,14,2000,37.02111
4743,2,14,2001,37.22303
4743,2,14,2002,37.32239
4743,2,14,2003,37.42489
4743,2,14,2004,37.7516
4743,2,14,2005,37.92454
4743,2,14,2006,38.13707
4743,2,14,2007,38.28116
4743,2,14,2008,38.42076
4743,2,14,2009,38.58973
4743,2,14,2010,38.80867
4743,2,14,2011,38.94854
4743,2,14,2012,39.03242
4743,2,14,2013,39.16901
4743,2,14,2014,39.31789
4743,2,14,2015,39.29024
4743,2,14,2016,39.44944
4743,2,14,2017,39.61278
4743,2,14,2018,39.67853
4743,2,14,2019,39.75365
4743,3,14,1950,28.95534
4743,3,14,1951,28.86566
4743,3,14,1952,29.1907
4743,3,14,1953,29.37946
4743,3,14,1954,29.57263
4743,3,14,1955,29.66461
4743,3,14,1956,29.60239
4743,3,14,1957,29.64246
4743,3,14,1958,30.09207
4743,3,14,1959,30.02581
4743,3,14,1960,30.15519
4743,3,14,1961,30.24858
4743,3,14,1962,30.09406
4743,3,14,1963,30.17654
4743,3,14,1964,30.42462
4743,3,14,1965,30.4286
4743,3,14,1966,30.51701
4743,3,14,1967,30.50201
4743,3,14,1968,30.36067
4743,3,14,1969,30.21882
4743,3,14,1970,30.44333
4743,3,14,1971,30.53728
4743,3,14,1972,30.67095
4743,3,14,1973,30.74731
4743,3,14,1974,30.85639
4743,3,14,1975,30.864
4743,3,14,1976,30.97505
4743,3,14,1977,31.14337
4743,3,14,1978,31.21366
4743,3,14,1979,31.32921
4743,3,14,1980,31.39348
4743,3,14,1981,31.58323
4743,3,14,1982,31.74416
4743,3,14,1983,31.766
4743,3,14,1984,31.92018
4743,3,14,1985,31.97463
4743,3,14,1986,32.16409
4743,3,14,1987,32.36233
4743,3,14,1988,32.54309
4743,3,14,1989,32.66097
4743,3,14,1990,32.75976
4743,3,14,1991,32.86953
4743,3,14,1992,33.01977
4743,3,14,1993,33.12726
4743,3,14,1994,33.29145
4743,3,14,1995,33.39205
4743,3,14,1996,33.57173
4743,3,14,1997,33.75756
4743,3,14,1998,33.92509
4743,3,14,1999,34.11002
4743,3,14,2000,34.4159
4743,3,14,2001,34.62084
4743,3,14,2002,34.74006
4743,3,14,2003,34.86129
4743,3,14,2004,35.20089
4743,3,14,2005,35.38544
4743,3,14,2006,35.61923
4743,3,14,2007,35.78144
4743,3,14,2008,35.95126
4743,3,14,2009,36.14494
4743,3,14,2010,36.37615
4743,3,14,2011,36.57315
4743,3,14,2012,36.67948
4743,3,14,2013,36.85538
4743,3,14,2014,37.03451
4743,3,14,2015,37.00777
4743,3,14,2016,37.1867
4743,3,14,2017,37.34699
4743,3,14,2018,37.48903
4743,3,14,2019,37.58883
4749,1,14,1950,26.83457
4749,1,14,1951,26.58859
4749,1,14,1952,26.96401
4749,1,14,1953,27.27075
4749,1,14,1954,27.32249
4749,1,14,1955,27.26989
4749,1,14,1956,27.30192
4749,1,14,1957,27.30225
4749,1,14,1958,27.3771
4749,1,14,1959,27.44843
4749,1,14,1960,27.50561
4749,1,14,1961,27.37751
4749,1,14,1962,27.30852
4749,1,14,1963,27.28779
4749,1,14,1964,27.54323
4749,1,14,1965,27.58724
4749,1,14,1966,27.58713
4749,1,14,1967,27.7936
4749,1,14,1968,27.63788
4749,1,14,1969,27.5454
4749,1,14,1970,27.70555
4749,1,14,1971,27.86984
4749,1,14,1972,27.79057
4749,1,14,1973,27.89553
4749,1,14,1974,28.05085
4749,1,14,1975,28.20444
4749,1,14,1976,28.25056
4749,1,14,1977,28.44556
4749,1,14,1978,28.4293
4749,1,14,1979,28.4864
4749,1,14,1980,28.78631
4749,1,14,1981,29.03789
4749,1,14,1982,29.19214
4749,1,14,1983,29.36778
4749,1,14,1984,29.58534
4749,1,14,1985,29.62712
4749,1,14,1986,29.81596
4749,1,14,1987,30.09678
4749,1,14,1988,30.2897
4749,1,14,1989,30.49121
4749,1,14,1990,30.68872
4749,1,14,1991,30.89126
4749,1,14,1992,31.117
4749,1,14,1993,31.21569
4749,1,14,1994,31.53449
4749,1,14,1995,31.66086
4749,1,14,1996,31.90914
4749,1,14,1997,32.17946
4749,1,14,1998,32.34438
4749,1,14,1999,32.5325
4749,1,14,2000,32.94038
4749,1,14,2001,33.25961
4749,1,14,2002,33.42896
4749,1,14,2003,33.64684
4749,1,14,2004,34.05689
4749,1,14,2005,34.37283
4749,1,14,2006,34.618
4749,1,14,2007,34.88844
4749,1,14,2008,35.09614
4749,1,14,2009,35.39336
4749,1,14,2010,35.63715
4749,1,14,2011,35.85456
4749,1,14,2012,35.98749
4749,1,14,2013,36.0078
4749,1,14,2014,36.12572
4749,1,14,2015,36.1032
4749,1,14,2016,36.17291
4749,1,14,2017,36.25904
4749,1,14,2018,36.19944
4749,1,14,2019,36.22749
4749,2,14,1950,30.89368
4749,2,14,1951,30.8482
4749,2,14,1952,31.39958
4749,2,14,1953,31.7192
4749,2,14,1954,31.85138
4749,2,14,1955,31.8924
4749,2,14,1956,32.02741
4749,2,14,1957,32.17049
4749,2,14,1958,32.2779
4749,2,14,1959,32.36215
4749,2,14,1960,32.46286
4749,2,14,1961,32.35822
4749,2,14,1962,32.36079
4749,2,14,1963,32.45596
4749,2,14,1964,32.83093
4749,2,14,1965,32.91317
4749,2,14,1966,32.92559
4749,2,14,1967,33.07943
4749,2,14,1968,32.98112
4749,2,14,1969,32.93209
4749,2,14,1970,33.11082
4749,2,14,1971,33.22556
4749,2,14,1972,33.14081
4749,2,14,1973,33.24762
4749,2,14,1974,33.35719
4749,2,14,1975,33.48032
4749,2,14,1976,33.50898
4749,2,14,1977,33.727
4749,2,14,1978,33.75616
4749,2,14,1979,33.8048
4749,2,14,1980,34.04944
4749,2,14,1981,34.23236
4749,2,14,1982,34.33914
4749,2,14,1983,34.48715
4749,2,14,1984,34.63349
4749,2,14,1985,34.62488
4749,2,14,1986,34.79788
4749,2,14,1987,34.9846
4749,2,14,1988,35.09923
4749,2,14,1989,35.1922
4749,2,14,1990,35.3937
4749,2,14,1991,35.54531
4749,2,14,1992,35.68353
4749,2,14,1993,35.72388
4749,2,14,1994,35.95861
4749,2,14,1995,36.03503
4749,2,14,1996,36.19093
4749,2,14,1997,36.34153
4749,2,14,1998,36.43895
4749,2,14,1999,36.55685
4749,2,14,2000,36.81092
4749,2,14,2001,37.10626
4749,2,14,2002,37.2007
4749,2,14,2003,37.31874
4749,2,14,2004,37.65272
4749,2,14,2005,37.89583
4749,2,14,2006,38.13743
4749,2,14,2007,38.32137
4749,2,14,2008,38.48205
4749,2,14,2009,38.80934
4749,2,14,2010,38.98005
4749,2,14,2011,39.09942
4749,2,14,2012,39.07975
4749,2,14,2013,39.11755
4749,2,14,2014,39.1912
4749,2,14,2015,39.13236
4749,2,14,2016,39.17209
4749,2,14,2017,39.27889
4749,2,14,2018,39.22623
4749,2,14,2019,39.24332
4749,3,14,1950,28.94786
4749,3,14,1951,28.79681
4749,3,14,1952,29.26728
4749,3,14,1953,29.5885
4749,3,14,1954,29.68078
4749,3,14,1955,29.67477
4749,3,14,1956,29.76155
4749,3,14,1957,29.83552
4749,3,14,1958,29.92631
4749,3,14,1959,30.00565
4749,3,14,1960,30.08316
4749,3,14,1961,29.96761
4749,3,14,1962,29.93627
4749,3,14,1963,29.96265
4749,3,14,1964,30.28106
4749,3,14,1965,30.34254
4749,3,14,1966,30.35001
4749,3,14,1967,30.53868
4749,3,14,1968,30.40161
4749,3,14,1969,30.32087
4749,3,14,1970,30.49368
4749,3,14,1971,30.63703
4749,3,14,1972,30.54597
4749,3,14,1973,30.64953
4749,3,14,1974,30.78392
4749,3,14,1975,30.92427
4749,3,14,1976,30.95706
4749,3,14,1977,31.16353
4749,3,14,1978,31.16514
4749,3,14,1979,31.21288
4749,3,14,1980,31.48842
4749,3,14,1981,31.71519
4749,3,14,1982,31.8445
4749,3,14,1983,32.00747
4749,3,14,1984,32.19101
4749,3,14,1985,32.19958
4749,3,14,1986,32.38129
4749,3,14,1987,32.62266
4749,3,14,1988,32.77554
4749,3,14,1989,32.92298
4749,3,14,1990,33.12376
4749,3,14,1991,33.29509
4749,3,14,1992,33.47872
4749,3,14,1993,33.54561
4749,3,14,1994,33.825
4749,3,14,1995,33.92037
4749,3,14,1996,34.12415
4749,3,14,1997,34.33428
4749,3,14,1998,34.46321
4749,3,14,1999,34.61102
4749,3,14,2000,34.94621
4749,3,14,2001,35.25047
4749,3,14,2002,35.37878
4749,3,14,2003,35.54274
4749,3,14,2004,35.91335
4749,3,14,2005,36.19059
4749,3,14,2006,36.43194
4749,3,14,2007,36.65762
4749,3,14,2008,36.83635
4749,3,14,2009,37.15111
4749,3,14,2010,37.35311
4749,3,14,2011,37.52173
4749,3,14,2012,37.57399
4749,3,14,2013,37.59715
4749,3,14,2014,37.68928
4749,3,14,2015,37.64108
4749,3,14,2016,37.69047
4749,3,14,2017,37.77333
4749,3,14,2018,37.70821
4749,3,14,2019,37.72161
4750,1,14,1950,24.28105
4750,1,14,1951,24.5231
4750,1,14,1952,24.79049
4750,1,14,1953,24.95335
4750,1,14,1954,25.07429
4750,1,14,1955,25.3569
4750,1,14,1956,25.63869
4750,1,14,1957,25.83426
4750,1,14,1958,26.1563
4750,1,14,1959,26.44185
4750,1,14,1960,26.72709
4750,1,14,1961,26.97222
4750,1,14,1962,27.21668
4750,1,14,1963,27.40251
4750,1,14,1964,27.62214
4750,1,14,1965,27.74632
4750,1,14,1966,27.8744
4750,1,14,1967,28.06293
4750,1,14,1968,28.33441
4750,1,14,1969,28.5398
4750,1,14,1970,28.7051
4750,1,14,1971,28.91223
4750,1,14,1972,29.00815
4750,1,14,1973,29.11094
4750,1,14,1974,29.15539
4750,1,14,1975,29.13733
4750,1,14,1976,29.02834
4750,1,14,1977,29.27593
4750,1,14,1978,29.52563
4750,1,14,1979,29.72237
4750,1,14,1980,29.57865
4750,1,14,1981,29.52309
4750,1,14,1982,29.47217
4750,1,14,1983,29.33935
4750,1,14,1984,29.19882
4750,1,14,1985,29.24569
4750,1,14,1986,29.15614
4750,1,14,1987,29.48872
4750,1,14,1988,29.90989
4750,1,14,1989,30.52269
4750,1,14,1990,30.93422
4750,1,14,1991,30.43783
4750,1,14,1992,30.29285
4750,1,14,1993,30.28193
4750,1,14,1994,30.3576
4750,1,14,1995,30.68276
4750,1,14,1996,30.89832
4750,1,14,1997,31.18359
4750,1,14,1998,31.62357
4750,1,14,1999,32.19436
4750,1,14,2000,32.0902
4750,1,14,2001,32.00687
4750,1,14,2002,31.91068
4750,1,14,2003,31.81701
4750,1,14,2004,31.63286
4750,1,14,2005,31.64671
4750,1,14,2006,31.90467
4750,1,14,2007,32.24116
4750,1,14,2008,32.5261
4750,1,14,2009,32.6167
4750,1,14,2010,32.52225
4750,1,14,2011,32.40889
4750,1,14,2012,32.35601
4750,1,14,2013,32.64614
4750,1,14,2014,32.69186
4750,1,14,2015,32.73537
4750,1,14,2016,32.74668
4750,1,14,2017,32.99598
4750,1,14,2018,33.0779
4750,1,14,2019,33.44835
4750,2,14,1950,30.16159
4750,2,14,1951,30.23536
4750,2,14,1952,30.44202
4750,2,14,1953,30.71288
4750,2,14,1954,30.89018
4750,2,14,1955,31.13808
4750,2,14,1956,31.2653
4750,2,14,1957,31.44592
4750,2,14,1958,31.66575
4750,2,14,1959,31.76453
4750,2,14,1960,32.02499
4750,2,14,1961,32.23616
4750,2,14,1962,32.49665
4750,2,14,1963,32.68275
4750,2,14,1964,32.85898
4750,2,14,1965,32.95446
4750,2,14,1966,33.02437
4750,2,14,1967,33.15918
4750,2,14,1968,33.25101
4750,2,14,1969,33.43128
4750,2,14,1970,33.60946
4750,2,14,1971,33.84028
4750,2,14,1972,34.01202
4750,2,14,1973,34.10826
4750,2,14,1974,34.07469
4750,2,14,1975,33.98068
4750,2,14,1976,33.92273
4750,2,14,1977,34.16201
4750,2,14,1978,34.24343
4750,2,14,1979,34.34371
4750,2,14,1980,34.25972
4750,2,14,1981,34.50751
4750,2,14,1982,34.51505
4750,2,14,1983,34.43695
4750,2,14,1984,34.34226
4750,2,14,1985,34.53634
4750,2,14,1986,34.7446
4750,2,14,1987,34.99305
4750,2,14,1988,35.16621
4750,2,14,1989,35.4306
4750,2,14,1990,35.53538
4750,2,14,1991,35.31803
4750,2,14,1992,35.10437
4750,2,14,1993,34.89768
4750,2,14,1994,34.66762
4750,2,14,1995,34.67374
4750,2,14,1996,34.87042
4750,2,14,1997,35.2582
4750,2,14,1998,35.53633
4750,2,14,1999,35.76859
4750,2,14,2000,35.85312
4750,2,14,2001,36.05593
4750,2,14,2002,36.27522
4750,2,14,2003,36.45162
4750,2,14,2004,36.60293
4750,2,14,2005,36.79317
4750,2,14,2006,37.17725
4750,2,14,2007,37.48127
4750,2,14,2008,37.46201
4750,2,14,2009,37.38504
4750,2,14,2010,37.70208
4750,2,14,2011,38.03444
4750,2,14,2012,37.63897
4750,2,14,2013,37.33612
4750,2,14,2014,37.45401
4750,2,14,2015,37.34696
4750,2,14,2016,37.27619
4750,2,14,2017,37.28931
4750,2,14,2018,37.71453
4750,2,14,2019,38.0337
4750,3,14,1950,25.34971
4750,3,14,1951,25.63572
4750,3,14,1952,25.79774
4750,3,14,1953,26.08654
4750,3,14,1954,26.34894
4750,3,14,1955,26.51748
4750,3,14,1956,26.93049
4750,3,14,1957,27.03401
4750,3,14,1958,27.38417
4750,3,14,1959,27.68379
4750,3,14,1960,27.88255
4750,3,14,1961,28.18819
4750,3,14,1962,28.47704
4750,3,14,1963,28.72964
4750,3,14,1964,28.98028
4750,3,14,1965,28.9914
4750,3,14,1966,29.23422
4750,3,14,1967,29.43183
4750,3,14,1968,29.56893
4750,3,14,1969,29.82019
4750,3,14,1970,30.00629
4750,3,14,1971,30.15563
4750,3,14,1972,30.43743
4750,3,14,1973,30.47862
4750,3,14,1974,30.65268
4750,3,14,1975,30.63943
4750,3,14,1976,30.68105
4750,3,14,1977,30.95857
4750,3,14,1978,31.08197
4750,3,14,1979,31.32066
4750,3,14,1980,31.29685
4750,3,14,1981,31.38614
4750,3,14,1982,31.36716
4750,3,14,1983,31.28532
4750,3,14,1984,31.14662
4750,3,14,1985,31.31119
4750,3,14,1986,31.29554
4750,3,14,1987,31.61631
4750,3,14,1988,32.02314
4750,3,14,1989,32.50455
4750,3,14,1990,32.83651
4750,3,14,1991,32.47065
4750,3,14,1992,32.28334
4750,3,14,1993,32.24539
4750,3,14,1994,32.18039
4750,3,14,1995,32.39375
4750,3,14,1996,32.61467
4750,3,14,1997,32.9619
4750,3,14,1998,33.31252
4750,3,14,1999,33.73865
4750,3,14,2000,33.68985
4750,3,14,2001,33.75268
4750,3,14,2002,33.81238
4750,3,14,2003,33.82037
4750,3,14,2004,33.7528
4750,3,14,2005,33.86477
4750,3,14,2006,34.17818
4750,3,14,2007,34.5372
4750,3,14,2008,34.69992
4750,3,14,2009,34.70889
4750,3,14,2010,34.82088
4750,3,14,2011,34.84644
4750,3,14,2012,34.70674
4750,3,14,2013,34.78127
4750,3,14,2014,34.85492
4750,3,14,2015,34.82909
4750,3,14,2016,34.8117
4750,3,14,2017,34.92656
4750,3,14,2018,35.1504
4750,3,14,2019,35.4355
4751,1,14,1950,22.6082
4751,1,14,1951,22.68965
4751,1,14,1952,22.88194
4751,1,14,1953,23.20758
4751,1,14,1954,23.25877
4751,1,14,1955,23.57119
4751,1,14,1956,23.7121
4751,1,14,1957,23.80379
4751,1,14,1958,24.04865
4751,1,14,1959,24.27609
4751,1,14,1960,24.59386
4751,1,14,1961,24.99986
4751,1,14,1962,25.20002
4751,1,14,1963,25.59649
4751,1,14,1964,25.75387
4751,1,14,1965,25.75864
4751,1,14,1966,25.75051
4751,1,14,1967,26.1339
4751,1,14,1968,26.40015
4751,1,14,1969,26.63843
4751,1,14,1970,26.82035
4751,1,14,1971,27.13427
4751,1,14,1972,27.36199
4751,1,14,1973,27.51746
4751,1,14,1974,27.73766
4751,1,14,1975,27.9576
4751,1,14,1976,27.9926
4751,1,14,1977,28.18021
4751,1,14,1978,28.37394
4751,1,14,1979,28.29737
4751,1,14,1980,28.03887
4751,1,14,1981,27.82734
4751,1,14,1982,28.023
4751,1,14,1983,27.76911
4751,1,14,1984,27.78961
4751,1,14,1985,28.31948
4751,1,14,1986,28.83068
4751,1,14,1987,29.19886
4751,1,14,1988,29.47628
4751,1,14,1989,29.98568
4751,1,14,1990,30.31408
4751,1,14,1991,30.5987
4751,1,14,1992,30.79807
4751,1,14,1993,30.93027
4751,1,14,1994,31.42892
4751,1,14,1995,31.63278
4751,1,14,1996,31.98417
4751,1,14,1997,32.09155
4751,1,14,1998,31.81882
4751,1,14,1999,31.95312
4751,1,14,2000,32.26076
4751,1,14,2001,32.12042
4751,1,14,2002,32.01572
4751,1,14,2003,32.10635
4751,1,14,2004,32.03372
4751,1,14,2005,32.28763
4751,1,14,2006,32.45144
4751,1,14,2007,32.30703
4751,1,14,2008,32.31013
4751,1,14,2009,32.20437
4751,1,14,2010,32.12702
4751,1,14,2011,32.01953
4751,1,14,2012,31.7921
4751,1,14,2013,31.73932
4751,1,14,2014,31.80496
4751,1,14,2015,31.80912
4751,1,14,2016,32.05797
4751,1,14,2017,32.43984
4751,1,14,2018,32.93684
4751,1,14,2019,33.38476
4751,2,14,1950,28.01999
4751,2,14,1951,28.13165
4751,2,14,1952,28.21914
4751,2,14,1953,28.49631
4751,2,14,1954,28.59546
4751,2,14,1955,28.75037
4751,2,14,1956,28.89722
4751,2,14,1957,28.91593
4751,2,14,1958,29.10232
4751,2,14,1959,29.26959
4751,2,14,1960,29.57682
4751,2,14,1961,29.79375
4751,2,14,1962,30.05917
4751,2,14,1963,30.18132
4751,2,14,1964,30.24862
4751,2,14,1965,30.34786
4751,2,14,1966,30.36963
4751,2,14,1967,30.6911
4751,2,14,1968,30.76607
4751,2,14,1969,30.99983
4751,2,14,1970,31.32238
4751,2,14,1971,31.48327
4751,2,14,1972,31.63856
4751,2,14,1973,31.84359
4751,2,14,1974,31.95883
4751,2,14,1975,32.20507
4751,2,14,1976,32.32787
4751,2,14,1977,32.46329
4751,2,14,1978,32.62815
4751,2,14,1979,32.51163
4751,2,14,1980,32.15663
4751,2,14,1981,31.86643
4751,2,14,1982,31.82639
4751,2,14,1983,31.63724
4751,2,14,1984,31.61171
4751,2,14,1985,31.66522
4751,2,14,1986,31.77843
4751,2,14,1987,31.86744
4751,2,14,1988,32.36741
4751,2,14,1989,32.89501
4751,2,14,1990,33.42387
4751,2,14,1991,33.53552
4751,2,14,1992,33.72715
4751,2,14,1993,33.83301
4751,2,14,1994,34.10916
4751,2,14,1995,34.25593
4751,2,14,1996,34.5136
4751,2,14,1997,34.6426
4751,2,14,1998,34.61789
4751,2,14,1999,35.03656
4751,2,14,2000,35.36454
4751,2,14,2001,35.2285
4751,2,14,2002,35.18286
4751,2,14,2003,35.41238
4751,2,14,2004,35.41125
4751,2,14,2005,35.71533
4751,2,14,2006,36.15605
4751,2,14,2007,36.16229
4751,2,14,2008,36.18999
4751,2,14,2009,35.9905
4751,2,14,2010,35.9373
4751,2,14,2011,35.90122
4751,2,14,2012,36.02902
4751,2,14,2013,36.02548
4751,2,14,2014,35.74713
4751,2,14,2015,35.55468
4751,2,14,2016,35.54159
4751,2,14,2017,35.81439
4751,2,14,2018,36.30437
4751,2,14,2019,36.82045
4751,3,14,1950,24.45075
4751,3,14,1951,24.63328
4751,3,14,1952,24.71464
4751,3,14,1953,24.91943
4751,3,14,1954,24.98819
4751,3,14,1955,25.2867
4751,3,14,1956,25.40171
4751,3,14,1957,25.55025
4751,3,14,1958,25.68581
4751,3,14,1959,25.97922
4751,3,14,1960,26.01906
4751,3,14,1961,26.42382
4751,3,14,1962,26.69565
4751,3,14,1963,26.89846
4751,3,14,1964,27.03122
4751,3,14,1965,27.08259
4751,3,14,1966,27.36428
4751,3,14,1967,27.55359
4751,3,14,1968,27.7137
4751,3,14,1969,27.91557
4751,3,14,1970,28.20169
4751,3,14,1971,28.42411
4751,3,14,1972,28.57187
4751,3,14,1973,28.88521
4751,3,14,1974,29.12669
4751,3,14,1975,29.29853
4751,3,14,1976,29.4901
4751,3,14,1977,29.77968
4751,3,14,1978,30.03081
4751,3,14,1979,30.02813
4751,3,14,1980,29.82608
4751,3,14,1981,29.59664
4751,3,14,1982,29.72622
4751,3,14,1983,29.48028
4751,3,14,1984,29.51565
4751,3,14,1985,29.7808
4751,3,14,1986,30.10615
4751,3,14,1987,30.37526
4751,3,14,1988,30.6931
4751,3,14,1989,31.26421
4751,3,14,1990,31.69466
4751,3,14,1991,31.88561
4751,3,14,1992,32.08195
4751,3,14,1993,32.22585
4751,3,14,1994,32.58621
4751,3,14,1995,32.78482
4751,3,14,1996,33.09184
4751,3,14,1997,33.19946
4751,3,14,1998,33.01519
4751,3,14,1999,33.34869
4751,3,14,2000,33.60165
4751,3,14,2001,33.51609
4751,3,14,2002,33.41219
4751,3,14,2003,33.59289
4751,3,14,2004,33.56364
4751,3,14,2005,33.85971
4751,3,14,2006,34.11954
4751,3,14,2007,34.09715
4751,3,14,2008,34.10017
4751,3,14,2009,33.97601
4751,3,14,2010,33.83387
4751,3,14,2011,33.8135
4751,3,14,2012,33.78015
4751,3,14,2013,33.7684
4751,3,14,2014,33.61987
4751,3,14,2015,33.56802
4751,3,14,2016,33.62247
4751,3,14,2017,33.94939
4751,3,14,2018,34.39207
4751,3,14,2019,34.75385
4752,1,14,1950,25.89301
4752,1,14,1951,26.01181
4752,1,14,1952,26.1977
4752,1,14,1953,26.24191
4752,1,14,1954,26.5555
4752,1,14,1955,26.67971
4752,1,14,1956,26.93144
4752,1,14,1957,27.11872
4752,1,14,1958,27.22066
4752,1,14,1959,27.32203
4752,1,14,1960,27.60853
4752,1,14,1961,27.93428
4752,1,14,1962,28.21048
4752,1,14,1963,28.6558
4752,1,14,1964,28.55567
4752,1,14,1965,28.45643
4752,1,14,1966,28.50155
4752,1,14,1967,28.57087
4752,1,14,1968,28.62506
4752,1,14,1969,28.74787
4752,1,14,1970,28.76536
4752,1,14,1971,28.77964
4752,1,14,1972,28.83054
4752,1,14,1973,28.85438
4752,1,14,1974,28.93401
4752,1,14,1975,28.90916
4752,1,14,1976,28.98445
4752,1,14,1977,29.30775
4752,1,14,1978,29.46592
4752,1,14,1979,29.52403
4752,1,14,1980,29.85527
4752,1,14,1981,30.00189
4752,1,14,1982,30.26125
4752,1,14,1983,30.20305
4752,1,14,1984,30.05464
4752,1,14,1985,30.20098
4752,1,14,1986,30.15577
4752,1,14,1987,30.39257
4752,1,14,1988,30.63701
4752,1,14,1989,31.24742
4752,1,14,1990,31.87096
4752,1,14,1991,32.52743
4752,1,14,1992,32.60696
4752,1,14,1993,32.6991
4752,1,14,1994,32.84783
4752,1,14,1995,33.17476
4752,1,14,1996,33.67718
4752,1,14,1997,33.94723
4752,1,14,1998,33.67107
4752,1,14,1999,33.26345
4752,1,14,2000,33.04898
4752,1,14,2001,33.14444
4752,1,14,2002,33.44701
4752,1,14,2003,33.51475
4752,1,14,2004,33.54706
4752,1,14,2005,33.79528
4752,1,14,2006,34.126
4752,1,14,2007,34.35525
4752,1,14,2008,34.27661
4752,1,14,2009,34.32698
4752,1,14,2010,34.34403
4752,1,14,2011,34.29875
4752,1,14,2012,33.97498
4752,1,14,2013,34.15593
4752,1,14,2014,33.94957
4752,1,14,2015,33.68043
4752,1,14,2016,33.74428
4752,1,14,2017,34.12995
4752,1,14,2018,34.9617
4752,1,14,2019,35.36608
4752,2,14,1950,30.25082
4752,2,14,1951,30.32287
4752,2,14,1952,30.41073
4752,2,14,1953,30.52302
4752,2,14,1954,30.80575
4752,2,14,1955,30.98096
4752,2,14,1956,31.01497
4752,2,14,1957,31.23589
4752,2,14,1958,31.36348
4752,2,14,1959,31.56374
4752,2,14,1960,31.69651
4752,2,14,1961,31.83381
4752,2,14,1962,32.09686
4752,2,14,1963,32.35894
4752,2,14,1964,32.34363
4752,2,14,1965,32.30742
4752,2,14,1966,32.26109
4752,2,14,1967,32.32718
4752,2,14,1968,32.50804
4752,2,14,1969,32.52888
4752,2,14,1970,32.71157
4752,2,14,1971,32.74523
4752,2,14,1972,32.84704
4752,2,14,1973,32.89875
4752,2,14,1974,32.93089
4752,2,14,1975,32.93015
4752,2,14,1976,33.02999
4752,2,14,1977,33.33625
4752,2,14,1978,33.38339
4752,2,14,1979,33.64374
4752,2,14,1980,33.61679
4752,2,14,1981,33.62674
4752,2,14,1982,33.73618
4752,2,14,1983,33.61062
4752,2,14,1984,33.41293
4752,2,14,1985,33.29052
4752,2,14,1986,33.26742
4752,2,14,1987,33.6104
4752,2,14,1988,33.76162
4752,2,14,1989,34.13835
4752,2,14,1990,34.73587
4752,2,14,1991,35.29419
4752,2,14,1992,35.50243
4752,2,14,1993,35.67592
4752,2,14,1994,35.76884
4752,2,14,1995,36.0216
4752,2,14,1996,36.38298
4752,2,14,1997,36.67841
4752,2,14,1998,36.81408
4752,2,14,1999,36.57179
4752,2,14,2000,36.34238
4752,2,14,2001,36.30015
4752,2,14,2002,36.61885
4752,2,14,2003,37.08347
4752,2,14,2004,37.31758
4752,2,14,2005,37.34594
4752,2,14,2006,37.48699
4752,2,14,2007,37.62742
4752,2,14,2008,37.71954
4752,2,14,2009,38.06609
4752,2,14,2010,38.12233
4752,2,14,2011,37.85287
4752,2,14,2012,37.60821
4752,2,14,2013,37.86932
4752,2,14,2014,37.86492
4752,2,14,2015,37.83344
4752,2,14,2016,37.89275
4752,2,14,2017,38.31896
4752,2,14,2018,38.98139
4752,2,14,2019,39.41836
4752,3,14,1950,27.08032
4752,3,14,1951,27.13786
4752,3,14,1952,27.14631
4752,3,14,1953,27.4807
4752,3,14,1954,27.59939
4752,3,14,1955,27.81486
4752,3,14,1956,27.95015
4752,3,14,1957,28.09457
4752,3,14,1958,28.35607
4752,3,14,1959,28.5166
4752,3,14,1960,28.77104
4752,3,14,1961,29.01242
4752,3,14,1962,29.25495
4752,3,14,1963,29.47679
4752,3,14,1964,29.5526
4752,3,14,1965,29.30632
4752,3,14,1966,29.51565
4752,3,14,1967,29.64197
4752,3,14,1968,29.6374
4752,3,14,1969,29.70357
4752,3,14,1970,29.80067
4752,3,14,1971,29.92485
4752,3,14,1972,29.99096
4752,3,14,1973,29.98428
4752,3,14,1974,30.14967
4752,3,14,1975,30.18116
4752,3,14,1976,30.33587
4752,3,14,1977,30.63643
4752,3,14,1978,30.88845
4752,3,14,1979,31.07882
4752,3,14,1980,31.30285
4752,3,14,1981,31.42636
4752,3,14,1982,31.58908
4752,3,14,1983,31.52676
4752,3,14,1984,31.36181
4752,3,14,1985,31.38744
4752,3,14,1986,31.35416
4752,3,14,1987,31.66435
4752,3,14,1988,31.81126
4752,3,14,1989,32.33185
4752,3,14,1990,32.99159
4752,3,14,1991,33.57689
4752,3,14,1992,33.76835
4752,3,14,1993,33.86824
4752,3,14,1994,33.94484
4752,3,14,1995,34.32299
4752,3,14,1996,34.73368
4752,3,14,1997,34.9752
4752,3,14,1998,34.91851
4752,3,14,1999,34.63131
4752,3,14,2000,34.36956
4752,3,14,2001,34.3775
4752,3,14,2002,34.69663
4752,3,14,2003,34.94561
4752,3,14,2004,35.05521
4752,3,14,2005,35.23419
4752,3,14,2006,35.46452
4752,3,14,2007,35.62462
4752,3,14,2008,35.68482
4752,3,14,2009,35.85176
4752,3,14,2010,35.90862
4752,3,14,2011,35.81585
4752,3,14,2012,35.63699
4752,3,14,2013,35.89742
4752,3,14,2014,35.75169
4752,3,14,2015,35.60015
4752,3,14,2016,35.66401
4752,3,14,2017,36.06707
4752,3,14,2018,36.62737
4752,3,14,2019,36.93585
4753,1,14,1950,23.92205
4753,1,14,1951,24.04566
4753,1,14,1952,24.36351
4753,1,14,1953,24.6643
4753,1,14,1954,24.85823
4753,1,14,1955,25.16498
4753,1,14,1956,25.58284
4753,1,14,1957,25.88809
4753,1,14,1958,26.26729
4753,1,14,1959,26.58743
4753,1,14,1960,26.93359
4753,1,14,1961,27.19477
4753,1,14,1962,27.53597
4753,1,14,1963,27.8089
4753,1,14,1964,28.11829
4753,1,14,1965,28.46223
4753,1,14,1966,28.81345
4753,1,14,1967,29.25619
4753,1,14,1968,29.63408
4753,1,14,1969,29.9097
4753,1,14,1970,30.40747
4753,1,14,1971,30.73312
4753,1,14,1972,30.98856
4753,1,14,1973,31.36593
4753,1,14,1974,31.64991
4753,1,14,1975,31.8944
4753,1,14,1976,32.12405
4753,1,14,1977,32.69809
4753,1,14,1978,33.02366
4753,1,14,1979,33.36569
4753,1,14,1980,33.18621
4753,1,14,1981,32.40513
4753,1,14,1982,32.91049
4753,1,14,1983,32.41259
4753,1,14,1984,31.90168
4753,1,14,1985,31.76429
4753,1,14,1986,31.52209
4753,1,14,1987,31.73613
4753,1,14,1988,31.70992
4753,1,14,1989,31.95779
4753,1,14,1990,32.56564
4753,1,14,1991,32.27438
4753,1,14,1992,32.12454
4753,1,14,1993,31.85834
4753,1,14,1994,31.49867
4753,1,14,1995,31.20827
4753,1,14,1996,31.40218
4753,1,14,1997,31.6597
4753,1,14,1998,32.03636
4753,1,14,1999,32.05875
4753,1,14,2000,31.96566
4753,1,14,2001,31.90541
4753,1,14,2002,31.94707
4753,1,14,2003,32.43273
4753,1,14,2004,33.0542
4753,1,14,2005,33.86381
4753,1,14,2006,34.48493
4753,1,14,2007,34.6198
4753,1,14,2008,34.4234
4753,1,14,2009,34.42377
4753,1,14,2010,34.59803
4753,1,14,2011,34.20039
4753,1,14,2012,33.85299
4753,1,14,2013,33.62667
4753,1,14,2014,33.57238
4753,1,14,2015,33.56747
4753,1,14,2016,33.75183
4753,1,14,2017,34.1933
4753,1,14,2018,34.41072
4753,1,14,2019,34.73123
4753,2,14,1950,28.74479
4753,2,14,1951,28.94635
4753,2,14,1952,29.13135
4753,2,14,1953,29.32462
4753,2,14,1954,29.62403
4753,2,14,1955,29.80755
4753,2,14,1956,30.07004
4753,2,14,1957,30.2805
4753,2,14,1958,30.57369
4753,2,14,1959,30.82397
4753,2,14,1960,31.0623
4753,2,14,1961,31.24986
4753,2,14,1962,31.49752
4753,2,14,1963,31.6896
4753,2,14,1964,31.87521
4753,2,14,1965,32.00165
4753,2,14,1966,32.25489
4753,2,14,1967,32.50602
4753,2,14,1968,32.75181
4753,2,14,1969,33.04112
4753,2,14,1970,33.24449
4753,2,14,1971,33.44993
4753,2,14,1972,33.61745
4753,2,14,1973,33.87135
4753,2,14,1974,34.06385
4753,2,14,1975,34.14363
4753,2,14,1976,34.33744
4753,2,14,1977,34.78798
4753,2,14,1978,35.04188
4753,2,14,1979,35.32739
4753,2,14,1980,35.43496
4753,2,14,1981,35.33577
4753,2,14,1982,35.97355
4753,2,14,1983,36.00102
4753,2,14,1984,35.87915
4753,2,14,1985,36.17771
4753,2,14,1986,36.41831
4753,2,14,1987,36.66556
4753,2,14,1988,36.76661
4753,2,14,1989,36.91973
4753,2,14,1990,37.02941
4753,2,14,1991,37.01877
4753,2,14,1992,36.99798
4753,2,14,1993,36.82097
4753,2,14,1994,36.62952
4753,2,14,1995,36.50395
4753,2,14,1996,36.33179
4753,2,14,1997,36.16159
4753,2,14,1998,36.10442
4753,2,14,1999,35.98884
4753,2,14,2000,36.06404
4753,2,14,2001,36.13142
4753,2,14,2002,36.7939
4753,2,14,2003,37.56096
4753,2,14,2004,38.26547
4753,2,14,2005,39.52726
4753,2,14,2006,40.25063
4753,2,14,2007,40.18805
4753,2,14,2008,39.92496
4753,2,14,2009,39.72875
4753,2,14,2010,39.37993
4753,2,14,2011,39.04001
4753,2,14,2012,38.94471
4753,2,14,2013,38.75268
4753,2,14,2014,38.48918
4753,2,14,2015,38.43834
4753,2,14,2016,38.56025
4753,2,14,2017,38.60604
4753,2,14,2018,38.77916
4753,2,14,2019,39.11633
4753,3,14,1950,25.25817
4753,3,14,1951,25.40159
4753,3,14,1952,25.7664
4753,3,14,1953,25.9408
4753,3,14,1954,26.16467
4753,3,14,1955,26.43438
4753,3,14,1956,26.789
4753,3,14,1957,27.04581
4753,3,14,1958,27.42294
4753,3,14,1959,27.77215
4753,3,14,1960,27.98761
4753,3,14,1961,28.31656
4753,3,14,1962,28.66051
4753,3,14,1963,28.91733
4753,3,14,1964,29.22562
4753,3,14,1965,29.51041
4753,3,14,1966,29.79737
4753,3,14,1967,30.09253
4753,3,14,1968,30.39586
4753,3,14,1969,30.90186
4753,3,14,1970,31.17844
4753,3,14,1971,31.5272
4753,3,14,1972,31.7356
4753,3,14,1973,32.17698
4753,3,14,1974,32.40899
4753,3,14,1975,32.61196
4753,3,14,1976,32.87263
4753,3,14,1977,33.38943
4753,3,14,1978,33.76034
4753,3,14,1979,34.07919
4753,3,14,1980,34.10107
4753,3,14,1981,33.62663
4753,3,14,1982,34.15635
4753,3,14,1983,33.93787
4753,3,14,1984,33.6212
4753,3,14,1985,33.68003
4753,3,14,1986,33.65285
4753,3,14,1987,33.89812
4753,3,14,1988,33.95689
4753,3,14,1989,34.18037
4753,3,14,1990,34.57255
4753,3,14,1991,34.42214
4753,3,14,1992,34.3271
4753,3,14,1993,34.10966
4753,3,14,1994,33.8151
4753,3,14,1995,33.58328
4753,3,14,1996,33.67139
4753,3,14,1997,33.73511
4753,3,14,1998,33.91821
4753,3,14,1999,33.85597
4753,3,14,2000,33.83458
4753,3,14,2001,33.80202
4753,3,14,2002,34.1244
4753,3,14,2003,34.75557
4753,3,14,2004,35.45626
4753,3,14,2005,36.47402
4753,3,14,2006,37.15777
4753,3,14,2007,37.20445
4753,3,14,2008,36.97605
4753,3,14,2009,36.88172
4753,3,14,2010,36.83854
4753,3,14,2011,36.45131
4753,3,14,2012,36.22971
4753,3,14,2013,36.00511
4753,3,14,2014,35.86063
4753,3,14,2015,35.82782
4753,3,14,2016,35.99983
4753,3,14,2017,36.21819
4753,3,14,2018,36.37023
4753,3,14,2019,36.65007
4754,1,14,1950,24.95282
4754,1,14,1951,25.11069
4754,1,14,1952,25.35875
4754,1,14,1953,25.42368
4754,1,14,1954,25.60554
4754,1,14,1955,25.85595
4754,1,14,1956,26.0487
4754,1,14,1957,26.32315
4754,1,14,1958,26.24481
4754,1,14,1959,26.54335
4754,1,14,1960,26.79838
4754,1,14,1961,26.95829
4754,1,14,1962,27.13183
4754,1,14,1963,27.39778
4754,1,14,1964,27.74442
4754,1,14,1965,27.86075
4754,1,14,1966,27.99146
4754,1,14,1967,28.13777
4754,1,14,1968,28.35426
4754,1,14,1969,28.61172
4754,1,14,1970,28.80699
4754,1,14,1971,29.1584
4754,1,14,1972,29.30567
4754,1,14,1973,29.65309
4754,1,14,1974,29.87174
4754,1,14,1975,30.19758
4754,1,14,1976,30.26143
4754,1,14,1977,30.63533
4754,1,14,1978,30.95651
4754,1,14,1979,31.17723
4754,1,14,1980,31.14324
4754,1,14,1981,31.09624
4754,1,14,1982,31.02346
4754,1,14,1983,31.06453
4754,1,14,1984,31.11222
4754,1,14,1985,31.08106
4754,1,14,1986,31.36627
4754,1,14,1987,31.71352
4754,1,14,1988,31.72585
4754,1,14,1989,32.04418
4754,1,14,1990,32.486
4754,1,14,1991,32.76032
4754,1,14,1992,32.81197
4754,1,14,1993,32.76309
4754,1,14,1994,32.93209
4754,1,14,1995,33.23351
4754,1,14,1996,33.52858
4754,1,14,1997,33.88735
4754,1,14,1998,33.94028
4754,1,14,1999,33.79948
4754,1,14,2000,33.83431
4754,1,14,2001,33.62688
4754,1,14,2002,33.60063
4754,1,14,2003,33.43377
4754,1,14,2004,33.24381
4754,1,14,2005,33.11187
4754,1,14,2006,33.02012
4754,1,14,2007,32.84007
4754,1,14,2008,32.66656
4754,1,14,2009,32.63646
4754,1,14,2010,32.54731
4754,1,14,2011,32.60468
4754,1,14,2012,32.64801
4754,1,14,2013,32.70319
4754,1,14,2014,32.81565
4754,1,14,2015,32.86319
4754,1,14,2016,32.99088
4754,1,14,2017,33.31093
4754,1,14,2018,33.47363
4754,1,14,2019,33.6744
4754,2,14,1950,29.52662
4754,2,14,1951,29.63027
4754,2,14,1952,29.89776
4754,2,14,1953,30.11903
4754,2,14,1954,30.18743
4754,2,14,1955,30.25121
4754,2,14,1956,30.39743
4754,2,14,1957,30.50722
4754,2,14,1958,30.5641
4754,2,14,1959,30.80028
4754,2,14,1960,31.02153
4754,2,14,1961,31.26149
4754,2,14,1962,31.36659
4754,2,14,1963,31.54966
4754,2,14,1964,31.69385
4754,2,14,1965,31.71752
4754,2,14,1966,31.85926
4754,2,14,1967,32.03467
4754,2,14,1968,32.29424
4754,2,14,1969,32.46486
4754,2,14,1970,32.65556
4754,2,14,1971,32.88594
4754,2,14,1972,33.1489
4754,2,14,1973,33.38564
4754,2,14,1974,33.8449
4754,2,14,1975,34.56087
4754,2,14,1976,34.9186
4754,2,14,1977,35.21669
4754,2,14,1978,35.97397
4754,2,14,1979,36.03921
4754,2,14,1980,35.4699
4754,2,14,1981,34.4948
4754,2,14,1982,34.16844
4754,2,14,1983,34.11772
4754,2,14,1984,34.45004
4754,2,14,1985,34.68779
4754,2,14,1986,34.56504
4754,2,14,1987,34.68232
4754,2,14,1988,35.12729
4754,2,14,1989,35.43462
4754,2,14,1990,35.58928
4754,2,14,1991,35.77782
4754,2,14,1992,35.88398
4754,2,14,1993,36.13109
4754,2,14,1994,36.15188
4754,2,14,1995,36.2075
4754,2,14,1996,36.36117
4754,2,14,1997,36.77034
4754,2,14,1998,37.04267
4754,2,14,1999,37.19285
4754,2,14,2000,37.46053
4754,2,14,2001,37.53734
4754,2,14,2002,37.63239
4754,2,14,2003,37.86869
4754,2,14,2004,38.19705
4754,2,14,2005,38.39214
4754,2,14,2006,38.56449
4754,2,14,2007,38.75734
4754,2,14,2008,38.90203
4754,2,14,2009,39.0441
4754,2,14,2010,38.88
4754,2,14,2011,38.86912
4754,2,14,2012,38.94207
4754,2,14,2013,39.06854
4754,2,14,2014,39.21088
4754,2,14,2015,39.27476
4754,2,14,2016,39.65484
4754,2,14,2017,39.99852
4754,2,14,2018,39.89477
4754,2,14,2019,40.13476
4754,3,14,1950,26.4329
4754,3,14,1951,26.5122
4754,3,14,1952,26.61375
4754,3,14,1953,26.72878
4754,3,14,1954,26.85509
4754,3,14,1955,27.08348
4754,3,14,1956,27.34363
4754,3,14,1957,27.40276
4754,3,14,1958,27.58813
4754,3,14,1959,27.81137
4754,3,14,1960,28.00314
4754,3,14,1961,28.30414
4754,3,14,1962,28.36603
4754,3,14,1963,28.61045
4754,3,14,1964,28.7487
4754,3,14,1965,28.95302
4754,3,14,1966,29.03892
4754,3,14,1967,29.33045
4754,3,14,1968,29.5196
4754,3,14,1969,29.7005
4754,3,14,1970,29.86945
4754,3,14,1971,30.03258
4754,3,14,1972,30.40159
4754,3,14,1973,30.66827
4754,3,14,1974,31.1113
4754,3,14,1975,31.48567
4754,3,14,1976,31.85436
4754,3,14,1977,32.17915
4754,3,14,1978,32.75456
4754,3,14,1979,32.96068
4754,3,14,1980,32.72084
4754,3,14,1981,32.30813
4754,3,14,1982,32.1947
4754,3,14,1983,32.22732
4754,3,14,1984,32.33362
4754,3,14,1985,32.42131
4754,3,14,1986,32.62868
4754,3,14,1987,32.79919
4754,3,14,1988,33.01391
4754,3,14,1989,33.35996
4754,3,14,1990,33.63405
4754,3,14,1991,33.88649
4754,3,14,1992,33.96987
4754,3,14,1993,34.00847
4754,3,14,1994,34.15553
4754,3,14,1995,34.30768
4754,3,14,1996,34.48978
4754,3,14,1997,34.90299
4754,3,14,1998,35.05918
4754,3,14,1999,35.08691
4754,3,14,2000,35.27105
4754,3,14,2001,35.21389
4754,3,14,2002,35.15697
4754,3,14,2003,35.21953
4754,3,14,2004,35.19637
4754,3,14,2005,35.34951
4754,3,14,2006,35.22219
4754,3,14,2007,35.29688
4754,3,14,2008,35.25869
4754,3,14,2009,35.25748
4754,3,14,2010,35.34288
4754,3,14,2011,35.27528
4754,3,14,2012,35.41064
4754,3,14,2013,35.45211
4754,3,14,2014,35.51319
4754,3,14,2015,35.70577
4754,3,14,2016,35.8692
4754,3,14,2017,36.03702
4754,3,14,2018,36.19795
4754,3,14,2019,36.35216
4755,1,14,1950,21.78184
4755,1,14,1951,22.0321
4755,1,14,1952,22.36412
4755,1,14,1953,22.42631
4755,1,14,1954,22.70227
4755,1,14,1955,23.00639
4755,1,14,1956,23.26963
4755,1,14,1957,23.48072
4755,1,14,1958,23.69921
4755,1,14,1959,24.06129
4755,1,14,1960,24.2505
4755,1,14,1961,24.66624
4755,1,14,1962,25.07844
4755,1,14,1963,25.35414
4755,1,14,1964,25.6947
4755,1,14,1965,26.11446
4755,1,14,1966,26.34382
4755,1,14,1967,26.56256
4755,1,14,1968,27.02588
4755,1,14,1969,27.2531
4755,1,14,1970,27.30303
4755,1,14,1971,27.55239
4755,1,14,1972,28.00098
4755,1,14,1973,28.40987
4755,1,14,1974,28.71723
4755,1,14,1975,28.99575
4755,1,14,1976,29.2887
4755,1,14,1977,29.97127
4755,1,14,1978,30.5851
4755,1,14,1979,31.10554
4755,1,14,1980,31.68619
4755,1,14,1981,32.32022
4755,1,14,1982,32.99085
4755,1,14,1983,33.17807
4755,1,14,1984,33.2916
4755,1,14,1985,33.67093
4755,1,14,1986,33.93423
4755,1,14,1987,34.30755
4755,1,14,1988,34.20165
4755,1,14,1989,34.33024
4755,1,14,1990,34.51414
4755,1,14,1991,34.65916
4755,1,14,1992,34.79151
4755,1,14,1993,34.4819
4755,1,14,1994,34.42914
4755,1,14,1995,34.2714
4755,1,14,1996,34.42417
4755,1,14,1997,34.4389
4755,1,14,1998,34.74399
4755,1,14,1999,34.72663
4755,1,14,2000,34.85031
4755,1,14,2001,34.89453
4755,1,14,2002,34.65832
4755,1,14,2003,34.32957
4755,1,14,2004,34.29246
4755,1,14,2005,34.58173
4755,1,14,2006,34.60349
4755,1,14,2007,34.6891
4755,1,14,2008,34.67278
4755,1,14,2009,34.63263
4755,1,14,2010,34.94118
4755,1,14,2011,34.90253
4755,1,14,2012,35.05143
4755,1,14,2013,35.044
4755,1,14,2014,34.96489
4755,1,14,2015,34.7791
4755,1,14,2016,34.66039
4755,1,14,2017,34.60902
4755,1,14,2018,34.91382
4755,1,14,2019,35.10637
4755,2,14,1950,28.46911
4755,2,14,1951,28.53685
4755,2,14,1952,28.68875
4755,2,14,1953,28.86471
4755,2,14,1954,29.01672
4755,2,14,1955,29.28902
4755,2,14,1956,29.65159
4755,2,14,1957,29.84928
4755,2,14,1958,30.14521
4755,2,14,1959,30.33039
4755,2,14,1960,30.59303
4755,2,14,1961,30.93011
4755,2,14,1962,31.16492
4755,2,14,1963,31.43413
4755,2,14,1964,31.68056
4755,2,14,1965,31.9416
4755,2,14,1966,32.09959
4755,2,14,1967,32.29844
4755,2,14,1968,32.55383
4755,2,14,1969,32.8089
4755,2,14,1970,32.96721
4755,2,14,1971,33.26992
4755,2,14,1972,33.59125
4755,2,14,1973,33.83958
4755,2,14,1974,34.01068
4755,2,14,1975,34.21285
4755,2,14,1976,34.44765
4755,2,14,1977,34.9557
4755,2,14,1978,35.30235
4755,2,14,1979,35.61593
4755,2,14,1980,35.98442
4755,2,14,1981,36.48457
4755,2,14,1982,36.92107
4755,2,14,1983,37.08191
4755,2,14,1984,37.06189
4755,2,14,1985,37.12014
4755,2,14,1986,37.5396
4755,2,14,1987,37.74038
4755,2,14,1988,37.5169
4755,2,14,1989,37.68743
4755,2,14,1990,37.94408
4755,2,14,1991,38.13005
4755,2,14,1992,38.1929
4755,2,14,1993,37.95682
4755,2,14,1994,37.96021
4755,2,14,1995,38.44143
4755,2,14,1996,38.69364
4755,2,14,1997,38.68714
4755,2,14,1998,38.46569
4755,2,14,1999,38.36567
4755,2,14,2000,38.508
4755,2,14,2001,38.21193
4755,2,14,2002,37.9073
4755,2,14,2003,37.78156
4755,2,14,2004,37.79211
4755,2,14,2005,37.99273
4755,2,14,2006,38.07335
4755,2,14,2007,38.28507
4755,2,14,2008,38.24362
4755,2,14,2009,38.2729
4755,2,14,2010,38.46827
4755,2,14,2011,38.37709
4755,2,14,2012,38.49075
4755,2,14,2013,38.55456
4755,2,14,2014,38.31132
4755,2,14,2015,38.02867
4755,2,14,2016,38.21388
4755,2,14,2017,38.31464
4755,2,14,2018,38.66008
4755,2,14,2019,38.82983
4755,3,14,1950,24.04922
4755,3,14,1951,24.34028
4755,3,14,1952,24.50964
4755,3,14,1953,24.62026
4755,3,14,1954,24.91905
4755,3,14,1955,25.14877
4755,3,14,1956,25.38054
4755,3,14,1957,25.66869
4755,3,14,1958,25.87333
4755,3,14,1959,26.2082
4755,3,14,1960,26.36532
4755,3,14,1961,26.7731
4755,3,14,1962,27.22682
4755,3,14,1963,27.43263
4755,3,14,1964,27.70392
4755,3,14,1965,28.05569
4755,3,14,1966,28.35379
4755,3,14,1967,28.59844
4755,3,14,1968,28.75576
4755,3,14,1969,28.94869
4755,3,14,1970,29.19281
4755,3,14,1971,29.50415
4755,3,14,1972,29.81973
4755,3,14,1973,30.12548
4755,3,14,1974,30.50419
4755,3,14,1975,30.64024
4755,3,14,1976,30.99816
4755,3,14,1977,31.68465
4755,3,14,1978,32.12924
4755,3,14,1979,32.60251
4755,3,14,1980,32.97795
4755,3,14,1981,33.7294
4755,3,14,1982,34.14797
4755,3,14,1983,34.32541
4755,3,14,1984,34.35281
4755,3,14,1985,34.67479
4755,3,14,1986,35.21875
4755,3,14,1987,35.40916
4755,3,14,1988,35.36501
4755,3,14,1989,35.46323
4755,3,14,1990,35.71323
4755,3,14,1991,35.81056
4755,3,14,1992,36.01833
4755,3,14,1993,35.77655
4755,3,14,1994,35.63678
4755,3,14,1995,35.91437
4755,3,14,1996,36.09051
4755,3,14,1997,35.99817
4755,3,14,1998,36.10471
4755,3,14,1999,36.09274
4755,3,14,2000,36.25355
4755,3,14,2001,36.15874
4755,3,14,2002,35.8029
4755,3,14,2003,35.60052
4755,3,14,2004,35.67363
4755,3,14,2005,35.85654
4755,3,14,2006,35.98348
4755,3,14,2007,36.04146
4755,3,14,2008,36.01421
4755,3,14,2009,36.03666
4755,3,14,2010,36.32211
4755,3,14,2011,36.1655
4755,3,14,2012,36.38317
4755,3,14,2013,36.30013
4755,3,14,2014,36.19363
4755,3,14,2015,36.02397
4755,3,14,2016,36.01023
4755,3,14,2017,35.94983
4755,3,14,2018,36.34305
4755,3,14,2019,36.3835
4756,1,14,1950,24.23583
4756,1,14,1951,24.42211
4756,1,14,1952,24.54387
4756,1,14,1953,24.7203
4756,1,14,1954,25.18885
4756,1,14,1955,25.30592
4756,1,14,1956,25.5742
4756,1,14,1957,25.68896
4756,1,14,1958,25.85187
4756,1,14,1959,26.00053
4756,1,14,1960,26.15954
4756,1,14,1961,26.38698
4756,1,14,1962,26.47584
4756,1,14,1963,26.60732
4756,1,14,1964,26.77146
4756,1,14,1965,26.89522
4756,1,14,1966,27.02452
4756,1,14,1967,27.20337
4756,1,14,1968,27.32568
4756,1,14,1969,27.41476
4756,1,14,1970,27.47079
4756,1,14,1971,27.53325
4756,1,14,1972,27.58363
4756,1,14,1973,27.60213
4756,1,14,1974,27.70911
4756,1,14,1975,27.76434
4756,1,14,1976,27.36863
4756,1,14,1977,27.1301
4756,1,14,1978,26.91106
4756,1,14,1979,26.70894
4756,1,14,1980,26.64884
4756,1,14,1981,26.64915
4756,1,14,1982,26.90685
4756,1,14,1983,27.04544
4756,1,14,1984,26.98161
4756,1,14,1985,27.16878
4756,1,14,1986,27.50194
4756,1,14,1987,27.76727
4756,1,14,1988,27.89597
4756,1,14,1989,27.99595
4756,1,14,1990,28.20894
4756,1,14,1991,28.33306
4756,1,14,1992,28.69596
4756,1,14,1993,28.84224
4756,1,14,1994,28.85974
4756,1,14,1995,29.12542
4756,1,14,1996,29.05029
4756,1,14,1997,28.98578
4756,1,14,1998,29.39264
4756,1,14,1999,29.66712
4756,1,14,2000,29.98438
4756,1,14,2001,29.9256
4756,1,14,2002,30.00277
4756,1,14,2003,30.18609
4756,1,14,2004,30.27542
4756,1,14,2005,30.96777
4756,1,14,2006,31.34188
4756,1,14,2007,31.49522
4756,1,14,2008,31.4822
4756,1,14,2009,31.66475
4756,1,14,2010,31.76487
4756,1,14,2011,31.91829
4756,1,14,2012,32.10421
4756,1,14,2013,32.55105
4756,1,14,2014,32.61995
4756,1,14,2015,33.03331
4756,1,14,2016,33.33924
4756,1,14,2017,33.8865
4756,1,14,2018,34.38967
4756,1,14,2019,34.84918
4756,2,14,1950,28.20231
4756,2,14,1951,28.43914
4756,2,14,1952,28.51
4756,2,14,1953,28.70969
4756,2,14,1954,28.87115
4756,2,14,1955,28.96951
4756,2,14,1956,29.22993
4756,2,14,1957,29.33218
4756,2,14,1958,29.52803
4756,2,14,1959,29.61161
4756,2,14,1960,29.61569
4756,2,14,1961,29.80674
4756,2,14,1962,29.91778
4756,2,14,1963,30.03783
4756,2,14,1964,30.06658
4756,2,14,1965,30.15061
4756,2,14,1966,30.21097
4756,2,14,1967,30.42383
4756,2,14,1968,30.49574
4756,2,14,1969,30.51372
4756,2,14,1970,30.60945
4756,2,14,1971,30.55006
4756,2,14,1972,30.68362
4756,2,14,1973,30.7535
4756,2,14,1974,30.81829
4756,2,14,1975,30.73618
4756,2,14,1976,30.94052
4756,2,14,1977,30.9905
4756,2,14,1978,30.87234
4756,2,14,1979,30.70518
4756,2,14,1980,30.90294
4756,2,14,1981,30.94478
4756,2,14,1982,31.44941
4756,2,14,1983,31.33396
4756,2,14,1984,31.25251
4756,2,14,1985,31.19452
4756,2,14,1986,31.32289
4756,2,14,1987,31.28686
4756,2,14,1988,31.6453
4756,2,14,1989,31.99405
4756,2,14,1990,32.15785
4756,2,14,1991,32.32405
4756,2,14,1992,32.4164
4756,2,14,1993,32.40777
4756,2,14,1994,32.66577
4756,2,14,1995,32.77172
4756,2,14,1996,32.6218
4756,2,14,1997,32.78409
4756,2,14,1998,33.12597
4756,2,14,1999,33.59884
4756,2,14,2000,33.94221
4756,2,14,2001,34.06753
4756,2,14,2002,34.31109
4756,2,14,2003,34.54201
4756,2,14,2004,34.70684
4756,2,14,2005,35.04851
4756,2,14,2006,35.3252
4756,2,14,2007,35.48399
4756,2,14,2008,35.62244
4756,2,14,2009,35.84238
4756,2,14,2010,36.17678
4756,2,14,2011,36.20775
4756,2,14,2012,36.54521
4756,2,14,2013,36.72699
4756,2,14,2014,36.78233
4756,2,14,2015,36.98318
4756,2,14,2016,37.36373
4756,2,14,2017,37.62047
4756,2,14,2018,37.94109
4756,2,14,2019,38.2319
4756,3,14,1950,24.89753
4756,3,14,1951,25.15916
4756,3,14,1952,25.42277
4756,3,14,1953,25.54783
4756,3,14,1954,25.69879
4756,3,14,1955,25.99299
4756,3,14,1956,26.16929
4756,3,14,1957,26.33357
4756,3,14,1958,26.43642
4756,3,14,1959,26.67465
4756,3,14,1960,26.82689
4756,3,14,1961,27.03782
4756,3,14,1962,27.11764
4756,3,14,1963,27.27271
4756,3,14,1964,27.39842
4756,3,14,1965,27.50286
4756,3,14,1966,27.66991
4756,3,14,1967,27.92844
4756,3,14,1968,28.14256
4756,3,14,1969,28.19331
4756,3,14,1970,28.23341
4756,3,14,1971,28.48971
4756,3,14,1972,28.39389
4756,3,14,1973,28.51611
4756,3,14,1974,28.60022
4756,3,14,1975,28.78145
4756,3,14,1976,28.63199
4756,3,14,1977,28.57896
4756,3,14,1978,28.45767
4756,3,14,1979,28.42013
4756,3,14,1980,28.46354
4756,3,14,1981,28.52207
4756,3,14,1982,28.95142
4756,3,14,1983,28.93267
4756,3,14,1984,28.90832
4756,3,14,1985,29.00713
4756,3,14,1986,29.27426
4756,3,14,1987,29.42242
4756,3,14,1988,29.61217
4756,3,14,1989,29.81535
4756,3,14,1990,30.0879
4756,3,14,1991,30.23193
4756,3,14,1992,30.35784
4756,3,14,1993,30.4891
4756,3,14,1994,30.66526
4756,3,14,1995,30.87067
4756,3,14,1996,30.78309
4756,3,14,1997,30.84392
4756,3,14,1998,31.22847
4756,3,14,1999,31.58829
4756,3,14,2000,31.93927
4756,3,14,2001,32.0033
4756,3,14,2002,32.16903
4756,3,14,2003,32.37508
4756,3,14,2004,32.50288
4756,3,14,2005,33.02515
4756,3,14,2006,33.37895
4756,3,14,2007,33.53939
4756,3,14,2008,33.61083
4756,3,14,2009,33.82232
4756,3,14,2010,34.03413
4756,3,14,2011,34.15236
4756,3,14,2012,34.41355
4756,3,14,2013,34.72919
4756,3,14,2014,34.80128
4756,3,14,2015,35.10454
4756,3,14,2016,35.4654
4756,3,14,2017,35.85109
4756,3,14,2018,36.10777
4756,3,14,2019,36.41055
4757,1,14,1950,24.92903
4757,1,14,1951,24.93093
4757,1,14,1952,25.24128
4757,1,14,1953,25.43996
4757,1,14,1954,25.46203
4757,1,14,1955,25.67034
4757,1,14,1956,25.82832
4757,1,14,1957,26.03098
4757,1,14,1958,26.29343
4757,1,14,1959,26.39694
4757,1,14,1960,26.54137
4757,1,14,1961,26.77057
4757,1,14,1962,26.97094
4757,1,14,1963,27.13898
4757,1,14,1964,27.28165
4757,1,14,1965,27.36471
4757,1,14,1966,27.54566
4757,1,14,1967,27.60234
4757,1,14,1968,27.80451
4757,1,14,1969,27.99352
4757,1,14,1970,27.99885
4757,1,14,1971,28.15047
4757,1,14,1972,28.33016
4757,1,14,1973,28.37627
4757,1,14,1974,28.55176
4757,1,14,1975,28.31537
4757,1,14,1976,28.31543
4757,1,14,1977,28.37286
4757,1,14,1978,28.25987
4757,1,14,1979,28.12413
4757,1,14,1980,28.21514
4757,1,14,1981,28.44644
4757,1,14,1982,28.7352
4757,1,14,1983,28.64418
4757,1,14,1984,28.51406
4757,1,14,1985,28.38995
4757,1,14,1986,28.66691
4757,1,14,1987,29.01501
4757,1,14,1988,29.27043
4757,1,14,1989,29.83378
4757,1,14,1990,29.65434
4757,1,14,1991,29.3897
4757,1,14,1992,29.35463
4757,1,14,1993,29.13203
4757,1,14,1994,29.47536
4757,1,14,1995,30.3434
4757,1,14,1996,30.11743
4757,1,14,1997,30.83991
4757,1,14,1998,30.21749
4757,1,14,1999,30.58929
4757,1,14,2000,30.54884
4757,1,14,2001,31.01845
4757,1,14,2002,31.43498
4757,1,14,2003,31.41941
4757,1,14,2004,31.66208
4757,1,14,2005,31.94338
4757,1,14,2006,31.92139
4757,1,14,2007,32.12483
4757,1,14,2008,32.16335
4757,1,14,2009,32.18877
4757,1,14,2010,32.10701
4757,1,14,2011,32.28176
4757,1,14,2012,32.45436
4757,1,14,2013,32.60688
4757,1,14,2014,32.66755
4757,1,14,2015,32.68522
4757,1,14,2016,32.65715
4757,1,14,2017,32.73085
4757,1,14,2018,33.4858
4757,1,14,2019,33.95545
4757,2,14,1950,30.00844
4757,2,14,1951,29.99518
4757,2,14,1952,30.29252
4757,2,14,1953,30.37267
4757,2,14,1954,30.5083
4757,2,14,1955,30.52596
4757,2,14,1956,30.67916
4757,2,14,1957,30.78597
4757,2,14,1958,30.96798
4757,2,14,1959,31.10259
4757,2,14,1960,31.16994
4757,2,14,1961,31.29061
4757,2,14,1962,31.53555
4757,2,14,1963,31.64191
4757,2,14,1964,31.72022
4757,2,14,1965,31.82485
4757,2,14,1966,31.93481
4757,2,14,1967,31.98045
4757,2,14,1968,32.13432
4757,2,14,1969,32.26011
4757,2,14,1970,32.31468
4757,2,14,1971,32.39297
4757,2,14,1972,32.55361
4757,2,14,1973,32.63796
4757,2,14,1974,32.67964
4757,2,14,1975,32.51486
4757,2,14,1976,32.46357
4757,2,14,1977,32.44912
4757,2,14,1978,32.43213
4757,2,14,1979,32.27709
4757,2,14,1980,32.54685
4757,2,14,1981,32.757
4757,2,14,1982,33.00232
4757,2,14,1983,32.83286
4757,2,14,1984,32.53396
4757,2,14,1985,32.52271
4757,2,14,1986,32.79495
4757,2,14,1987,33.26648
4757,2,14,1988,33.62
4757,2,14,1989,34.11207
4757,2,14,1990,33.97535
4757,2,14,1991,34.07876
4757,2,14,1992,34.19986
4757,2,14,1993,33.96232
4757,2,14,1994,34.27187
4757,2,14,1995,34.34985
4757,2,14,1996,34.58633
4757,2,14,1997,35.18254
4757,2,14,1998,35.06808
4757,2,14,1999,35.11785
4757,2,14,2000,35.52055
4757,2,14,2001,35.74478
4757,2,14,2002,36.06784
4757,2,14,2003,36.37688
4757,2,14,2004,36.55726
4757,2,14,2005,36.62052
4757,2,14,2006,36.4659
4757,2,14,2007,36.65468
4757,2,14,2008,36.70371
4757,2,14,2009,36.75254
4757,2,14,2010,36.8595
4757,2,14,2011,36.86775
4757,2,14,2012,36.99414
4757,2,14,2013,37.17453
4757,2,14,2014,37.24618
4757,2,14,2015,37.25067
4757,2,14,2016,37.27876
4757,2,14,2017,37.32214
4757,2,14,2018,37.88695
4757,2,14,2019,38.29283
4757,3,14,1950,26.27081
4757,3,14,1951,26.46267
4757,3,14,1952,26.57142
4757,3,14,1953,26.82014
4757,3,14,1954,26.87662
4757,3,14,1955,27.06636
4757,3,14,1956,27.23142
4757,3,14,1957,27.33404
4757,3,14,1958,27.44691
4757,3,14,1959,27.63609
4757,3,14,1960,27.95641
4757,3,14,1961,28.03689
4757,3,14,1962,28.30902
4757,3,14,1963,28.34186
4757,3,14,1964,28.40771
4757,3,14,1965,28.57715
4757,3,14,1966,28.65822
4757,3,14,1967,28.88025
4757,3,14,1968,28.97341
4757,3,14,1969,29.26192
4757,3,14,1970,29.30725
4757,3,14,1971,29.36023
4757,3,14,1972,29.6226
4757,3,14,1973,29.76745
4757,3,14,1974,29.82313
4757,3,14,1975,29.69716
4757,3,14,1976,29.82192
4757,3,14,1977,29.92922
4757,3,14,1978,29.95876
4757,3,14,1979,29.94952
4757,3,14,1980,30.14068
4757,3,14,1981,30.38069
4757,3,14,1982,30.59405
4757,3,14,1983,30.49817
4757,3,14,1984,30.29953
4757,3,14,1985,30.19748
4757,3,14,1986,30.49125
4757,3,14,1987,30.9109
4757,3,14,1988,31.20102
4757,3,14,1989,31.76856
4757,3,14,1990,31.66321
4757,3,14,1991,31.58406
4757,3,14,1992,31.629
4757,3,14,1993,31.38208
4757,3,14,1994,31.73311
4757,3,14,1995,32.25563
4757,3,14,1996,32.22965
4757,3,14,1997,32.91213
4757,3,14,1998,32.52177
4757,3,14,1999,32.74582
4757,3,14,2000,32.92145
4757,3,14,2001,33.28549
4757,3,14,2002,33.66223
4757,3,14,2003,33.78927
4757,3,14,2004,33.96889
4757,3,14,2005,34.15748
4757,3,14,2006,34.06331
4757,3,14,2007,34.25101
4757,3,14,2008,34.29705
4757,3,14,2009,34.35561
4757,3,14,2010,34.3615
4757,3,14,2011,34.4508
4757,3,14,2012,34.63695
4757,3,14,2013,34.78472
4757,3,14,2014,34.85082
4757,3,14,2015,34.87109
4757,3,14,2016,34.85212
4757,3,14,2017,34.89072
4757,3,14,2018,35.41082
4757,3,14,2019,35.78871
4758,1,14,1950,19.15465
4758,1,14,1951,19.38774
4758,1,14,1952,19.64745
4758,1,14,1953,19.83289
4758,1,14,1954,20.0993
4758,1,14,1955,20.26769
4758,1,14,1956,20.50739
4758,1,14,1957,20.63232
4758,1,14,1958,20.80904
4758,1,14,1959,20.98362
4758,1,14,1960,21.27895
4758,1,14,1961,21.42798
4758,1,14,1962,21.75947
4758,1,14,1963,22.09262
4758,1,14,1964,22.27529
4758,1,14,1965,22.55204
4758,1,14,1966,22.80692
4758,1,14,1967,23.29292
4758,1,14,1968,23.51586
4758,1,14,1969,23.78348
4758,1,14,1970,24.12266
4758,1,14,1971,24.65494
4758,1,14,1972,25.18867
4758,1,14,1973,25.54966
4758,1,14,1974,25.98438
4758,1,14,1975,26.20894
4758,1,14,1976,26.49452
4758,1,14,1977,26.78937
4758,1,14,1978,27.09325
4758,1,14,1979,27.12451
4758,1,14,1980,27.32993
4758,1,14,1981,27.37992
4758,1,14,1982,27.35332
4758,1,14,1983,27.30181
4758,1,14,1984,26.94661
4758,1,14,1985,26.7794
4758,1,14,1986,27.05911
4758,1,14,1987,27.48334
4758,1,14,1988,27.82991
4758,1,14,1989,28.71342
4758,1,14,1990,29.00841
4758,1,14,1991,29.16792
4758,1,14,1992,29.48379
4758,1,14,1993,29.68516
4758,1,14,1994,29.9664
4758,1,14,1995,30.19841
4758,1,14,1996,30.56361
4758,1,14,1997,30.74077
4758,1,14,1998,31.04032
4758,1,14,1999,31.3387
4758,1,14,2000,31.54775
4758,1,14,2001,31.78836
4758,1,14,2002,32.03978
4758,1,14,2003,32.16138
4758,1,14,2004,32.21102
4758,1,14,2005,32.48207
4758,1,14,2006,32.73173
4758,1,14,2007,32.85406
4758,1,14,2008,33.02545
4758,1,14,2009,33.14479
4758,1,14,2010,33.15341
4758,1,14,2011,33.35666
4758,1,14,2012,33.6081
4758,1,14,2013,33.8265
4758,1,14,2014,33.91246
4758,1,14,2015,34.05715
4758,1,14,2016,34.35731
4758,1,14,2017,34.85155
4758,1,14,2018,34.86817
4758,1,14,2019,35.0021
4758,2,14,1950,24.82611
4758,2,14,1951,25.11151
4758,2,14,1952,25.30406
4758,2,14,1953,25.33869
4758,2,14,1954,25.53075
4758,2,14,1955,25.61893
4758,2,14,1956,25.93148
4758,2,14,1957,26.00098
4758,2,14,1958,26.12409
4758,2,14,1959,26.29664
4758,2,14,1960,26.49954
4758,2,14,1961,26.74662
4758,2,14,1962,26.97341
4758,2,14,1963,26.95259
4758,2,14,1964,27.15903
4758,2,14,1965,27.32296
4758,2,14,1966,27.46782
4758,2,14,1967,27.80133
4758,2,14,1968,28.10309
4758,2,14,1969,28.37987
4758,2,14,1970,28.84937
4758,2,14,1971,29.23276
4758,2,14,1972,29.46764
4758,2,14,1973,29.81026
4758,2,14,1974,30.03475
4758,2,14,1975,30.14144
4758,2,14,1976,30.4506
4758,2,14,1977,30.82327
4758,2,14,1978,30.87311
4758,2,14,1979,30.9805
4758,2,14,1980,31.13216
4758,2,14,1981,30.77016
4758,2,14,1982,30.73006
4758,2,14,1983,30.57083
4758,2,14,1984,30.3331
4758,2,14,1985,30.09348
4758,2,14,1986,30.40901
4758,2,14,1987,30.74447
4758,2,14,1988,31.04254
4758,2,14,1989,31.98438
4758,2,14,1990,32.26749
4758,2,14,1991,32.54012
4758,2,14,1992,32.72043
4758,2,14,1993,32.98128
4758,2,14,1994,33.14064
4758,2,14,1995,33.28073
4758,2,14,1996,33.64781
4758,2,14,1997,33.90474
4758,2,14,1998,34.2038
4758,2,14,1999,34.45
4758,2,14,2000,34.52014
4758,2,14,2001,34.6337
4758,2,14,2002,34.9744
4758,2,14,2003,35.21694
4758,2,14,2004,35.29322
4758,2,14,2005,35.63007
4758,2,14,2006,35.80436
4758,2,14,2007,35.88408
4758,2,14,2008,36.10527
4758,2,14,2009,36.32986
4758,2,14,2010,36.45348
4758,2,14,2011,36.49127
4758,2,14,2012,36.59895
4758,2,14,2013,36.83709
4758,2,14,2014,36.96255
4758,2,14,2015,37.22169
4758,2,14,2016,37.79007
4758,2,14,2017,38.02197
4758,2,14,2018,37.97024
4758,2,14,2019,38.11564
4758,3,14,1950,20.88636
4758,3,14,1951,21.14413
4758,3,14,1952,21.31592
4758,3,14,1953,21.47908
4758,3,14,1954,21.68449
4758,3,14,1955,21.87009
4758,3,14,1956,22.03288
4758,3,14,1957,22.18973
4758,3,14,1958,22.46712
4758,3,14,1959,22.6196
4758,3,14,1960,22.66606
4758,3,14,1961,23.0801
4758,3,14,1962,23.26732
4758,3,14,1963,23.44192
4758,3,14,1964,23.6712
4758,3,14,1965,24.05215
4758,3,14,1966,24.10198
4758,3,14,1967,24.57083
4758,3,14,1968,24.77885
4758,3,14,1969,25.19487
4758,3,14,1970,25.48575
4758,3,14,1971,25.96918
4758,3,14,1972,26.37308
4758,3,14,1973,26.7251
4758,3,14,1974,27.03785
4758,3,14,1975,27.2149
4758,3,14,1976,27.65504
4758,3,14,1977,27.85061
4758,3,14,1978,28.07717
4758,3,14,1979,28.18234
4758,3,14,1980,28.47776
4758,3,14,1981,28.41034
4758,3,14,1982,28.39686
4758,3,14,1983,28.2801
4758,3,14,1984,28.08052
4758,3,14,1985,27.92472
4758,3,14,1986,28.2521
4758,3,14,1987,28.6113
4758,3,14,1988,28.93937
4758,3,14,1989,29.80979
4758,3,14,1990,30.1443
4758,3,14,1991,30.28711
4758,3,14,1992,30.58897
4758,3,14,1993,30.82764
4758,3,14,1994,31.05891
4758,3,14,1995,31.33496
4758,3,14,1996,31.68303
4758,3,14,1997,31.84457
4758,3,14,1998,32.24727
4758,3,14,1999,32.52547
4758,3,14,2000,32.68119
4758,3,14,2001,32.80568
4758,3,14,2002,33.14821
4758,3,14,2003,33.282
4758,3,14,2004,33.34769
4758,3,14,2005,33.71564
4758,3,14,2006,33.88901
4758,3,14,2007,33.99439
4758,3,14,2008,34.23772
4758,3,14,2009,34.41152
4758,3,14,2010,34.43551
4758,3,14,2011,34.54554
4758,3,14,2012,34.7852
4758,3,14,2013,35.03219
4758,3,14,2014,35.14531
4758,3,14,2015,35.26307
4758,3,14,2016,35.72201
4758,3,14,2017,36.01375
4758,3,14,2018,35.91959
4758,3,14,2019,36.05375
4759,1,14,1950,19.00161
4759,1,14,1951,19.16656
4759,1,14,1952,19.29357
4759,1,14,1953,19.39034
4759,1,14,1954,19.48822
4759,1,14,1955,19.6018
4759,1,14,1956,19.89056
4759,1,14,1957,20.12099
4759,1,14,1958,20.31238
4759,1,14,1959,20.40881
4759,1,14,1960,20.64445
4759,1,14,1961,20.89276
4759,1,14,1962,20.93187
4759,1,14,1963,21.2322
4759,1,14,1964,21.44457
4759,1,14,1965,21.57386
4759,1,14,1966,21.75619
4759,1,14,1967,22.03625
4759,1,14,1968,22.12249
4759,1,14,1969,22.33775
4759,1,14,1970,22.49837
4759,1,14,1971,22.72401
4759,1,14,1972,23.14267
4759,1,14,1973,23.41241
4759,1,14,1974,23.82994
4759,1,14,1975,24.0925
4759,1,14,1976,24.23483
4759,1,14,1977,24.77916
4759,1,14,1978,25.33622
4759,1,14,1979,25.63757
4759,1,14,1980,25.76859
4759,1,14,1981,26.14965
4759,1,14,1982,26.55477
4759,1,14,1983,26.77123
4759,1,14,1984,26.84289
4759,1,14,1985,27.7632
4759,1,14,1986,28.55339
4759,1,14,1987,29.48985
4759,1,14,1988,29.22401
4759,1,14,1989,29.62555
4759,1,14,1990,29.75354
4759,1,14,1991,30.38298
4759,1,14,1992,30.60005
4759,1,14,1993,31.19589
4759,1,14,1994,32.2895
4759,1,14,1995,32.79204
4759,1,14,1996,33.26921
4759,1,14,1997,33.64451
4759,1,14,1998,34.14871
4759,1,14,1999,34.85947
4759,1,14,2000,35.31062
4759,1,14,2001,35.12915
4759,1,14,2002,35.08811
4759,1,14,2003,35.07492
4759,1,14,2004,36.03924
4759,1,14,2005,36.18215
4759,1,14,2006,36.10312
4759,1,14,2007,36.02673
4759,1,14,2008,35.96923
4759,1,14,2009,35.78894
4759,1,14,2010,35.01741
4759,1,14,2011,33.21298
4759,1,14,2012,33.08441
4759,1,14,2013,32.96568
4759,1,14,2014,32.73123
4759,1,14,2015,32.56509
4759,1,14,2016,32.59947
4759,1,14,2017,32.67987
4759,1,14,2018,32.70369
4759,1,14,2019,32.79325
4759,2,14,1950,29.9668
4759,2,14,1951,30.1086
4759,2,14,1952,30.29361
4759,2,14,1953,30.43623
4759,2,14,1954,30.57808
4759,2,14,1955,30.75181
4759,2,14,1956,30.83332
4759,2,14,1957,31.02122
4759,2,14,1958,31.26322
4759,2,14,1959,31.4442
4759,2,14,1960,31.60954
4759,2,14,1961,31.80707
4759,2,14,1962,32.11237
4759,2,14,1963,32.24727
4759,2,14,1964,32.3589
4759,2,14,1965,32.50532
4759,2,14,1966,32.70045
4759,2,14,1967,33.06359
4759,2,14,1968,33.16202
4759,2,14,1969,33.32869
4759,2,14,1970,33.63669
4759,2,14,1971,33.90554
4759,2,14,1972,34.23485
4759,2,14,1973,34.60384
4759,2,14,1974,34.90299
4759,2,14,1975,34.97095
4759,2,14,1976,34.86349
4759,2,14,1977,35.32593
4759,2,14,1978,35.5701
4759,2,14,1979,35.87323
4759,2,14,1980,36.19077
4759,2,14,1981,36.95678
4759,2,14,1982,37.54593
4759,2,14,1983,37.38686
4759,2,14,1984,37.12299
4759,2,14,1985,37.75704
4759,2,14,1986,38.37156
4759,2,14,1987,38.88584
4759,2,14,1988,38.86627
4759,2,14,1989,39.32823
4759,2,14,1990,39.80306
4759,2,14,1991,39.7631
4759,2,14,1992,39.62186
4759,2,14,1993,39.26078
4759,2,14,1994,39.52649
4759,2,14,1995,39.8397
4759,2,14,1996,40.1488
4759,2,14,1997,39.99631
4759,2,14,1998,40.03718
4759,2,14,1999,40.23015
4759,2,14,2000,39.76825
4759,2,14,2001,39.38711
4759,2,14,2002,39.20708
4759,2,14,2003,39.09825
4759,2,14,2004,39.14795
4759,2,14,2005,39.10196
4759,2,14,2006,39.22023
4759,2,14,2007,39.14698
4759,2,14,2008,39.00109
4759,2,14,2009,38.90457
4759,2,14,2010,38.8454
4759,2,14,2011,38.66078
4759,2,14,2012,38.60528
4759,2,14,2013,38.4364
4759,2,14,2014,38.36135
4759,2,14,2015,38.23994
4759,2,14,2016,38.2303
4759,2,14,2017,38.22424
4759,2,14,2018,38.35664
4759,2,14,2019,38.38163
4759,3,14,1950,22.67363
4759,3,14,1951,22.85467
4759,3,14,1952,22.95306
4759,3,14,1953,23.05699
4759,3,14,1954,23.20889
4759,3,14,1955,23.31847
4759,3,14,1956,23.54624
4759,3,14,1957,23.75241
4759,3,14,1958,24.04583
4759,3,14,1959,24.31066
4759,3,14,1960,24.43782
4759,3,14,1961,24.70895
4759,3,14,1962,24.82848
4759,3,14,1963,25.07945
4759,3,14,1964,25.25688
4759,3,14,1965,25.43439
4759,3,14,1966,25.648
4759,3,14,1967,25.81794
4759,3,14,1968,25.96501
4759,3,14,1969,26.20978
4759,3,14,1970,26.45485
4759,3,14,1971,26.66527
4759,3,14,1972,27.13874
4759,3,14,1973,27.37965
4759,3,14,1974,27.74235
4759,3,14,1975,28.02555
4759,3,14,1976,28.17821
4759,3,14,1977,28.78029
4759,3,14,1978,29.04684
4759,3,14,1979,29.4108
4759,3,14,1980,29.59307
4759,3,14,1981,30.29932
4759,3,14,1982,30.66897
4759,3,14,1983,30.86154
4759,3,14,1984,31.02516
4759,3,14,1985,31.91883
4759,3,14,1986,32.77246
4759,3,14,1987,33.54046
4759,3,14,1988,33.40149
4759,3,14,1989,33.84278
4759,3,14,1990,34.14521
4759,3,14,1991,34.58619
4759,3,14,1992,34.53632
4759,3,14,1993,34.82973
4759,3,14,1994,35.60464
4759,3,14,1995,36.03802
4759,3,14,1996,36.49952
4759,3,14,1997,36.57667
4759,3,14,1998,36.91458
4759,3,14,1999,37.23983
4759,3,14,2000,37.23155
4759,3,14,2001,36.86394
4759,3,14,2002,36.73957
4759,3,14,2003,36.61505
4759,3,14,2004,37.0927
4759,3,14,2005,37.1141
4759,3,14,2006,37.1706
4759,3,14,2007,37.11661
4759,3,14,2008,36.96333
4759,3,14,2009,36.78144
4759,3,14,2010,36.40629
4759,3,14,2011,35.23105
4759,3,14,2012,35.1093
4759,3,14,2013,35.09878
4759,3,14,2014,34.94728
4759,3,14,2015,34.94265
4759,3,14,2016,34.96285
4759,3,14,2017,34.91587
4759,3,14,2018,35.04487
4759,3,14,2019,35.0734
4760,1,14,1950,23.77777
4760,1,14,1951,23.9645
4760,1,14,1952,24.10702
4760,1,14,1953,24.26938
4760,1,14,1954,24.44009
4760,1,14,1955,24.55168
4760,1,14,1956,24.77335
4760,1,14,1957,24.94408
4760,1,14,1958,25.08749
4760,1,14,1959,25.23638
4760,1,14,1960,25.35419
4760,1,14,1961,25.5743
4760,1,14,1962,25.83581
4760,1,14,1963,25.87675
4760,1,14,1964,26.18176
4760,1,14,1965,26.37985
4760,1,14,1966,26.58612
4760,1,14,1967,26.71353
4760,1,14,1968,26.80415
4760,1,14,1969,26.90727
4760,1,14,1970,26.99406
4760,1,14,1971,26.98032
4760,1,14,1972,27.00853
4760,1,14,1973,27.05269
4760,1,14,1974,27.20389
4760,1,14,1975,27.27914
4760,1,14,1976,27.30027
4760,1,14,1977,27.36723
4760,1,14,1978,27.2943
4760,1,14,1979,26.92484
4760,1,14,1980,27.14225
4760,1,14,1981,27.45701
4760,1,14,1982,28.09547
4760,1,14,1983,28.0619
4760,1,14,1984,27.59771
4760,1,14,1985,27.49874
4760,1,14,1986,27.68599
4760,1,14,1987,28.03842
4760,1,14,1988,28.17424
4760,1,14,1989,28.53076
4760,1,14,1990,28.92407
4760,1,14,1991,29.24564
4760,1,14,1992,29.30227
4760,1,14,1993,29.46099
4760,1,14,1994,29.88363
4760,1,14,1995,30.33688
4760,1,14,1996,30.60006
4760,1,14,1997,30.83547
4760,1,14,1998,31.06475
4760,1,14,1999,31.3211
4760,1,14,2000,31.56805
4760,1,14,2001,31.40058
4760,1,14,2002,31.52091
4760,1,14,2003,31.9191
4760,1,14,2004,31.91819
4760,1,14,2005,32.06117
4760,1,14,2006,32.19848
4760,1,14,2007,32.5568
4760,1,14,2008,32.82107
4760,1,14,2009,32.93498
4760,1,14,2010,33.03554
4760,1,14,2011,33.35943
4760,1,14,2012,33.63511
4760,1,14,2013,33.90408
4760,1,14,2014,34.14155
4760,1,14,2015,34.104
4760,1,14,2016,33.76835
4760,1,14,2017,34.14802
4760,1,14,2018,34.97363
4760,1,14,2019,35.58562
4760,2,14,1950,28.82716
4760,2,14,1951,29.00678
4760,2,14,1952,29.13802
4760,2,14,1953,29.26572
4760,2,14,1954,29.30087
4760,2,14,1955,29.39195
4760,2,14,1956,29.55297
4760,2,14,1957,29.74258
4760,2,14,1958,29.92131
4760,2,14,1959,30.08955
4760,2,14,1960,30.007
4760,2,14,1961,30.26287
4760,2,14,1962,30.42616
4760,2,14,1963,30.52898
4760,2,14,1964,30.69866
4760,2,14,1965,30.81344
4760,2,14,1966,30.99831
4760,2,14,1967,31.16304
4760,2,14,1968,31.26676
4760,2,14,1969,31.31951
4760,2,14,1970,31.43156
4760,2,14,1971,31.51414
4760,2,14,1972,31.5717
4760,2,14,1973,31.6123
4760,2,14,1974,31.73719
4760,2,14,1975,31.70867
4760,2,14,1976,31.6929
4760,2,14,1977,31.68058
4760,2,14,1978,31.52019
4760,2,14,1979,31.08986
4760,2,14,1980,31.12699
4760,2,14,1981,31.48874
4760,2,14,1982,32.15452
4760,2,14,1983,32.22343
4760,2,14,1984,31.80901
4760,2,14,1985,31.66418
4760,2,14,1986,31.92807
4760,2,14,1987,32.34212
4760,2,14,1988,32.43422
4760,2,14,1989,32.74541
4760,2,14,1990,33.08739
4760,2,14,1991,33.343
4760,2,14,1992,33.50249
4760,2,14,1993,33.6483
4760,2,14,1994,33.95959
4760,2,14,1995,34.29736
4760,2,14,1996,34.58492
4760,2,14,1997,34.8809
4760,2,14,1998,35.15745
4760,2,14,1999,35.472
4760,2,14,2000,35.96108
4760,2,14,2001,36.17577
4760,2,14,2002,36.3942
4760,2,14,2003,36.37482
4760,2,14,2004,36.53464
4760,2,14,2005,36.71558
4760,2,14,2006,36.69996
4760,2,14,2007,36.89522
4760,2,14,2008,37.10058
4760,2,14,2009,37.16958
4760,2,14,2010,37.19807
4760,2,14,2011,37.37137
4760,2,14,2012,37.56992
4760,2,14,2013,37.83698
4760,2,14,2014,38.05527
4760,2,14,2015,38.08499
4760,2,14,2016,37.94622
4760,2,14,2017,38.16873
4760,2,14,2018,38.75492
4760,2,14,2019,39.2503
4760,3,14,1950,25.2612
4760,3,14,1951,25.47906
4760,3,14,1952,25.65653
4760,3,14,1953,25.75864
4760,3,14,1954,25.8816
4760,3,14,1955,26.03495
4760,3,14,1956,26.04534
4760,3,14,1957,26.40707
4760,3,14,1958,26.55218
4760,3,14,1959,26.63633
4760,3,14,1960,26.68009
4760,3,14,1961,27.07065
4760,3,14,1962,27.30722
4760,3,14,1963,27.42657
4760,3,14,1964,27.50529
4760,3,14,1965,27.64256
4760,3,14,1966,27.89505
4760,3,14,1967,28.10679
4760,3,14,1968,28.17513
4760,3,14,1969,28.23869
4760,3,14,1970,28.32842
4760,3,14,1971,28.38515
4760,3,14,1972,28.61975
4760,3,14,1973,28.68676
4760,3,14,1974,28.82669
4760,3,14,1975,28.85809
4760,3,14,1976,29.03032
4760,3,14,1977,29.07276
4760,3,14,1978,29.09319
4760,3,14,1979,28.88424
4760,3,14,1980,29.02855
4760,3,14,1981,29.37631
4760,3,14,1982,29.94017
4760,3,14,1983,29.87484
4760,3,14,1984,29.48848
4760,3,14,1985,29.38331
4760,3,14,1986,29.57763
4760,3,14,1987,29.96384
4760,3,14,1988,30.09152
4760,3,14,1989,30.43537
4760,3,14,1990,30.8363
4760,3,14,1991,31.11438
4760,3,14,1992,31.21713
4760,3,14,1993,31.4008
4760,3,14,1994,31.77389
4760,3,14,1995,32.10768
4760,3,14,1996,32.43026
4760,3,14,1997,32.69906
4760,3,14,1998,32.9693
4760,3,14,1999,33.2357
4760,3,14,2000,33.62626
4760,3,14,2001,33.62399
4760,3,14,2002,33.76777
4760,3,14,2003,34.0235
4760,3,14,2004,34.10486
4760,3,14,2005,34.23749
4760,3,14,2006,34.32625
4760,3,14,2007,34.57425
4760,3,14,2008,34.82766
4760,3,14,2009,34.92535
4760,3,14,2010,34.97265
4760,3,14,2011,35.23813
4760,3,14,2012,35.48216
4760,3,14,2013,35.75143
4760,3,14,2014,35.99335
4760,3,14,2015,36.00641
4760,3,14,2016,35.8646
4760,3,14,2017,36.17214
4760,3,14,2018,36.66861
4760,3,14,2019,37.08789
4761,1,14,1950,24.70831
4761,1,14,1951,24.71187
4761,1,14,1952,24.86951
4761,1,14,1953,24.94415
4761,1,14,1954,25.15512
4761,1,14,1955,25.41604
4761,1,14,1956,25.58633
4761,1,14,1957,25.77073
4761,1,14,1958,26.09054
4761,1,14,1959,25.98156
4761,1,14,1960,26.21325
4761,1,14,1961,26.45612
4761,1,14,1962,26.70134
4761,1,14,1963,26.92901
4761,1,14,1964,27.06411
4761,1,14,1965,27.14625
4761,1,14,1966,27.33181
4761,1,14,1967,27.4548
4761,1,14,1968,27.50551
4761,1,14,1969,27.68069
4761,1,14,1970,27.69413
4761,1,14,1971,27.73637
4761,1,14,1972,27.81825
4761,1,14,1973,27.99041
4761,1,14,1974,28.25479
4761,1,14,1975,28.53616
4761,1,14,1976,28.48129
4761,1,14,1977,28.78633
4761,1,14,1978,29.01046
4761,1,14,1979,28.93492
4761,1,14,1980,28.64863
4761,1,14,1981,28.46127
4761,1,14,1982,29.09192
4761,1,14,1983,28.6942
4761,1,14,1984,28.37897
4761,1,14,1985,28.43215
4761,1,14,1986,28.71742
4761,1,14,1987,28.92477
4761,1,14,1988,29.16662
4761,1,14,1989,29.64157
4761,1,14,1990,30.0417
4761,1,14,1991,30.31347
4761,1,14,1992,30.03869
4761,1,14,1993,29.86927
4761,1,14,1994,29.58193
4761,1,14,1995,29.60448
4761,1,14,1996,29.72309
4761,1,14,1997,30.11356
4761,1,14,1998,30.19638
4761,1,14,1999,29.99743
4761,1,14,2000,30.37491
4761,1,14,2001,30.8739
4761,1,14,2002,31.10929
4761,1,14,2003,30.91165
4761,1,14,2004,30.73133
4761,1,14,2005,31.09624
4761,1,14,2006,31.26955
4761,1,14,2007,31.50601
4761,1,14,2008,31.68441
4761,1,14,2009,32.00178
4761,1,14,2010,31.79892
4761,1,14,2011,31.8868
4761,1,14,2012,32.25058
4761,1,14,2013,32.46021
4761,1,14,2014,32.90712
4761,1,14,2015,32.92093
4761,1,14,2016,32.57476
4761,1,14,2017,33.36228
4761,1,14,2018,34.37803
4761,1,14,2019,34.93826
4761,2,14,1950,29.39612
4761,2,14,1951,29.43102
4761,2,14,1952,29.48466
4761,2,14,1953,29.56701
4761,2,14,1954,29.72475
4761,2,14,1955,29.9115
4761,2,14,1956,30.07879
4761,2,14,1957,30.20489
4761,2,14,1958,30.43174
4761,2,14,1959,30.4018
4761,2,14,1960,30.54042
4761,2,14,1961,30.71635
4761,2,14,1962,30.89613
4761,2,14,1963,31.10921
4761,2,14,1964,31.14547
4761,2,14,1965,31.26593
4761,2,14,1966,31.43427
4761,2,14,1967,31.45059
4761,2,14,1968,31.56808
4761,2,14,1969,31.65654
4761,2,14,1970,31.73479
4761,2,14,1971,31.79313
4761,2,14,1972,31.89593
4761,2,14,1973,32.06804
4761,2,14,1974,32.28041
4761,2,14,1975,32.38521
4761,2,14,1976,32.33479
4761,2,14,1977,32.52322
4761,2,14,1978,32.52045
4761,2,14,1979,32.36724
4761,2,14,1980,32.13314
4761,2,14,1981,32.3294
4761,2,14,1982,32.8874
4761,2,14,1983,32.58936
4761,2,14,1984,32.33287
4761,2,14,1985,32.22079
4761,2,14,1986,32.2742
4761,2,14,1987,32.79242
4761,2,14,1988,33.05441
4761,2,14,1989,33.25581
4761,2,14,1990,33.6005
4761,2,14,1991,34.17456
4761,2,14,1992,34.01671
4761,2,14,1993,33.92919
4761,2,14,1994,33.98653
4761,2,14,1995,33.91972
4761,2,14,1996,33.80011
4761,2,14,1997,33.96283
4761,2,14,1998,34.27575
4761,2,14,1999,34.36852
4761,2,14,2000,35.11045
4761,2,14,2001,35.22399
4761,2,14,2002,35.18425
4761,2,14,2003,34.93667
4761,2,14,2004,35.24828
4761,2,14,2005,35.56485
4761,2,14,2006,35.72404
4761,2,14,2007,35.85741
4761,2,14,2008,36.23641
4761,2,14,2009,36.2927
4761,2,14,2010,36.21263
4761,2,14,2011,36.62421
4761,2,14,2012,36.8639
4761,2,14,2013,37.15655
4761,2,14,2014,37.30111
4761,2,14,2015,37.14794
4761,2,14,2016,37.11804
4761,2,14,2017,37.39363
4761,2,14,2018,38.03898
4761,2,14,2019,38.49975
4761,3,14,1950,25.84505
4761,3,14,1951,26.00204
4761,3,14,1952,26.12645
4761,3,14,1953,26.12423
4761,3,14,1954,26.18315
4761,3,14,1955,26.52123
4761,3,14,1956,26.64711
4761,3,14,1957,26.82895
4761,3,14,1958,27.03774
4761,3,14,1959,27.06644
4761,3,14,1960,27.37548
4761,3,14,1961,27.53845
4761,3,14,1962,27.73529
4761,3,14,1963,27.84825
4761,3,14,1964,27.90894
4761,3,14,1965,28.17095
4761,3,14,1966,28.19226
4761,3,14,1967,28.27961
4761,3,14,1968,28.47787
4761,3,14,1969,28.60802
4761,3,14,1970,28.54787
4761,3,14,1971,28.74028
4761,3,14,1972,28.88264
4761,3,14,1973,28.96569
4761,3,14,1974,29.25952
4761,3,14,1975,29.39827
4761,3,14,1976,29.59344
4761,3,14,1977,29.91799
4761,3,14,1978,30.08985
4761,3,14,1979,30.03801
4761,3,14,1980,29.88254
4761,3,14,1981,29.87999
4761,3,14,1982,30.51176
4761,3,14,1983,30.16543
4761,3,14,1984,29.89732
4761,3,14,1985,29.86621
4761,3,14,1986,30.08683
4761,3,14,1987,30.42516
4761,3,14,1988,30.71764
4761,3,14,1989,31.07726
4761,3,14,1990,31.47461
4761,3,14,1991,31.90519
4761,3,14,1992,31.7556
4761,3,14,1993,31.61036
4761,3,14,1994,31.50043
4761,3,14,1995,31.48972
4761,3,14,1996,31.51858
4761,3,14,1997,31.81985
4761,3,14,1998,31.99194
4761,3,14,1999,31.94819
4761,3,14,2000,32.48318
4761,3,14,2001,32.83784
4761,3,14,2002,32.94363
4761,3,14,2003,32.74564
4761,3,14,2004,32.78955
4761,3,14,2005,33.15088
4761,3,14,2006,33.31979
4761,3,14,2007,33.51133
4761,3,14,2008,33.78889
4761,3,14,2009,33.99444
4761,3,14,2010,33.87691
4761,3,14,2011,34.08509
4761,3,14,2012,34.40177
4761,3,14,2013,34.66429
4761,3,14,2014,34.97682
4761,3,14,2015,34.90898
4761,3,14,2016,34.70769
4761,3,14,2017,35.25285
4761,3,14,2018,35.94748
4761,3,14,2019,36.37625
4762,1,14,1950,27.27913
4762,1,14,1951,27.6121
4762,1,14,1952,27.6727
4762,1,14,1953,27.76225
4762,1,14,1954,27.94095
4762,1,14,1955,28.03375
4762,1,14,1956,28.15947
4762,1,14,1957,28.27423
4762,1,14,1958,28.36418
4762,1,14,1959,28.48104
4762,1,14,1960,28.5799
4762,1,14,1961,28.93979
4762,1,14,1962,29.00552
4762,1,14,1963,29.21052
4762,1,14,1964,29.31677
4762,1,14,1965,29.48748
4762,1,14,1966,29.69019
4762,1,14,1967,29.95234
4762,1,14,1968,30.0878
4762,1,14,1969,30.24539
4762,1,14,1970,30.25268
4762,1,14,1971,30.44509
4762,1,14,1972,30.67707
4762,1,14,1973,30.82009
4762,1,14,1974,30.87228
4762,1,14,1975,30.92995
4762,1,14,1976,30.89262
4762,1,14,1977,31.07192
4762,1,14,1978,31.27149
4762,1,14,1979,31.13918
4762,1,14,1980,31.1234
4762,1,14,1981,30.73151
4762,1,14,1982,30.5414
4762,1,14,1983,29.80665
4762,1,14,1984,29.464
4762,1,14,1985,29.48196
4762,1,14,1986,29.55665
4762,1,14,1987,29.66955
4762,1,14,1988,30.37715
4762,1,14,1989,30.92382
4762,1,14,1990,31.23066
4762,1,14,1991,31.09878
4762,1,14,1992,31.24087
4762,1,14,1993,31.38819
4762,1,14,1994,31.88257
4762,1,14,1995,32.17174
4762,1,14,1996,32.6593
4762,1,14,1997,32.69415
4762,1,14,1998,32.51502
4762,1,14,1999,32.22019
4762,1,14,2000,32.25546
4762,1,14,2001,32.51764
4762,1,14,2002,32.52988
4762,1,14,2003,32.13439
4762,1,14,2004,31.66661
4762,1,14,2005,31.70634
4762,1,14,2006,32.33886
4762,1,14,2007,32.8829
4762,1,14,2008,32.44746
4762,1,14,2009,32.72444
4762,1,14,2010,32.62334
4762,1,14,2011,32.96573
4762,1,14,2012,33.13277
4762,1,14,2013,33.4457
4762,1,14,2014,33.37419
4762,1,14,2015,33.71638
4762,1,14,2016,33.78613
4762,1,14,2017,34.46329
4762,1,14,2018,35.33922
4762,1,14,2019,35.95565
4762,2,14,1950,31.30881
4762,2,14,1951,31.41868
4762,2,14,1952,31.55427
4762,2,14,1953,31.60136
4762,2,14,1954,31.79503
4762,2,14,1955,31.98042
4762,2,14,1956,32.00814
4762,2,14,1957,32.0988
4762,2,14,1958,32.19995
4762,2,14,1959,32.23225
4762,2,14,1960,32.34743
4762,2,14,1961,32.55232
4762,2,14,1962,32.71813
4762,2,14,1963,32.72499
4762,2,14,1964,32.77743
4762,2,14,1965,32.94122
4762,2,14,1966,33.12354
4762,2,14,1967,33.36745
4762,2,14,1968,33.41642
4762,2,14,1969,33.42707
4762,2,14,1970,33.66651
4762,2,14,1971,33.88962
4762,2,14,1972,33.82171
4762,2,14,1973,33.96502
4762,2,14,1974,33.98584
4762,2,14,1975,34.05022
4762,2,14,1976,34.07486
4762,2,14,1977,34.32637
4762,2,14,1978,34.39194
4762,2,14,1979,34.3608
4762,2,14,1980,34.23115
4762,2,14,1981,34.24249
4762,2,14,1982,34.11307
4762,2,14,1983,33.70636
4762,2,14,1984,33.19617
4762,2,14,1985,32.91111
4762,2,14,1986,33.16492
4762,2,14,1987,33.356
4762,2,14,1988,33.56331
4762,2,14,1989,34.25186
4762,2,14,1990,34.87987
4762,2,14,1991,34.82824
4762,2,14,1992,34.94293
4762,2,14,1993,35.07061
4762,2,14,1994,35.2575
4762,2,14,1995,35.5009
4762,2,14,1996,36.19784
4762,2,14,1997,36.28181
4762,2,14,1998,36.03
4762,2,14,1999,35.79504
4762,2,14,2000,35.80897
4762,2,14,2001,36.01894
4762,2,14,2002,36.24945
4762,2,14,2003,35.99878
4762,2,14,2004,35.77401
4762,2,14,2005,36.12858
4762,2,14,2006,36.30945
4762,2,14,2007,36.81039
4762,2,14,2008,36.82282
4762,2,14,2009,36.78196
4762,2,14,2010,36.68741
4762,2,14,2011,36.80517
4762,2,14,2012,36.89694
4762,2,14,2013,37.06908
4762,2,14,2014,37.19116
4762,2,14,2015,37.42695
4762,2,14,2016,37.76686
4762,2,14,2017,38.0091
4762,2,14,2018,38.47881
4762,2,14,2019,38.99111
4762,3,14,1950,28.14819
4762,3,14,1951,28.35737
4762,3,14,1952,28.58013
4762,3,14,1953,28.54822
4762,3,14,1954,28.71355
4762,3,14,1955,28.84027
4762,3,14,1956,28.89415
4762,3,14,1957,29.07662
4762,3,14,1958,29.23259
4762,3,14,1959,29.3241
4762,3,14,1960,29.4969
4762,3,14,1961,29.69691
4762,3,14,1962,29.73099
4762,3,14,1963,29.89604
4762,3,14,1964,30.20642
4762,3,14,1965,30.18765
4762,3,14,1966,30.4352
4762,3,14,1967,30.47653
4762,3,14,1968,30.65337
4762,3,14,1969,30.81732
4762,3,14,1970,31.04259
4762,3,14,1971,31.09102
4762,3,14,1972,31.38346
4762,3,14,1973,31.44187
4762,3,14,1974,31.58858
4762,3,14,1975,31.65759
4762,3,14,1976,31.52209
4762,3,14,1977,31.857
4762,3,14,1978,32.09606
4762,3,14,1979,32.01987
4762,3,14,1980,32.07278
4762,3,14,1981,31.88656
4762,3,14,1982,31.69217
4762,3,14,1983,31.05957
4762,3,14,1984,30.69667
4762,3,14,1985,30.54638
4762,3,14,1986,30.71575
4762,3,14,1987,30.92789
4762,3,14,1988,31.36037
4762,3,14,1989,31.93042
4762,3,14,1990,32.46631
4762,3,14,1991,32.427
4762,3,14,1992,32.50677
4762,3,14,1993,32.63458
4762,3,14,1994,33.04456
4762,3,14,1995,33.22446
4762,3,14,1996,33.86262
4762,3,14,1997,33.98161
4762,3,14,1998,33.74015
4762,3,14,1999,33.49754
4762,3,14,2000,33.5265
4762,3,14,2001,33.74524
4762,3,14,2002,33.87924
4762,3,14,2003,33.67143
4762,3,14,2004,33.39053
4762,3,14,2005,33.57192
4762,3,14,2006,34.02724
4762,3,14,2007,34.57746
4762,3,14,2008,34.32279
4762,3,14,2009,34.48456
4762,3,14,2010,34.38972
4762,3,14,2011,34.64861
4762,3,14,2012,34.78493
4762,3,14,2013,35.04728
4762,3,14,2014,35.06742
4762,3,14,2015,35.38519
4762,3,14,2016,35.56428
4762,3,14,2017,36.0497
4762,3,14,2018,36.61601
4762,3,14,2019,36.9238
4763,1,14,1950,24.58853
4763,1,14,1951,24.67555
4763,1,14,1952,24.97127
4763,1,14,1953,25.26348
4763,1,14,1954,25.39426
4763,1,14,1955,25.48839
4763,1,14,1956,25.69684
4763,1,14,1957,25.92701
4763,1,14,1958,26.22719
4763,1,14,1959,26.67183
4763,1,14,1960,26.76207
4763,1,14,1961,26.90688
4763,1,14,1962,27.16131
4763,1,14,1963,27.21001
4763,1,14,1964,27.55876
4763,1,14,1965,27.64741
4763,1,14,1966,27.83132
4763,1,14,1967,27.86616
4763,1,14,1968,28.21178
4763,1,14,1969,28.24073
4763,1,14,1970,28.34933
4763,1,14,1971,28.46547
4763,1,14,1972,28.6519
4763,1,14,1973,28.86084
4763,1,14,1974,28.93075
4763,1,14,1975,29.00936
4763,1,14,1976,29.33673
4763,1,14,1977,29.72276
4763,1,14,1978,30.04825
4763,1,14,1979,30.21466
4763,1,14,1980,30.26466
4763,1,14,1981,30.30483
4763,1,14,1982,30.42096
4763,1,14,1983,30.28949
4763,1,14,1984,30.15898
4763,1,14,1985,30.17281
4763,1,14,1986,30.55443
4763,1,14,1987,30.95673
4763,1,14,1988,31.18654
4763,1,14,1989,31.58816
4763,1,14,1990,31.5909
4763,1,14,1991,32.04447
4763,1,14,1992,32.2931
4763,1,14,1993,32.50266
4763,1,14,1994,32.88588
4763,1,14,1995,33.52508
4763,1,14,1996,33.84868
4763,1,14,1997,34.11055
4763,1,14,1998,34.00236
4763,1,14,1999,33.79011
4763,1,14,2000,33.55676
4763,1,14,2001,33.78681
4763,1,14,2002,34.03896
4763,1,14,2003,33.87079
4763,1,14,2004,33.98199
4763,1,14,2005,34.3571
4763,1,14,2006,34.5806
4763,1,14,2007,34.81993
4763,1,14,2008,34.91321
4763,1,14,2009,34.99764
4763,1,14,2010,34.87993
4763,1,14,2011,35.12193
4763,1,14,2012,35.1732
4763,1,14,2013,34.98234
4763,1,14,2014,34.63378
4763,1,14,2015,34.14128
4763,1,14,2016,33.37362
4763,1,14,2017,33.61749
4763,1,14,2018,34.37256
4763,1,14,2019,35.06206
4763,2,14,1950,29.71759
4763,2,14,1951,29.83201
4763,2,14,1952,30.05897
4763,2,14,1953,30.16012
4763,2,14,1954,30.2967
4763,2,14,1955,30.45808
4763,2,14,1956,30.68831
4763,2,14,1957,30.87715
4763,2,14,1958,31.00294
4763,2,14,1959,31.19316
4763,2,14,1960,31.35662
4763,2,14,1961,31.47843
4763,2,14,1962,31.72472
4763,2,14,1963,31.84154
4763,2,14,1964,32.02331
4763,2,14,1965,32.07623
4763,2,14,1966,32.21269
4763,2,14,1967,32.2773
4763,2,14,1968,32.42105
4763,2,14,1969,32.60731
4763,2,14,1970,32.79266
4763,2,14,1971,32.89459
4763,2,14,1972,32.93812
4763,2,14,1973,33.08886
4763,2,14,1974,33.25604
4763,2,14,1975,33.27994
4763,2,14,1976,33.59312
4763,2,14,1977,33.89127
4763,2,14,1978,33.95509
4763,2,14,1979,34.21553
4763,2,14,1980,34.16129
4763,2,14,1981,34.19688
4763,2,14,1982,34.15872
4763,2,14,1983,33.80933
4763,2,14,1984,33.65944
4763,2,14,1985,33.78817
4763,2,14,1986,34.07523
4763,2,14,1987,34.24935
4763,2,14,1988,34.4068
4763,2,14,1989,34.99521
4763,2,14,1990,35.13387
4763,2,14,1991,35.35889
4763,2,14,1992,35.56553
4763,2,14,1993,35.59475
4763,2,14,1994,35.79758
4763,2,14,1995,36.2299
4763,2,14,1996,36.72419
4763,2,14,1997,36.96245
4763,2,14,1998,36.98876
4763,2,14,1999,36.97337
4763,2,14,2000,37.24087
4763,2,14,2001,37.54084
4763,2,14,2002,38.09766
4763,2,14,2003,37.99572
4763,2,14,2004,37.87957
4763,2,14,2005,38.04679
4763,2,14,2006,38.20124
4763,2,14,2007,38.17959
4763,2,14,2008,38.10119
4763,2,14,2009,38.21716
4763,2,14,2010,38.64562
4763,2,14,2011,38.75971
4763,2,14,2012,38.93431
4763,2,14,2013,39.26565
4763,2,14,2014,39.26227
4763,2,14,2015,38.93435
4763,2,14,2016,38.54675
4763,2,14,2017,38.61935
4763,2,14,2018,39.13917
4763,2,14,2019,39.5725
4763,3,14,1950,26.28851
4763,3,14,1951,26.4701
4763,3,14,1952,26.70093
4763,3,14,1953,26.79079
4763,3,14,1954,26.99961
4763,3,14,1955,27.19211
4763,3,14,1956,27.27413
4763,3,14,1957,27.5057
4763,3,14,1958,27.68849
4763,3,14,1959,28.1065
4763,3,14,1960,28.24819
4763,3,14,1961,28.48718
4763,3,14,1962,28.69635
4763,3,14,1963,28.94315
4763,3,14,1964,28.90338
4763,3,14,1965,29.09259
4763,3,14,1966,29.27611
4763,3,14,1967,29.31565
4763,3,14,1968,29.45972
4763,3,14,1969,29.55856
4763,3,14,1970,29.76041
4763,3,14,1971,29.81052
4763,3,14,1972,29.96196
4763,3,14,1973,30.20542
4763,3,14,1974,30.31375
4763,3,14,1975,30.41281
4763,3,14,1976,30.63666
4763,3,14,1977,31.03144
4763,3,14,1978,31.34187
4763,3,14,1979,31.62714
4763,3,14,1980,31.70325
4763,3,14,1981,31.68659
4763,3,14,1982,31.81958
4763,3,14,1983,31.57082
4763,3,14,1984,31.49593
4763,3,14,1985,31.48901
4763,3,14,1986,31.85047
4763,3,14,1987,32.19144
4763,3,14,1988,32.39752
4763,3,14,1989,32.84829
4763,3,14,1990,32.92592
4763,3,14,1991,33.2713
4763,3,14,1992,33.42211
4763,3,14,1993,33.60958
4763,3,14,1994,33.93393
4763,3,14,1995,34.35633
4763,3,14,1996,34.76136
4763,3,14,1997,35.05091
4763,3,14,1998,34.98579
4763,3,14,1999,34.92454
4763,3,14,2000,34.97334
4763,3,14,2001,35.22684
4763,3,14,2002,35.53957
4763,3,14,2003,35.39145
4763,3,14,2004,35.41906
4763,3,14,2005,35.63471
4763,3,14,2006,35.89423
4763,3,14,2007,36.06627
4763,3,14,2008,36.00854
4763,3,14,2009,36.11074
4763,3,14,2010,36.2868
4763,3,14,2011,36.42747
4763,3,14,2012,36.59598
4763,3,14,2013,36.66695
4763,3,14,2014,36.56208
4763,3,14,2015,36.27406
4763,3,14,2016,35.75237
4763,3,14,2017,35.94845
4763,3,14,2018,36.44555
4763,3,14,2019,36.89184
4764,1,14,1950,24.55394
4764,1,14,1951,24.8101
4764,1,14,1952,25.0913
4764,1,14,1953,25.38398
4764,1,14,1954,25.52243
4764,1,14,1955,25.88389
4764,1,14,1956,26.22785
4764,1,14,1957,26.5018
4764,1,14,1958,26.68604
4764,1,14,1959,27.06985
4764,1,14,1960,27.54347
4764,1,14,1961,27.74949
4764,1,14,1962,28.12374
4764,1,14,1963,28.49632
4764,1,14,1964,28.89591
4764,1,14,1965,29.0773
4764,1,14,1966,29.32581
4764,1,14,1967,29.57512
4764,1,14,1968,29.73308
4764,1,14,1969,29.96415
4764,1,14,1970,30.01447
4764,1,14,1971,30.03371
4764,1,14,1972,30.29229
4764,1,14,1973,30.47522
4764,1,14,1974,30.63608
4764,1,14,1975,30.86692
4764,1,14,1976,31.15665
4764,1,14,1977,31.56936
4764,1,14,1978,31.7528
4764,1,14,1979,31.8979
4764,1,14,1980,31.95445
4764,1,14,1981,32.09408
4764,1,14,1982,32.15884
4764,1,14,1983,31.85925
4764,1,14,1984,31.53518
4764,1,14,1985,31.71296
4764,1,14,1986,32.05344
4764,1,14,1987,32.40192
4764,1,14,1988,32.78353
4764,1,14,1989,33.14974
4764,1,14,1990,33.31659
4764,1,14,1991,33.48522
4764,1,14,1992,33.71468
4764,1,14,1993,33.69438
4764,1,14,1994,33.7114
4764,1,14,1995,33.5689
4764,1,14,1996,33.67311
4764,1,14,1997,33.78301
4764,1,14,1998,33.86999
4764,1,14,1999,33.82159
4764,1,14,2000,33.739
4764,1,14,2001,33.89667
4764,1,14,2002,33.64499
4764,1,14,2003,33.51622
4764,1,14,2004,33.30682
4764,1,14,2005,33.32034
4764,1,14,2006,33.33078
4764,1,14,2007,33.20718
4764,1,14,2008,32.95709
4764,1,14,2009,33.02441
4764,1,14,2010,33.01256
4764,1,14,2011,33.11445
4764,1,14,2012,33.47075
4764,1,14,2013,33.70936
4764,1,14,2014,34.10261
4764,1,14,2015,33.94543
4764,1,14,2016,33.82279
4764,1,14,2017,34.28763
4764,1,14,2018,34.95428
4764,1,14,2019,35.358
4764,2,14,1950,29.33183
4764,2,14,1951,29.50685
4764,2,14,1952,29.78979
4764,2,14,1953,29.96223
4764,2,14,1954,30.09861
4764,2,14,1955,30.23564
4764,2,14,1956,30.50445
4764,2,14,1957,30.71478
4764,2,14,1958,30.99516
4764,2,14,1959,31.30695
4764,2,14,1960,31.4372
4764,2,14,1961,31.63798
4764,2,14,1962,32.0331
4764,2,14,1963,32.21952
4764,2,14,1964,32.42975
4764,2,14,1965,32.61565
4764,2,14,1966,32.74332
4764,2,14,1967,33.16396
4764,2,14,1968,33.30046
4764,2,14,1969,33.44311
4764,2,14,1970,33.50501
4764,2,14,1971,33.52696
4764,2,14,1972,33.64765
4764,2,14,1973,33.85978
4764,2,14,1974,33.96444
4764,2,14,1975,34.02696
4764,2,14,1976,34.10328
4764,2,14,1977,34.46546
4764,2,14,1978,34.4661
4764,2,14,1979,34.4734
4764,2,14,1980,34.41488
4764,2,14,1981,34.37858
4764,2,14,1982,34.42054
4764,2,14,1983,34.13772
4764,2,14,1984,33.804
4764,2,14,1985,34.10857
4764,2,14,1986,34.23287
4764,2,14,1987,34.55651
4764,2,14,1988,34.89548
4764,2,14,1989,35.18102
4764,2,14,1990,35.51688
4764,2,14,1991,35.81322
4764,2,14,1992,36.02797
4764,2,14,1993,35.97375
4764,2,14,1994,36.06066
4764,2,14,1995,36.12879
4764,2,14,1996,36.44671
4764,2,14,1997,36.78711
4764,2,14,1998,37.11322
4764,2,14,1999,37.4641
4764,2,14,2000,37.57736
4764,2,14,2001,37.39035
4764,2,14,2002,37.27584
4764,2,14,2003,37.28544
4764,2,14,2004,37.37901
4764,2,14,2005,37.62282
4764,2,14,2006,37.80073
4764,2,14,2007,37.7015
4764,2,14,2008,37.67742
4764,2,14,2009,37.67876
4764,2,14,2010,37.65576
4764,2,14,2011,37.53058
4764,2,14,2012,37.51635
4764,2,14,2013,37.56455
4764,2,14,2014,37.85227
4764,2,14,2015,37.92092
4764,2,14,2016,37.82681
4764,2,14,2017,37.9836
4764,2,14,2018,38.53331
4764,2,14,2019,38.87115
4764,3,14,1950,26.00813
4764,3,14,1951,26.17686
4764,3,14,1952,26.53851
4764,3,14,1953,26.66319
4764,3,14,1954,26.9421
4764,3,14,1955,27.2012
4764,3,14,1956,27.49145
4764,3,14,1957,27.58689
4764,3,14,1958,28.00281
4764,3,14,1959,28.25838
4764,3,14,1960,28.52578
4764,3,14,1961,28.88733
4764,3,14,1962,29.1786
4764,3,14,1963,29.44957
4764,3,14,1964,29.80433
4764,3,14,1965,29.98585
4764,3,14,1966,30.13123
4764,3,14,1967,30.41849
4764,3,14,1968,30.63639
4764,3,14,1969,30.85793
4764,3,14,1970,30.99284
4764,3,14,1971,31.11735
4764,3,14,1972,31.1217
4764,3,14,1973,31.42157
4764,3,14,1974,31.56762
4764,3,14,1975,31.772
4764,3,14,1976,31.92846
4764,3,14,1977,32.35226
4764,3,14,1978,32.63965
4764,3,14,1979,32.80616
4764,3,14,1980,32.94025
4764,3,14,1981,32.98198
4764,3,14,1982,33.03369
4764,3,14,1983,32.80293
4764,3,14,1984,32.46338
4764,3,14,1985,32.72921
4764,3,14,1986,32.97632
4764,3,14,1987,33.30593
4764,3,14,1988,33.67746
4764,3,14,1989,34.02811
4764,3,14,1990,34.21209
4764,3,14,1991,34.50851
4764,3,14,1992,34.71388
4764,3,14,1993,34.69825
4764,3,14,1994,34.72937
4764,3,14,1995,34.66786
4764,3,14,1996,34.91237
4764,3,14,1997,35.12176
4764,3,14,1998,35.28855
4764,3,14,1999,35.40217
4764,3,14,2000,35.46386
4764,3,14,2001,35.44947
4764,3,14,2002,35.29574
4764,3,14,2003,35.21943
4764,3,14,2004,35.13884
4764,3,14,2005,35.3041
4764,3,14,2006,35.42233
4764,3,14,2007,35.28466
4764,3,14,2008,35.14091
4764,3,14,2009,35.21361
4764,3,14,2010,35.2372
4764,3,14,2011,35.24287
4764,3,14,2012,35.35552
4764,3,14,2013,35.4889
4764,3,14,2014,35.81868
4764,3,14,2015,35.81177
4764,3,14,2016,35.66433
4764,3,14,2017,35.94169
4764,3,14,2018,36.45207
4764,3,14,2019,36.74631
4765,1,14,1950,25.03504
4765,1,14,1951,25.12174
4765,1,14,1952,25.30339
4765,1,14,1953,25.64404
4765,1,14,1954,25.77139
4765,1,14,1955,25.94324
4765,1,14,1956,26.05119
4765,1,14,1957,26.11747
4765,1,14,1958,26.24467
4765,1,14,1959,26.49137
4765,1,14,1960,26.59686
4765,1,14,1961,26.72811
4765,1,14,1962,26.90556
4765,1,14,1963,26.84625
4765,1,14,1964,27.05773
4765,1,14,1965,27.19026
4765,1,14,1966,27.31997
4765,1,14,1967,27.36435
4765,1,14,1968,27.53608
4765,1,14,1969,27.63067
4765,1,14,1970,27.58284
4765,1,14,1971,27.68653
4765,1,14,1972,27.68996
4765,1,14,1973,27.78765
4765,1,14,1974,27.89161
4765,1,14,1975,27.99782
4765,1,14,1976,28.01291
4765,1,14,1977,28.0709
4765,1,14,1978,27.92609
4765,1,14,1979,27.39927
4765,1,14,1980,27.07797
4765,1,14,1981,27.30907
4765,1,14,1982,27.54017
4765,1,14,1983,27.46258
4765,1,14,1984,27.43015
4765,1,14,1985,27.69292
4765,1,14,1986,27.66993
4765,1,14,1987,28.13016
4765,1,14,1988,28.0579
4765,1,14,1989,28.1767
4765,1,14,1990,28.20158
4765,1,14,1991,28.6766
4765,1,14,1992,28.64314
4765,1,14,1993,28.44976
4765,1,14,1994,28.6797
4765,1,14,1995,29.0791
4765,1,14,1996,28.99618
4765,1,14,1997,29.18713
4765,1,14,1998,29.1469
4765,1,14,1999,29.52073
4765,1,14,2000,29.75304
4765,1,14,2001,30.13039
4765,1,14,2002,30.23104
4765,1,14,2003,30.34539
4765,1,14,2004,30.30998
4765,1,14,2005,30.89825
4765,1,14,2006,31.04228
4765,1,14,2007,31.25667
4765,1,14,2008,31.17733
4765,1,14,2009,31.29491
4765,1,14,2010,31.69349
4765,1,14,2011,31.84825
4765,1,14,2012,32.0636
4765,1,14,2013,32.27849
4765,1,14,2014,32.51056
4765,1,14,2015,32.56291
4765,1,14,2016,32.6041
4765,1,14,2017,33.06572
4765,1,14,2018,33.69036
4765,1,14,2019,34.15438
4765,2,14,1950,29.55215
4765,2,14,1951,29.61479
4765,2,14,1952,29.77242
4765,2,14,1953,29.97516
4765,2,14,1954,30.09288
4765,2,14,1955,30.22692
4765,2,14,1956,30.30666
4765,2,14,1957,30.31162
4765,2,14,1958,30.45936
4765,2,14,1959,30.69522
4765,2,14,1960,30.72816
4765,2,14,1961,30.82861
4765,2,14,1962,30.95814
4765,2,14,1963,30.90293
4765,2,14,1964,31.02654
4765,2,14,1965,31.18534
4765,2,14,1966,31.30757
4765,2,14,1967,31.3607
4765,2,14,1968,31.28691
4765,2,14,1969,31.46826
4765,2,14,1970,31.52673
4765,2,14,1971,31.6584
4765,2,14,1972,31.73252
4765,2,14,1973,31.82491
4765,2,14,1974,31.91886
4765,2,14,1975,31.94566
4765,2,14,1976,31.87519
4765,2,14,1977,31.84924
4765,2,14,1978,31.75394
4765,2,14,1979,31.22661
4765,2,14,1980,30.87132
4765,2,14,1981,31.18929
4765,2,14,1982,31.92326
4765,2,14,1983,31.34093
4765,2,14,1984,31.33289
4765,2,14,1985,31.55248
4765,2,14,1986,31.67919
4765,2,14,1987,31.99025
4765,2,14,1988,31.77535
4765,2,14,1989,32.02495
4765,2,14,1990,32.13825
4765,2,14,1991,32.56837
4765,2,14,1992,32.48396
4765,2,14,1993,32.36397
4765,2,14,1994,32.58382
4765,2,14,1995,32.89179
4765,2,14,1996,32.72549
4765,2,14,1997,33.06618
4765,2,14,1998,33.09416
4765,2,14,1999,33.33848
4765,2,14,2000,33.74692
4765,2,14,2001,34.14378
4765,2,14,2002,34.24919
4765,2,14,2003,34.6335
4765,2,14,2004,34.63054
4765,2,14,2005,35.13793
4765,2,14,2006,35.28848
4765,2,14,2007,35.52893
4765,2,14,2008,35.53575
4765,2,14,2009,35.77297
4765,2,14,2010,35.94972
4765,2,14,2011,36.05138
4765,2,14,2012,36.27225
4765,2,14,2013,36.38365
4765,2,14,2014,36.56595
4765,2,14,2015,36.66995
4765,2,14,2016,36.71518
4765,2,14,2017,37.16057
4765,2,14,2018,37.52768
4765,2,14,2019,37.94396
4765,3,14,1950,26.20247
4765,3,14,1951,26.26466
4765,3,14,1952,26.37737
4765,3,14,1953,26.67293
4765,3,14,1954,26.94558
4765,3,14,1955,26.97875
4765,3,14,1956,27.01926
4765,3,14,1957,27.17016
4765,3,14,1958,27.37091
4765,3,14,1959,27.3954
4765,3,14,1960,27.67346
4765,3,14,1961,27.67742
4765,3,14,1962,27.75472
4765,3,14,1963,27.87373
4765,3,14,1964,28.0233
4765,3,14,1965,28.12438
4765,3,14,1966,28.33722
4765,3,14,1967,28.45346
4765,3,14,1968,28.42659
4765,3,14,1969,28.60243
4765,3,14,1970,28.76611
4765,3,14,1971,28.86189
4765,3,14,1972,28.89181
4765,3,14,1973,29.00175
4765,3,14,1974,29.11973
4765,3,14,1975,29.23587
4765,3,14,1976,29.36029
4765,3,14,1977,29.416
4765,3,14,1978,29.40543
4765,3,14,1979,29.05438
4765,3,14,1980,28.73201
4765,3,14,1981,29.00962
4765,3,14,1982,29.47451
4765,3,14,1983,29.19649
4765,3,14,1984,29.18119
4765,3,14,1985,29.43536
4765,3,14,1986,29.4919
4765,3,14,1987,29.89577
4765,3,14,1988,29.7622
4765,3,14,1989,29.95049
4765,3,14,1990,30.0298
4765,3,14,1991,30.47937
4765,3,14,1992,30.43552
4765,3,14,1993,30.28129
4765,3,14,1994,30.51902
4765,3,14,1995,30.88971
4765,3,14,1996,30.7653
4765,3,14,1997,31.0244
4765,3,14,1998,31.02969
4765,3,14,1999,31.36064
4765,3,14,2000,31.67359
4765,3,14,2001,32.06954
4765,3,14,2002,32.18511
4765,3,14,2003,32.4269
4765,3,14,2004,32.41795
4765,3,14,2005,32.98003
4765,3,14,2006,33.13499
4765,3,14,2007,33.35472
4765,3,14,2008,33.32055
4765,3,14,2009,33.49673
4765,3,14,2010,33.73635
4765,3,14,2011,33.84784
4765,3,14,2012,34.08552
4765,3,14,2013,34.23281
4765,3,14,2014,34.43871
4765,3,14,2015,34.55446
4765,3,14,2016,34.56233
4765,3,14,2017,34.98782
4765,3,14,2018,35.34508
4765,3,14,2019,35.69691
4766,1,14,1950,22.15542
4766,1,14,1951,22.25014
4766,1,14,1952,22.61793
4766,1,14,1953,22.93954
4766,1,14,1954,23.16358
4766,1,14,1955,23.46917
4766,1,14,1956,23.78027
4766,1,14,1957,23.91288
4766,1,14,1958,24.25013
4766,1,14,1959,24.55859
4766,1,14,1960,24.82475
4766,1,14,1961,25.18786
4766,1,14,1962,25.62536
4766,1,14,1963,25.7595
4766,1,14,1964,26.17146
4766,1,14,1965,26.49162
4766,1,14,1966,26.74375
4766,1,14,1967,26.95616
4766,1,14,1968,27.37483
4766,1,14,1969,27.56631
4766,1,14,1970,27.81684
4766,1,14,1971,28.03588
4766,1,14,1972,28.28971
4766,1,14,1973,28.58255
4766,1,14,1974,28.8174
4766,1,14,1975,28.99474
4766,1,14,1976,29.32321
4766,1,14,1977,29.53665
4766,1,14,1978,29.50957
4766,1,14,1979,29.25623
4766,1,14,1980,29.03214
4766,1,14,1981,29.15872
4766,1,14,1982,29.27345
4766,1,14,1983,29.23435
4766,1,14,1984,29.02844
4766,1,14,1985,29.1979
4766,1,14,1986,29.12652
4766,1,14,1987,29.21588
4766,1,14,1988,29.11104
4766,1,14,1989,29.13067
4766,1,14,1990,29.27598
4766,1,14,1991,29.64205
4766,1,14,1992,30.02401
4766,1,14,1993,29.68862
4766,1,14,1994,30.39499
4766,1,14,1995,30.67197
4766,1,14,1996,30.76579
4766,1,14,1997,30.57688
4766,1,14,1998,30.27223
4766,1,14,1999,30.44431
4766,1,14,2000,30.77308
4766,1,14,2001,30.96422
4766,1,14,2002,31.06917
4766,1,14,2003,31.07143
4766,1,14,2004,31.19992
4766,1,14,2005,31.46871
4766,1,14,2006,31.61448
4766,1,14,2007,31.55773
4766,1,14,2008,31.57937
4766,1,14,2009,31.49098
4766,1,14,2010,31.43665
4766,1,14,2011,31.31869
4766,1,14,2012,31.43389
4766,1,14,2013,31.44406
4766,1,14,2014,31.42939
4766,1,14,2015,31.11712
4766,1,14,2016,30.72159
4766,1,14,2017,30.85101
4766,1,14,2018,31.56127
4766,1,14,2019,32.14549
4766,2,14,1950,26.89354
4766,2,14,1951,26.96622
4766,2,14,1952,27.25534
4766,2,14,1953,27.4304
4766,2,14,1954,27.67401
4766,2,14,1955,27.89722
4766,2,14,1956,28.05412
4766,2,14,1957,28.20061
4766,2,14,1958,28.50534
4766,2,14,1959,28.7323
4766,2,14,1960,28.86779
4766,2,14,1961,29.0879
4766,2,14,1962,29.45102
4766,2,14,1963,29.61648
4766,2,14,1964,29.85126
4766,2,14,1965,29.96594
4766,2,14,1966,30.30969
4766,2,14,1967,30.41009
4766,2,14,1968,30.61647
4766,2,14,1969,30.72841
4766,2,14,1970,30.98868
4766,2,14,1971,31.20553
4766,2,14,1972,31.36183
4766,2,14,1973,31.57508
4766,2,14,1974,31.68171
4766,2,14,1975,31.95319
4766,2,14,1976,32.13928
4766,2,14,1977,32.27818
4766,2,14,1978,32.57499
4766,2,14,1979,32.33158
4766,2,14,1980,32.39611
4766,2,14,1981,32.42751
4766,2,14,1982,32.67744
4766,2,14,1983,32.55357
4766,2,14,1984,32.40069
4766,2,14,1985,32.45346
4766,2,14,1986,32.4708
4766,2,14,1987,32.67856
4766,2,14,1988,32.75996
4766,2,14,1989,32.72895
4766,2,14,1990,32.83959
4766,2,14,1991,33.16175
4766,2,14,1992,33.54574
4766,2,14,1993,33.35789
4766,2,14,1994,33.64448
4766,2,14,1995,33.88535
4766,2,14,1996,34.14192
4766,2,14,1997,34.14207
4766,2,14,1998,34.0648
4766,2,14,1999,34.47727
4766,2,14,2000,34.8824
4766,2,14,2001,35.23754
4766,2,14,2002,35.30581
4766,2,14,2003,35.27176
4766,2,14,2004,35.26023
4766,2,14,2005,35.51543
4766,2,14,2006,35.71785
4766,2,14,2007,35.69883
4766,2,14,2008,35.60774
4766,2,14,2009,35.61891
4766,2,14,2010,35.6586
4766,2,14,2011,35.58705
4766,2,14,2012,35.58237
4766,2,14,2013,35.63264
4766,2,14,2014,35.72636
4766,2,14,2015,35.37596
4766,2,14,2016,35.12035
4766,2,14,2017,35.49206
4766,2,14,2018,36.23346
4766,2,14,2019,36.72644
4766,3,14,1950,23.76286
4766,3,14,1951,23.78624
4766,3,14,1952,24.16663
4766,3,14,1953,24.37794
4766,3,14,1954,24.52171
4766,3,14,1955,24.75702
4766,3,14,1956,24.95462
4766,3,14,1957,25.2917
4766,3,14,1958,25.41376
4766,3,14,1959,25.83471
4766,3,14,1960,25.97984
4766,3,14,1961,26.34891
4766,3,14,1962,26.61018
4766,3,14,1963,26.86713
4766,3,14,1964,27.18106
4766,3,14,1965,27.47624
4766,3,14,1966,27.6942
4766,3,14,1967,27.98603
4766,3,14,1968,28.3557
4766,3,14,1969,28.44432
4766,3,14,1970,28.63321
4766,3,14,1971,28.87743
4766,3,14,1972,29.30585
4766,3,14,1973,29.4504
4766,3,14,1974,29.75643
4766,3,14,1975,30.01931
4766,3,14,1976,30.30233
4766,3,14,1977,30.59294
4766,3,14,1978,30.81959
4766,3,14,1979,30.73838
4766,3,14,1980,30.6723
4766,3,14,1981,30.7543
4766,3,14,1982,30.94465
4766,3,14,1983,30.84939
4766,3,14,1984,30.62988
4766,3,14,1985,30.73785
4766,3,14,1986,30.69446
4766,3,14,1987,30.85337
4766,3,14,1988,30.84125
4766,3,14,1989,30.92671
4766,3,14,1990,31.05688
4766,3,14,1991,31.42008
4766,3,14,1992,31.79395
4766,3,14,1993,31.54126
4766,3,14,1994,32.03703
4766,3,14,1995,32.30373
4766,3,14,1996,32.48535
4766,3,14,1997,32.40235
4766,3,14,1998,32.21939
4766,3,14,1999,32.51017
4766,3,14,2000,32.8308
4766,3,14,2001,33.06088
4766,3,14,2002,33.15829
4766,3,14,2003,33.12019
4766,3,14,2004,33.17877
4766,3,14,2005,33.48047
4766,3,14,2006,33.64096
4766,3,14,2007,33.59895
4766,3,14,2008,33.58094
4766,3,14,2009,33.54751
4766,3,14,2010,33.55047
4766,3,14,2011,33.45374
4766,3,14,2012,33.50447
4766,3,14,2013,33.53627
4766,3,14,2014,33.59204
4766,3,14,2015,33.27084
4766,3,14,2016,32.93059
4766,3,14,2017,33.16764
4766,3,14,2018,33.72539
4766,3,14,2019,34.22605
4767,1,14,1950,23.6719
4767,1,14,1951,23.75314
4767,1,14,1952,24.07743
4767,1,14,1953,24.18532
4767,1,14,1954,24.35534
4767,1,14,1955,24.52261
4767,1,14,1956,24.78243
4767,1,14,1957,24.92535
4767,1,14,1958,25.05543
4767,1,14,1959,25.32802
4767,1,14,1960,25.38687
4767,1,14,1961,25.63147
4767,1,14,1962,25.6958
4767,1,14,1963,25.97296
4767,1,14,1964,26.19355
4767,1,14,1965,26.29678
4767,1,14,1966,26.45968
4767,1,14,1967,26.5255
4767,1,14,1968,26.68359
4767,1,14,1969,27.01547
4767,1,14,1970,27.02616
4767,1,14,1971,27.09494
4767,1,14,1972,27.32247
4767,1,14,1973,27.56867
4767,1,14,1974,27.81063
4767,1,14,1975,28.14228
4767,1,14,1976,28.47374
4767,1,14,1977,28.90181
4767,1,14,1978,29.46455
4767,1,14,1979,29.60344
4767,1,14,1980,29.70975
4767,1,14,1981,30.01207
4767,1,14,1982,29.70343
4767,1,14,1983,29.05636
4767,1,14,1984,28.62575
4767,1,14,1985,28.17544
4767,1,14,1986,28.52696
4767,1,14,1987,29.16861
4767,1,14,1988,29.84707
4767,1,14,1989,30.68764
4767,1,14,1990,31.50884
4767,1,14,1991,32.38989
4767,1,14,1992,32.2476
4767,1,14,1993,32.5514
4767,1,14,1994,33.25764
4767,1,14,1995,34.25309
4767,1,14,1996,35.06935
4767,1,14,1997,34.66623
4767,1,14,1998,34.42805
4767,1,14,1999,34.04975
4767,1,14,2000,33.12465
4767,1,14,2001,32.67308
4767,1,14,2002,32.37411
4767,1,14,2003,32.64128
4767,1,14,2004,33.36003
4767,1,14,2005,33.80788
4767,1,14,2006,34.26644
4767,1,14,2007,34.82877
4767,1,14,2008,34.66918
4767,1,14,2009,34.63708
4767,1,14,2010,34.37341
4767,1,14,2011,34.42453
4767,1,14,2012,34.17561
4767,1,14,2013,34.46565
4767,1,14,2014,34.76821
4767,1,14,2015,34.80919
4767,1,14,2016,34.86421
4767,1,14,2017,35.23171
4767,1,14,2018,35.91596
4767,1,14,2019,36.47458
4767,2,14,1950,29.49753
4767,2,14,1951,29.55653
4767,2,14,1952,29.77954
4767,2,14,1953,29.8859
4767,2,14,1954,29.99736
4767,2,14,1955,30.19475
4767,2,14,1956,30.37154
4767,2,14,1957,30.48923
4767,2,14,1958,30.62499
4767,2,14,1959,30.81011
4767,2,14,1960,30.92628
4767,2,14,1961,31.07949
4767,2,14,1962,31.18499
4767,2,14,1963,31.38153
4767,2,14,1964,31.58474
4767,2,14,1965,31.61812
4767,2,14,1966,31.71913
4767,2,14,1967,31.7752
4767,2,14,1968,32.03658
4767,2,14,1969,32.17361
4767,2,14,1970,32.25852
4767,2,14,1971,32.42957
4767,2,14,1972,32.57179
4767,2,14,1973,32.7417
4767,2,14,1974,32.95153
4767,2,14,1975,33.03426
4767,2,14,1976,33.20434
4767,2,14,1977,33.56807
4767,2,14,1978,33.7827
4767,2,14,1979,33.85963
4767,2,14,1980,33.70355
4767,2,14,1981,34.10661
4767,2,14,1982,33.78122
4767,2,14,1983,32.90307
4767,2,14,1984,32.53946
4767,2,14,1985,31.96209
4767,2,14,1986,32.67834
4767,2,14,1987,33.35625
4767,2,14,1988,34.11753
4767,2,14,1989,35.1294
4767,2,14,1990,35.89049
4767,2,14,1991,36.67932
4767,2,14,1992,36.64054
4767,2,14,1993,36.75405
4767,2,14,1994,37.3997
4767,2,14,1995,38.21544
4767,2,14,1996,38.78864
4767,2,14,1997,39.09187
4767,2,14,1998,39.12516
4767,2,14,1999,39.13506
4767,2,14,2000,38.45695
4767,2,14,2001,38.16973
4767,2,14,2002,37.86723
4767,2,14,2003,37.76811
4767,2,14,2004,38.16156
4767,2,14,2005,38.64164
4767,2,14,2006,38.98336
4767,2,14,2007,38.8628
4767,2,14,2008,38.69141
4767,2,14,2009,38.76574
4767,2,14,2010,38.94371
4767,2,14,2011,39.04461
4767,2,14,2012,39.14475
4767,2,14,2013,39.00966
4767,2,14,2014,38.80289
4767,2,14,2015,38.75497
4767,2,14,2016,38.86588
4767,2,14,2017,38.94176
4767,2,14,2018,39.3484
4767,2,14,2019,39.76125
4767,3,14,1950,25.56522
4767,3,14,1951,25.67791
4767,3,14,1952,25.9289
4767,3,14,1953,26.02006
4767,3,14,1954,26.19253
4767,3,14,1955,26.33335
4767,3,14,1956,26.55904
4767,3,14,1957,26.70784
4767,3,14,1958,26.85226
4767,3,14,1959,26.9835
4767,3,14,1960,27.26531
4767,3,14,1961,27.37989
4767,3,14,1962,27.57965
4767,3,14,1963,27.78522
4767,3,14,1964,28.00595
4767,3,14,1965,28.06478
4767,3,14,1966,28.18687
4767,3,14,1967,28.19692
4767,3,14,1968,28.48785
4767,3,14,1969,28.70059
4767,3,14,1970,28.86298
4767,3,14,1971,28.89078
4767,3,14,1972,29.02746
4767,3,14,1973,29.31431
4767,3,14,1974,29.52674
4767,3,14,1975,29.74516
4767,3,14,1976,30.14576
4767,3,14,1977,30.47447
4767,3,14,1978,30.92819
4767,3,14,1979,31.18404
4767,3,14,1980,31.01788
4767,3,14,1981,31.52124
4767,3,14,1982,31.36538
4767,3,14,1983,30.69695
4767,3,14,1984,30.25814
4767,3,14,1985,29.76915
4767,3,14,1986,30.30411
4767,3,14,1987,30.99205
4767,3,14,1988,31.69135
4767,3,14,1989,32.5935
4767,3,14,1990,33.41287
4767,3,14,1991,34.2923
4767,3,14,1992,34.19052
4767,3,14,1993,34.397
4767,3,14,1994,35.06791
4767,3,14,1995,35.97866
4767,3,14,1996,36.66012
4767,3,14,1997,36.56135
4767,3,14,1998,36.43908
4767,3,14,1999,36.27894
4767,3,14,2000,35.39924
4767,3,14,2001,35.02191
4767,3,14,2002,34.73191
4767,3,14,2003,34.87914
4767,3,14,2004,35.553
4767,3,14,2005,36.01702
4767,3,14,2006,36.38197
4767,3,14,2007,36.7474
4767,3,14,2008,36.66279
4767,3,14,2009,36.6835
4767,3,14,2010,36.6226
4767,3,14,2011,36.68677
4767,3,14,2012,36.59698
4767,3,14,2013,36.72102
4767,3,14,2014,36.76068
4767,3,14,2015,36.7422
4767,3,14,2016,36.83397
4767,3,14,2017,37.03352
4767,3,14,2018,37.4395
4767,3,14,2019,37.87329
4768,1,14,1950,23.95128
4768,1,14,1951,24.19835
4768,1,14,1952,24.38466
4768,1,14,1953,24.6226
4768,1,14,1954,24.81764
4768,1,14,1955,24.99881
4768,1,14,1956,25.10508
4768,1,14,1957,25.04041
4768,1,14,1958,25.13484
4768,1,14,1959,25.41856
4768,1,14,1960,25.48795
4768,1,14,1961,25.74924
4768,1,14,1962,26.03693
4768,1,14,1963,26.05835
4768,1,14,1964,26.11774
4768,1,14,1965,26.29332
4768,1,14,1966,26.38386
4768,1,14,1967,26.52356
4768,1,14,1968,26.45526
4768,1,14,1969,26.5271
4768,1,14,1970,26.49927
4768,1,14,1971,26.41647
4768,1,14,1972,26.62655
4768,1,14,1973,26.70258
4768,1,14,1974,26.69347
4768,1,14,1975,26.50367
4768,1,14,1976,26.45578
4768,1,14,1977,26.41051
4768,1,14,1978,26.08929
4768,1,14,1979,26.01881
4768,1,14,1980,25.99817
4768,1,14,1981,26.0149
4768,1,14,1982,26.17449
4768,1,14,1983,25.97837
4768,1,14,1984,25.74224
4768,1,14,1985,25.76527
4768,1,14,1986,25.83744
4768,1,14,1987,25.8544
4768,1,14,1988,25.72731
4768,1,14,1989,25.64207
4768,1,14,1990,26.02518
4768,1,14,1991,26.25089
4768,1,14,1992,26.28317
4768,1,14,1993,25.99052
4768,1,14,1994,26.01033
4768,1,14,1995,26.39924
4768,1,14,1996,26.56506
4768,1,14,1997,27.13194
4768,1,14,1998,27.19202
4768,1,14,1999,27.56396
4768,1,14,2000,27.99314
4768,1,14,2001,27.99155
4768,1,14,2002,28.14708
4768,1,14,2003,28.38456
4768,1,14,2004,28.60818
4768,1,14,2005,29.18413
4768,1,14,2006,29.34525
4768,1,14,2007,29.2854
4768,1,14,2008,29.51114
4768,1,14,2009,29.74571
4768,1,14,2010,29.9344
4768,1,14,2011,30.24733
4768,1,14,2012,30.78485
4768,1,14,2013,30.81084
4768,1,14,2014,31.22887
4768,1,14,2015,31.51929
4768,1,14,2016,31.18198
4768,1,14,2017,31.50957
4768,1,14,2018,32.34709
4768,1,14,2019,32.89183
4768,2,14,1950,29.69047
4768,2,14,1951,29.85566
4768,2,14,1952,29.98521
4768,2,14,1953,30.25922
4768,2,14,1954,30.40501
4768,2,14,1955,30.45992
4768,2,14,1956,30.47557
4768,2,14,1957,30.58533
4768,2,14,1958,30.63765
4768,2,14,1959,30.75862
4768,2,14,1960,30.97114
4768,2,14,1961,31.15475
4768,2,14,1962,31.22718
4768,2,14,1963,31.40733
4768,2,14,1964,31.4812
4768,2,14,1965,31.59936
4768,2,14,1966,31.70913
4768,2,14,1967,31.71799
4768,2,14,1968,31.76063
4768,2,14,1969,31.78261
4768,2,14,1970,31.9015
4768,2,14,1971,31.96928
4768,2,14,1972,32.01323
4768,2,14,1973,32.09834
4768,2,14,1974,32.0972
4768,2,14,1975,32.06218
4768,2,14,1976,31.93784
4768,2,14,1977,31.83045
4768,2,14,1978,31.70314
4768,2,14,1979,31.4092
4768,2,14,1980,31.29525
4768,2,14,1981,31.37387
4768,2,14,1982,31.54175
4768,2,14,1983,31.42576
4768,2,14,1984,31.34709
4768,2,14,1985,31.44535
4768,2,14,1986,31.50861
4768,2,14,1987,31.7159
4768,2,14,1988,31.70511
4768,2,14,1989,31.76069
4768,2,14,1990,31.86263
4768,2,14,1991,32.23969
4768,2,14,1992,32.42355
4768,2,14,1993,32.09089
4768,2,14,1994,32.16425
4768,2,14,1995,32.25248
4768,2,14,1996,32.36433
4768,2,14,1997,32.86903
4768,2,14,1998,33.08758
4768,2,14,1999,33.34951
4768,2,14,2000,33.72835
4768,2,14,2001,33.80089
4768,2,14,2002,33.82606
4768,2,14,2003,34.13413
4768,2,14,2004,34.42961
4768,2,14,2005,34.81985
4768,2,14,2006,34.83314
4768,2,14,2007,34.96979
4768,2,14,2008,35.00317
4768,2,14,2009,35.00645
4768,2,14,2010,35.16453
4768,2,14,2011,35.23338
4768,2,14,2012,35.59807
4768,2,14,2013,35.75234
4768,2,14,2014,35.89845
4768,2,14,2015,35.96504
4768,2,14,2016,35.77135
4768,2,14,2017,36.12216
4768,2,14,2018,36.86683
4768,2,14,2019,37.3681
4768,3,14,1950,25.86146
4768,3,14,1951,26.06599
4768,3,14,1952,26.44862
4768,3,14,1953,26.30034
4768,3,14,1954,26.64936
4768,3,14,1955,26.83339
4768,3,14,1956,26.85448
4768,3,14,1957,27.12097
4768,3,14,1958,27.093
4768,3,14,1959,27.28541
4768,3,14,1960,27.51371
4768,3,14,1961,27.69083
4768,3,14,1962,27.85948
4768,3,14,1963,27.91756
4768,3,14,1964,28.02182
4768,3,14,1965,28.21317
4768,3,14,1966,28.22867
4768,3,14,1967,28.34722
4768,3,14,1968,28.43644
4768,3,14,1969,28.45216
4768,3,14,1970,28.63365
4768,3,14,1971,28.49946
4768,3,14,1972,28.68936
4768,3,14,1973,28.78786
4768,3,14,1974,28.76852
4768,3,14,1975,28.59767
4768,3,14,1976,28.68696
4768,3,14,1977,28.71776
4768,3,14,1978,28.58719
4768,3,14,1979,28.4904
4768,3,14,1980,28.4852
4768,3,14,1981,28.53732
4768,3,14,1982,28.66539
4768,3,14,1983,28.52235
4768,3,14,1984,28.41597
4768,3,14,1985,28.43761
4768,3,14,1986,28.52199
4768,3,14,1987,28.67684
4768,3,14,1988,28.60102
4768,3,14,1989,28.68177
4768,3,14,1990,28.9475
4768,3,14,1991,29.24902
4768,3,14,1992,29.36159
4768,3,14,1993,29.05058
4768,3,14,1994,29.09478
4768,3,14,1995,29.3691
4768,3,14,1996,29.51622
4768,3,14,1997,30.06546
4768,3,14,1998,30.20494
4768,3,14,1999,30.53599
4768,3,14,2000,30.94749
4768,3,14,2001,30.98028
4768,3,14,2002,31.08422
4768,3,14,2003,31.35781
4768,3,14,2004,31.62608
4768,3,14,2005,32.11324
4768,3,14,2006,32.21075
4768,3,14,2007,32.24202
4768,3,14,2008,32.38633
4768,3,14,2009,32.49996
4768,3,14,2010,32.6875
4768,3,14,2011,32.87497
4768,3,14,2012,33.32772
4768,3,14,2013,33.42176
4768,3,14,2014,33.70541
4768,3,14,2015,33.87323
4768,3,14,2016,33.60482
4768,3,14,2017,33.94633
4768,3,14,2018,34.55487
4768,3,14,2019,35.0027
4769,1,14,1950,23.97176
4769,1,14,1951,24.16862
4769,1,14,1952,24.52902
4769,1,14,1953,24.86365
4769,1,14,1954,25.06088
4769,1,14,1955,25.3217
4769,1,14,1956,25.55637
4769,1,14,1957,25.93829
4769,1,14,1958,26.23182
4769,1,14,1959,26.87047
4769,1,14,1960,27.05375
4769,1,14,1961,27.58259
4769,1,14,1962,27.98455
4769,1,14,1963,28.23944
4769,1,14,1964,28.59991
4769,1,14,1965,28.78287
4769,1,14,1966,28.95992
4769,1,14,1967,29.19839
4769,1,14,1968,29.4282
4769,1,14,1969,29.67264
4769,1,14,1970,29.70914
4769,1,14,1971,29.96674
4769,1,14,1972,30.12013
4769,1,14,1973,30.33622
4769,1,14,1974,30.5211
4769,1,14,1975,30.76755
4769,1,14,1976,30.92525
4769,1,14,1977,31.2538
4769,1,14,1978,31.72176
4769,1,14,1979,31.98668
4769,1,14,1980,32.12655
4769,1,14,1981,32.47469
4769,1,14,1982,32.93137
4769,1,14,1983,33.17668
4769,1,14,1984,33.12833
4769,1,14,1985,33.03368
4769,1,14,1986,33.21498
4769,1,14,1987,32.8707
4769,1,14,1988,33.0076
4769,1,14,1989,33.40342
4769,1,14,1990,33.70386
4769,1,14,1991,33.43377
4769,1,14,1992,33.25314
4769,1,14,1993,33.04725
4769,1,14,1994,33.24838
4769,1,14,1995,33.75475
4769,1,14,1996,34.41099
4769,1,14,1997,34.61378
4769,1,14,1998,34.4693
4769,1,14,1999,34.6056
4769,1,14,2000,34.7731
4769,1,14,2001,34.75991
4769,1,14,2002,34.44047
4769,1,14,2003,34.54184
4769,1,14,2004,34.50332
4769,1,14,2005,34.72027
4769,1,14,2006,34.66258
4769,1,14,2007,34.7421
4769,1,14,2008,35.00037
4769,1,14,2009,35.36761
4769,1,14,2010,35.6978
4769,1,14,2011,35.74561
4769,1,14,2012,35.87302
4769,1,14,2013,35.8048
4769,1,14,2014,35.88618
4769,1,14,2015,35.77883
4769,1,14,2016,35.7956
4769,1,14,2017,35.91754
4769,1,14,2018,36.07414
4769,1,14,2019,36.11411
4769,2,14,1950,29.32847
4769,2,14,1951,29.48545
4769,2,14,1952,29.78625
4769,2,14,1953,30.05947
4769,2,14,1954,30.26
4769,2,14,1955,30.542
4769,2,14,1956,30.77127
4769,2,14,1957,30.95835
4769,2,14,1958,31.12417
4769,2,14,1959,31.40796
4769,2,14,1960,31.67973
4769,2,14,1961,31.96397
4769,2,14,1962,32.38241
4769,2,14,1963,32.663
4769,2,14,1964,32.80936
4769,2,14,1965,32.952
4769,2,14,1966,33.14793
4769,2,14,1967,33.28179
4769,2,14,1968,33.46553
4769,2,14,1969,33.59054
4769,2,14,1970,33.7586
4769,2,14,1971,33.95474
4769,2,14,1972,34.20466
4769,2,14,1973,34.39602
4769,2,14,1974,34.49555
4769,2,14,1975,34.56067
4769,2,14,1976,34.75622
4769,2,14,1977,35.14399
4769,2,14,1978,35.28412
4769,2,14,1979,35.4346
4769,2,14,1980,35.44818
4769,2,14,1981,35.73636
4769,2,14,1982,36.51128
4769,2,14,1983,36.22728
4769,2,14,1984,35.80114
4769,2,14,1985,35.73197
4769,2,14,1986,36.14882
4769,2,14,1987,36.2279
4769,2,14,1988,36.37533
4769,2,14,1989,37.00445
4769,2,14,1990,37.36099
4769,2,14,1991,37.10108
4769,2,14,1992,36.779
4769,2,14,1993,36.73061
4769,2,14,1994,36.9465
4769,2,14,1995,37.00774
4769,2,14,1996,37.13313
4769,2,14,1997,37.30708
4769,2,14,1998,37.45896
4769,2,14,1999,37.82087
4769,2,14,2000,38.24245
4769,2,14,2001,38.16856
4769,2,14,2002,38.13585
4769,2,14,2003,38.27672
4769,2,14,2004,38.50019
4769,2,14,2005,38.93811
4769,2,14,2006,39.29109
4769,2,14,2007,39.54667
4769,2,14,2008,39.77544
4769,2,14,2009,39.89874
4769,2,14,2010,39.7912
4769,2,14,2011,39.79236
4769,2,14,2012,39.92735
4769,2,14,2013,39.87871
4769,2,14,2014,39.709
4769,2,14,2015,39.58207
4769,2,14,2016,39.55511
4769,2,14,2017,39.82614
4769,2,14,2018,40.11816
4769,2,14,2019,40.4001
4769,3,14,1950,25.56583
4769,3,14,1951,25.93582
4769,3,14,1952,26.253
4769,3,14,1953,26.31987
4769,3,14,1954,26.637
4769,3,14,1955,26.9188
4769,3,14,1956,27.17714
4769,3,14,1957,27.46913
4769,3,14,1958,27.79353
4769,3,14,1959,28.0757
4769,3,14,1960,28.38779
4769,3,14,1961,28.8613
4769,3,14,1962,29.24567
4769,3,14,1963,29.50153
4769,3,14,1964,29.78577
4769,3,14,1965,29.98754
4769,3,14,1966,30.16091
4769,3,14,1967,30.42606
4769,3,14,1968,30.64967
4769,3,14,1969,30.77212
4769,3,14,1970,30.87254
4769,3,14,1971,31.06791
4769,3,14,1972,31.1588
4769,3,14,1973,31.5688
4769,3,14,1974,31.77331
4769,3,14,1975,31.94003
4769,3,14,1976,32.03582
4769,3,14,1977,32.53546
4769,3,14,1978,32.81575
4769,3,14,1979,33.06347
4769,3,14,1980,33.24975
4769,3,14,1981,33.68323
4769,3,14,1982,34.28033
4769,3,14,1983,34.32326
4769,3,14,1984,34.11812
4769,3,14,1985,33.97459
4769,3,14,1986,34.35933
4769,3,14,1987,34.15355
4769,3,14,1988,34.23468
4769,3,14,1989,34.79923
4769,3,14,1990,35.10711
4769,3,14,1991,34.85473
4769,3,14,1992,34.70462
4769,3,14,1993,34.48367
4769,3,14,1994,34.75976
4769,3,14,1995,35.03864
4769,3,14,1996,35.44705
4769,3,14,1997,35.67486
4769,3,14,1998,35.68725
4769,3,14,1999,35.89988
4769,3,14,2000,36.18966
4769,3,14,2001,36.1172
4769,3,14,2002,36.01484
4769,3,14,2003,36.04592
4769,3,14,2004,36.12791
4769,3,14,2005,36.55529
4769,3,14,2006,36.68946
4769,3,14,2007,36.853
4769,3,14,2008,37.0754
4769,3,14,2009,37.32409
4769,3,14,2010,37.44276
4769,3,14,2011,37.5823
4769,3,14,2012,37.53632
4769,3,14,2013,37.55181
4769,3,14,2014,37.48545
4769,3,14,2015,37.44275
4769,3,14,2016,37.36145
4769,3,14,2017,37.56748
4769,3,14,2018,37.72049
4769,3,14,2019,37.87986
4770,1,14,1950,19.79512
4770,1,14,1951,19.99524
4770,1,14,1952,20.17946
4770,1,14,1953,20.23249
4770,1,14,1954,20.33355
4770,1,14,1955,20.3789
4770,1,14,1956,20.70673
4770,1,14,1957,20.91179
4770,1,14,1958,21.14238
4770,1,14,1959,21.50515
4770,1,14,1960,21.78156
4770,1,14,1961,21.87781
4770,1,14,1962,22.09055
4770,1,14,1963,22.36538
4770,1,14,1964,22.51245
4770,1,14,1965,22.7387
4770,1,14,1966,22.9614
4770,1,14,1967,23.16883
4770,1,14,1968,23.5399
4770,1,14,1969,23.86311
4770,1,14,1970,23.93947
4770,1,14,1971,24.05016
4770,1,14,1972,24.41154
4770,1,14,1973,24.609
4770,1,14,1974,24.78821
4770,1,14,1975,24.86129
4770,1,14,1976,24.83965
4770,1,14,1977,25.13997
4770,1,14,1978,25.22162
4770,1,14,1979,25.36113
4770,1,14,1980,25.61122
4770,1,14,1981,26.66143
4770,1,14,1982,26.91703
4770,1,14,1983,26.41674
4770,1,14,1984,26.19189
4770,1,14,1985,25.9772
4770,1,14,1986,25.75542
4770,1,14,1987,26.08831
4770,1,14,1988,26.50353
4770,1,14,1989,27.41034
4770,1,14,1990,28.09398
4770,1,14,1991,29.36373
4770,1,14,1992,30.30083
4770,1,14,1993,30.26043
4770,1,14,1994,30.05377
4770,1,14,1995,30.23872
4770,1,14,1996,31.17556
4770,1,14,1997,31.72427
4770,1,14,1998,31.54949
4770,1,14,1999,31.39675
4770,1,14,2000,31.17934
4770,1,14,2001,31.42147
4770,1,14,2002,31.87746
4770,1,14,2003,31.86097
4770,1,14,2004,31.96195
4770,1,14,2005,32.19773
4770,1,14,2006,32.82704
4770,1,14,2007,33.41918
4770,1,14,2008,33.59195
4770,1,14,2009,33.57799
4770,1,14,2010,33.5389
4770,1,14,2011,33.73488
4770,1,14,2012,33.86491
4770,1,14,2013,34.08642
4770,1,14,2014,33.99053
4770,1,14,2015,34.0081
4770,1,14,2016,34.10925
4770,1,14,2017,34.44719
4770,1,14,2018,34.73004
4770,1,14,2019,35.01489
4770,2,14,1950,25.94151
4770,2,14,1951,25.99181
4770,2,14,1952,26.11227
4770,2,14,1953,26.17832
4770,2,14,1954,26.17185
4770,2,14,1955,26.24732
4770,2,14,1956,26.43551
4770,2,14,1957,26.60681
4770,2,14,1958,26.77224
4770,2,14,1959,26.92309
4770,2,14,1960,27.04909
4770,2,14,1961,27.21149
4770,2,14,1962,27.31047
4770,2,14,1963,27.42727
4770,2,14,1964,27.53516
4770,2,14,1965,27.55376
4770,2,14,1966,27.71611
4770,2,14,1967,27.78413
4770,2,14,1968,27.8963
4770,2,14,1969,27.99613
4770,2,14,1970,28.11662
4770,2,14,1971,28.27069
4770,2,14,1972,28.32324
4770,2,14,1973,28.49285
4770,2,14,1974,28.08472
4770,2,14,1975,27.56824
4770,2,14,1976,27.45623
4770,2,14,1977,27.47149
4770,2,14,1978,27.34785
4770,2,14,1979,27.47869
4770,2,14,1980,27.5543
4770,2,14,1981,27.77987
4770,2,14,1982,28.10799
4770,2,14,1983,28.31851
4770,2,14,1984,28.78519
4770,2,14,1985,29.21369
4770,2,14,1986,29.74803
4770,2,14,1987,30.38003
4770,2,14,1988,30.76152
4770,2,14,1989,30.93591
4770,2,14,1990,31.13522
4770,2,14,1991,31.45702
4770,2,14,1992,31.86161
4770,2,14,1993,32.08459
4770,2,14,1994,32.31686
4770,2,14,1995,32.64017
4770,2,14,1996,33.09905
4770,2,14,1997,33.30173
4770,2,14,1998,33.46614
4770,2,14,1999,33.8496
4770,2,14,2000,34.50411
4770,2,14,2001,34.56304
4770,2,14,2002,34.29696
4770,2,14,2003,34.35356
4770,2,14,2004,34.73109
4770,2,14,2005,35.29657
4770,2,14,2006,35.7744
4770,2,14,2007,36.17916
4770,2,14,2008,36.41177
4770,2,14,2009,36.65894
4770,2,14,2010,36.77933
4770,2,14,2011,36.93868
4770,2,14,2012,37.1388
4770,2,14,2013,37.2577
4770,2,14,2014,37.48674
4770,2,14,2015,37.46316
4770,2,14,2016,37.57733
4770,2,14,2017,37.78242
4770,2,14,2018,38.03442
4770,2,14,2019,38.11028
4770,3,14,1950,20.99877
4770,3,14,1951,21.09502
4770,3,14,1952,21.40973
4770,3,14,1953,21.47936
4770,3,14,1954,21.45918
4770,3,14,1955,21.76551
4770,3,14,1956,21.91277
4770,3,14,1957,22.24904
4770,3,14,1958,22.43851
4770,3,14,1959,22.8409
4770,3,14,1960,22.99704
4770,3,14,1961,23.2169
4770,3,14,1962,23.50181
4770,3,14,1963,23.75017
4770,3,14,1964,23.84781
4770,3,14,1965,24.13356
4770,3,14,1966,24.31078
4770,3,14,1967,24.37551
4770,3,14,1968,24.68116
4770,3,14,1969,24.90816
4770,3,14,1970,25.14438
4770,3,14,1971,25.22575
4770,3,14,1972,25.47459
4770,3,14,1973,25.74822
4770,3,14,1974,25.69706
4770,3,14,1975,25.53555
4770,3,14,1976,25.51116
4770,3,14,1977,25.57924
4770,3,14,1978,25.6228
4770,3,14,1979,25.87664
4770,3,14,1980,26.01656
4770,3,14,1981,26.74564
4770,3,14,1982,27.07166
4770,3,14,1983,26.93183
4770,3,14,1984,27.02744
4770,3,14,1985,27.0549
4770,3,14,1986,27.08136
4770,3,14,1987,27.49108
4770,3,14,1988,27.93263
4770,3,14,1989,28.59047
4770,3,14,1990,29.1218
4770,3,14,1991,29.97493
4770,3,14,1992,30.61255
4770,3,14,1993,30.81762
4770,3,14,1994,30.87671
4770,3,14,1995,31.10212
4770,3,14,1996,31.81179
4770,3,14,1997,32.24411
4770,3,14,1998,32.19022
4770,3,14,1999,32.30675
4770,3,14,2000,32.37594
4770,3,14,2001,32.54399
4770,3,14,2002,32.78537
4770,3,14,2003,32.79226
4770,3,14,2004,33.01904
4770,3,14,2005,33.36963
4770,3,14,2006,33.93634
4770,3,14,2007,34.43746
4770,3,14,2008,34.68612
4770,3,14,2009,34.80177
4770,3,14,2010,34.82414
4770,3,14,2011,35.03727
4770,3,14,2012,35.13861
4770,3,14,2013,35.39651
4770,3,14,2014,35.37379
4770,3,14,2015,35.39372
4770,3,14,2016,35.50544
4770,3,14,2017,35.70266
4770,3,14,2018,35.95608
4770,3,14,2019,36.10662
4771,1,14,1950,20.98249
4771,1,14,1951,21.17315
4771,1,14,1952,21.35007
4771,1,14,1953,21.48754
4771,1,14,1954,21.68923
4771,1,14,1955,21.85479
4771,1,14,1956,22.06687
4771,1,14,1957,22.21027
4771,1,14,1958,22.43276
4771,1,14,1959,22.57972
4771,1,14,1960,22.76231
4771,1,14,1961,23.01059
4771,1,14,1962,23.36987
4771,1,14,1963,23.70896
4771,1,14,1964,23.81714
4771,1,14,1965,23.96404
4771,1,14,1966,24.05631
4771,1,14,1967,24.241
4771,1,14,1968,24.43937
4771,1,14,1969,24.64252
4771,1,14,1970,24.78043
4771,1,14,1971,24.97534
4771,1,14,1972,25.44678
4771,1,14,1973,25.78658
4771,1,14,1974,26.7215
4771,1,14,1975,27.24253
4771,1,14,1976,27.43626
4771,1,14,1977,27.76123
4771,1,14,1978,28.03259
4771,1,14,1979,28.15675
4771,1,14,1980,27.87808
4771,1,14,1981,27.78669
4771,1,14,1982,27.56133
4771,1,14,1983,27.33892
4771,1,14,1984,27.12728
4771,1,14,1985,27.05417
4771,1,14,1986,27.30342
4771,1,14,1987,27.85424
4771,1,14,1988,28.22335
4771,1,14,1989,28.07386
4771,1,14,1990,28.27399
4771,1,14,1991,28.85324
4771,1,14,1992,29.42467
4771,1,14,1993,29.67279
4771,1,14,1994,29.72615
4771,1,14,1995,29.79595
4771,1,14,1996,30.24422
4771,1,14,1997,30.74898
4771,1,14,1998,30.5337
4771,1,14,1999,31.41596
4771,1,14,2000,31.44179
4771,1,14,2001,31.52318
4771,1,14,2002,31.61069
4771,1,14,2003,31.57226
4771,1,14,2004,31.78354
4771,1,14,2005,31.96463
4771,1,14,2006,32.22896
4771,1,14,2007,32.69824
4771,1,14,2008,33.25205
4771,1,14,2009,33.45481
4771,1,14,2010,33.46529
4771,1,14,2011,33.52932
4771,1,14,2012,33.56503
4771,1,14,2013,33.62519
4771,1,14,2014,33.71314
4771,1,14,2015,33.63896
4771,1,14,2016,33.62731
4771,1,14,2017,33.58571
4771,1,14,2018,33.77232
4771,1,14,2019,34.02583
4771,2,14,1950,27.47343
4771,2,14,1951,27.47784
4771,2,14,1952,27.63013
4771,2,14,1953,27.70222
4771,2,14,1954,27.76382
4771,2,14,1955,27.9237
4771,2,14,1956,28.07716
4771,2,14,1957,28.25981
4771,2,14,1958,28.37431
4771,2,14,1959,28.58615
4771,2,14,1960,28.78781
4771,2,14,1961,29.01446
4771,2,14,1962,29.20541
4771,2,14,1963,29.30154
4771,2,14,1964,29.4117
4771,2,14,1965,29.4903
4771,2,14,1966,29.62084
4771,2,14,1967,29.70324
4771,2,14,1968,29.85929
4771,2,14,1969,30.05594
4771,2,14,1970,30.18692
4771,2,14,1971,30.34842
4771,2,14,1972,30.3714
4771,2,14,1973,30.53331
4771,2,14,1974,30.62372
4771,2,14,1975,30.72319
4771,2,14,1976,30.92479
4771,2,14,1977,31.27292
4771,2,14,1978,31.42202
4771,2,14,1979,31.50873
4771,2,14,1980,31.53614
4771,2,14,1981,31.51343
4771,2,14,1982,31.4918
4771,2,14,1983,31.50367
4771,2,14,1984,31.59995
4771,2,14,1985,31.78808
4771,2,14,1986,32.02747
4771,2,14,1987,32.352
4771,2,14,1988,32.57102
4771,2,14,1989,32.63565
4771,2,14,1990,33.1545
4771,2,14,1991,33.33575
4771,2,14,1992,33.45577
4771,2,14,1993,33.62089
4771,2,14,1994,33.79744
4771,2,14,1995,33.89107
4771,2,14,1996,34.04256
4771,2,14,1997,34.2181
4771,2,14,1998,34.45303
4771,2,14,1999,34.62674
4771,2,14,2000,34.68701
4771,2,14,2001,34.46907
4771,2,14,2002,34.26899
4771,2,14,2003,34.26349
4771,2,14,2004,34.50068
4771,2,14,2005,34.80812
4771,2,14,2006,35.28212
4771,2,14,2007,35.67143
4771,2,14,2008,36.01095
4771,2,14,2009,36.43869
4771,2,14,2010,36.69203
4771,2,14,2011,36.77114
4771,2,14,2012,36.81636
4771,2,14,2013,36.85452
4771,2,14,2014,36.74738
4771,2,14,2015,36.79278
4771,2,14,2016,36.76827
4771,2,14,2017,36.75523
4771,2,14,2018,36.83019
4771,2,14,2019,36.99427
4771,3,14,1950,22.61203
4771,3,14,1951,22.77165
4771,3,14,1952,22.90101
4771,3,14,1953,23.03618
4771,3,14,1954,23.25825
4771,3,14,1955,23.37411
4771,3,14,1956,23.61637
4771,3,14,1957,23.77701
4771,3,14,1958,23.98662
4771,3,14,1959,24.21074
4771,3,14,1960,24.35767
4771,3,14,1961,24.67142
4771,3,14,1962,24.93257
4771,3,14,1963,25.18019
4771,3,14,1964,25.32661
4771,3,14,1965,25.52181
4771,3,14,1966,25.64038
4771,3,14,1967,25.73916
4771,3,14,1968,25.95786
4771,3,14,1969,26.06234
4771,3,14,1970,26.31276
4771,3,14,1971,26.51296
4771,3,14,1972,26.92862
4771,3,14,1973,27.09158
4771,3,14,1974,27.81316
4771,3,14,1975,28.19213
4771,3,14,1976,28.52846
4771,3,14,1977,28.8657
4771,3,14,1978,29.02563
4771,3,14,1979,29.18231
4771,3,14,1980,29.04271
4771,3,14,1981,29.03076
4771,3,14,1982,28.85014
4771,3,14,1983,28.73304
4771,3,14,1984,28.67964
4771,3,14,1985,28.71165
4771,3,14,1986,28.98043
4771,3,14,1987,29.4231
4771,3,14,1988,29.78076
4771,3,14,1989,29.66826
4771,3,14,1990,29.98791
4771,3,14,1991,30.46591
4771,3,14,1992,30.8908
4771,3,14,1993,31.13439
4771,3,14,1994,31.26319
4771,3,14,1995,31.34514
4771,3,14,1996,31.69743
4771,3,14,1997,32.08967
4771,3,14,1998,32.09163
4771,3,14,1999,32.66974
4771,3,14,2000,32.72456
4771,3,14,2001,32.72791
4771,3,14,2002,32.70866
4771,3,14,2003,32.67628
4771,3,14,2004,32.91063
4771,3,14,2005,33.14695
4771,3,14,2006,33.48146
4771,3,14,2007,33.92551
4771,3,14,2008,34.40256
4771,3,14,2009,34.7207
4771,3,14,2010,34.83689
4771,3,14,2011,34.90012
4771,3,14,2012,34.96009
4771,3,14,2013,35.00823
4771,3,14,2014,35.01266
4771,3,14,2015,34.98587
4771,3,14,2016,34.99054
4771,3,14,2017,34.92111
4771,3,14,2018,34.98991
4771,3,14,2019,35.17176
4772,1,14,1950,24.69174
4772,1,14,1951,24.86881
4772,1,14,1952,24.97077
4772,1,14,1953,25.274
4772,1,14,1954,25.45201
4772,1,14,1955,25.5419
4772,1,14,1956,25.58739
4772,1,14,1957,25.69275
4772,1,14,1958,25.7373
4772,1,14,1959,25.83
4772,1,14,1960,26.04735
4772,1,14,1961,26.34392
4772,1,14,1962,26.33703
4772,1,14,1963,26.51732
4772,1,14,1964,26.63508
4772,1,14,1965,26.79354
4772,1,14,1966,27.01164
4772,1,14,1967,27.16013
4772,1,14,1968,27.25391
4772,1,14,1969,27.37695
4772,1,14,1970,27.51575
4772,1,14,1971,27.68646
4772,1,14,1972,27.76699
4772,1,14,1973,27.78649
4772,1,14,1974,27.84957
4772,1,14,1975,27.94119
4772,1,14,1976,27.93835
4772,1,14,1977,27.88618
4772,1,14,1978,27.77108
4772,1,14,1979,27.43608
4772,1,14,1980,27.29907
4772,1,14,1981,27.44386
4772,1,14,1982,27.43408
4772,1,14,1983,27.18153
4772,1,14,1984,27.00376
4772,1,14,1985,27.2475
4772,1,14,1986,27.30765
4772,1,14,1987,27.44532
4772,1,14,1988,27.47456
4772,1,14,1989,27.53185
4772,1,14,1990,27.83584
4772,1,14,1991,27.94075
4772,1,14,1992,28.04182
4772,1,14,1993,27.68407
4772,1,14,1994,28.12354
4772,1,14,1995,28.39098
4772,1,14,1996,28.364
4772,1,14,1997,28.7692
4772,1,14,1998,28.54688
4772,1,14,1999,28.84671
4772,1,14,2000,29.17763
4772,1,14,2001,29.42614
4772,1,14,2002,29.72233
4772,1,14,2003,29.83186
4772,1,14,2004,29.88531
4772,1,14,2005,30.38302
4772,1,14,2006,30.65441
4772,1,14,2007,30.69231
4772,1,14,2008,31.07419
4772,1,14,2009,31.1175
4772,1,14,2010,31.26479
4772,1,14,2011,31.5916
4772,1,14,2012,31.80438
4772,1,14,2013,31.88545
4772,1,14,2014,32.22805
4772,1,14,2015,32.6135
4772,1,14,2016,32.33076
4772,1,14,2017,32.70874
4772,1,14,2018,33.43549
4772,1,14,2019,33.92006
4772,2,14,1950,30.49624
4772,2,14,1951,30.64592
4772,2,14,1952,30.76059
4772,2,14,1953,30.97595
4772,2,14,1954,31.12412
4772,2,14,1955,31.15814
4772,2,14,1956,31.22255
4772,2,14,1957,31.31559
4772,2,14,1958,31.35597
4772,2,14,1959,31.39046
4772,2,14,1960,31.59021
4772,2,14,1961,31.81262
4772,2,14,1962,31.80413
4772,2,14,1963,32.01574
4772,2,14,1964,32.06178
4772,2,14,1965,32.21941
4772,2,14,1966,32.33825
4772,2,14,1967,32.51652
4772,2,14,1968,32.56191
4772,2,14,1969,32.6893
4772,2,14,1970,32.86933
4772,2,14,1971,33.05234
4772,2,14,1972,33.15603
4772,2,14,1973,33.20482
4772,2,14,1974,33.22253
4772,2,14,1975,33.2911
4772,2,14,1976,33.19276
4772,2,14,1977,33.13726
4772,2,14,1978,33
4772,2,14,1979,32.68485
4772,2,14,1980,32.5138
4772,2,14,1981,32.81404
4772,2,14,1982,32.9955
4772,2,14,1983,32.72221
4772,2,14,1984,32.56506
4772,2,14,1985,32.82284
4772,2,14,1986,33.02147
4772,2,14,1987,33.0348
4772,2,14,1988,33.02081
4772,2,14,1989,33.20561
4772,2,14,1990,33.38725
4772,2,14,1991,33.649
4772,2,14,1992,33.54102
4772,2,14,1993,33.33748
4772,2,14,1994,33.54852
4772,2,14,1995,33.65978
4772,2,14,1996,33.64233
4772,2,14,1997,34.16915
4772,2,14,1998,33.92796
4772,2,14,1999,34.49391
4772,2,14,2000,34.64848
4772,2,14,2001,34.95515
4772,2,14,2002,35.09108
4772,2,14,2003,35.32001
4772,2,14,2004,35.4858
4772,2,14,2005,35.77946
4772,2,14,2006,35.83302
4772,2,14,2007,35.90522
4772,2,14,2008,36.25879
4772,2,14,2009,36.29181
4772,2,14,2010,36.3849
4772,2,14,2011,36.4739
4772,2,14,2012,36.60712
4772,2,14,2013,36.70267
4772,2,14,2014,37.08802
4772,2,14,2015,37.25398
4772,2,14,2016,37.04336
4772,2,14,2017,37.14709
4772,2,14,2018,37.63477
4772,2,14,2019,38.1021
4772,3,14,1950,26.44622
4772,3,14,1951,26.63987
4772,3,14,1952,26.91911
4772,3,14,1953,26.97863
4772,3,14,1954,27.16011
4772,3,14,1955,27.31334
4772,3,14,1956,27.42989
4772,3,14,1957,27.47541
4772,3,14,1958,27.69393
4772,3,14,1959,27.79093
4772,3,14,1960,27.91209
4772,3,14,1961,28.12486
4772,3,14,1962,28.32008
4772,3,14,1963,28.35972
4772,3,14,1964,28.45725
4772,3,14,1965,28.76185
4772,3,14,1966,28.85705
4772,3,14,1967,29.03645
4772,3,14,1968,29.20936
4772,3,14,1969,29.35238
4772,3,14,1970,29.37086
4772,3,14,1971,29.58876
4772,3,14,1972,29.62628
4772,3,14,1973,29.7467
4772,3,14,1974,29.84011
4772,3,14,1975,29.95792
4772,3,14,1976,30.00042
4772,3,14,1977,30.09983
4772,3,14,1978,30.00354
4772,3,14,1979,29.82881
4772,3,14,1980,29.70393
4772,3,14,1981,29.94977
4772,3,14,1982,30.0189
4772,3,14,1983,29.7716
4772,3,14,1984,29.58855
4772,3,14,1985,29.86237
4772,3,14,1986,29.99098
4772,3,14,1987,30.0584
4772,3,14,1988,30.12533
4772,3,14,1989,30.31046
4772,3,14,1990,30.56636
4772,3,14,1991,30.76695
4772,3,14,1992,30.76633
4772,3,14,1993,30.47143
4772,3,14,1994,30.81939
4772,3,14,1995,31.01752
4772,3,14,1996,30.99895
4772,3,14,1997,31.4668
4772,3,14,1998,31.23948
4772,3,14,1999,31.6752
4772,3,14,2000,31.9303
4772,3,14,2001,32.21176
4772,3,14,2002,32.43933
4772,3,14,2003,32.60147
4772,3,14,2004,32.71483
4772,3,14,2005,33.12135
4772,3,14,2006,33.2954
4772,3,14,2007,33.34167
4772,3,14,2008,33.71732
4772,3,14,2009,33.76148
4772,3,14,2010,33.88461
4772,3,14,2011,34.08457
4772,3,14,2012,34.27095
4772,3,14,2013,34.35074
4772,3,14,2014,34.71457
4772,3,14,2015,34.98361
4772,3,14,2016,34.73666
4772,3,14,2017,34.9844
4772,3,14,2018,35.41847
4772,3,14,2019,35.78411
4773,1,14,1950,26.26348
4773,1,14,1951,26.34882
4773,1,14,1952,26.50725
4773,1,14,1953,26.63554
4773,1,14,1954,26.67344
4773,1,14,1955,26.73071
4773,1,14,1956,26.96389
4773,1,14,1957,27.13917
4773,1,14,1958,27.35248
4773,1,14,1959,27.43346
4773,1,14,1960,27.45336
4773,1,14,1961,27.6875
4773,1,14,1962,27.76614
4773,1,14,1963,27.88947
4773,1,14,1964,27.99053
4773,1,14,1965,28.10002
4773,1,14,1966,28.34378
4773,1,14,1967,28.40686
4773,1,14,1968,28.50215
4773,1,14,1969,28.65241
4773,1,14,1970,28.71638
4773,1,14,1971,28.75702
4773,1,14,1972,28.84756
4773,1,14,1973,28.97324
4773,1,14,1974,29.24712
4773,1,14,1975,29.12595
4773,1,14,1976,29.20011
4773,1,14,1977,29.32131
4773,1,14,1978,29.02782
4773,1,14,1979,28.61815
4773,1,14,1980,28.10431
4773,1,14,1981,28.51416
4773,1,14,1982,28.9008
4773,1,14,1983,28.74569
4773,1,14,1984,28.53248
4773,1,14,1985,28.44215
4773,1,14,1986,28.26763
4773,1,14,1987,28.25666
4773,1,14,1988,28.15031
4773,1,14,1989,28.38412
4773,1,14,1990,28.52003
4773,1,14,1991,28.90626
4773,1,14,1992,28.87141
4773,1,14,1993,28.79299
4773,1,14,1994,28.94062
4773,1,14,1995,29.00566
4773,1,14,1996,29.05197
4773,1,14,1997,29.22487
4773,1,14,1998,29.19969
4773,1,14,1999,29.39134
4773,1,14,2000,29.65726
4773,1,14,2001,29.89123
4773,1,14,2002,30.23899
4773,1,14,2003,30.31759
4773,1,14,2004,30.51223
4773,1,14,2005,31.08764
4773,1,14,2006,31.47055
4773,1,14,2007,31.64672
4773,1,14,2008,32.01056
4773,1,14,2009,32.15727
4773,1,14,2010,32.19105
4773,1,14,2011,32.10111
4773,1,14,2012,32.78883
4773,1,14,2013,33.09297
4773,1,14,2014,33.25437
4773,1,14,2015,33.33767
4773,1,14,2016,33.26763
4773,1,14,2017,33.47277
4773,1,14,2018,34.17408
4773,1,14,2019,34.65777
4773,2,14,1950,31.32275
4773,2,14,1951,31.33429
4773,2,14,1952,31.52557
4773,2,14,1953,31.58856
4773,2,14,1954,31.57471
4773,2,14,1955,31.59375
4773,2,14,1956,31.75295
4773,2,14,1957,31.89623
4773,2,14,1958,32.12978
4773,2,14,1959,32.05699
4773,2,14,1960,32.06947
4773,2,14,1961,32.18383
4773,2,14,1962,32.27786
4773,2,14,1963,32.35607
4773,2,14,1964,32.45892
4773,2,14,1965,32.55826
4773,2,14,1966,32.68639
4773,2,14,1967,32.77396
4773,2,14,1968,32.82252
4773,2,14,1969,32.95955
4773,2,14,1970,33.04627
4773,2,14,1971,33.09934
4773,2,14,1972,33.22508
4773,2,14,1973,33.27472
4773,2,14,1974,33.37277
4773,2,14,1975,33.28647
4773,2,14,1976,33.25352
4773,2,14,1977,33.29391
4773,2,14,1978,33.02426
4773,2,14,1979,32.67756
4773,2,14,1980,32.53649
4773,2,14,1981,33.13003
4773,2,14,1982,33.63272
4773,2,14,1983,33.2539
4773,2,14,1984,32.91157
4773,2,14,1985,32.894
4773,2,14,1986,32.78115
4773,2,14,1987,32.62052
4773,2,14,1988,32.49642
4773,2,14,1989,32.7907
4773,2,14,1990,33.04496
4773,2,14,1991,33.4009
4773,2,14,1992,33.44426
4773,2,14,1993,33.48081
4773,2,14,1994,33.68568
4773,2,14,1995,33.62145
4773,2,14,1996,33.5871
4773,2,14,1997,33.89457
4773,2,14,1998,34.09885
4773,2,14,1999,34.30574
4773,2,14,2000,34.53788
4773,2,14,2001,34.86593
4773,2,14,2002,35.24049
4773,2,14,2003,35.4292
4773,2,14,2004,35.7002
4773,2,14,2005,36.07682
4773,2,14,2006,36.44437
4773,2,14,2007,36.64814
4773,2,14,2008,36.83275
4773,2,14,2009,37.02752
4773,2,14,2010,37.10206
4773,2,14,2011,37.06221
4773,2,14,2012,37.20549
4773,2,14,2013,37.45126
4773,2,14,2014,37.6038
4773,2,14,2015,37.72364
4773,2,14,2016,37.54179
4773,2,14,2017,37.70178
4773,2,14,2018,38.19269
4773,2,14,2019,38.5798
4773,3,14,1950,27.8094
4773,3,14,1951,27.81485
4773,3,14,1952,28.10846
4773,3,14,1953,28.05843
4773,3,14,1954,28.08657
4773,3,14,1955,28.13223
4773,3,14,1956,28.39552
4773,3,14,1957,28.47458
4773,3,14,1958,28.72437
4773,3,14,1959,28.89999
4773,3,14,1960,28.85485
4773,3,14,1961,28.93123
4773,3,14,1962,29.24507
4773,3,14,1963,29.20629
4773,3,14,1964,29.33697
4773,3,14,1965,29.38155
4773,3,14,1966,29.55121
4773,3,14,1967,29.65793
4773,3,14,1968,29.8335
4773,3,14,1969,29.91851
4773,3,14,1970,29.99035
4773,3,14,1971,30.2315
4773,3,14,1972,30.29064
4773,3,14,1973,30.47737
4773,3,14,1974,30.60352
4773,3,14,1975,30.59896
4773,3,14,1976,30.70044
4773,3,14,1977,30.8986
4773,3,14,1978,30.68976
4773,3,14,1979,30.47851
4773,3,14,1980,30.12702
4773,3,14,1981,30.6454
4773,3,14,1982,31.0809
4773,3,14,1983,30.75872
4773,3,14,1984,30.49616
4773,3,14,1985,30.39546
4773,3,14,1986,30.26594
4773,3,14,1987,30.22548
4773,3,14,1988,30.08244
4773,3,14,1989,30.34176
4773,3,14,1990,30.56176
4773,3,14,1991,30.96722
4773,3,14,1992,30.96357
4773,3,14,1993,30.92631
4773,3,14,1994,31.12526
4773,3,14,1995,31.11434
4773,3,14,1996,31.16378
4773,3,14,1997,31.38929
4773,3,14,1998,31.48826
4773,3,14,1999,31.66364
4773,3,14,2000,31.93341
4773,3,14,2001,32.22025
4773,3,14,2002,32.54694
4773,3,14,2003,32.73006
4773,3,14,2004,32.97597
4773,3,14,2005,33.44127
4773,3,14,2006,33.83592
4773,3,14,2007,34.02892
4773,3,14,2008,34.31688
4773,3,14,2009,34.45128
4773,3,14,2010,34.55762
4773,3,14,2011,34.56362
4773,3,14,2012,34.9886
4773,3,14,2013,35.27295
4773,3,14,2014,35.39731
4773,3,14,2015,35.5103
4773,3,14,2016,35.39636
4773,3,14,2017,35.56782
4773,3,14,2018,35.99664
4773,3,14,2019,36.31212
4774,1,14,1950,24.89667
4774,1,14,1951,24.9824
4774,1,14,1952,25.22301
4774,1,14,1953,25.4524
4774,1,14,1954,25.55352
4774,1,14,1955,25.68662
4774,1,14,1956,25.92778
4774,1,14,1957,26.05035
4774,1,14,1958,26.27366
4774,1,14,1959,26.51212
4774,1,14,1960,26.76862
4774,1,14,1961,26.99491
4774,1,14,1962,27.34445
4774,1,14,1963,27.7038
4774,1,14,1964,27.7618
4774,1,14,1965,27.84091
4774,1,14,1966,27.9234
4774,1,14,1967,27.96838
4774,1,14,1968,28.22109
4774,1,14,1969,28.42973
4774,1,14,1970,28.51203
4774,1,14,1971,28.61336
4774,1,14,1972,28.7924
4774,1,14,1973,28.92413
4774,1,14,1974,29.14329
4774,1,14,1975,29.09165
4774,1,14,1976,29.19153
4774,1,14,1977,29.34269
4774,1,14,1978,29.48205
4774,1,14,1979,29.47376
4774,1,14,1980,29.12817
4774,1,14,1981,29.10758
4774,1,14,1982,29.2759
4774,1,14,1983,29.46304
4774,1,14,1984,29.60809
4774,1,14,1985,29.97336
4774,1,14,1986,30.25108
4774,1,14,1987,30.58651
4774,1,14,1988,30.61092
4774,1,14,1989,30.7959
4774,1,14,1990,31.10964
4774,1,14,1991,31.23469
4774,1,14,1992,30.96422
4774,1,14,1993,31.0032
4774,1,14,1994,31.13436
4774,1,14,1995,30.91464
4774,1,14,1996,31.642
4774,1,14,1997,32.4723
4774,1,14,1998,32.06712
4774,1,14,1999,31.91617
4774,1,14,2000,32.14449
4774,1,14,2001,32.41033
4774,1,14,2002,32.37347
4774,1,14,2003,32.85626
4774,1,14,2004,33.3074
4774,1,14,2005,33.77056
4774,1,14,2006,34.13531
4774,1,14,2007,34.04586
4774,1,14,2008,34.10179
4774,1,14,2009,34.21672
4774,1,14,2010,33.99707
4774,1,14,2011,33.91723
4774,1,14,2012,33.75641
4774,1,14,2013,33.69082
4774,1,14,2014,33.81022
4774,1,14,2015,34.22998
4774,1,14,2016,34.29438
4774,1,14,2017,34.78943
4774,1,14,2018,34.74902
4774,1,14,2019,34.92741
4774,2,14,1950,29.46401
4774,2,14,1951,29.61803
4774,2,14,1952,29.77554
4774,2,14,1953,29.87711
4774,2,14,1954,29.98757
4774,2,14,1955,30.06383
4774,2,14,1956,30.2425
4774,2,14,1957,30.37495
4774,2,14,1958,30.57232
4774,2,14,1959,30.66497
4774,2,14,1960,30.91568
4774,2,14,1961,31.01911
4774,2,14,1962,31.28171
4774,2,14,1963,31.49487
4774,2,14,1964,31.64025
4774,2,14,1965,31.58167
4774,2,14,1966,31.70001
4774,2,14,1967,31.81798
4774,2,14,1968,31.96673
4774,2,14,1969,32.26188
4774,2,14,1970,32.2052
4774,2,14,1971,32.32423
4774,2,14,1972,32.39891
4774,2,14,1973,32.54217
4774,2,14,1974,32.6289
4774,2,14,1975,32.57695
4774,2,14,1976,32.66863
4774,2,14,1977,32.89219
4774,2,14,1978,32.67292
4774,2,14,1979,32.43824
4774,2,14,1980,32.16387
4774,2,14,1981,32.15635
4774,2,14,1982,32.31627
4774,2,14,1983,32.56696
4774,2,14,1984,32.83663
4774,2,14,1985,33.22615
4774,2,14,1986,33.11435
4774,2,14,1987,33.43037
4774,2,14,1988,33.68189
4774,2,14,1989,33.81223
4774,2,14,1990,34.17736
4774,2,14,1991,34.33179
4774,2,14,1992,34.11328
4774,2,14,1993,34.30547
4774,2,14,1994,34.26955
4774,2,14,1995,33.93962
4774,2,14,1996,34.75869
4774,2,14,1997,35.21463
4774,2,14,1998,35.34933
4774,2,14,1999,35.36046
4774,2,14,2000,35.52993
4774,2,14,2001,35.67981
4774,2,14,2002,36.0371
4774,2,14,2003,36.65519
4774,2,14,2004,37.3356
4774,2,14,2005,37.82001
4774,2,14,2006,37.98128
4774,2,14,2007,38.13331
4774,2,14,2008,38.24211
4774,2,14,2009,38.15271
4774,2,14,2010,38.24203
4774,2,14,2011,38.05261
4774,2,14,2012,37.75573
4774,2,14,2013,38.20436
4774,2,14,2014,38.32177
4774,2,14,2015,38.05897
4774,2,14,2016,38.02292
4774,2,14,2017,38.13128
4774,2,14,2018,38.47363
4774,2,14,2019,38.74954
4774,3,14,1950,26.40129
4774,3,14,1951,26.49231
4774,3,14,1952,26.75615
4774,3,14,1953,26.86517
4774,3,14,1954,27.03594
4774,3,14,1955,27.26893
4774,3,14,1956,27.29329
4774,3,14,1957,27.50221
4774,3,14,1958,27.63905
4774,3,14,1959,27.7351
4774,3,14,1960,28.07208
4774,3,14,1961,28.22925
4774,3,14,1962,28.56583
4774,3,14,1963,28.89734
4774,3,14,1964,28.87591
4774,3,14,1965,28.97088
4774,3,14,1966,29.07802
4774,3,14,1967,29.2635
4774,3,14,1968,29.40526
4774,3,14,1969,29.57726
4774,3,14,1970,29.60818
4774,3,14,1971,29.74679
4774,3,14,1972,29.97243
4774,3,14,1973,30.11076
4774,3,14,1974,30.28785
4774,3,14,1975,30.21775
4774,3,14,1976,30.35012
4774,3,14,1977,30.61903
4774,3,14,1978,30.67746
4774,3,14,1979,30.6124
4774,3,14,1980,30.33192
4774,3,14,1981,30.31099
4774,3,14,1982,30.53798
4774,3,14,1983,30.7804
4774,3,14,1984,31.0029
4774,3,14,1985,31.38769
4774,3,14,1986,31.45489
4774,3,14,1987,31.77402
4774,3,14,1988,31.91264
4774,3,14,1989,32.10484
4774,3,14,1990,32.38009
4774,3,14,1991,32.52376
4774,3,14,1992,32.35088
4774,3,14,1993,32.4296
4774,3,14,1994,32.57492
4774,3,14,1995,32.39636
4774,3,14,1996,33.15966
4774,3,14,1997,33.8149
4774,3,14,1998,33.68529
4774,3,14,1999,33.61318
4774,3,14,2000,33.82741
4774,3,14,2001,34.02583
4774,3,14,2002,34.17155
4774,3,14,2003,34.6114
4774,3,14,2004,35.13409
4774,3,14,2005,35.61262
4774,3,14,2006,35.80995
4774,3,14,2007,35.8388
4774,3,14,2008,35.87306
4774,3,14,2009,35.92594
4774,3,14,2010,35.89159
4774,3,14,2011,35.7207
4774,3,14,2012,35.56317
4774,3,14,2013,35.7407
4774,3,14,2014,35.94495
4774,3,14,2015,35.90086
4774,3,14,2016,35.91849
4774,3,14,2017,36.10762
4774,3,14,2018,36.26151
4774,3,14,2019,36.41348
4775,1,14,1950,25.069
4775,1,14,1951,25.23515
4775,1,14,1952,25.36051
4775,1,14,1953,25.69529
4775,1,14,1954,25.83056
4775,1,14,1955,25.9372
4775,1,14,1956,25.90245
4775,1,14,1957,25.99503
4775,1,14,1958,26.09579
4775,1,14,1959,26.16822
4775,1,14,1960,26.40874
4775,1,14,1961,26.65765
4775,1,14,1962,26.75939
4775,1,14,1963,26.79022
4775,1,14,1964,26.72515
4775,1,14,1965,27.0139
4775,1,14,1966,27.09022
4775,1,14,1967,27.06888
4775,1,14,1968,27.14912
4775,1,14,1969,27.23066
4775,1,14,1970,27.31387
4775,1,14,1971,27.35366
4775,1,14,1972,27.35952
4775,1,14,1973,27.43088
4775,1,14,1974,27.27711
4775,1,14,1975,27.22989
4775,1,14,1976,27.05685
4775,1,14,1977,26.87139
4775,1,14,1978,26.59869
4775,1,14,1979,26.31651
4775,1,14,1980,26.32847
4775,1,14,1981,26.45703
4775,1,14,1982,26.58931
4775,1,14,1983,26.50933
4775,1,14,1984,26.39176
4775,1,14,1985,26.49749
4775,1,14,1986,26.55877
4775,1,14,1987,26.77047
4775,1,14,1988,26.86063
4775,1,14,1989,27.28506
4775,1,14,1990,27.74766
4775,1,14,1991,28.25704
4775,1,14,1992,28.09167
4775,1,14,1993,27.83913
4775,1,14,1994,27.95443
4775,1,14,1995,27.99212
4775,1,14,1996,28.01224
4775,1,14,1997,28.41093
4775,1,14,1998,28.62017
4775,1,14,1999,28.64753
4775,1,14,2000,28.85817
4775,1,14,2001,29.22636
4775,1,14,2002,29.506
4775,1,14,2003,29.54801
4775,1,14,2004,29.77997
4775,1,14,2005,30.27443
4775,1,14,2006,30.39958
4775,1,14,2007,30.73821
4775,1,14,2008,30.84134
4775,1,14,2009,30.90738
4775,1,14,2010,31.05586
4775,1,14,2011,31.23798
4775,1,14,2012,31.58723
4775,1,14,2013,31.72425
4775,1,14,2014,31.97328
4775,1,14,2015,32.17399
4775,1,14,2016,32.11825
4775,1,14,2017,32.73018
4775,1,14,2018,33.80055
4775,1,14,2019,34.43398
4775,2,14,1950,30.16245
4775,2,14,1951,30.28536
4775,2,14,1952,30.37884
4775,2,14,1953,30.61533
4775,2,14,1954,30.76365
4775,2,14,1955,30.81154
4775,2,14,1956,30.81798
4775,2,14,1957,30.84693
4775,2,14,1958,30.95135
4775,2,14,1959,30.9177
4775,2,14,1960,31.10943
4775,2,14,1961,31.29515
4775,2,14,1962,31.39499
4775,2,14,1963,31.45875
4775,2,14,1964,31.47884
4775,2,14,1965,31.601
4775,2,14,1966,31.69154
4775,2,14,1967,31.69684
4775,2,14,1968,31.73911
4775,2,14,1969,31.86731
4775,2,14,1970,31.94897
4775,2,14,1971,31.98634
4775,2,14,1972,32.10927
4775,2,14,1973,32.09545
4775,2,14,1974,31.98994
4775,2,14,1975,31.98241
4775,2,14,1976,31.83105
4775,2,14,1977,31.6035
4775,2,14,1978,31.39899
4775,2,14,1979,31.11166
4775,2,14,1980,31.12928
4775,2,14,1981,31.25815
4775,2,14,1982,31.52841
4775,2,14,1983,31.56443
4775,2,14,1984,31.42978
4775,2,14,1985,31.59157
4775,2,14,1986,31.72914
4775,2,14,1987,31.89262
4775,2,14,1988,31.996
4775,2,14,1989,32.43066
4775,2,14,1990,32.78212
4775,2,14,1991,33.34442
4775,2,14,1992,33.32834
4775,2,14,1993,33.22677
4775,2,14,1994,33.32466
4775,2,14,1995,33.34589
4775,2,14,1996,33.42275
4775,2,14,1997,33.777
4775,2,14,1998,34.01836
4775,2,14,1999,34.15366
4775,2,14,2000,34.31659
4775,2,14,2001,34.65235
4775,2,14,2002,34.86778
4775,2,14,2003,35.02518
4775,2,14,2004,35.14263
4775,2,14,2005,35.56914
4775,2,14,2006,35.64805
4775,2,14,2007,35.83131
4775,2,14,2008,36.03033
4775,2,14,2009,36.04688
4775,2,14,2010,36.13631
4775,2,14,2011,36.218
4775,2,14,2012,36.5423
4775,2,14,2013,36.60671
4775,2,14,2014,36.81051
4775,2,14,2015,36.86308
4775,2,14,2016,36.84652
4775,2,14,2017,37.21143
4775,2,14,2018,37.79889
4775,2,14,2019,38.31538
4775,3,14,1950,26.63192
4775,3,14,1951,26.74003
4775,3,14,1952,26.79165
4775,3,14,1953,27.0263
4775,3,14,1954,27.25192
4775,3,14,1955,27.39747
4775,3,14,1956,27.32826
4775,3,14,1957,27.44268
4775,3,14,1958,27.56528
4775,3,14,1959,27.73413
4775,3,14,1960,27.91929
4775,3,14,1961,28.0435
4775,3,14,1962,28.21211
4775,3,14,1963,28.27144
4775,3,14,1964,28.34348
4775,3,14,1965,28.44189
4775,3,14,1966,28.52105
4775,3,14,1967,28.52097
4775,3,14,1968,28.65769
4775,3,14,1969,28.75621
4775,3,14,1970,28.76954
4775,3,14,1971,28.87301
4775,3,14,1972,29.00116
4775,3,14,1973,28.96565
4775,3,14,1974,28.96737
4775,3,14,1975,28.87327
4775,3,14,1976,28.86263
4775,3,14,1977,28.8057
4775,3,14,1978,28.57914
4775,3,14,1979,28.44889
4775,3,14,1980,28.48558
4775,3,14,1981,28.65592
4775,3,14,1982,28.81106
4775,3,14,1983,28.82068
4775,3,14,1984,28.68379
4775,3,14,1985,28.84507
4775,3,14,1986,28.95138
4775,3,14,1987,29.14127
4775,3,14,1988,29.23441
4775,3,14,1989,29.67264
4775,3,14,1990,30.12702
4775,3,14,1991,30.67846
4775,3,14,1992,30.66277
4775,3,14,1993,30.48247
4775,3,14,1994,30.59692
4775,3,14,1995,30.63175
4775,3,14,1996,30.68241
4775,3,14,1997,31.07503
4775,3,14,1998,31.3062
4775,3,14,1999,31.3894
4775,3,14,2000,31.58769
4775,3,14,2001,31.95086
4775,3,14,2002,32.20763
4775,3,14,2003,32.30294
4775,3,14,2004,32.48718
4775,3,14,2005,32.95935
4775,3,14,2006,33.06754
4775,3,14,2007,33.34146
4775,3,14,2008,33.49196
4775,3,14,2009,33.53874
4775,3,14,2010,33.65804
4775,3,14,2011,33.80239
4775,3,14,2012,34.13956
4775,3,14,2013,34.24623
4775,3,14,2014,34.47031
4775,3,14,2015,34.59943
4775,3,14,2016,34.56881
4775,3,14,2017,35.05875
4775,3,14,2018,35.75305
4775,3,14,2019,36.17697
4776,1,14,1950,22.84792
4776,1,14,1951,22.96173
4776,1,14,1952,23.28124
4776,1,14,1953,23.35892
4776,1,14,1954,23.67488
4776,1,14,1955,23.8338
4776,1,14,1956,24.09906
4776,1,14,1957,24.3158
4776,1,14,1958,24.54797
4776,1,14,1959,24.87822
4776,1,14,1960,25.05433
4776,1,14,1961,25.42357
4776,1,14,1962,25.70809
4776,1,14,1963,25.90302
4776,1,14,1964,26.28335
4776,1,14,1965,26.48328
4776,1,14,1966,26.55765
4776,1,14,1967,26.98093
4776,1,14,1968,27.314
4776,1,14,1969,27.70546
4776,1,14,1970,28.24027
4776,1,14,1971,28.49774
4776,1,14,1972,28.88841
4776,1,14,1973,29.40621
4776,1,14,1974,29.90543
4776,1,14,1975,30.33914
4776,1,14,1976,30.58685
4776,1,14,1977,31.08631
4776,1,14,1978,31.53636
4776,1,14,1979,31.83212
4776,1,14,1980,32.09954
4776,1,14,1981,32.34868
4776,1,14,1982,32.57956
4776,1,14,1983,32.57448
4776,1,14,1984,32.69673
4776,1,14,1985,32.4923
4776,1,14,1986,32.44342
4776,1,14,1987,32.45302
4776,1,14,1988,32.27325
4776,1,14,1989,32.23744
4776,1,14,1990,32.4144
4776,1,14,1991,32.65994
4776,1,14,1992,32.71657
4776,1,14,1993,32.90572
4776,1,14,1994,33.39984
4776,1,14,1995,33.37001
4776,1,14,1996,33.21712
4776,1,14,1997,33.36313
4776,1,14,1998,33.78867
4776,1,14,1999,34.02662
4776,1,14,2000,34.31913
4776,1,14,2001,34.68366
4776,1,14,2002,35.01245
4776,1,14,2003,35.17586
4776,1,14,2004,35.21243
4776,1,14,2005,35.15266
4776,1,14,2006,35.29955
4776,1,14,2007,35.81132
4776,1,14,2008,35.75672
4776,1,14,2009,35.69768
4776,1,14,2010,35.0795
4776,1,14,2011,34.97638
4776,1,14,2012,34.84019
4776,1,14,2013,34.25462
4776,1,14,2014,33.69252
4776,1,14,2015,33.66646
4776,1,14,2016,33.64369
4776,1,14,2017,33.77747
4776,1,14,2018,33.90537
4776,1,14,2019,34.06784
4776,2,14,1950,28.60152
4776,2,14,1951,28.81725
4776,2,14,1952,29.0016
4776,2,14,1953,29.03764
4776,2,14,1954,29.21295
4776,2,14,1955,29.34847
4776,2,14,1956,29.59421
4776,2,14,1957,29.78304
4776,2,14,1958,29.98148
4776,2,14,1959,30.16153
4776,2,14,1960,30.36239
4776,2,14,1961,30.62061
4776,2,14,1962,30.94491
4776,2,14,1963,31.1539
4776,2,14,1964,31.30265
4776,2,14,1965,31.53992
4776,2,14,1966,31.62265
4776,2,14,1967,31.91691
4776,2,14,1968,32.17889
4776,2,14,1969,32.50582
4776,2,14,1970,32.80168
4776,2,14,1971,33.17575
4776,2,14,1972,33.52601
4776,2,14,1973,33.94492
4776,2,14,1974,34.23175
4776,2,14,1975,34.47634
4776,2,14,1976,34.8088
4776,2,14,1977,35.14951
4776,2,14,1978,35.4185
4776,2,14,1979,35.48735
4776,2,14,1980,35.58415
4776,2,14,1981,35.75878
4776,2,14,1982,35.88739
4776,2,14,1983,35.89748
4776,2,14,1984,35.81244
4776,2,14,1985,35.77089
4776,2,14,1986,35.81464
4776,2,14,1987,35.7537
4776,2,14,1988,35.63214
4776,2,14,1989,35.64978
4776,2,14,1990,35.51811
4776,2,14,1991,35.39076
4776,2,14,1992,35.46843
4776,2,14,1993,35.8051
4776,2,14,1994,35.91176
4776,2,14,1995,35.82569
4776,2,14,1996,36.00294
4776,2,14,1997,36.22428
4776,2,14,1998,36.34823
4776,2,14,1999,36.36848
4776,2,14,2000,36.47338
4776,2,14,2001,36.71787
4776,2,14,2002,37.04619
4776,2,14,2003,37.62185
4776,2,14,2004,38.04208
4776,2,14,2005,38.25769
4776,2,14,2006,38.37742
4776,2,14,2007,38.43718
4776,2,14,2008,38.65433
4776,2,14,2009,39.10321
4776,2,14,2010,39.34527
4776,2,14,2011,39.27203
4776,2,14,2012,39.03312
4776,2,14,2013,38.87457
4776,2,14,2014,38.90115
4776,2,14,2015,39.02802
4776,2,14,2016,39.14919
4776,2,14,2017,39.18129
4776,2,14,2018,39.25221
4776,2,14,2019,39.3933
4776,3,14,1950,24.64374
4776,3,14,1951,24.81695
4776,3,14,1952,24.97716
4776,3,14,1953,25.21743
4776,3,14,1954,25.29471
4776,3,14,1955,25.51947
4776,3,14,1956,25.76549
4776,3,14,1957,26.05158
4776,3,14,1958,26.15649
4776,3,14,1959,26.40065
4776,3,14,1960,26.62472
4776,3,14,1961,26.91209
4776,3,14,1962,27.15049
4776,3,14,1963,27.51913
4776,3,14,1964,27.69206
4776,3,14,1965,27.95757
4776,3,14,1966,28.18324
4776,3,14,1967,28.47226
4776,3,14,1968,28.72749
4776,3,14,1969,29.13677
4776,3,14,1970,29.57757
4776,3,14,1971,29.92362
4776,3,14,1972,30.2722
4776,3,14,1973,30.79124
4776,3,14,1974,31.15907
4776,3,14,1975,31.40815
4776,3,14,1976,31.73939
4776,3,14,1977,32.22361
4776,3,14,1978,32.61307
4776,3,14,1979,32.90369
4776,3,14,1980,33.12755
4776,3,14,1981,33.33884
4776,3,14,1982,33.45648
4776,3,14,1983,33.50412
4776,3,14,1984,33.5627
4776,3,14,1985,33.52931
4776,3,14,1986,33.6294
4776,3,14,1987,33.53557
4776,3,14,1988,33.4321
4776,3,14,1989,33.43008
4776,3,14,1990,33.4808
4776,3,14,1991,33.58522
4776,3,14,1992,33.71615
4776,3,14,1993,34.00204
4776,3,14,1994,34.32741
4776,3,14,1995,34.28402
4776,3,14,1996,34.25143
4776,3,14,1997,34.4351
4776,3,14,1998,34.73145
4776,3,14,1999,34.85258
4776,3,14,2000,35.07865
4776,3,14,2001,35.33754
4776,3,14,2002,35.72008
4776,3,14,2003,36.021
4776,3,14,2004,36.24888
4776,3,14,2005,36.27662
4776,3,14,2006,36.44276
4776,3,14,2007,36.73027
4776,3,14,2008,36.76229
4776,3,14,2009,36.94934
4776,3,14,2010,36.67252
4776,3,14,2011,36.5904
4776,3,14,2012,36.40997
4776,3,14,2013,35.95773
4776,3,14,2014,35.59832
4776,3,14,2015,35.60803
4776,3,14,2016,35.71069
4776,3,14,2017,35.80787
4776,3,14,2018,35.87912
4776,3,14,2019,36.04168
4940,1,14,1950,30.32159
4940,1,14,1951,30.56529
4940,1,14,1952,30.75812
4940,1,14,1953,30.79665
4940,1,14,1954,30.91802
4940,1,14,1955,30.96789
4940,1,14,1956,30.93044
4940,1,14,1957,30.89948
4940,1,14,1958,31.1842
4940,1,14,1959,31.1752
4940,1,14,1960,31.00365
4940,1,14,1961,31.09941
4940,1,14,1962,31.08751
4940,1,14,1963,31.15696
4940,1,14,1964,31.17142
4940,1,14,1965,31.21347
4940,1,14,1966,31.21982
4940,1,14,1967,31.11686
4940,1,14,1968,31.14841
4940,1,14,1969,31.16087
4940,1,14,1970,31.35351
4940,1,14,1971,31.2478
4940,1,14,1972,31.11374
4940,1,14,1973,31.09589
4940,1,14,1974,31.04324
4940,1,14,1975,30.97541
4940,1,14,1976,30.9578
4940,1,14,1977,30.98948
4940,1,14,1978,31.00335
4940,1,14,1979,30.92919
4940,1,14,1980,30.95611
4940,1,14,1981,31.0913
4940,1,14,1982,31.26816
4940,1,14,1983,31.45376
4940,1,14,1984,31.59466
4940,1,14,1985,31.64218
4940,1,14,1986,31.82694
4940,1,14,1987,32.06962
4940,1,14,1988,32.26343
4940,1,14,1989,32.54132
4940,1,14,1990,32.66123
4940,1,14,1991,32.63565
4940,1,14,1992,32.89961
4940,1,14,1993,33.03016
4940,1,14,1994,33.33626
4940,1,14,1995,33.48073
4940,1,14,1996,33.60922
4940,1,14,1997,33.77488
4940,1,14,1998,33.99191
4940,1,14,1999,34.15274
4940,1,14,2000,34.46248
4940,1,14,2001,34.61556
4940,1,14,2002,34.76664
4940,1,14,2003,35.01819
4940,1,14,2004,35.17299
4940,1,14,2005,35.42695
4940,1,14,2006,35.6808
4940,1,14,2007,35.83848
4940,1,14,2008,36.11233
4940,1,14,2009,36.28189
4940,1,14,2010,36.49308
4940,1,14,2011,36.60647
4940,1,14,2012,36.74471
4940,1,14,2013,36.93061
4940,1,14,2014,37.20717
4940,1,14,2015,37.2806
4940,1,14,2016,37.42541
4940,1,14,2017,37.49017
4940,1,14,2018,37.64997
4940,1,14,2019,37.75459
4940,2,14,1950,31.83266
4940,2,14,1951,32.01135
4940,2,14,1952,32.26055
4940,2,14,1953,32.36732
4940,2,14,1954,32.69665
4940,2,14,1955,32.90647
4940,2,14,1956,33.05852
4940,2,14,1957,33.03989
4940,2,14,1958,33.3122
4940,2,14,1959,33.55314
4940,2,14,1960,33.53252
4940,2,14,1961,33.74313
4940,2,14,1962,33.8966
4940,2,14,1963,34.09033
4940,2,14,1964,34.26749
4940,2,14,1965,34.44827
4940,2,14,1966,34.60862
4940,2,14,1967,34.66671
4940,2,14,1968,34.74106
4940,2,14,1969,34.90156
4940,2,14,1970,35.26087
4940,2,14,1971,35.42297
4940,2,14,1972,35.55679
4940,2,14,1973,35.70267
4940,2,14,1974,35.74879
4940,2,14,1975,35.79623
4940,2,14,1976,35.88425
4940,2,14,1977,36.02303
4940,2,14,1978,36.1172
4940,2,14,1979,36.0724
4940,2,14,1980,36.09178
4940,2,14,1981,36.33239
4940,2,14,1982,36.51065
4940,2,14,1983,36.75085
4940,2,14,1984,36.87876
4940,2,14,1985,36.85501
4940,2,14,1986,37.01597
4940,2,14,1987,37.16974
4940,2,14,1988,37.22153
4940,2,14,1989,37.48652
4940,2,14,1990,37.48525
4940,2,14,1991,37.54461
4940,2,14,1992,37.5736
4940,2,14,1993,37.63752
4940,2,14,1994,37.93497
4940,2,14,1995,38.04698
4940,2,14,1996,38.12179
4940,2,14,1997,38.33977
4940,2,14,1998,38.39525
4940,2,14,1999,38.43237
4940,2,14,2000,38.44901
4940,2,14,2001,38.53911
4940,2,14,2002,38.65596
4940,2,14,2003,38.89481
4940,2,14,2004,39.04704
4940,2,14,2005,39.19866
4940,2,14,2006,39.25693
4940,2,14,2007,39.36186
4940,2,14,2008,39.50064
4940,2,14,2009,39.61328
4940,2,14,2010,39.7551
4940,2,14,2011,39.79068
4940,2,14,2012,39.89495
4940,2,14,2013,40.0219
4940,2,14,2014,40.17098
4940,2,14,2015,40.28462
4940,2,14,2016,40.29214
4940,2,14,2017,40.31483
4940,2,14,2018,40.39644
4940,2,14,2019,40.61841
4940,3,14,1950,30.88894
4940,3,14,1951,31.12613
4940,3,14,1952,31.33422
4940,3,14,1953,31.36873
4940,3,14,1954,31.58783
4940,3,14,1955,31.77607
4940,3,14,1956,31.81131
4940,3,14,1957,31.80078
4940,3,14,1958,32.06569
4940,3,14,1959,32.19944
4940,3,14,1960,32.10425
4940,3,14,1961,32.20701
4940,3,14,1962,32.28657
4940,3,14,1963,32.41095
4940,3,14,1964,32.52684
4940,3,14,1965,32.66138
4940,3,14,1966,32.68737
4940,3,14,1967,32.6938
4940,3,14,1968,32.72019
4940,3,14,1969,32.83089
4940,3,14,1970,33.08281
4940,3,14,1971,33.13242
4940,3,14,1972,33.12161
4940,3,14,1973,33.16232
4940,3,14,1974,33.18115
4940,3,14,1975,33.19915
4940,3,14,1976,33.21756
4940,3,14,1977,33.33901
4940,3,14,1978,33.41187
4940,3,14,1979,33.38349
4940,3,14,1980,33.43861
4940,3,14,1981,33.62865
4940,3,14,1982,33.81284
4940,3,14,1983,34.02212
4940,3,14,1984,34.16474
4940,3,14,1985,34.18649
4940,3,14,1986,34.36252
4940,3,14,1987,34.55686
4940,3,14,1988,34.69345
4940,3,14,1989,34.96995
4940,3,14,1990,35.03748
4940,3,14,1991,35.06601
4940,3,14,1992,35.22794
4940,3,14,1993,35.32867
4940,3,14,1994,35.62212
4940,3,14,1995,35.76505
4940,3,14,1996,35.87391
4940,3,14,1997,36.05701
4940,3,14,1998,36.19992
4940,3,14,1999,36.30214
4940,3,14,2000,36.48051
4940,3,14,2001,36.5963
4940,3,14,2002,36.72276
4940,3,14,2003,36.97243
4940,3,14,2004,37.13569
4940,3,14,2005,37.329
4940,3,14,2006,37.48382
4940,3,14,2007,37.61688
4940,3,14,2008,37.82206
4940,3,14,2009,37.96094
4940,3,14,2010,38.1342
4940,3,14,2011,38.20164
4940,3,14,2012,38.31844
4940,3,14,2013,38.46451
4940,3,14,2014,38.67717
4940,3,14,2015,38.7695
4940,3,14,2016,38.84317
4940,3,14,2017,38.88588
4940,3,14,2018,38.96173
4940,3,14,2019,39.10742
4944,1,14,1950,31.82559
4944,1,14,1951,32.22539
4944,1,14,1952,32.4915
4944,1,14,1953,32.4125
4944,1,14,1954,32.50496
4944,1,14,1955,32.76239
4944,1,14,1956,32.49122
4944,1,14,1957,32.50726
4944,1,14,1958,32.94224
4944,1,14,1959,32.84541
4944,1,14,1960,32.56565
4944,1,14,1961,32.60465
4944,1,14,1962,32.57328
4944,1,14,1963,32.68513
4944,1,14,1964,32.87476
4944,1,14,1965,32.64698
4944,1,14,1966,32.57526
4944,1,14,1967,32.54483
4944,1,14,1968,32.61034
4944,1,14,1969,32.41965
4944,1,14,1970,32.56205
4944,1,14,1971,32.27556
4944,1,14,1972,32.1741
4944,1,14,1973,32.19785
4944,1,14,1974,31.98977
4944,1,14,1975,31.82376
4944,1,14,1976,31.34836
4944,1,14,1977,31.10161
4944,1,14,1978,30.88492
4944,1,14,1979,30.20043
4944,1,14,1980,29.74386
4944,1,14,1981,29.90237
4944,1,14,1982,30.29487
4944,1,14,1983,30.6119
4944,1,14,1984,30.80236
4944,1,14,1985,30.7574
4944,1,14,1986,30.90573
4944,1,14,1987,31.26817
4944,1,14,1988,31.66737
4944,1,14,1989,31.99429
4944,1,14,1990,31.55964
4944,1,14,1991,31.97327
4944,1,14,1992,32.14089
4944,1,14,1993,32.38318
4944,1,14,1994,32.71724
4944,1,14,1995,32.81529
4944,1,14,1996,33.25865
4944,1,14,1997,33.48354
4944,1,14,1998,33.5006
4944,1,14,1999,33.72346
4944,1,14,2000,33.98116
4944,1,14,2001,34.35287
4944,1,14,2002,34.5124
4944,1,14,2003,34.42326
4944,1,14,2004,34.61604
4944,1,14,2005,34.99139
4944,1,14,2006,35.1582
4944,1,14,2007,35.72053
4944,1,14,2008,35.83808
4944,1,14,2009,36.02443
4944,1,14,2010,36.09056
4944,1,14,2011,36.48104
4944,1,14,2012,36.8373
4944,1,14,2013,37.093
4944,1,14,2014,37.08278
4944,1,14,2015,37.18758
4944,1,14,2016,37.42168
4944,1,14,2017,37.57228
4944,1,14,2018,38.10243
4944,1,14,2019,38.66472
4944,2,14,1950,33.75301
4944,2,14,1951,33.82251
4944,2,14,1952,34.14087
4944,2,14,1953,34.33008
4944,2,14,1954,34.5188
4944,2,14,1955,34.81033
4944,2,14,1956,34.88647
4944,2,14,1957,34.92235
4944,2,14,1958,35.16918
4944,2,14,1959,35.24005
4944,2,14,1960,35.20797
4944,2,14,1961,35.56204
4944,2,14,1962,35.52887
4944,2,14,1963,35.89783
4944,2,14,1964,36.10166
4944,2,14,1965,35.97369
4944,2,14,1966,36.1766
4944,2,14,1967,35.98876
4944,2,14,1968,36.11204
4944,2,14,1969,36.24099
4944,2,14,1970,36.58112
4944,2,14,1971,36.62055
4944,2,14,1972,36.64587
4944,2,14,1973,36.61493
4944,2,14,1974,36.74584
4944,2,14,1975,36.63198
4944,2,14,1976,36.71752
4944,2,14,1977,36.64412
4944,2,14,1978,36.54037
4944,2,14,1979,36.31163
4944,2,14,1980,35.95277
4944,2,14,1981,35.91394
4944,2,14,1982,36.15299
4944,2,14,1983,36.54435
4944,2,14,1984,36.78905
4944,2,14,1985,36.87547
4944,2,14,1986,36.97227
4944,2,14,1987,37.18491
4944,2,14,1988,37.15845
4944,2,14,1989,37.37776
4944,2,14,1990,37.13887
4944,2,14,1991,37.25603
4944,2,14,1992,37.51206
4944,2,14,1993,37.74656
4944,2,14,1994,37.76303
4944,2,14,1995,38.2433
4944,2,14,1996,38.18895
4944,2,14,1997,38.22864
4944,2,14,1998,38.30657
4944,2,14,1999,38.33876
4944,2,14,2000,38.59003
4944,2,14,2001,38.64762
4944,2,14,2002,38.62171
4944,2,14,2003,38.81104
4944,2,14,2004,38.95927
4944,2,14,2005,39.35704
4944,2,14,2006,39.35993
4944,2,14,2007,39.34129
4944,2,14,2008,39.64405
4944,2,14,2009,39.78274
4944,2,14,2010,39.94116
4944,2,14,2011,40.05645
4944,2,14,2012,40.14065
4944,2,14,2013,40.26508
4944,2,14,2014,40.33537
4944,2,14,2015,40.59765
4944,2,14,2016,40.45256
4944,2,14,2017,40.6102
4944,2,14,2018,40.90112
4944,2,14,2019,41.53576
4944,3,14,1950,32.09791
4944,3,14,1951,32.38662
4944,3,14,1952,32.63383
4944,3,14,1953,32.49906
4944,3,14,1954,32.71693
4944,3,14,1955,33.11826
4944,3,14,1956,33.03704
4944,3,14,1957,32.828
4944,3,14,1958,33.17456
4944,3,14,1959,33.38433
4944,3,14,1960,33.2223
4944,3,14,1961,33.34044
4944,3,14,1962,33.35492
4944,3,14,1963,33.63864
4944,3,14,1964,33.68451
4944,3,14,1965,33.67708
4944,3,14,1966,33.7677
4944,3,14,1967,33.75922
4944,3,14,1968,33.69743
4944,3,14,1969,33.69358
4944,3,14,1970,34.01917
4944,3,14,1971,33.99538
4944,3,14,1972,33.89995
4944,3,14,1973,33.99199
4944,3,14,1974,33.97489
4944,3,14,1975,33.83881
4944,3,14,1976,33.66435
4944,3,14,1977,33.68912
4944,3,14,1978,33.50528
4944,3,14,1979,33.16779
4944,3,14,1980,32.90461
4944,3,14,1981,32.99028
4944,3,14,1982,33.29874
4944,3,14,1983,33.66993
4944,3,14,1984,33.87977
4944,3,14,1985,33.89984
4944,3,14,1986,33.99244
4944,3,14,1987,34.17679
4944,3,14,1988,34.3468
4944,3,14,1989,34.68562
4944,3,14,1990,34.40303
4944,3,14,1991,34.69109
4944,3,14,1992,34.91364
4944,3,14,1993,35.13633
4944,3,14,1994,35.33393
4944,3,14,1995,35.57945
4944,3,14,1996,35.79635
4944,3,14,1997,35.93992
4944,3,14,1998,35.9734
4944,3,14,1999,36.10802
4944,3,14,2000,36.34402
4944,3,14,2001,36.54375
4944,3,14,2002,36.61947
4944,3,14,2003,36.6351
4944,3,14,2004,36.8033
4944,3,14,2005,37.19285
4944,3,14,2006,37.25856
4944,3,14,2007,37.55162
4944,3,14,2008,37.74619
4944,3,14,2009,37.91999
4944,3,14,2010,38.00049
4944,3,14,2011,38.26957
4944,3,14,2012,38.475
4944,3,14,2013,38.65583
4944,3,14,2014,38.68424
4944,3,14,2015,38.84753
4944,3,14,2016,38.89407
4944,3,14,2017,39.06324
4944,3,14,2018,39.36796
4944,3,14,2019,39.76835
35424,1,14,1950,27.1953
35424,1,14,1951,28.14725
35424,1,14,1952,28.82167
35424,1,14,1953,28.70069
35424,1,14,1954,28.86901
35424,1,14,1955,29.20893
35424,1,14,1956,28.84208
35424,1,14,1957,28.66898
35424,1,14,1958,29.45657
35424,1,14,1959,29.51372
35424,1,14,1960,29.45518
35424,1,14,1961,29.4204
35424,1,14,1962,29.43087
35424,1,14,1963,29.91536
35424,1,14,1964,30.02569
35424,1,14,1965,30.09723
35424,1,14,1966,30.48963
35424,1,14,1967,30.64094
35424,1,14,1968,30.83101
35424,1,14,1969,30.73702
35424,1,14,1970,30.78818
35424,1,14,1971,31.17322
35424,1,14,1972,31.32442
35424,1,14,1973,31.41251
35424,1,14,1974,31.44593
35424,1,14,1975,31.44087
35424,1,14,1976,31.48519
35424,1,14,1977,31.5763
35424,1,14,1978,31.4022
35424,1,14,1979,31.11186
35424,1,14,1980,31.39633
35424,1,14,1981,31.41086
35424,1,14,1982,31.91831
35424,1,14,1983,31.83849
35424,1,14,1984,32.21978
35424,1,14,1985,32.40858
35424,1,14,1986,32.72948
35424,1,14,1987,33.05736
35424,1,14,1988,33.07149
35424,1,14,1989,33.24356
35424,1,14,1990,33.31224
35424,1,14,1991,33.53272
35424,1,14,1992,33.56728
35424,1,14,1993,33.58278
35424,1,14,1994,33.96133
35424,1,14,1995,34.04039
35424,1,14,1996,34.33486
35424,1,14,1997,34.611
35424,1,14,1998,34.64496
35424,1,14,1999,34.62385
35424,1,14,2000,34.88754
35424,1,14,2001,35.3367
35424,1,14,2002,35.55518
35424,1,14,2003,35.5971
35424,1,14,2004,35.61693
35424,1,14,2005,35.5781
35424,1,14,2006,35.88221
35424,1,14,2007,35.99824
35424,1,14,2008,36.21665
35424,1,14,2009,36.34609
35424,1,14,2010,36.40808
35424,1,14,2011,36.61827
35424,1,14,2012,36.69965
35424,1,14,2013,37.02874
35424,1,14,2014,37.17008
35424,1,14,2015,37.4127
35424,1,14,2016,37.40784
35424,1,14,2017,37.8187
35424,1,14,2018,38.31813
35424,1,14,2019,38.93165
35424,2,14,1950,30.24104
35424,2,14,1951,30.79266
35424,2,14,1952,31.51697
35424,2,14,1953,31.57711
35424,2,14,1954,32.02022
35424,2,14,1955,32.5043
35424,2,14,1956,32.11433
35424,2,14,1957,32.12456
35424,2,14,1958,32.98685
35424,2,14,1959,33.10196
35424,2,14,1960,33.02259
35424,2,14,1961,33.07605
35424,2,14,1962,33.16243
35424,2,14,1963,33.60743
35424,2,14,1964,33.76315
35424,2,14,1965,33.9121
35424,2,14,1966,34.2173
35424,2,14,1967,34.4806
35424,2,14,1968,34.68986
35424,2,14,1969,34.74388
35424,2,14,1970,34.69809
35424,2,14,1971,35.19893
35424,2,14,1972,35.45335
35424,2,14,1973,35.4454
35424,2,14,1974,35.43342
35424,2,14,1975,35.67187
35424,2,14,1976,35.74105
35424,2,14,1977,35.89161
35424,2,14,1978,35.86913
35424,2,14,1979,35.6788
35424,2,14,1980,35.7596
35424,2,14,1981,36.03822
35424,2,14,1982,36.4679
35424,2,14,1983,36.78171
35424,2,14,1984,37.08564
35424,2,14,1985,37.30032
35424,2,14,1986,37.98588
35424,2,14,1987,38.2725
35424,2,14,1988,38.22476
35424,2,14,1989,38.47913
35424,2,14,1990,38.79177
35424,2,14,1991,39.06071
35424,2,14,1992,39.27735
35424,2,14,1993,39.3911
35424,2,14,1994,39.90752
35424,2,14,1995,40.01683
35424,2,14,1996,40.30975
35424,2,14,1997,40.79454
35424,2,14,1998,40.96863
35424,2,14,1999,40.94588
35424,2,14,2000,41.48824
35424,2,14,2001,41.90233
35424,2,14,2002,42.08939
35424,2,14,2003,42.12439
35424,2,14,2004,42.23203
35424,2,14,2005,42.34598
35424,2,14,2006,42.37777
35424,2,14,2007,42.55347
35424,2,14,2008,42.60725
35424,2,14,2009,42.72164
35424,2,14,2010,42.82247
35424,2,14,2011,42.79811
35424,2,14,2012,42.96848
35424,2,14,2013,42.99433
35424,2,14,2014,43.1431
35424,2,14,2015,43.33502
35424,2,14,2016,43.4151
35424,2,14,2017,43.69336
35424,2,14,2018,44.03416
35424,2,14,2019,44.35928
35424,3,14,1950,27.96528
35424,3,14,1951,28.74724
35424,3,14,1952,29.43441
35424,3,14,1953,29.37493
35424,3,14,1954,29.64857
35424,3,14,1955,30.13716
35424,3,14,1956,29.77006
35424,3,14,1957,29.63748
35424,3,14,1958,30.27115
35424,3,14,1959,30.44979
35424,3,14,1960,30.37928
35424,3,14,1961,30.48489
35424,3,14,1962,30.6116
35424,3,14,1963,31.14893
35424,3,14,1964,31.21752
35424,3,14,1965,31.29641
35424,3,14,1966,31.58523
35424,3,14,1967,31.86842
35424,3,14,1968,31.9246
35424,3,14,1969,31.99242
35424,3,14,1970,32.18176
35424,3,14,1971,32.51797
35424,3,14,1972,32.81793
35424,3,14,1973,32.88397
35424,3,14,1974,33.00588
35424,3,14,1975,33.15025
35424,3,14,1976,33.19469
35424,3,14,1977,33.4807
35424,3,14,1978,33.45464
35424,3,14,1979,33.32984
35424,3,14,1980,33.534
35424,3,14,1981,33.68008
35424,3,14,1982,34.17415
35424,3,14,1983,34.28044
35424,3,14,1984,34.62008
35424,3,14,1985,34.83946
35424,3,14,1986,35.33734
35424,3,14,1987,35.67202
35424,3,14,1988,35.65798
35424,3,14,1989,35.87655
35424,3,14,1990,36.05611
35424,3,14,1991,36.31925
35424,3,14,1992,36.43914
35424,3,14,1993,36.50508
35424,3,14,1994,36.97338
35424,3,14,1995,37.0485
35424,3,14,1996,37.36217
35424,3,14,1997,37.74568
35424,3,14,1998,37.84911
35424,3,14,1999,37.84787
35424,3,14,2000,38.24174
35424,3,14,2001,38.6835
35424,3,14,2002,38.9144
35424,3,14,2003,38.93445
35424,3,14,2004,38.98418
35424,3,14,2005,39.02312
35424,3,14,2006,39.20794
35424,3,14,2007,39.34388
35424,3,14,2008,39.49242
35424,3,14,2009,39.6128
35424,3,14,2010,39.68292
35424,3,14,2011,39.76922
35424,3,14,2012,39.90354
35424,3,14,2013,40.0698
35424,3,14,2014,40.21291
35424,3,14,2015,40.44085
35424,3,14,2016,40.48247
35424,3,14,2017,40.82297
35424,3,14,2018,41.1341
35424,3,14,2019,41.49728
35425,1,14,1950,25.40864
35425,1,14,1951,26.46159
35425,1,14,1952,27.19518
35425,1,14,1953,27.24985
35425,1,14,1954,27.48084
35425,1,14,1955,27.69091
35425,1,14,1956,27.43213
35425,1,14,1957,27.17806
35425,1,14,1958,27.87382
35425,1,14,1959,28.03826
35425,1,14,1960,27.9668
35425,1,14,1961,27.96664
35425,1,14,1962,28.10835
35425,1,14,1963,28.55752
35425,1,14,1964,28.8508
35425,1,14,1965,28.64932
35425,1,14,1966,29.22268
35425,1,14,1967,29.56477
35425,1,14,1968,29.5584
35425,1,14,1969,29.52097
35425,1,14,1970,29.65629
35425,1,14,1971,30.13757
35425,1,14,1972,30.50874
35425,1,14,1973,30.4038
35425,1,14,1974,30.57903
35425,1,14,1975,30.73421
35425,1,14,1976,30.6657
35425,1,14,1977,30.75606
35425,1,14,1978,30.65457
35425,1,14,1979,30.40076
35425,1,14,1980,30.59675
35425,1,14,1981,30.95537
35425,1,14,1982,31.06351
35425,1,14,1983,31.09844
35425,1,14,1984,31.2861
35425,1,14,1985,31.73132
35425,1,14,1986,32.2062
35425,1,14,1987,32.3604
35425,1,14,1988,32.39615
35425,1,14,1989,32.64566
35425,1,14,1990,32.3749
35425,1,14,1991,32.34685
35425,1,14,1992,32.59511
35425,1,14,1993,32.77663
35425,1,14,1994,32.82268
35425,1,14,1995,32.80799
35425,1,14,1996,33.07495
35425,1,14,1997,33.44086
35425,1,14,1998,33.34949
35425,1,14,1999,33.5635
35425,1,14,2000,33.63452
35425,1,14,2001,33.74789
35425,1,14,2002,34.03523
35425,1,14,2003,34.00639
35425,1,14,2004,34.03512
35425,1,14,2005,34.10957
35425,1,14,2006,34.57287
35425,1,14,2007,34.87711
35425,1,14,2008,34.97488
35425,1,14,2009,35.01317
35425,1,14,2010,35.11936
35425,1,14,2011,35.29525
35425,1,14,2012,35.64718
35425,1,14,2013,35.66445
35425,1,14,2014,36.13295
35425,1,14,2015,36.4577
35425,1,14,2016,36.73155
35425,1,14,2017,37.07872
35425,1,14,2018,37.54679
35425,1,14,2019,38.09121
35425,2,14,1950,29.87911
35425,2,14,1951,30.66182
35425,2,14,1952,31.10378
35425,2,14,1953,31.26903
35425,2,14,1954,31.8828
35425,2,14,1955,32.29987
35425,2,14,1956,31.99746
35425,2,14,1957,31.85347
35425,2,14,1958,32.53711
35425,2,14,1959,32.65395
35425,2,14,1960,32.75764
35425,2,14,1961,32.79197
35425,2,14,1962,32.97959
35425,2,14,1963,33.51163
35425,2,14,1964,33.60624
35425,2,14,1965,33.65545
35425,2,14,1966,34.1141
35425,2,14,1967,34.42441
35425,2,14,1968,34.58954
35425,2,14,1969,34.64119
35425,2,14,1970,34.72215
35425,2,14,1971,35.27332
35425,2,14,1972,35.4745
35425,2,14,1973,35.34907
35425,2,14,1974,35.48501
35425,2,14,1975,35.61322
35425,2,14,1976,35.88739
35425,2,14,1977,36.12289
35425,2,14,1978,36.08625
35425,2,14,1979,36.05032
35425,2,14,1980,36.13324
35425,2,14,1981,36.57865
35425,2,14,1982,36.94688
35425,2,14,1983,37.04483
35425,2,14,1984,37.2111
35425,2,14,1985,37.57511
35425,2,14,1986,38.04452
35425,2,14,1987,38.35833
35425,2,14,1988,38.43533
35425,2,14,1989,38.50046
35425,2,14,1990,38.85822
35425,2,14,1991,39.3023
35425,2,14,1992,39.48072
35425,2,14,1993,39.48087
35425,2,14,1994,40.06923
35425,2,14,1995,40.01768
35425,2,14,1996,40.19023
35425,2,14,1997,40.45004
35425,2,14,1998,40.6392
35425,2,14,1999,40.64903
35425,2,14,2000,41.00697
35425,2,14,2001,41.28618
35425,2,14,2002,41.4647
35425,2,14,2003,41.54167
35425,2,14,2004,41.66484
35425,2,14,2005,41.78782
35425,2,14,2006,41.96953
35425,2,14,2007,42.08769
35425,2,14,2008,42.14866
35425,2,14,2009,42.32095
35425,2,14,2010,42.30905
35425,2,14,2011,42.33417
35425,2,14,2012,42.38274
35425,2,14,2013,42.63055
35425,2,14,2014,42.90365
35425,2,14,2015,43.24943
35425,2,14,2016,43.32045
35425,2,14,2017,43.52183
35425,2,14,2018,43.72972
35425,2,14,2019,43.86085
35425,3,14,1950,26.95356
35425,3,14,1951,27.79719
35425,3,14,1952,28.66934
35425,3,14,1953,28.56168
35425,3,14,1954,29.01663
35425,3,14,1955,29.25028
35425,3,14,1956,29.03148
35425,3,14,1957,28.80079
35425,3,14,1958,29.42708
35425,3,14,1959,29.77186
35425,3,14,1960,29.64093
35425,3,14,1961,29.70038
35425,3,14,1962,29.81046
35425,3,14,1963,30.41304
35425,3,14,1964,30.59417
35425,3,14,1965,30.64004
35425,3,14,1966,30.94997
35425,3,14,1967,31.21615
35425,3,14,1968,31.38794
35425,3,14,1969,31.50428
35425,3,14,1970,31.73684
35425,3,14,1971,32.24327
35425,3,14,1972,32.55998
35425,3,14,1973,32.52939
35425,3,14,1974,32.67979
35425,3,14,1975,32.87085
35425,3,14,1976,32.98675
35425,3,14,1977,33.29012
35425,3,14,1978,33.25527
35425,3,14,1979,33.23211
35425,3,14,1980,33.39572
35425,3,14,1981,33.80444
35425,3,14,1982,34.05149
35425,3,14,1983,34.10436
35425,3,14,1984,34.28457
35425,3,14,1985,34.71557
35425,3,14,1986,35.20291
35425,3,14,1987,35.43294
35425,3,14,1988,35.48682
35425,3,14,1989,35.66474
35425,3,14,1990,35.68748
35425,3,14,1991,35.86717
35425,3,14,1992,36.08761
35425,3,14,1993,36.19283
35425,3,14,1994,36.5183
35425,3,14,1995,36.48584
35425,3,14,1996,36.70921
35425,3,14,1997,37.02868
35425,3,14,1998,37.07857
35425,3,14,1999,37.19959
35425,3,14,2000,37.3961
35425,3,14,2001,37.59337
35425,3,14,2002,37.82303
35425,3,14,2003,37.83241
35425,3,14,2004,37.90674
35425,3,14,2005,38.02407
35425,3,14,2006,38.34426
35425,3,14,2007,38.58071
35425,3,14,2008,38.63159
35425,3,14,2009,38.72589
35425,3,14,2010,38.76205
35425,3,14,2011,38.85054
35425,3,14,2012,39.05839
35425,3,14,2013,39.15147
35425,3,14,2014,39.55962
35425,3,14,2015,39.88372
35425,3,14,2016,40.08675
35425,3,14,2017,40.28924
35425,3,14,2018,40.59497
35425,3,14,2019,40.77447
35426,1,14,1950,26.60174
35426,1,14,1951,27.52357
35426,1,14,1952,28.24698
35426,1,14,1953,28.21208
35426,1,14,1954,28.36035
35426,1,14,1955,28.82133
35426,1,14,1956,28.44678
35426,1,14,1957,28.19361
35426,1,14,1958,28.87757
35426,1,14,1959,29.00445
35426,1,14,1960,29.01018
35426,1,14,1961,29.08499
35426,1,14,1962,29.2194
35426,1,14,1963,29.77303
35426,1,14,1964,29.94449
35426,1,14,1965,29.85806
35426,1,14,1966,30.16329
35426,1,14,1967,30.47671
35426,1,14,1968,30.6642
35426,1,14,1969,30.70103
35426,1,14,1970,30.75446
35426,1,14,1971,31.24061
35426,1,14,1972,31.4263
35426,1,14,1973,31.57116
35426,1,14,1974,31.71538
35426,1,14,1975,31.75566
35426,1,14,1976,31.90437
35426,1,14,1977,31.97969
35426,1,14,1978,31.79912
35426,1,14,1979,31.50418
35426,1,14,1980,31.39264
35426,1,14,1981,31.77243
35426,1,14,1982,32.13618
35426,1,14,1983,31.94853
35426,1,14,1984,32.20052
35426,1,14,1985,32.49333
35426,1,14,1986,32.59642
35426,1,14,1987,33.08041
35426,1,14,1988,33.22346
35426,1,14,1989,33.34326
35426,1,14,1990,33.3769
35426,1,14,1991,33.33309
35426,1,14,1992,33.50564
35426,1,14,1993,33.4849
35426,1,14,1994,33.8794
35426,1,14,1995,34.13205
35426,1,14,1996,34.26652
35426,1,14,1997,34.43658
35426,1,14,1998,34.24673
35426,1,14,1999,34.30216
35426,1,14,2000,34.93931
35426,1,14,2001,35.0875
35426,1,14,2002,35.1976
35426,1,14,2003,35.11208
35426,1,14,2004,35.17234
35426,1,14,2005,35.14907
35426,1,14,2006,35.47575
35426,1,14,2007,35.78124
35426,1,14,2008,35.77162
35426,1,14,2009,35.92673
35426,1,14,2010,36.08981
35426,1,14,2011,33.273
35426,1,14,2012,36.47162
35426,1,14,2013,36.80551
35426,1,14,2014,37.06928
35426,1,14,2015,37.35918
35426,1,14,2016,37.36577
35426,1,14,2017,37.51945
35426,1,14,2018,38.15787
35426,1,14,2019,38.54861
35426,2,14,1950,29.96876
35426,2,14,1951,30.83025
35426,2,14,1952,31.3147
35426,2,14,1953,31.44717
35426,2,14,1954,31.9797
35426,2,14,1955,32.33696
35426,2,14,1956,32.03527
35426,2,14,1957,32.05176
35426,2,14,1958,32.63203
35426,2,14,1959,32.81624
35426,2,14,1960,32.88979
35426,2,14,1961,32.97505
35426,2,14,1962,33.13397
35426,2,14,1963,33.60511
35426,2,14,1964,33.7098
35426,2,14,1965,33.73747
35426,2,14,1966,34.03749
35426,2,14,1967,34.36842
35426,2,14,1968,34.48616
35426,2,14,1969,34.53794
35426,2,14,1970,34.62298
35426,2,14,1971,35.04672
35426,2,14,1972,35.21937
35426,2,14,1973,35.16475
35426,2,14,1974,35.33685
35426,2,14,1975,35.43833
35426,2,14,1976,35.63246
35426,2,14,1977,35.92641
35426,2,14,1978,36.04843
35426,2,14,1979,36.07044
35426,2,14,1980,36.09593
35426,2,14,1981,36.44777
35426,2,14,1982,36.84196
35426,2,14,1983,37.10356
35426,2,14,1984,37.38619
35426,2,14,1985,37.64771
35426,2,14,1986,37.95758
35426,2,14,1987,38.23119
35426,2,14,1988,38.51262
35426,2,14,1989,38.73623
35426,2,14,1990,38.85065
35426,2,14,1991,39.11504
35426,2,14,1992,39.41621
35426,2,14,1993,39.70172
35426,2,14,1994,39.99115
35426,2,14,1995,40.15656
35426,2,14,1996,40.43281
35426,2,14,1997,40.6365
35426,2,14,1998,40.82636
35426,2,14,1999,41.02565
35426,2,14,2000,41.37212
35426,2,14,2001,41.64774
35426,2,14,2002,41.82661
35426,2,14,2003,41.95264
35426,2,14,2004,42.11219
35426,2,14,2005,42.12996
35426,2,14,2006,42.2314
35426,2,14,2007,42.41459
35426,2,14,2008,42.54647
35426,2,14,2009,42.6593
35426,2,14,2010,42.70413
35426,2,14,2011,39.60841
35426,2,14,2012,42.77178
35426,2,14,2013,42.83667
35426,2,14,2014,42.80091
35426,2,14,2015,42.79604
35426,2,14,2016,42.84297
35426,2,14,2017,43.00931
35426,2,14,2018,43.16301
35426,2,14,2019,43.37236
35426,3,14,1950,27.69164
35426,3,14,1951,28.46965
35426,3,14,1952,29.06989
35426,3,14,1953,29.21212
35426,3,14,1954,29.49672
35426,3,14,1955,29.88682
35426,3,14,1956,29.49935
35426,3,14,1957,29.44586
35426,3,14,1958,29.96247
35426,3,14,1959,30.2233
35426,3,14,1960,30.23319
35426,3,14,1961,30.27264
35426,3,14,1962,30.36417
35426,3,14,1963,30.97806
35426,3,14,1964,31.12181
35426,3,14,1965,31.199
35426,3,14,1966,31.49335
35426,3,14,1967,31.83983
35426,3,14,1968,31.86183
35426,3,14,1969,32.08818
35426,3,14,1970,32.13344
35426,3,14,1971,32.80458
35426,3,14,1972,32.88391
35426,3,14,1973,32.94297
35426,3,14,1974,33.23106
35426,3,14,1975,33.32485
35426,3,14,1976,33.52257
35426,3,14,1977,33.76928
35426,3,14,1978,33.86326
35426,3,14,1979,33.7873
35426,3,14,1980,33.78646
35426,3,14,1981,34.15099
35426,3,14,1982,34.51893
35426,3,14,1983,34.56103
35426,3,14,1984,34.84576
35426,3,14,1985,35.11699
35426,3,14,1986,35.3222
35426,3,14,1987,35.72928
35426,3,14,1988,35.94293
35426,3,14,1989,36.11501
35426,3,14,1990,36.18876
35426,3,14,1991,36.29314
35426,3,14,1992,36.55079
35426,3,14,1993,36.67378
35426,3,14,1994,37.00744
35426,3,14,1995,37.2246
35426,3,14,1996,37.43459
35426,3,14,1997,37.63416
35426,3,14,1998,37.60129
35426,3,14,1999,37.72341
35426,3,14,2000,38.253
35426,3,14,2001,38.46599
35426,3,14,2002,38.5954
35426,3,14,2003,38.59289
35426,3,14,2004,38.70075
35426,3,14,2005,38.7229
35426,3,14,2006,38.92545
35426,3,14,2007,39.16624
35426,3,14,2008,39.20069
35426,3,14,2009,39.30145
35426,3,14,2010,39.43536
35426,3,14,2011,36.39927
35426,3,14,2012,39.64613
35426,3,14,2013,39.86241
35426,3,14,2014,39.94375
35426,3,14,2015,40.11755
35426,3,14,2016,40.10955
35426,3,14,2017,40.22503
35426,3,14,2018,40.4989
35426,3,14,2019,40.85864
35427,1,14,1950,27.37624
35427,1,14,1951,28.048
35427,1,14,1952,28.61981
35427,1,14,1953,28.73687
35427,1,14,1954,28.9104
35427,1,14,1955,29.22874
35427,1,14,1956,28.98239
35427,1,14,1957,28.81386
35427,1,14,1958,29.62418
35427,1,14,1959,29.70408
35427,1,14,1960,29.67209
35427,1,14,1961,29.64819
35427,1,14,1962,29.68031
35427,1,14,1963,29.98393
35427,1,14,1964,30.13609
35427,1,14,1965,30.12197
35427,1,14,1966,30.36052
35427,1,14,1967,30.72061
35427,1,14,1968,30.68873
35427,1,14,1969,30.82078
35427,1,14,1970,30.875
35427,1,14,1971,31.32152
35427,1,14,1972,31.40785
35427,1,14,1973,31.61553
35427,1,14,1974,31.67282
35427,1,14,1975,31.75279
35427,1,14,1976,31.64017
35427,1,14,1977,31.69793
35427,1,14,1978,31.58444
35427,1,14,1979,31.36368
35427,1,14,1980,31.77202
35427,1,14,1981,31.89128
35427,1,14,1982,32.34671
35427,1,14,1983,32.36809
35427,1,14,1984,32.52411
35427,1,14,1985,32.84108
35427,1,14,1986,33.19085
35427,1,14,1987,33.46952
35427,1,14,1988,33.39348
35427,1,14,1989,33.75185
35427,1,14,1990,33.61119
35427,1,14,1991,33.87363
35427,1,14,1992,33.83067
35427,1,14,1993,34.14791
35427,1,14,1994,34.33222
35427,1,14,1995,34.52745
35427,1,14,1996,34.56125
35427,1,14,1997,34.73992
35427,1,14,1998,34.83057
35427,1,14,1999,34.79035
35427,1,14,2000,35.16062
35427,1,14,2001,35.43533
35427,1,14,2002,35.74241
35427,1,14,2003,35.80432
35427,1,14,2004,35.95211
35427,1,14,2005,35.78152
35427,1,14,2006,36.10055
35427,1,14,2007,36.25813
35427,1,14,2008,36.50286
35427,1,14,2009,36.78459
35427,1,14,2010,36.97196
35427,1,14,2011,33.56363
35427,1,14,2012,37.49965
35427,1,14,2013,37.85473
35427,1,14,2014,37.79099
35427,1,14,2015,38.07387
35427,1,14,2016,38.42341
35427,1,14,2017,39.07189
35427,1,14,2018,39.5571
35427,1,14,2019,40.00457
35427,2,14,1950,30.41755
35427,2,14,1951,31.19284
35427,2,14,1952,31.51002
35427,2,14,1953,31.63424
35427,2,14,1954,32.31716
35427,2,14,1955,32.53812
35427,2,14,1956,32.46617
35427,2,14,1957,32.45638
35427,2,14,1958,33.05273
35427,2,14,1959,33.27775
35427,2,14,1960,33.35126
35427,2,14,1961,33.32441
35427,2,14,1962,33.48225
35427,2,14,1963,33.85168
35427,2,14,1964,34.04704
35427,2,14,1965,34.02685
35427,2,14,1966,34.25346
35427,2,14,1967,34.5794
35427,2,14,1968,34.74345
35427,2,14,1969,34.7819
35427,2,14,1970,34.80864
35427,2,14,1971,35.26658
35427,2,14,1972,35.4117
35427,2,14,1973,35.52963
35427,2,14,1974,35.53441
35427,2,14,1975,35.6615
35427,2,14,1976,35.88897
35427,2,14,1977,36.07226
35427,2,14,1978,36.07401
35427,2,14,1979,36.02242
35427,2,14,1980,35.96868
35427,2,14,1981,36.26864
35427,2,14,1982,36.64546
35427,2,14,1983,36.89294
35427,2,14,1984,37.21862
35427,2,14,1985,37.56923
35427,2,14,1986,37.90202
35427,2,14,1987,38.21185
35427,2,14,1988,38.42632
35427,2,14,1989,38.74407
35427,2,14,1990,38.9544
35427,2,14,1991,39.11033
35427,2,14,1992,39.39964
35427,2,14,1993,39.58693
35427,2,14,1994,39.78619
35427,2,14,1995,39.94208
35427,2,14,1996,40.21259
35427,2,14,1997,40.61937
35427,2,14,1998,40.90191
35427,2,14,1999,41.02638
35427,2,14,2000,41.3802
35427,2,14,2001,41.78708
35427,2,14,2002,42.05177
35427,2,14,2003,42.13002
35427,2,14,2004,42.19626
35427,2,14,2005,42.1804
35427,2,14,2006,42.23631
35427,2,14,2007,42.42863
35427,2,14,2008,42.62524
35427,2,14,2009,42.84758
35427,2,14,2010,43.0299
35427,2,14,2011,39.21268
35427,2,14,2012,43.16337
35427,2,14,2013,43.15691
35427,2,14,2014,43.24745
35427,2,14,2015,43.54474
35427,2,14,2016,43.69778
35427,2,14,2017,43.90965
35427,2,14,2018,44.08883
35427,2,14,2019,44.29363
35427,3,14,1950,28.34836
35427,3,14,1951,29.0162
35427,3,14,1952,29.42779
35427,3,14,1953,29.49629
35427,3,14,1954,29.98841
35427,3,14,1955,30.1991
35427,3,14,1956,30.13538
35427,3,14,1957,30.06437
35427,3,14,1958,30.56193
35427,3,14,1959,30.7578
35427,3,14,1960,30.85671
35427,3,14,1961,30.94444
35427,3,14,1962,30.9865
35427,3,14,1963,31.32765
35427,3,14,1964,31.42693
35427,3,14,1965,31.47445
35427,3,14,1966,31.83038
35427,3,14,1967,32.07876
35427,3,14,1968,32.16412
35427,3,14,1969,32.18382
35427,3,14,1970,32.31227
35427,3,14,1971,32.77121
35427,3,14,1972,33.0285
35427,3,14,1973,33.10813
35427,3,14,1974,33.21449
35427,3,14,1975,33.38334
35427,3,14,1976,33.53873
35427,3,14,1977,33.72359
35427,3,14,1978,33.73976
35427,3,14,1979,33.70124
35427,3,14,1980,33.90658
35427,3,14,1981,34.1233
35427,3,14,1982,34.54452
35427,3,14,1983,34.67426
35427,3,14,1984,34.92699
35427,3,14,1985,35.25319
35427,3,14,1986,35.59323
35427,3,14,1987,35.89884
35427,3,14,1988,35.97077
35427,3,14,1989,36.31023
35427,3,14,1990,36.3374
35427,3,14,1991,36.53278
35427,3,14,1992,36.6633
35427,3,14,1993,36.91517
35427,3,14,1994,37.11575
35427,3,14,1995,37.29535
35427,3,14,1996,37.44631
35427,3,14,1997,37.72564
35427,3,14,1998,37.90297
35427,3,14,1999,37.94074
35427,3,14,2000,38.32579
35427,3,14,2001,38.66766
35427,3,14,2002,38.94157
35427,3,14,2003,39.01242
35427,3,14,2004,39.11558
35427,3,14,2005,39.00998
35427,3,14,2006,39.22409
35427,3,14,2007,39.39063
35427,3,14,2008,39.61193
35427,3,14,2009,39.85978
35427,3,14,2010,40.02477
35427,3,14,2011,36.35812
35427,3,14,2012,40.35303
35427,3,14,2013,40.53453
35427,3,14,2014,40.5367
35427,3,14,2015,40.81887
35427,3,14,2016,41.06351
35427,3,14,2017,41.48751
35427,3,14,2018,41.71329
35427,3,14,2019,41.99918
35428,1,14,1950,26.91259
35428,1,14,1951,27.66701
35428,1,14,1952,28.22789
35428,1,14,1953,28.32728
35428,1,14,1954,28.41623
35428,1,14,1955,28.67904
35428,1,14,1956,28.31441
35428,1,14,1957,28.18799
35428,1,14,1958,29.0718
35428,1,14,1959,29.05292
35428,1,14,1960,28.96609
35428,1,14,1961,28.87425
35428,1,14,1962,29.01798
35428,1,14,1963,29.43014
35428,1,14,1964,29.52825
35428,1,14,1965,29.47616
35428,1,14,1966,29.85114
35428,1,14,1967,30.00083
35428,1,14,1968,30.10085
35428,1,14,1969,30.16312
35428,1,14,1970,30.26693
35428,1,14,1971,30.68924
35428,1,14,1972,30.85714
35428,1,14,1973,30.94533
35428,1,14,1974,31.0303
35428,1,14,1975,31.0311
35428,1,14,1976,31.07057
35428,1,14,1977,31.1564
35428,1,14,1978,30.97048
35428,1,14,1979,30.69767
35428,1,14,1980,30.8109
35428,1,14,1981,30.8937
35428,1,14,1982,31.46429
35428,1,14,1983,31.53825
35428,1,14,1984,31.5771
35428,1,14,1985,31.92055
35428,1,14,1986,32.09488
35428,1,14,1987,32.15897
35428,1,14,1988,32.46791
35428,1,14,1989,32.82801
35428,1,14,1990,32.89848
35428,1,14,1991,32.91919
35428,1,14,1992,32.98825
35428,1,14,1993,33.16375
35428,1,14,1994,33.16904
35428,1,14,1995,33.43401
35428,1,14,1996,33.66122
35428,1,14,1997,33.75045
35428,1,14,1998,33.83468
35428,1,14,1999,33.79491
35428,1,14,2000,34.2768
35428,1,14,2001,34.41674
35428,1,14,2002,34.21679
35428,1,14,2003,34.59042
35428,1,14,2004,34.79431
35428,1,14,2005,34.91736
35428,1,14,2006,34.96585
35428,1,14,2007,35.20309
35428,1,14,2008,35.60071
35428,1,14,2009,35.59635
35428,1,14,2010,35.73478
35428,1,14,2011,35.97496
35428,1,14,2012,36.33256
35428,1,14,2013,36.5176
35428,1,14,2014,36.72723
35428,1,14,2015,36.79332
35428,1,14,2016,36.60988
35428,1,14,2017,36.69818
35428,1,14,2018,37.1007
35428,1,14,2019,37.423
35428,2,14,1950,30.78824
35428,2,14,1951,31.42622
35428,2,14,1952,31.82199
35428,2,14,1953,31.82471
35428,2,14,1954,32.35199
35428,2,14,1955,32.73264
35428,2,14,1956,32.45391
35428,2,14,1957,32.44124
35428,2,14,1958,32.98123
35428,2,14,1959,33.12477
35428,2,14,1960,33.067
35428,2,14,1961,33.22478
35428,2,14,1962,33.32734
35428,2,14,1963,33.62147
35428,2,14,1964,33.731
35428,2,14,1965,33.80592
35428,2,14,1966,34.12031
35428,2,14,1967,34.34071
35428,2,14,1968,34.41845
35428,2,14,1969,34.45001
35428,2,14,1970,34.51211
35428,2,14,1971,34.90322
35428,2,14,1972,35.04354
35428,2,14,1973,34.95833
35428,2,14,1974,35.09218
35428,2,14,1975,35.09704
35428,2,14,1976,35.26419
35428,2,14,1977,35.47073
35428,2,14,1978,35.61496
35428,2,14,1979,35.66342
35428,2,14,1980,35.78791
35428,2,14,1981,36.10151
35428,2,14,1982,36.37641
35428,2,14,1983,36.56839
35428,2,14,1984,36.96007
35428,2,14,1985,37.24902
35428,2,14,1986,37.51335
35428,2,14,1987,37.80233
35428,2,14,1988,38.01015
35428,2,14,1989,38.38546
35428,2,14,1990,38.75613
35428,2,14,1991,39.0171
35428,2,14,1992,39.18112
35428,2,14,1993,39.38714
35428,2,14,1994,39.51492
35428,2,14,1995,39.56088
35428,2,14,1996,40.19182
35428,2,14,1997,40.43494
35428,2,14,1998,40.60378
35428,2,14,1999,40.75794
35428,2,14,2000,41.05605
35428,2,14,2001,41.38411
35428,2,14,2002,41.59146
35428,2,14,2003,41.76132
35428,2,14,2004,41.88328
35428,2,14,2005,41.91055
35428,2,14,2006,42.17297
35428,2,14,2007,42.3195
35428,2,14,2008,42.41284
35428,2,14,2009,42.53591
35428,2,14,2010,42.64151
35428,2,14,2011,42.68226
35428,2,14,2012,42.77857
35428,2,14,2013,42.92656
35428,2,14,2014,42.94579
35428,2,14,2015,42.80986
35428,2,14,2016,42.80198
35428,2,14,2017,42.92492
35428,2,14,2018,42.92272
35428,2,14,2019,43.0273
35428,3,14,1950,28.17846
35428,3,14,1951,28.91421
35428,3,14,1952,29.4279
35428,3,14,1953,29.42421
35428,3,14,1954,29.82596
35428,3,14,1955,30.15243
35428,3,14,1956,29.70104
35428,3,14,1957,29.55049
35428,3,14,1958,30.42273
35428,3,14,1959,30.3551
35428,3,14,1960,30.39341
35428,3,14,1961,30.33434
35428,3,14,1962,30.54624
35428,3,14,1963,30.82195
35428,3,14,1964,31.05749
35428,3,14,1965,31.11534
35428,3,14,1966,31.47942
35428,3,14,1967,31.73358
35428,3,14,1968,31.76796
35428,3,14,1969,31.87301
35428,3,14,1970,31.99656
35428,3,14,1971,32.45675
35428,3,14,1972,32.5887
35428,3,14,1973,32.60411
35428,3,14,1974,32.76902
35428,3,14,1975,32.7962
35428,3,14,1976,32.95894
35428,3,14,1977,33.23415
35428,3,14,1978,33.2324
35428,3,14,1979,33.19097
35428,3,14,1980,33.34455
35428,3,14,1981,33.52853
35428,3,14,1982,33.97212
35428,3,14,1983,34.09524
35428,3,14,1984,34.29986
35428,3,14,1985,34.63384
35428,3,14,1986,34.85376
35428,3,14,1987,35.02855
35428,3,14,1988,35.3121
35428,3,14,1989,35.69005
35428,3,14,1990,35.88433
35428,3,14,1991,36.01098
35428,3,14,1992,36.14426
35428,3,14,1993,36.3299
35428,3,14,1994,36.41493
35428,3,14,1995,36.57528
35428,3,14,1996,37.01008
35428,3,14,1997,37.14993
35428,3,14,1998,37.3053
35428,3,14,1999,37.35046
35428,3,14,2000,37.7585
35428,3,14,2001,37.99259
35428,3,14,2002,37.97974
35428,3,14,2003,38.2695
35428,3,14,2004,38.44081
35428,3,14,2005,38.50457
35428,3,14,2006,38.65411
35428,3,14,2007,38.86642
35428,3,14,2008,39.08959
35428,3,14,2009,39.14261
35428,3,14,2010,39.25953
35428,3,14,2011,39.38227
35428,3,14,2012,39.62293
35428,3,14,2013,39.78245
35428,3,14,2014,39.88444
35428,3,14,2015,39.84248
35428,3,14,2016,39.71745
35428,3,14,2017,39.77624
35428,3,14,2018,39.93059
35428,3,14,2019,40.08985
35429,1,14,1950,27.50332
35429,1,14,1951,28.20397
35429,1,14,1952,28.64376
35429,1,14,1953,28.60653
35429,1,14,1954,28.92981
35429,1,14,1955,29.35311
35429,1,14,1956,29.0676
35429,1,14,1957,28.81527
35429,1,14,1958,29.56433
35429,1,14,1959,29.7079
35429,1,14,1960,29.6177
35429,1,14,1961,29.6994
35429,1,14,1962,29.79159
35429,1,14,1963,30.03604
35429,1,14,1964,30.14642
35429,1,14,1965,30.13838
35429,1,14,1966,30.60283
35429,1,14,1967,30.79539
35429,1,14,1968,30.94641
35429,1,14,1969,30.99666
35429,1,14,1970,31.02398
35429,1,14,1971,31.43084
35429,1,14,1972,31.74577
35429,1,14,1973,31.76465
35429,1,14,1974,31.86116
35429,1,14,1975,32.09438
35429,1,14,1976,32.17404
35429,1,14,1977,32.22225
35429,1,14,1978,31.99566
35429,1,14,1979,31.64893
35429,1,14,1980,31.54594
35429,1,14,1981,31.99617
35429,1,14,1982,32.27722
35429,1,14,1983,32.25929
35429,1,14,1984,32.78065
35429,1,14,1985,33.08468
35429,1,14,1986,33.47073
35429,1,14,1987,33.66596
35429,1,14,1988,33.66794
35429,1,14,1989,34.0395
35429,1,14,1990,34.14275
35429,1,14,1991,34.3064
35429,1,14,1992,34.31497
35429,1,14,1993,34.52315
35429,1,14,1994,34.786
35429,1,14,1995,34.77876
35429,1,14,1996,35.1568
35429,1,14,1997,35.36228
35429,1,14,1998,35.40542
35429,1,14,1999,35.40014
35429,1,14,2000,35.63497
35429,1,14,2001,35.75831
35429,1,14,2002,36.0691
35429,1,14,2003,36.36115
35429,1,14,2004,36.28053
35429,1,14,2005,36.23459
35429,1,14,2006,36.45285
35429,1,14,2007,36.63571
35429,1,14,2008,36.92999
35429,1,14,2009,37.27925
35429,1,14,2010,37.5445
35429,1,14,2011,37.38593
35429,1,14,2012,37.56342
35429,1,14,2013,37.92015
35429,1,14,2014,38.22945
35429,1,14,2015,38.46206
35429,1,14,2016,38.80924
35429,1,14,2017,39.38939
35429,1,14,2018,39.88238
35429,1,14,2019,40.17097
35429,2,14,1950,30.37349
35429,2,14,1951,31.0517
35429,2,14,1952,31.5126
35429,2,14,1953,31.54789
35429,2,14,1954,32.09987
35429,2,14,1955,32.4752
35429,2,14,1956,32.22276
35429,2,14,1957,32.16774
35429,2,14,1958,32.77032
35429,2,14,1959,32.88401
35429,2,14,1960,32.87688
35429,2,14,1961,32.8853
35429,2,14,1962,32.96316
35429,2,14,1963,33.28824
35429,2,14,1964,33.56779
35429,2,14,1965,33.52338
35429,2,14,1966,33.78968
35429,2,14,1967,34.02585
35429,2,14,1968,34.15203
35429,2,14,1969,34.18607
35429,2,14,1970,34.22027
35429,2,14,1971,34.5715
35429,2,14,1972,34.82853
35429,2,14,1973,34.74056
35429,2,14,1974,34.86963
35429,2,14,1975,35.24514
35429,2,14,1976,35.48991
35429,2,14,1977,35.74824
35429,2,14,1978,36.30762
35429,2,14,1979,36.31724
35429,2,14,1980,36.31079
35429,2,14,1981,36.54683
35429,2,14,1982,37.03472
35429,2,14,1983,37.38039
35429,2,14,1984,37.81625
35429,2,14,1985,38.27912
35429,2,14,1986,38.70266
35429,2,14,1987,38.9465
35429,2,14,1988,39.07134
35429,2,14,1989,39.25219
35429,2,14,1990,39.42584
35429,2,14,1991,39.57618
35429,2,14,1992,39.81374
35429,2,14,1993,40.01748
35429,2,14,1994,40.2101
35429,2,14,1995,40.54136
35429,2,14,1996,40.88198
35429,2,14,1997,41.05166
35429,2,14,1998,41.20128
35429,2,14,1999,41.29064
35429,2,14,2000,41.61732
35429,2,14,2001,42.12665
35429,2,14,2002,42.34263
35429,2,14,2003,42.4839
35429,2,14,2004,42.67904
35429,2,14,2005,42.7304
35429,2,14,2006,42.73269
35429,2,14,2007,42.94178
35429,2,14,2008,43.02027
35429,2,14,2009,43.08897
35429,2,14,2010,43.2126
35429,2,14,2011,43.40914
35429,2,14,2012,43.57062
35429,2,14,2013,43.50515
35429,2,14,2014,43.66462
35429,2,14,2015,43.87772
35429,2,14,2016,43.81515
35429,2,14,2017,44.09009
35429,2,14,2018,44.20963
35429,2,14,2019,44.41669
35429,3,14,1950,28.31409
35429,3,14,1951,29.11985
35429,3,14,1952,29.47643
35429,3,14,1953,29.42016
35429,3,14,1954,29.93451
35429,3,14,1955,30.34009
35429,3,14,1956,30.03288
35429,3,14,1957,30.07965
35429,3,14,1958,30.55245
35429,3,14,1959,30.69179
35429,3,14,1960,30.63507
35429,3,14,1961,30.8059
35429,3,14,1962,30.84331
35429,3,14,1963,31.16494
35429,3,14,1964,31.2686
35429,3,14,1965,31.30041
35429,3,14,1966,31.55184
35429,3,14,1967,31.91844
35429,3,14,1968,32.06211
35429,3,14,1969,32.02501
35429,3,14,1970,32.13025
35429,3,14,1971,32.62213
35429,3,14,1972,32.83689
35429,3,14,1973,32.86982
35429,3,14,1974,32.97839
35429,3,14,1975,33.41499
35429,3,14,1976,33.58709
35429,3,14,1977,33.87303
35429,3,14,1978,34.05598
35429,3,14,1979,34.0158
35429,3,14,1980,33.96663
35429,3,14,1981,34.31667
35429,3,14,1982,34.73022
35429,3,14,1983,34.89168
35429,3,14,1984,35.354
35429,3,14,1985,35.75674
35429,3,14,1986,36.15584
35429,3,14,1987,36.37859
35429,3,14,1988,36.45365
35429,3,14,1989,36.72471
35429,3,14,1990,36.87144
35429,3,14,1991,37.03823
35429,3,14,1992,37.14688
35429,3,14,1993,37.35484
35429,3,14,1994,37.57831
35429,3,14,1995,37.71748
35429,3,14,1996,38.09977
35429,3,14,1997,38.2621
35429,3,14,1998,38.37908
35429,3,14,1999,38.40588
35429,3,14,2000,38.67107
35429,3,14,2001,39.0047
35429,3,14,2002,39.27646
35429,3,14,2003,39.47488
35429,3,14,2004,39.53194
35429,3,14,2005,39.53378
35429,3,14,2006,39.6431
35429,3,14,2007,39.79936
35429,3,14,2008,40.00263
35429,3,14,2009,40.21159
35429,3,14,2010,40.40821
35429,3,14,2011,40.40384
35429,3,14,2012,40.53875
35429,3,14,2013,40.67779
35429,3,14,2014,40.91883
35429,3,14,2015,41.10584
35429,3,14,2016,41.26284
35429,3,14,2017,41.63747
35429,3,14,2018,41.85915
35429,3,14,2019,42.07369
35430,1,14,1950,26.65156
35430,1,14,1951,27.43479
35430,1,14,1952,28.22633
35430,1,14,1953,28.27182
35430,1,14,1954,28.46499
35430,1,14,1955,28.71944
35430,1,14,1956,28.60081
35430,1,14,1957,28.36959
35430,1,14,1958,29.10799
35430,1,14,1959,29.1203
35430,1,14,1960,29.13852
35430,1,14,1961,29.19181
35430,1,14,1962,29.17563
35430,1,14,1963,29.70108
35430,1,14,1964,29.74936
35430,1,14,1965,29.78164
35430,1,14,1966,30.15158
35430,1,14,1967,30.42646
35430,1,14,1968,30.47994
35430,1,14,1969,30.64243
35430,1,14,1970,30.7159
35430,1,14,1971,31.13002
35430,1,14,1972,31.42959
35430,1,14,1973,31.43858
35430,1,14,1974,31.69829
35430,1,14,1975,31.73903
35430,1,14,1976,31.75391
35430,1,14,1977,31.80917
35430,1,14,1978,31.82089
35430,1,14,1979,31.52871
35430,1,14,1980,31.51539
35430,1,14,1981,31.81068
35430,1,14,1982,32.19671
35430,1,14,1983,32.09992
35430,1,14,1984,32.4145
35430,1,14,1985,32.67053
35430,1,14,1986,32.85475
35430,1,14,1987,33.25755
35430,1,14,1988,33.29082
35430,1,14,1989,33.74152
35430,1,14,1990,33.72201
35430,1,14,1991,33.87227
35430,1,14,1992,33.85314
35430,1,14,1993,34.13158
35430,1,14,1994,34.28547
35430,1,14,1995,34.09991
35430,1,14,1996,34.32652
35430,1,14,1997,34.65342
35430,1,14,1998,34.56849
35430,1,14,1999,34.8601
35430,1,14,2000,34.92376
35430,1,14,2001,35.14477
35430,1,14,2002,35.43274
35430,1,14,2003,35.57756
35430,1,14,2004,35.49478
35430,1,14,2005,35.5473
35430,1,14,2006,35.83306
35430,1,14,2007,36.12758
35430,1,14,2008,36.33194
35430,1,14,2009,36.41152
35430,1,14,2010,36.61267
35430,1,14,2011,36.07704
35430,1,14,2012,36.883
35430,1,14,2013,37.20504
35430,1,14,2014,37.59435
35430,1,14,2015,37.75673
35430,1,14,2016,37.79407
35430,1,14,2017,38.23549
35430,1,14,2018,38.784
35430,1,14,2019,39.16797
35430,2,14,1950,29.94596
35430,2,14,1951,30.57547
35430,2,14,1952,31.05629
35430,2,14,1953,31.20884
35430,2,14,1954,31.94808
35430,2,14,1955,32.2989
35430,2,14,1956,31.98054
35430,2,14,1957,31.91748
35430,2,14,1958,32.57407
35430,2,14,1959,32.84965
35430,2,14,1960,32.81944
35430,2,14,1961,32.80751
35430,2,14,1962,33.06436
35430,2,14,1963,33.46439
35430,2,14,1964,33.59688
35430,2,14,1965,33.65178
35430,2,14,1966,33.96095
35430,2,14,1967,34.23071
35430,2,14,1968,34.40202
35430,2,14,1969,34.47651
35430,2,14,1970,34.54254
35430,2,14,1971,34.90939
35430,2,14,1972,35.21518
35430,2,14,1973,35.16126
35430,2,14,1974,35.21463
35430,2,14,1975,35.51801
35430,2,14,1976,35.68924
35430,2,14,1977,35.97583
35430,2,14,1978,36.12617
35430,2,14,1979,36.08594
35430,2,14,1980,36.24755
35430,2,14,1981,36.52378
35430,2,14,1982,36.85019
35430,2,14,1983,37.11779
35430,2,14,1984,37.47413
35430,2,14,1985,37.82721
35430,2,14,1986,38.20019
35430,2,14,1987,38.40644
35430,2,14,1988,38.60933
35430,2,14,1989,39.0069
35430,2,14,1990,39.31939
35430,2,14,1991,39.48288
35430,2,14,1992,39.65311
35430,2,14,1993,39.84178
35430,2,14,1994,39.99934
35430,2,14,1995,40.24899
35430,2,14,1996,40.48948
35430,2,14,1997,40.77462
35430,2,14,1998,40.92282
35430,2,14,1999,41.01724
35430,2,14,2000,41.44945
35430,2,14,2001,41.77612
35430,2,14,2002,41.99936
35430,2,14,2003,42.14259
35430,2,14,2004,41.93444
35430,2,14,2005,41.93447
35430,2,14,2006,42.00336
35430,2,14,2007,42.4293
35430,2,14,2008,42.67779
35430,2,14,2009,42.81205
35430,2,14,2010,42.77928
35430,2,14,2011,42.28638
35430,2,14,2012,43.171
35430,2,14,2013,43.27189
35430,2,14,2014,43.40669
35430,2,14,2015,43.50265
35430,2,14,2016,43.52814
35430,2,14,2017,43.55734
35430,2,14,2018,43.73994
35430,2,14,2019,43.92677
35430,3,14,1950,27.61352
35430,3,14,1951,28.49431
35430,3,14,1952,28.98707
35430,3,14,1953,29.12838
35430,3,14,1954,29.55362
35430,3,14,1955,29.77362
35430,3,14,1956,29.51697
35430,3,14,1957,29.54082
35430,3,14,1958,30.19474
35430,3,14,1959,30.38109
35430,3,14,1960,30.28221
35430,3,14,1961,30.49333
35430,3,14,1962,30.57507
35430,3,14,1963,31.00052
35430,3,14,1964,31.06922
35430,3,14,1965,31.1369
35430,3,14,1966,31.51836
35430,3,14,1967,31.74647
35430,3,14,1968,31.82814
35430,3,14,1969,32.0362
35430,3,14,1970,32.10915
35430,3,14,1971,32.6326
35430,3,14,1972,32.9144
35430,3,14,1973,33.01304
35430,3,14,1974,33.06513
35430,3,14,1975,33.30505
35430,3,14,1976,33.50041
35430,3,14,1977,33.71402
35430,3,14,1978,33.90063
35430,3,14,1979,33.82327
35430,3,14,1980,33.91535
35430,3,14,1981,34.21771
35430,3,14,1982,34.5825
35430,3,14,1983,34.65169
35430,3,14,1984,34.99826
35430,3,14,1985,35.30834
35430,3,14,1986,35.58323
35430,3,14,1987,35.89316
35430,3,14,1988,36.00249
35430,3,14,1989,36.43463
35430,3,14,1990,36.58531
35430,3,14,1991,36.74315
35430,3,14,1992,36.79879
35430,3,14,1993,37.02396
35430,3,14,1994,37.20218
35430,3,14,1995,37.22259
35430,3,14,1996,37.45929
35430,3,14,1997,37.77407
35430,3,14,1998,37.78702
35430,3,14,1999,37.99745
35430,3,14,2000,38.22647
35430,3,14,2001,38.48335
35430,3,14,2002,38.77028
35430,3,14,2003,38.9049
35430,3,14,2004,38.74249
35430,3,14,2005,38.75528
35430,3,14,2006,38.93493
35430,3,14,2007,39.27925
35430,3,14,2008,39.5216
35430,3,14,2009,39.60534
35430,3,14,2010,39.67657
35430,3,14,2011,39.13704
35430,3,14,2012,39.9875
35430,3,14,2013,40.21031
35430,3,14,2014,40.44785
35430,3,14,2015,40.56104
35430,3,14,2016,40.59816
35430,3,14,2017,40.75541
35430,3,14,2018,40.99958
35430,3,14,2019,41.26221
35431,1,14,1950,26.52183
35431,1,14,1951,27.26196
35431,1,14,1952,28.14628
35431,1,14,1953,28.11072
35431,1,14,1954,28.28635
35431,1,14,1955,28.62456
35431,1,14,1956,28.3114
35431,1,14,1957,28.17875
35431,1,14,1958,28.96438
35431,1,14,1959,29.05396
35431,1,14,1960,29.06798
35431,1,14,1961,29.14061
35431,1,14,1962,29.21276
35431,1,14,1963,29.66143
35431,1,14,1964,29.84531
35431,1,14,1965,29.99961
35431,1,14,1966,30.18928
35431,1,14,1967,30.40786
35431,1,14,1968,30.60187
35431,1,14,1969,30.63177
35431,1,14,1970,30.70426
35431,1,14,1971,31.21827
35431,1,14,1972,31.56834
35431,1,14,1973,31.39295
35431,1,14,1974,31.51692
35431,1,14,1975,31.68599
35431,1,14,1976,31.71036
35431,1,14,1977,31.70491
35431,1,14,1978,31.48475
35431,1,14,1979,31.21316
35431,1,14,1980,31.30661
35431,1,14,1981,31.61166
35431,1,14,1982,31.80485
35431,1,14,1983,31.99833
35431,1,14,1984,32.22924
35431,1,14,1985,32.56549
35431,1,14,1986,32.71015
35431,1,14,1987,33.03143
35431,1,14,1988,32.92981
35431,1,14,1989,33.42234
35431,1,14,1990,33.43072
35431,1,14,1991,33.51445
35431,1,14,1992,33.535
35431,1,14,1993,33.66962
35431,1,14,1994,33.99471
35431,1,14,1995,33.88406
35431,1,14,1996,34.22877
35431,1,14,1997,34.35374
35431,1,14,1998,34.39762
35431,1,14,1999,34.43256
35431,1,14,2000,34.80171
35431,1,14,2001,35.02881
35431,1,14,2002,35.09163
35431,1,14,2003,35.25931
35431,1,14,2004,35.63439
35431,1,14,2005,35.67774
35431,1,14,2006,35.79235
35431,1,14,2007,35.95039
35431,1,14,2008,36.01043
35431,1,14,2009,36.17985
35431,1,14,2010,36.41083
35431,1,14,2011,36.43626
35431,1,14,2012,36.80382
35431,1,14,2013,36.86963
35431,1,14,2014,37.43705
35431,1,14,2015,37.32362
35431,1,14,2016,37.35291
35431,1,14,2017,37.63706
35431,1,14,2018,38.21718
35431,1,14,2019,38.64108
35431,2,14,1950,29.48178
35431,2,14,1951,30.02187
35431,2,14,1952,30.75546
35431,2,14,1953,30.88795
35431,2,14,1954,31.41445
35431,2,14,1955,31.7819
35431,2,14,1956,31.54978
35431,2,14,1957,31.55655
35431,2,14,1958,32.41805
35431,2,14,1959,32.60203
35431,2,14,1960,32.56784
35431,2,14,1961,32.53882
35431,2,14,1962,32.76742
35431,2,14,1963,33.2621
35431,2,14,1964,33.41881
35431,2,14,1965,33.48514
35431,2,14,1966,33.87353
35431,2,14,1967,34.09339
35431,2,14,1968,34.23927
35431,2,14,1969,34.42353
35431,2,14,1970,34.51516
35431,2,14,1971,34.96659
35431,2,14,1972,35.22952
35431,2,14,1973,35.17485
35431,2,14,1974,35.3387
35431,2,14,1975,35.49996
35431,2,14,1976,35.64159
35431,2,14,1977,35.83552
35431,2,14,1978,35.93427
35431,2,14,1979,35.7707
35431,2,14,1980,35.88984
35431,2,14,1981,35.85958
35431,2,14,1982,36.13863
35431,2,14,1983,36.39705
35431,2,14,1984,36.59085
35431,2,14,1985,37.14557
35431,2,14,1986,37.44441
35431,2,14,1987,37.80537
35431,2,14,1988,38.03763
35431,2,14,1989,38.36161
35431,2,14,1990,38.47663
35431,2,14,1991,38.65381
35431,2,14,1992,38.78853
35431,2,14,1993,39.12363
35431,2,14,1994,39.58695
35431,2,14,1995,39.5097
35431,2,14,1996,39.82308
35431,2,14,1997,40.00156
35431,2,14,1998,40.27937
35431,2,14,1999,40.41505
35431,2,14,2000,40.81908
35431,2,14,2001,41.13974
35431,2,14,2002,41.47247
35431,2,14,2003,41.52395
35431,2,14,2004,41.71167
35431,2,14,2005,41.70722
35431,2,14,2006,41.9606
35431,2,14,2007,42.20732
35431,2,14,2008,42.34889
35431,2,14,2009,42.36285
35431,2,14,2010,42.20664
35431,2,14,2011,42.07945
35431,2,14,2012,42.35851
35431,2,14,2013,42.55626
35431,2,14,2014,42.71323
35431,2,14,2015,42.98501
35431,2,14,2016,43.08733
35431,2,14,2017,43.45646
35431,2,14,2018,43.84629
35431,2,14,2019,44.09171
35431,3,14,1950,27.32886
35431,3,14,1951,28.14486
35431,3,14,1952,28.74668
35431,3,14,1953,28.84472
35431,3,14,1954,29.21982
35431,3,14,1955,29.66347
35431,3,14,1956,29.34331
35431,3,14,1957,29.15225
35431,3,14,1958,29.97537
35431,3,14,1959,30.17427
35431,3,14,1960,30.11578
35431,3,14,1961,30.19622
35431,3,14,1962,30.3852
35431,3,14,1963,30.90356
35431,3,14,1964,30.95184
35431,3,14,1965,31.11911
35431,3,14,1966,31.50685
35431,3,14,1967,31.65131
35431,3,14,1968,31.80867
35431,3,14,1969,31.94349
35431,3,14,1970,32.14155
35431,3,14,1971,32.59211
35431,3,14,1972,32.88833
35431,3,14,1973,32.88244
35431,3,14,1974,33.06877
35431,3,14,1975,33.26772
35431,3,14,1976,33.38207
35431,3,14,1977,33.55919
35431,3,14,1978,33.58826
35431,3,14,1979,33.47822
35431,3,14,1980,33.58808
35431,3,14,1981,33.74903
35431,3,14,1982,33.99768
35431,3,14,1983,34.20738
35431,3,14,1984,34.44506
35431,3,14,1985,34.87197
35431,3,14,1986,35.09551
35431,3,14,1987,35.45637
35431,3,14,1988,35.49555
35431,3,14,1989,35.90151
35431,3,14,1990,35.98045
35431,3,14,1991,36.10004
35431,3,14,1992,36.18375
35431,3,14,1993,36.40345
35431,3,14,1994,36.77714
35431,3,14,1995,36.69933
35431,3,14,1996,37.00947
35431,3,14,1997,37.19277
35431,3,14,1998,37.31688
35431,3,14,1999,37.41433
35431,3,14,2000,37.8006
35431,3,14,2001,38.07185
35431,3,14,2002,38.25372
35431,3,14,2003,38.37823
35431,3,14,2004,38.67234
35431,3,14,2005,38.67218
35431,3,14,2006,38.84043
35431,3,14,2007,39.02166
35431,3,14,2008,39.11633
35431,3,14,2009,39.19492
35431,3,14,2010,39.24293
35431,3,14,2011,39.19476
35431,3,14,2012,39.48918
35431,3,14,2013,39.64149
35431,3,14,2014,40.00339
35431,3,14,2015,40.04665
35431,3,14,2016,40.1071
35431,3,14,2017,40.4344
35431,3,14,2018,40.77422
35431,3,14,2019,40.95741
35432,1,14,1950,26.93979
35432,1,14,1951,27.64832
35432,1,14,1952,28.42846
35432,1,14,1953,28.47738
35432,1,14,1954,28.61638
35432,1,14,1955,28.97096
35432,1,14,1956,28.5903
35432,1,14,1957,28.48606
35432,1,14,1958,29.22079
35432,1,14,1959,29.30956
35432,1,14,1960,29.23179
35432,1,14,1961,29.2532
35432,1,14,1962,29.33621
35432,1,14,1963,29.64686
35432,1,14,1964,29.89862
35432,1,14,1965,29.95559
35432,1,14,1966,30.31541
35432,1,14,1967,30.48302
35432,1,14,1968,30.62769
35432,1,14,1969,30.66517
35432,1,14,1970,30.68415
35432,1,14,1971,31.26158
35432,1,14,1972,31.48285
35432,1,14,1973,31.48226
35432,1,14,1974,31.63971
35432,1,14,1975,31.67876
35432,1,14,1976,31.73881
35432,1,14,1977,31.73394
35432,1,14,1978,31.59991
35432,1,14,1979,31.29857
35432,1,14,1980,31.14799
35432,1,14,1981,31.50377
35432,1,14,1982,31.72841
35432,1,14,1983,31.7895
35432,1,14,1984,32.11873
35432,1,14,1985,32.24602
35432,1,14,1986,32.74163
35432,1,14,1987,32.99124
35432,1,14,1988,33.03437
35432,1,14,1989,33.17143
35432,1,14,1990,33.16133
35432,1,14,1991,33.18882
35432,1,14,1992,33.23878
35432,1,14,1993,33.32968
35432,1,14,1994,33.69864
35432,1,14,1995,33.84539
35432,1,14,1996,34.05377
35432,1,14,1997,34.22666
35432,1,14,1998,34.20723
35432,1,14,1999,34.41193
35432,1,14,2000,34.8627
35432,1,14,2001,34.95142
35432,1,14,2002,35.33084
35432,1,14,2003,35.24062
35432,1,14,2004,35.38483
35432,1,14,2005,35.32577
35432,1,14,2006,35.5782
35432,1,14,2007,35.91535
35432,1,14,2008,36.14349
35432,1,14,2009,36.26608
35432,1,14,2010,36.232
35432,1,14,2011,36.32409
35432,1,14,2012,36.41318
35432,1,14,2013,36.88699
35432,1,14,2014,37.09138
35432,1,14,2015,37.38886
35432,1,14,2016,37.4999
35432,1,14,2017,37.85864
35432,1,14,2018,38.38295
35432,1,14,2019,38.78235
35432,2,14,1950,29.81697
35432,2,14,1951,30.40614
35432,2,14,1952,30.98084
35432,2,14,1953,31.17989
35432,2,14,1954,31.65152
35432,2,14,1955,32.02873
35432,2,14,1956,31.78072
35432,2,14,1957,31.67582
35432,2,14,1958,32.40513
35432,2,14,1959,32.52098
35432,2,14,1960,32.62231
35432,2,14,1961,32.72775
35432,2,14,1962,32.80527
35432,2,14,1963,33.16412
35432,2,14,1964,33.4263
35432,2,14,1965,33.42391
35432,2,14,1966,33.88772
35432,2,14,1967,34.04595
35432,2,14,1968,34.39484
35432,2,14,1969,34.39696
35432,2,14,1970,34.51012
35432,2,14,1971,34.86549
35432,2,14,1972,35.10227
35432,2,14,1973,35.10593
35432,2,14,1974,35.17882
35432,2,14,1975,35.3478
35432,2,14,1976,35.54782
35432,2,14,1977,35.69306
35432,2,14,1978,35.66307
35432,2,14,1979,35.57292
35432,2,14,1980,35.54889
35432,2,14,1981,35.77308
35432,2,14,1982,36.09495
35432,2,14,1983,36.30492
35432,2,14,1984,36.65953
35432,2,14,1985,36.97484
35432,2,14,1986,37.39203
35432,2,14,1987,37.76441
35432,2,14,1988,37.92301
35432,2,14,1989,38.14255
35432,2,14,1990,38.22364
35432,2,14,1991,38.38786
35432,2,14,1992,38.54861
35432,2,14,1993,38.76713
35432,2,14,1994,39.15355
35432,2,14,1995,39.48285
35432,2,14,1996,39.89457
35432,2,14,1997,40.17371
35432,2,14,1998,40.37069
35432,2,14,1999,40.47854
35432,2,14,2000,40.85071
35432,2,14,2001,41.11437
35432,2,14,2002,41.30425
35432,2,14,2003,41.46478
35432,2,14,2004,41.55269
35432,2,14,2005,41.35285
35432,2,14,2006,41.3933
35432,2,14,2007,41.87289
35432,2,14,2008,42.03231
35432,2,14,2009,42.14729
35432,2,14,2010,42.18727
35432,2,14,2011,42.23864
35432,2,14,2012,42.33175
35432,2,14,2013,42.54622
35432,2,14,2014,42.76271
35432,2,14,2015,43.01553
35432,2,14,2016,43.19487
35432,2,14,2017,43.07925
35432,2,14,2018,43.21436
35432,2,14,2019,43.39026
35432,3,14,1950,27.80163
35432,3,14,1951,28.55443
35432,3,14,1952,29.03095
35432,3,14,1953,29.17237
35432,3,14,1954,29.47314
35432,3,14,1955,29.84096
35432,3,14,1956,29.47561
35432,3,14,1957,29.4784
35432,3,14,1958,30.07963
35432,3,14,1959,30.29574
35432,3,14,1960,30.24473
35432,3,14,1961,30.40945
35432,3,14,1962,30.43338
35432,3,14,1963,30.80748
35432,3,14,1964,31.09054
35432,3,14,1965,31.06168
35432,3,14,1966,31.54508
35432,3,14,1967,31.78835
35432,3,14,1968,32.00541
35432,3,14,1969,31.92408
35432,3,14,1970,32.19856
35432,3,14,1971,32.62877
35432,3,14,1972,32.89404
35432,3,14,1973,32.90932
35432,3,14,1974,33.02168
35432,3,14,1975,33.24361
35432,3,14,1976,33.39611
35432,3,14,1977,33.56132
35432,3,14,1978,33.53576
35432,3,14,1979,33.43533
35432,3,14,1980,33.35083
35432,3,14,1981,33.63502
35432,3,14,1982,33.93086
35432,3,14,1983,34.08107
35432,3,14,1984,34.40578
35432,3,14,1985,34.63631
35432,3,14,1986,35.10338
35432,3,14,1987,35.41192
35432,3,14,1988,35.50279
35432,3,14,1989,35.69326
35432,3,14,1990,35.70356
35432,3,14,1991,35.79332
35432,3,14,1992,35.91451
35432,3,14,1993,36.06045
35432,3,14,1994,36.44556
35432,3,14,1995,36.66248
35432,3,14,1996,36.9803
35432,3,14,1997,37.21183
35432,3,14,1998,37.28124
35432,3,14,1999,37.46615
35432,3,14,2000,37.873
35432,3,14,2001,38.04223
35432,3,14,2002,38.33091
35432,3,14,2003,38.36126
35432,3,14,2004,38.46121
35432,3,14,2005,38.31203
35432,3,14,2006,38.48194
35432,3,14,2007,38.89643
35432,3,14,2008,39.06428
35432,3,14,2009,39.16085
35432,3,14,2010,39.18417
35432,3,14,2011,39.22943
35432,3,14,2012,39.2803
35432,3,14,2013,39.64863
35432,3,14,2014,39.86683
35432,3,14,2015,40.1377
35432,3,14,2016,40.26594
35432,3,14,2017,40.35305
35432,3,14,2018,40.60215
35432,3,14,2019,40.83829
35433,1,14,1950,27.72621
35433,1,14,1951,28.43328
35433,1,14,1952,28.9331
35433,1,14,1953,28.99096
35433,1,14,1954,29.17165
35433,1,14,1955,29.43931
35433,1,14,1956,29.22996
35433,1,14,1957,29.12892
35433,1,14,1958,29.91887
35433,1,14,1959,29.9713
35433,1,14,1960,29.76282
35433,1,14,1961,29.87893
35433,1,14,1962,29.93531
35433,1,14,1963,30.37362
35433,1,14,1964,30.55434
35433,1,14,1965,30.46054
35433,1,14,1966,30.89363
35433,1,14,1967,31.06273
35433,1,14,1968,31.25372
35433,1,14,1969,31.31426
35433,1,14,1970,31.40157
35433,1,14,1971,31.83151
35433,1,14,1972,32.15971
35433,1,14,1973,32.04109
35433,1,14,1974,32.21078
35433,1,14,1975,32.18844
35433,1,14,1976,32.2103
35433,1,14,1977,32.22694
35433,1,14,1978,32.12135
35433,1,14,1979,31.85597
35433,1,14,1980,32.05943
35433,1,14,1981,32.21941
35433,1,14,1982,32.55461
35433,1,14,1983,32.40906
35433,1,14,1984,32.71291
35433,1,14,1985,32.97777
35433,1,14,1986,33.28156
35433,1,14,1987,33.42371
35433,1,14,1988,33.50296
35433,1,14,1989,33.94578
35433,1,14,1990,34.06019
35433,1,14,1991,34.10546
35433,1,14,1992,34.25098
35433,1,14,1993,34.22268
35433,1,14,1994,34.4649
35433,1,14,1995,34.38168
35433,1,14,1996,34.79592
35433,1,14,1997,35.03857
35433,1,14,1998,34.8759
35433,1,14,1999,34.91014
35433,1,14,2000,35.28282
35433,1,14,2001,35.55682
35433,1,14,2002,35.70468
35433,1,14,2003,35.81919
35433,1,14,2004,36.04224
35433,1,14,2005,36.03673
35433,1,14,2006,36.29942
35433,1,14,2007,36.65632
35433,1,14,2008,36.84866
35433,1,14,2009,36.68035
35433,1,14,2010,36.64789
35433,1,14,2011,36.88403
35433,1,14,2012,36.93729
35433,1,14,2013,37.12156
35433,1,14,2014,37.18119
35433,1,14,2015,37.56004
35433,1,14,2016,37.80555
35433,1,14,2017,38.01157
35433,1,14,2018,38.54618
35433,1,14,2019,39.02021
35433,2,14,1950,29.85276
35433,2,14,1951,30.58328
35433,2,14,1952,31.02401
35433,2,14,1953,31.00204
35433,2,14,1954,31.58032
35433,2,14,1955,31.98459
35433,2,14,1956,31.76123
35433,2,14,1957,31.67953
35433,2,14,1958,32.2813
35433,2,14,1959,32.57269
35433,2,14,1960,32.6313
35433,2,14,1961,32.59832
35433,2,14,1962,32.7916
35433,2,14,1963,33.38282
35433,2,14,1964,33.46578
35433,2,14,1965,33.49595
35433,2,14,1966,33.78412
35433,2,14,1967,34.10156
35433,2,14,1968,34.25604
35433,2,14,1969,34.33264
35433,2,14,1970,34.36534
35433,2,14,1971,34.80034
35433,2,14,1972,35.04478
35433,2,14,1973,34.96401
35433,2,14,1974,35.05718
35433,2,14,1975,35.15445
35433,2,14,1976,35.37877
35433,2,14,1977,35.56677
35433,2,14,1978,35.48753
35433,2,14,1979,35.53437
35433,2,14,1980,35.73599
35433,2,14,1981,36.12723
35433,2,14,1982,36.42495
35433,2,14,1983,36.62584
35433,2,14,1984,36.90523
35433,2,14,1985,37.26541
35433,2,14,1986,37.69363
35433,2,14,1987,37.93324
35433,2,14,1988,38.10348
35433,2,14,1989,38.41133
35433,2,14,1990,38.70181
35433,2,14,1991,38.88784
35433,2,14,1992,39.14885
35433,2,14,1993,39.33294
35433,2,14,1994,39.57633
35433,2,14,1995,39.82142
35433,2,14,1996,40.2332
35433,2,14,1997,40.52243
35433,2,14,1998,40.64633
35433,2,14,1999,40.7849
35433,2,14,2000,41.20698
35433,2,14,2001,41.57041
35433,2,14,2002,41.8285
35433,2,14,2003,41.9564
35433,2,14,2004,41.96672
35433,2,14,2005,41.8133
35433,2,14,2006,42.16229
35433,2,14,2007,42.49493
35433,2,14,2008,42.51891
35433,2,14,2009,42.52373
35433,2,14,2010,42.49703
35433,2,14,2011,42.4954
35433,2,14,2012,42.70801
35433,2,14,2013,42.83958
35433,2,14,2014,43.07976
35433,2,14,2015,43.13427
35433,2,14,2016,43.34761
35433,2,14,2017,43.56204
35433,2,14,2018,43.75931
35433,2,14,2019,43.99636
35433,3,14,1950,28.27832
35433,3,14,1951,28.92383
35433,3,14,1952,29.42708
35433,3,14,1953,29.33758
35433,3,14,1954,29.76035
35433,3,14,1955,30.05862
35433,3,14,1956,29.81461
35433,3,14,1957,29.82344
35433,3,14,1958,30.4449
35433,3,14,1959,30.59796
35433,3,14,1960,30.54568
35433,3,14,1961,30.65321
35433,3,14,1962,30.69627
35433,3,14,1963,31.17221
35433,3,14,1964,31.31354
35433,3,14,1965,31.43779
35433,3,14,1966,31.73903
35433,3,14,1967,31.9625
35433,3,14,1968,32.19154
35433,3,14,1969,32.1155
35433,3,14,1970,32.47824
35433,3,14,1971,32.85435
35433,3,14,1972,33.10153
35433,3,14,1973,33.11524
35433,3,14,1974,33.22638
35433,3,14,1975,33.38049
35433,3,14,1976,33.49618
35433,3,14,1977,33.6908
35433,3,14,1978,33.70281
35433,3,14,1979,33.66321
35433,3,14,1980,33.88965
35433,3,14,1981,34.18795
35433,3,14,1982,34.50977
35433,3,14,1983,34.52885
35433,3,14,1984,34.8256
35433,3,14,1985,35.13545
35433,3,14,1986,35.51277
35433,3,14,1987,35.70174
35433,3,14,1988,35.82521
35433,3,14,1989,36.22907
35433,3,14,1990,36.39839
35433,3,14,1991,36.54546
35433,3,14,1992,36.72566
35433,3,14,1993,36.80922
35433,3,14,1994,37.03698
35433,3,14,1995,37.12184
35433,3,14,1996,37.54366
35433,3,14,1997,37.83269
35433,3,14,1998,37.78211
35433,3,14,1999,37.85948
35433,3,14,2000,38.25128
35433,3,14,2001,38.58531
35433,3,14,2002,38.77567
35433,3,14,2003,38.89931
35433,3,14,2004,39.00729
35433,3,14,2005,38.95097
35433,3,14,2006,39.23824
35433,3,14,2007,39.57785
35433,3,14,2008,39.68996
35433,3,14,2009,39.59023
35433,3,14,2010,39.53934
35433,3,14,2011,39.66383
35433,3,14,2012,39.80107
35433,3,14,2013,39.93778
35433,3,14,2014,40.0518
35433,3,14,2015,40.27654
35433,3,14,2016,40.48985
35433,3,14,2017,40.68177
35433,3,14,2018,40.96158
35433,3,14,2019,41.23388
35434,1,14,1950,28.17795
35434,1,14,1951,28.82339
35434,1,14,1952,29.28057
35434,1,14,1953,29.29392
35434,1,14,1954,29.48386
35434,1,14,1955,29.69798
35434,1,14,1956,29.53227
35434,1,14,1957,29.5915
35434,1,14,1958,30.36639
35434,1,14,1959,30.37651
35434,1,14,1960,30.23256
35434,1,14,1961,30.42533
35434,1,14,1962,30.40894
35434,1,14,1963,30.83024
35434,1,14,1964,30.93831
35434,1,14,1965,31.13945
35434,1,14,1966,31.45814
35434,1,14,1967,31.57641
35434,1,14,1968,31.84429
35434,1,14,1969,31.62352
35434,1,14,1970,31.7759
35434,1,14,1971,32.25617
35434,1,14,1972,32.49388
35434,1,14,1973,32.45297
35434,1,14,1974,32.62149
35434,1,14,1975,32.60265
35434,1,14,1976,32.60505
35434,1,14,1977,32.61826
35434,1,14,1978,32.26034
35434,1,14,1979,31.83534
35434,1,14,1980,31.55214
35434,1,14,1981,31.79186
35434,1,14,1982,32.11686
35434,1,14,1983,32.239
35434,1,14,1984,32.3705
35434,1,14,1985,32.62065
35434,1,14,1986,33.08773
35434,1,14,1987,33.25047
35434,1,14,1988,33.34653
35434,1,14,1989,33.43739
35434,1,14,1990,33.59629
35434,1,14,1991,33.7039
35434,1,14,1992,33.78763
35434,1,14,1993,33.66082
35434,1,14,1994,34.07771
35434,1,14,1995,34.08565
35434,1,14,1996,34.43055
35434,1,14,1997,34.70013
35434,1,14,1998,34.54271
35434,1,14,1999,34.61081
35434,1,14,2000,35.27231
35434,1,14,2001,35.43879
35434,1,14,2002,35.66642
35434,1,14,2003,35.7798
35434,1,14,2004,36.0697
35434,1,14,2005,36.00581
35434,1,14,2006,36.28102
35434,1,14,2007,36.42531
35434,1,14,2008,36.51284
35434,1,14,2009,36.67214
35434,1,14,2010,36.71437
35434,1,14,2011,36.82746
35434,1,14,2012,37.01017
35434,1,14,2013,37.24932
35434,1,14,2014,37.55711
35434,1,14,2015,37.66523
35434,1,14,2016,37.82655
35434,1,14,2017,38.10061
35434,1,14,2018,38.63797
35434,1,14,2019,39.07524
35434,2,14,1950,30.24363
35434,2,14,1951,30.80255
35434,2,14,1952,31.37714
35434,2,14,1953,31.40582
35434,2,14,1954,31.91424
35434,2,14,1955,32.28387
35434,2,14,1956,32.14674
35434,2,14,1957,32.21114
35434,2,14,1958,32.94088
35434,2,14,1959,33.16667
35434,2,14,1960,33.17755
35434,2,14,1961,33.2009
35434,2,14,1962,33.32979
35434,2,14,1963,33.70446
35434,2,14,1964,33.91822
35434,2,14,1965,33.99789
35434,2,14,1966,34.25283
35434,2,14,1967,34.57906
35434,2,14,1968,34.73585
35434,2,14,1969,34.91169
35434,2,14,1970,34.85911
35434,2,14,1971,35.40809
35434,2,14,1972,35.50135
35434,2,14,1973,35.46148
35434,2,14,1974,35.48179
35434,2,14,1975,35.54105
35434,2,14,1976,35.64913
35434,2,14,1977,35.77952
35434,2,14,1978,35.67181
35434,2,14,1979,35.51784
35434,2,14,1980,35.74968
35434,2,14,1981,36.06995
35434,2,14,1982,36.28729
35434,2,14,1983,36.52338
35434,2,14,1984,36.98302
35434,2,14,1985,37.33001
35434,2,14,1986,37.65914
35434,2,14,1987,37.90707
35434,2,14,1988,38.03466
35434,2,14,1989,38.26562
35434,2,14,1990,38.44021
35434,2,14,1991,38.66286
35434,2,14,1992,38.7182
35434,2,14,1993,39.05514
35434,2,14,1994,39.42867
35434,2,14,1995,39.39998
35434,2,14,1996,39.90324
35434,2,14,1997,40.27191
35434,2,14,1998,40.35963
35434,2,14,1999,40.45354
35434,2,14,2000,40.86169
35434,2,14,2001,41.13757
35434,2,14,2002,41.41614
35434,2,14,2003,41.56441
35434,2,14,2004,41.66429
35434,2,14,2005,41.69047
35434,2,14,2006,41.824
35434,2,14,2007,41.87684
35434,2,14,2008,42.12859
35434,2,14,2009,42.35928
35434,2,14,2010,42.32966
35434,2,14,2011,42.31391
35434,2,14,2012,42.41751
35434,2,14,2013,42.62263
35434,2,14,2014,42.97723
35434,2,14,2015,43.12076
35434,2,14,2016,43.25028
35434,2,14,2017,43.45062
35434,2,14,2018,43.75976
35434,2,14,2019,44.12945
35434,3,14,1950,28.69535
35434,3,14,1951,29.22008
35434,3,14,1952,29.73146
35434,3,14,1953,29.78803
35434,3,14,1954,30.10666
35434,3,14,1955,30.45865
35434,3,14,1956,30.30116
35434,3,14,1957,30.19647
35434,3,14,1958,31.12049
35434,3,14,1959,31.15683
35434,3,14,1960,31.01828
35434,3,14,1961,31.11098
35434,3,14,1962,31.41322
35434,3,14,1963,31.57929
35434,3,14,1964,31.76161
35434,3,14,1965,31.99242
35434,3,14,1966,32.24138
35434,3,14,1967,32.53806
35434,3,14,1968,32.77124
35434,3,14,1969,32.79567
35434,3,14,1970,32.8928
35434,3,14,1971,33.30144
35434,3,14,1972,33.58116
35434,3,14,1973,33.58603
35434,3,14,1974,33.6915
35434,3,14,1975,33.74596
35434,3,14,1976,33.88225
35434,3,14,1977,33.98907
35434,3,14,1978,33.85869
35434,3,14,1979,33.68854
35434,3,14,1980,33.66032
35434,3,14,1981,33.9292
35434,3,14,1982,34.22658
35434,3,14,1983,34.40332
35434,3,14,1984,34.69634
35434,3,14,1985,35.00039
35434,3,14,1986,35.40765
35434,3,14,1987,35.61718
35434,3,14,1988,35.71823
35434,3,14,1989,35.88241
35434,3,14,1990,36.05695
35434,3,14,1991,36.21307
35434,3,14,1992,36.28593
35434,3,14,1993,36.38282
35434,3,14,1994,36.77209
35434,3,14,1995,36.78063
35434,3,14,1996,37.20722
35434,3,14,1997,37.50229
35434,3,14,1998,37.45535
35434,3,14,1999,37.51903
35434,3,14,2000,38.0807
35434,3,14,2001,38.29151
35434,3,14,2002,38.55386
35434,3,14,2003,38.66642
35434,3,14,2004,38.87376
35434,3,14,2005,38.83639
35434,3,14,2006,39.04228
35434,3,14,2007,39.12825
35434,3,14,2008,39.2989
35434,3,14,2009,39.5037
35434,3,14,2010,39.49067
35434,3,14,2011,39.51214
35434,3,14,2012,39.66457
35434,3,14,2013,39.88523
35434,3,14,2014,40.20078
35434,3,14,2015,40.32639
35434,3,14,2016,40.48078
35434,3,14,2017,40.71135
35434,3,14,2018,41.04258
35434,3,14,2019,41.34378
35435,1,14,1950,27.69792
35435,1,14,1951,28.30138
35435,1,14,1952,28.93355
35435,1,14,1953,28.87136
35435,1,14,1954,29.10668
35435,1,14,1955,29.28982
35435,1,14,1956,29.03287
35435,1,14,1957,29.08855
35435,1,14,1958,29.85348
35435,1,14,1959,29.9698
35435,1,14,1960,29.71846
35435,1,14,1961,29.74204
35435,1,14,1962,29.79674
35435,1,14,1963,30.28065
35435,1,14,1964,30.52192
35435,1,14,1965,30.68752
35435,1,14,1966,31.04012
35435,1,14,1967,31.36884
35435,1,14,1968,31.52077
35435,1,14,1969,31.28524
35435,1,14,1970,31.38915
35435,1,14,1971,31.8632
35435,1,14,1972,32.11452
35435,1,14,1973,31.98956
35435,1,14,1974,32.14865
35435,1,14,1975,32.11058
35435,1,14,1976,32.19647
35435,1,14,1977,32.0816
35435,1,14,1978,31.92008
35435,1,14,1979,31.58573
35435,1,14,1980,31.78481
35435,1,14,1981,32.01144
35435,1,14,1982,32.34169
35435,1,14,1983,32.23637
35435,1,14,1984,32.62886
35435,1,14,1985,32.94637
35435,1,14,1986,33.07164
35435,1,14,1987,33.45862
35435,1,14,1988,33.44298
35435,1,14,1989,33.52251
35435,1,14,1990,33.76247
35435,1,14,1991,33.75973
35435,1,14,1992,33.78764
35435,1,14,1993,33.93079
35435,1,14,1994,34.12094
35435,1,14,1995,34.02182
35435,1,14,1996,34.45789
35435,1,14,1997,34.77598
35435,1,14,1998,34.77113
35435,1,14,1999,34.83677
35435,1,14,2000,35.1907
35435,1,14,2001,35.5998
35435,1,14,2002,35.71182
35435,1,14,2003,35.68314
35435,1,14,2004,35.89212
35435,1,14,2005,36.00254
35435,1,14,2006,36.20384
35435,1,14,2007,36.47869
35435,1,14,2008,36.63429
35435,1,14,2009,36.72025
35435,1,14,2010,36.88759
35435,1,14,2011,36.95922
35435,1,14,2012,37.23386
35435,1,14,2013,37.43586
35435,1,14,2014,37.79967
35435,1,14,2015,37.90359
35435,1,14,2016,38.00654
35435,1,14,2017,38.16796
35435,1,14,2018,38.6571
35435,1,14,2019,39.14918
35435,2,14,1950,30.22458
35435,2,14,1951,30.75012
35435,2,14,1952,31.35118
35435,2,14,1953,31.5033
35435,2,14,1954,32.00804
35435,2,14,1955,32.30523
35435,2,14,1956,32.1636
35435,2,14,1957,32.13401
35435,2,14,1958,32.88359
35435,2,14,1959,33.08031
35435,2,14,1960,33.04433
35435,2,14,1961,33.11797
35435,2,14,1962,33.28617
35435,2,14,1963,33.65503
35435,2,14,1964,33.88453
35435,2,14,1965,33.99747
35435,2,14,1966,34.36053
35435,2,14,1967,34.56632
35435,2,14,1968,34.68721
35435,2,14,1969,34.96853
35435,2,14,1970,34.95901
35435,2,14,1971,35.44466
35435,2,14,1972,35.70725
35435,2,14,1973,35.55264
35435,2,14,1974,35.67123
35435,2,14,1975,35.8049
35435,2,14,1976,35.83585
35435,2,14,1977,35.99023
35435,2,14,1978,35.98797
35435,2,14,1979,35.83722
35435,2,14,1980,36.07606
35435,2,14,1981,36.35648
35435,2,14,1982,36.82029
35435,2,14,1983,36.85639
35435,2,14,1984,37.27213
35435,2,14,1985,37.73327
35435,2,14,1986,38.03363
35435,2,14,1987,38.42106
35435,2,14,1988,38.53273
35435,2,14,1989,38.78579
35435,2,14,1990,39.0564
35435,2,14,1991,39.08495
35435,2,14,1992,39.14399
35435,2,14,1993,39.3898
35435,2,14,1994,39.57847
35435,2,14,1995,39.74493
35435,2,14,1996,40.09423
35435,2,14,1997,40.44658
35435,2,14,1998,40.51302
35435,2,14,1999,40.6143
35435,2,14,2000,41.05876
35435,2,14,2001,41.25833
35435,2,14,2002,41.46202
35435,2,14,2003,41.82458
35435,2,14,2004,41.8457
35435,2,14,2005,41.83266
35435,2,14,2006,42.05047
35435,2,14,2007,42.45115
35435,2,14,2008,42.42889
35435,2,14,2009,42.64185
35435,2,14,2010,42.55795
35435,2,14,2011,42.46168
35435,2,14,2012,42.76688
35435,2,14,2013,42.94893
35435,2,14,2014,42.8618
35435,2,14,2015,43.23112
35435,2,14,2016,43.44862
35435,2,14,2017,43.47145
35435,2,14,2018,43.71767
35435,2,14,2019,44.0246
35435,3,14,1950,28.33094
35435,3,14,1951,29.04165
35435,3,14,1952,29.48068
35435,3,14,1953,29.6129
35435,3,14,1954,29.89603
35435,3,14,1955,30.24202
35435,3,14,1956,30.00278
35435,3,14,1957,29.94707
35435,3,14,1958,30.69711
35435,3,14,1959,30.92199
35435,3,14,1960,31.00772
35435,3,14,1961,30.90752
35435,3,14,1962,30.95146
35435,3,14,1963,31.37137
35435,3,14,1964,31.54412
35435,3,14,1965,31.7133
35435,3,14,1966,32.01779
35435,3,14,1967,32.28267
35435,3,14,1968,32.53935
35435,3,14,1969,32.52455
35435,3,14,1970,32.71347
35435,3,14,1971,33.08213
35435,3,14,1972,33.40549
35435,3,14,1973,33.4735
35435,3,14,1974,33.45649
35435,3,14,1975,33.63383
35435,3,14,1976,33.66636
35435,3,14,1977,33.89338
35435,3,14,1978,33.88004
35435,3,14,1979,33.73785
35435,3,14,1980,33.95569
35435,3,14,1981,34.21122
35435,3,14,1982,34.60455
35435,3,14,1983,34.58022
35435,3,14,1984,34.99199
35435,3,14,1985,35.37705
35435,3,14,1986,35.59897
35435,3,14,1987,35.97426
35435,3,14,1988,36.02724
35435,3,14,1989,36.19675
35435,3,14,1990,36.44932
35435,3,14,1991,36.45583
35435,3,14,1992,36.4999
35435,3,14,1993,36.68911
35435,3,14,1994,36.88663
35435,3,14,1995,36.89215
35435,3,14,1996,37.30662
35435,3,14,1997,37.64556
35435,3,14,1998,37.66826
35435,3,14,1999,37.74487
35435,3,14,2000,38.14308
35435,3,14,2001,38.43985
35435,3,14,2002,38.60634
35435,3,14,2003,38.75322
35435,3,14,2004,38.86601
35435,3,14,2005,38.91851
35435,3,14,2006,39.10179
35435,3,14,2007,39.44679
35435,3,14,2008,39.52842
35435,3,14,2009,39.64278
35435,3,14,2010,39.69677
35435,3,14,2011,39.67619
35435,3,14,2012,39.96695
35435,3,14,2013,40.14557
35435,3,14,2014,40.27633
35435,3,14,2015,40.5088
35435,3,14,2016,40.65775
35435,3,14,2017,40.73246
35435,3,14,2018,41.01966
35435,3,14,2019,41.33958
35436,1,14,1950,28.89843
35436,1,14,1951,29.6374
35436,1,14,1952,30.13626
35436,1,14,1953,30.08
35436,1,14,1954,30.16729
35436,1,14,1955,30.4245
35436,1,14,1956,30.17323
35436,1,14,1957,30.06148
35436,1,14,1958,30.67684
35436,1,14,1959,30.80369
35436,1,14,1960,30.52279
35436,1,14,1961,30.60317
35436,1,14,1962,30.6686
35436,1,14,1963,30.86626
35436,1,14,1964,31.04662
35436,1,14,1965,31.1547
35436,1,14,1966,31.48412
35436,1,14,1967,31.62265
35436,1,14,1968,31.68478
35436,1,14,1969,31.61142
35436,1,14,1970,31.60797
35436,1,14,1971,32.03661
35436,1,14,1972,32.21954
35436,1,14,1973,32.22231
35436,1,14,1974,32.25832
35436,1,14,1975,32.44559
35436,1,14,1976,32.50261
35436,1,14,1977,32.57091
35436,1,14,1978,32.32384
35436,1,14,1979,31.90992
35436,1,14,1980,31.94932
35436,1,14,1981,32.11557
35436,1,14,1982,32.4316
35436,1,14,1983,32.28798
35436,1,14,1984,32.61924
35436,1,14,1985,32.95832
35436,1,14,1986,33.00835
35436,1,14,1987,33.27216
35436,1,14,1988,33.24482
35436,1,14,1989,33.28799
35436,1,14,1990,33.30127
35436,1,14,1991,33.5557
35436,1,14,1992,33.51928
35436,1,14,1993,33.67619
35436,1,14,1994,33.87272
35436,1,14,1995,33.84943
35436,1,14,1996,34.16491
35436,1,14,1997,34.46046
35436,1,14,1998,34.50525
35436,1,14,1999,34.48236
35436,1,14,2000,34.92187
35436,1,14,2001,35.23879
35436,1,14,2002,35.63354
35436,1,14,2003,35.7131
35436,1,14,2004,36.01264
35436,1,14,2005,35.98988
35436,1,14,2006,36.27443
35436,1,14,2007,36.43065
35436,1,14,2008,36.58834
35436,1,14,2009,36.71011
35436,1,14,2010,36.61565
35436,1,14,2011,36.79385
35436,1,14,2012,37.00136
35436,1,14,2013,37.15433
35436,1,14,2014,37.48118
35436,1,14,2015,37.62085
35436,1,14,2016,37.90857
35436,1,14,2017,38.14202
35436,1,14,2018,38.67509
35436,1,14,2019,39.26623
35436,2,14,1950,31.11586
35436,2,14,1951,31.7326
35436,2,14,1952,32.19612
35436,2,14,1953,32.23762
35436,2,14,1954,32.81545
35436,2,14,1955,33.11346
35436,2,14,1956,32.85606
35436,2,14,1957,32.813
35436,2,14,1958,33.44436
35436,2,14,1959,33.64418
35436,2,14,1960,33.51186
35436,2,14,1961,33.5204
35436,2,14,1962,33.74484
35436,2,14,1963,34.10473
35436,2,14,1964,34.38604
35436,2,14,1965,34.5275
35436,2,14,1966,34.92569
35436,2,14,1967,35.04159
35436,2,14,1968,35.15406
35436,2,14,1969,35.09833
35436,2,14,1970,35.26285
35436,2,14,1971,35.63895
35436,2,14,1972,35.83034
35436,2,14,1973,35.86293
35436,2,14,1974,35.95201
35436,2,14,1975,36.11986
35436,2,14,1976,36.32645
35436,2,14,1977,36.45686
35436,2,14,1978,36.40887
35436,2,14,1979,36.23424
35436,2,14,1980,36.26467
35436,2,14,1981,36.59057
35436,2,14,1982,37.06872
35436,2,14,1983,37.20595
35436,2,14,1984,37.46179
35436,2,14,1985,37.6389
35436,2,14,1986,38.00046
35436,2,14,1987,38.21794
35436,2,14,1988,38.2602
35436,2,14,1989,38.47685
35436,2,14,1990,38.65241
35436,2,14,1991,38.82219
35436,2,14,1992,39.00905
35436,2,14,1993,39.1395
35436,2,14,1994,39.42203
35436,2,14,1995,39.54937
35436,2,14,1996,39.91272
35436,2,14,1997,40.28809
35436,2,14,1998,40.36992
35436,2,14,1999,40.47499
35436,2,14,2000,40.79347
35436,2,14,2001,41.24355
35436,2,14,2002,41.62475
35436,2,14,2003,41.7207
35436,2,14,2004,41.77254
35436,2,14,2005,41.91188
35436,2,14,2006,42.15403
35436,2,14,2007,42.16338
35436,2,14,2008,42.49071
35436,2,14,2009,42.68607
35436,2,14,2010,42.74725
35436,2,14,2011,42.65818
35436,2,14,2012,42.88256
35436,2,14,2013,43.05096
35436,2,14,2014,43.253
35436,2,14,2015,43.58222
35436,2,14,2016,43.62708
35436,2,14,2017,43.95701
35436,2,14,2018,44.3135
35436,2,14,2019,44.70692
35436,3,14,1950,29.35628
35436,3,14,1951,30.17859
35436,3,14,1952,30.47232
35436,3,14,1953,30.49795
35436,3,14,1954,30.96851
35436,3,14,1955,31.16979
35436,3,14,1956,30.89492
35436,3,14,1957,30.64076
35436,3,14,1958,31.3185
35436,3,14,1959,31.61731
35436,3,14,1960,31.37552
35436,3,14,1961,31.49797
35436,3,14,1962,31.52142
35436,3,14,1963,31.8259
35436,3,14,1964,32.08824
35436,3,14,1965,32.15705
35436,3,14,1966,32.42239
35436,3,14,1967,32.78373
35436,3,14,1968,32.83712
35436,3,14,1969,32.88367
35436,3,14,1970,32.96043
35436,3,14,1971,33.35545
35436,3,14,1972,33.64064
35436,3,14,1973,33.6223
35436,3,14,1974,33.74936
35436,3,14,1975,33.90915
35436,3,14,1976,34.13699
35436,3,14,1977,34.25865
35436,3,14,1978,34.28598
35436,3,14,1979,34.11226
35436,3,14,1980,34.15746
35436,3,14,1981,34.38562
35436,3,14,1982,34.80173
35436,3,14,1983,34.793
35436,3,14,1984,35.0981
35436,3,14,1985,35.36413
35436,3,14,1986,35.56471
35436,3,14,1987,35.80752
35436,3,14,1988,35.82378
35436,3,14,1989,35.93882
35436,3,14,1990,36.04259
35436,3,14,1991,36.25097
35436,3,14,1992,36.32329
35436,3,14,1993,36.48695
35436,3,14,1994,36.70644
35436,3,14,1995,36.743
35436,3,14,1996,37.09255
35436,3,14,1997,37.42321
35436,3,14,1998,37.47569
35436,3,14,1999,37.5077
35436,3,14,2000,37.88705
35436,3,14,2001,38.27519
35436,3,14,2002,38.66496
35436,3,14,2003,38.74358
35436,3,14,2004,38.92408
35436,3,14,2005,38.97137
35436,3,14,2006,39.24102
35436,3,14,2007,39.32144
35436,3,14,2008,39.56754
35436,3,14,2009,39.7263
35436,3,14,2010,39.68509
35436,3,14,2011,39.74643
35436,3,14,2012,39.95828
35436,3,14,2013,40.11711
35436,3,14,2014,40.39142
35436,3,14,2015,40.62356
35436,3,14,2016,40.79733
35436,3,14,2017,41.05882
35436,3,14,2018,41.3764
35436,3,14,2019,41.78832
35437,1,14,1950,29.03635
35437,1,14,1951,29.74112
35437,1,14,1952,30.20565
35437,1,14,1953,30.20954
35437,1,14,1954,30.23351
35437,1,14,1955,30.57309
35437,1,14,1956,30.40918
35437,1,14,1957,30.14108
35437,1,14,1958,30.96558
35437,1,14,1959,31.08266
35437,1,14,1960,30.93398
35437,1,14,1961,30.90028
35437,1,14,1962,30.99673
35437,1,14,1963,31.38906
35437,1,14,1964,31.55825
35437,1,14,1965,31.75427
35437,1,14,1966,32.0337
35437,1,14,1967,32.13861
35437,1,14,1968,32.21401
35437,1,14,1969,32.08058
35437,1,14,1970,32.13363
35437,1,14,1971,32.5277
35437,1,14,1972,32.62575
35437,1,14,1973,32.56853
35437,1,14,1974,32.74993
35437,1,14,1975,32.8628
35437,1,14,1976,32.80578
35437,1,14,1977,32.75851
35437,1,14,1978,32.60783
35437,1,14,1979,31.99195
35437,1,14,1980,32.03692
35437,1,14,1981,32.37935
35437,1,14,1982,32.72055
35437,1,14,1983,32.55328
35437,1,14,1984,32.69678
35437,1,14,1985,32.98473
35437,1,14,1986,33.24257
35437,1,14,1987,33.4989
35437,1,14,1988,33.46445
35437,1,14,1989,33.78537
35437,1,14,1990,33.84473
35437,1,14,1991,33.87393
35437,1,14,1992,34.01242
35437,1,14,1993,33.99524
35437,1,14,1994,34.18804
35437,1,14,1995,34.2427
35437,1,14,1996,34.62481
35437,1,14,1997,34.86302
35437,1,14,1998,34.82399
35437,1,14,1999,34.8824
35437,1,14,2000,35.26141
35437,1,14,2001,35.55629
35437,1,14,2002,35.86777
35437,1,14,2003,35.94259
35437,1,14,2004,36.32399
35437,1,14,2005,36.21053
35437,1,14,2006,36.61542
35437,1,14,2007,36.6907
35437,1,14,2008,36.91777
35437,1,14,2009,37.11532
35437,1,14,2010,37.19637
35437,1,14,2011,37.1272
35437,1,14,2012,37.5942
35437,1,14,2013,37.86331
35437,1,14,2014,38.1076
35437,1,14,2015,38.45163
35437,1,14,2016,38.5566
35437,1,14,2017,39.02206
35437,1,14,2018,39.5388
35437,1,14,2019,39.88856
35437,2,14,1950,31.26441
35437,2,14,1951,31.88137
35437,2,14,1952,32.31217
35437,2,14,1953,32.40701
35437,2,14,1954,32.90139
35437,2,14,1955,33.24607
35437,2,14,1956,32.95668
35437,2,14,1957,32.95155
35437,2,14,1958,33.76546
35437,2,14,1959,34.07558
35437,2,14,1960,33.90213
35437,2,14,1961,34.00291
35437,2,14,1962,34.06289
35437,2,14,1963,34.5477
35437,2,14,1964,34.7424
35437,2,14,1965,34.88782
35437,2,14,1966,35.26098
35437,2,14,1967,35.39686
35437,2,14,1968,35.55554
35437,2,14,1969,35.59632
35437,2,14,1970,35.61573
35437,2,14,1971,36.06157
35437,2,14,1972,36.27934
35437,2,14,1973,36.18583
35437,2,14,1974,36.10484
35437,2,14,1975,36.28861
35437,2,14,1976,36.3419
35437,2,14,1977,36.51995
35437,2,14,1978,36.47735
35437,2,14,1979,36.27914
35437,2,14,1980,36.39538
35437,2,14,1981,36.61997
35437,2,14,1982,36.9075
35437,2,14,1983,37.21086
35437,2,14,1984,37.30596
35437,2,14,1985,37.75661
35437,2,14,1986,38.20333
35437,2,14,1987,38.43762
35437,2,14,1988,38.48948
35437,2,14,1989,38.72299
35437,2,14,1990,38.86271
35437,2,14,1991,38.94358
35437,2,14,1992,39.22056
35437,2,14,1993,39.37173
35437,2,14,1994,39.6266
35437,2,14,1995,39.74804
35437,2,14,1996,40.1532
35437,2,14,1997,40.43858
35437,2,14,1998,40.50031
35437,2,14,1999,40.64314
35437,2,14,2000,41.25523
35437,2,14,2001,41.48127
35437,2,14,2002,41.6962
35437,2,14,2003,41.97802
35437,2,14,2004,42.01959
35437,2,14,2005,42.17287
35437,2,14,2006,42.38564
35437,2,14,2007,42.43882
35437,2,14,2008,42.53703
35437,2,14,2009,42.73623
35437,2,14,2010,42.73949
35437,2,14,2011,42.61739
35437,2,14,2012,42.86704
35437,2,14,2013,43.08608
35437,2,14,2014,43.28929
35437,2,14,2015,43.41471
35437,2,14,2016,43.65368
35437,2,14,2017,43.86541
35437,2,14,2018,44.22198
35437,2,14,2019,44.47232
35437,3,14,1950,29.52519
35437,3,14,1951,30.23053
35437,3,14,1952,30.6793
35437,3,14,1953,30.67884
35437,3,14,1954,31.08366
35437,3,14,1955,31.28562
35437,3,14,1956,31.06546
35437,3,14,1957,31.03685
35437,3,14,1958,31.81358
35437,3,14,1959,31.718
35437,3,14,1960,31.81575
35437,3,14,1961,31.86615
35437,3,14,1962,31.97281
35437,3,14,1963,32.37344
35437,3,14,1964,32.52733
35437,3,14,1965,32.56348
35437,3,14,1966,32.9272
35437,3,14,1967,33.15092
35437,3,14,1968,33.21673
35437,3,14,1969,33.34591
35437,3,14,1970,33.26243
35437,3,14,1971,33.89283
35437,3,14,1972,33.97364
35437,3,14,1973,33.91836
35437,3,14,1974,34.06862
35437,3,14,1975,34.18831
35437,3,14,1976,34.35055
35437,3,14,1977,34.45658
35437,3,14,1978,34.42728
35437,3,14,1979,34.14009
35437,3,14,1980,34.22839
35437,3,14,1981,34.50867
35437,3,14,1982,34.81807
35437,3,14,1983,34.87524
35437,3,14,1984,34.99038
35437,3,14,1985,35.37717
35437,3,14,1986,35.7195
35437,3,14,1987,35.98848
35437,3,14,1988,35.97593
35437,3,14,1989,36.25589
35437,3,14,1990,36.35856
35437,3,14,1991,36.41671
35437,3,14,1992,36.61242
35437,3,14,1993,36.67963
35437,3,14,1994,36.91711
35437,3,14,1995,37.00405
35437,3,14,1996,37.38037
35437,3,14,1997,37.64084
35437,3,14,1998,37.64577
35437,3,14,1999,37.74138
35437,3,14,2000,38.24142
35437,3,14,2001,38.5107
35437,3,14,2002,38.76923
35437,3,14,2003,38.96059
35437,3,14,2004,39.1682
35437,3,14,2005,39.16373
35437,3,14,2006,39.47661
35437,3,14,2007,39.53751
35437,3,14,2008,39.70676
35437,3,14,2009,39.89102
35437,3,14,2010,39.92621
35437,3,14,2011,39.80603
35437,3,14,2012,40.17354
35437,3,14,2013,40.41686
35437,3,14,2014,40.62397
35437,3,14,2015,40.84552
35437,3,14,2016,41.02333
35437,3,14,2017,41.37796
35437,3,14,2018,41.69592
35437,3,14,2019,41.93942
35438,1,14,1950,27.61618
35438,1,14,1951,28.28295
35438,1,14,1952,28.94787
35438,1,14,1953,28.94414
35438,1,14,1954,29.13058
35438,1,14,1955,29.33606
35438,1,14,1956,29.09044
35438,1,14,1957,29.05222
35438,1,14,1958,29.67075
35438,1,14,1959,29.90481
35438,1,14,1960,29.7034
35438,1,14,1961,29.68017
35438,1,14,1962,29.80949
35438,1,14,1963,30.01435
35438,1,14,1964,30.27149
35438,1,14,1965,30.30446
35438,1,14,1966,30.61515
35438,1,14,1967,30.68399
35438,1,14,1968,30.9077
35438,1,14,1969,30.93472
35438,1,14,1970,30.85708
35438,1,14,1971,31.35268
35438,1,14,1972,31.59877
35438,1,14,1973,31.49774
35438,1,14,1974,31.68425
35438,1,14,1975,31.69471
35438,1,14,1976,31.59163
35438,1,14,1977,31.645
35438,1,14,1978,31.4974
35438,1,14,1979,31.30007
35438,1,14,1980,31.71347
35438,1,14,1981,31.89135
35438,1,14,1982,32.23365
35438,1,14,1983,32.19399
35438,1,14,1984,32.43772
35438,1,14,1985,32.6636
35438,1,14,1986,33.05764
35438,1,14,1987,33.36401
35438,1,14,1988,33.59001
35438,1,14,1989,33.71165
35438,1,14,1990,34.06313
35438,1,14,1991,34.09428
35438,1,14,1992,33.92633
35438,1,14,1993,34.28749
35438,1,14,1994,34.45353
35438,1,14,1995,34.43247
35438,1,14,1996,34.74904
35438,1,14,1997,34.85661
35438,1,14,1998,34.88009
35438,1,14,1999,34.9254
35438,1,14,2000,35.20952
35438,1,14,2001,35.41578
35438,1,14,2002,35.75131
35438,1,14,2003,35.81717
35438,1,14,2004,35.9049
35438,1,14,2005,36.00757
35438,1,14,2006,36.2926
35438,1,14,2007,36.3835
35438,1,14,2008,36.76365
35438,1,14,2009,36.86984
35438,1,14,2010,36.79877
35438,1,14,2011,36.89459
35438,1,14,2012,36.97706
35438,1,14,2013,37.40793
35438,1,14,2014,37.51965
35438,1,14,2015,37.72895
35438,1,14,2016,37.76902
35438,1,14,2017,38.21187
35438,1,14,2018,38.74974
35438,1,14,2019,39.13827
35438,2,14,1950,30.83076
35438,2,14,1951,31.48383
35438,2,14,1952,32.04499
35438,2,14,1953,32.12396
35438,2,14,1954,32.57806
35438,2,14,1955,32.95979
35438,2,14,1956,32.73042
35438,2,14,1957,32.72446
35438,2,14,1958,33.43865
35438,2,14,1959,33.58779
35438,2,14,1960,33.56793
35438,2,14,1961,33.61903
35438,2,14,1962,33.63736
35438,2,14,1963,34.08644
35438,2,14,1964,34.31565
35438,2,14,1965,34.29985
35438,2,14,1966,34.65365
35438,2,14,1967,34.8057
35438,2,14,1968,35.11645
35438,2,14,1969,35.06536
35438,2,14,1970,35.13119
35438,2,14,1971,35.46728
35438,2,14,1972,35.68675
35438,2,14,1973,35.7064
35438,2,14,1974,35.78483
35438,2,14,1975,35.79764
35438,2,14,1976,35.91029
35438,2,14,1977,36.03572
35438,2,14,1978,36.04464
35438,2,14,1979,35.94577
35438,2,14,1980,36.17878
35438,2,14,1981,36.36677
35438,2,14,1982,36.91824
35438,2,14,1983,37.19912
35438,2,14,1984,37.50913
35438,2,14,1985,37.86139
35438,2,14,1986,38.27279
35438,2,14,1987,38.67102
35438,2,14,1988,38.68157
35438,2,14,1989,39.04316
35438,2,14,1990,39.30015
35438,2,14,1991,39.6077
35438,2,14,1992,39.77481
35438,2,14,1993,40.08824
35438,2,14,1994,40.22111
35438,2,14,1995,40.36685
35438,2,14,1996,40.84565
35438,2,14,1997,41.16874
35438,2,14,1998,41.46911
35438,2,14,1999,41.65231
35438,2,14,2000,41.92319
35438,2,14,2001,42.12603
35438,2,14,2002,42.29145
35438,2,14,2003,42.37515
35438,2,14,2004,42.47265
35438,2,14,2005,42.94593
35438,2,14,2006,43.03967
35438,2,14,2007,43.10932
35438,2,14,2008,43.30206
35438,2,14,2009,43.46621
35438,2,14,2010,43.54471
35438,2,14,2011,43.63558
35438,2,14,2012,43.61445
35438,2,14,2013,43.48552
35438,2,14,2014,43.63847
35438,2,14,2015,43.75752
35438,2,14,2016,43.62728
35438,2,14,2017,43.61898
35438,2,14,2018,43.75682
35438,2,14,2019,44.01694
35438,3,14,1950,28.74211
35438,3,14,1951,29.52513
35438,3,14,1952,29.97889
35438,3,14,1953,29.78861
35438,3,14,1954,30.30603
35438,3,14,1955,30.67641
35438,3,14,1956,30.20213
35438,3,14,1957,30.17803
35438,3,14,1958,30.86798
35438,3,14,1959,31.20267
35438,3,14,1960,30.95723
35438,3,14,1961,31.19635
35438,3,14,1962,31.27679
35438,3,14,1963,31.50562
35438,3,14,1964,31.79159
35438,3,14,1965,31.77459
35438,3,14,1966,32.08165
35438,3,14,1967,32.29591
35438,3,14,1968,32.47392
35438,3,14,1969,32.44235
35438,3,14,1970,32.48627
35438,3,14,1971,32.97492
35438,3,14,1972,33.2255
35438,3,14,1973,33.1871
35438,3,14,1974,33.27302
35438,3,14,1975,33.48215
35438,3,14,1976,33.54987
35438,3,14,1977,33.69663
35438,3,14,1978,33.69745
35438,3,14,1979,33.65896
35438,3,14,1980,33.9999
35438,3,14,1981,34.18587
35438,3,14,1982,34.65882
35438,3,14,1983,34.75489
35438,3,14,1984,35.04679
35438,3,14,1985,35.32194
35438,3,14,1986,35.74348
35438,3,14,1987,36.10172
35438,3,14,1988,36.22182
35438,3,14,1989,36.46594
35438,3,14,1990,36.78485
35438,3,14,1991,36.93162
35438,3,14,1992,36.94234
35438,3,14,1993,37.27633
35438,3,14,1994,37.41102
35438,3,14,1995,37.47112
35438,3,14,1996,37.87067
35438,3,14,1997,38.09591
35438,3,14,1998,38.24601
35438,3,14,1999,38.36246
35438,3,14,2000,38.61954
35438,3,14,2001,38.82779
35438,3,14,2002,39.07804
35438,3,14,2003,39.17709
35438,3,14,2004,39.25044
35438,3,14,2005,39.52429
35438,3,14,2006,39.70623
35438,3,14,2007,39.7975
35438,3,14,2008,40.0621
35438,3,14,2009,40.19671
35438,3,14,2010,40.16762
35438,3,14,2011,40.26277
35438,3,14,2012,40.27627
35438,3,14,2013,40.46709
35438,3,14,2014,40.56389
35438,3,14,2015,40.73825
35438,3,14,2016,40.66583
35438,3,14,2017,40.87208
35438,3,14,2018,41.07478
35438,3,14,2019,41.38268
35439,1,14,1950,27.84769
35439,1,14,1951,28.63558
35439,1,14,1952,29.08845
35439,1,14,1953,29.02969
35439,1,14,1954,29.23891
35439,1,14,1955,29.599
35439,1,14,1956,29.43327
35439,1,14,1957,29.17898
35439,1,14,1958,29.91943
35439,1,14,1959,30.0783
35439,1,14,1960,29.89591
35439,1,14,1961,29.95811
35439,1,14,1962,30.0167
35439,1,14,1963,30.4004
35439,1,14,1964,30.50606
35439,1,14,1965,30.3148
35439,1,14,1966,30.75167
35439,1,14,1967,30.96951
35439,1,14,1968,31.09659
35439,1,14,1969,30.91225
35439,1,14,1970,31.12867
35439,1,14,1971,31.44282
35439,1,14,1972,31.67689
35439,1,14,1973,31.68242
35439,1,14,1974,31.67386
35439,1,14,1975,31.87894
35439,1,14,1976,31.96671
35439,1,14,1977,32.06182
35439,1,14,1978,32.13261
35439,1,14,1979,31.89717
35439,1,14,1980,31.89924
35439,1,14,1981,32.12613
35439,1,14,1982,32.5605
35439,1,14,1983,32.51662
35439,1,14,1984,32.7628
35439,1,14,1985,32.96924
35439,1,14,1986,33.28039
35439,1,14,1987,33.57117
35439,1,14,1988,33.61806
35439,1,14,1989,33.79713
35439,1,14,1990,34.02519
35439,1,14,1991,34.15687
35439,1,14,1992,34.14266
35439,1,14,1993,34.4614
35439,1,14,1994,34.75012
35439,1,14,1995,34.91691
35439,1,14,1996,35.23547
35439,1,14,1997,35.32834
35439,1,14,1998,35.28485
35439,1,14,1999,35.41324
35439,1,14,2000,35.7656
35439,1,14,2001,36.05547
35439,1,14,2002,36.29719
35439,1,14,2003,36.29647
35439,1,14,2004,36.46707
35439,1,14,2005,36.58372
35439,1,14,2006,36.76689
35439,1,14,2007,36.89401
35439,1,14,2008,37.01616
35439,1,14,2009,37.25387
35439,1,14,2010,37.3375
35439,1,14,2011,37.42753
35439,1,14,2012,37.557
35439,1,14,2013,37.79785
35439,1,14,2014,38.04984
35439,1,14,2015,38.30119
35439,1,14,2016,38.57625
35439,1,14,2017,38.90707
35439,1,14,2018,39.27688
35439,1,14,2019,39.47113
35439,2,14,1950,30.6587
35439,2,14,1951,31.48711
35439,2,14,1952,31.87048
35439,2,14,1953,32.13634
35439,2,14,1954,32.66584
35439,2,14,1955,33.08496
35439,2,14,1956,32.62991
35439,2,14,1957,32.46574
35439,2,14,1958,33.1567
35439,2,14,1959,33.32869
35439,2,14,1960,33.3391
35439,2,14,1961,33.35169
35439,2,14,1962,33.46678
35439,2,14,1963,33.9807
35439,2,14,1964,34.0886
35439,2,14,1965,34.05934
35439,2,14,1966,34.50986
35439,2,14,1967,34.83322
35439,2,14,1968,34.8746
35439,2,14,1969,35.00066
35439,2,14,1970,35.00879
35439,2,14,1971,35.505
35439,2,14,1972,35.67199
35439,2,14,1973,35.59095
35439,2,14,1974,35.72566
35439,2,14,1975,36.0941
35439,2,14,1976,36.30002
35439,2,14,1977,36.45722
35439,2,14,1978,36.70241
35439,2,14,1979,36.63836
35439,2,14,1980,36.73506
35439,2,14,1981,37.11741
35439,2,14,1982,37.56914
35439,2,14,1983,37.6912
35439,2,14,1984,37.86752
35439,2,14,1985,38.0927
35439,2,14,1986,38.58526
35439,2,14,1987,38.95285
35439,2,14,1988,39.22573
35439,2,14,1989,39.57706
35439,2,14,1990,39.88774
35439,2,14,1991,40.05812
35439,2,14,1992,40.22583
35439,2,14,1993,40.43727
35439,2,14,1994,40.70186
35439,2,14,1995,40.92044
35439,2,14,1996,41.2038
35439,2,14,1997,41.44602
35439,2,14,1998,41.63953
35439,2,14,1999,41.80083
35439,2,14,2000,42.21716
35439,2,14,2001,42.58626
35439,2,14,2002,42.88664
35439,2,14,2003,42.9841
35439,2,14,2004,43.08012
35439,2,14,2005,43.13544
35439,2,14,2006,43.18123
35439,2,14,2007,43.26628
35439,2,14,2008,43.33088
35439,2,14,2009,43.54153
35439,2,14,2010,43.60876
35439,2,14,2011,43.52594
35439,2,14,2012,43.61393
35439,2,14,2013,43.72537
35439,2,14,2014,44.03999
35439,2,14,2015,44.39761
35439,2,14,2016,44.62111
35439,2,14,2017,44.81972
35439,2,14,2018,45.01232
35439,2,14,2019,45.23148
35439,3,14,1950,28.67342
35439,3,14,1951,29.43977
35439,3,14,1952,29.99979
35439,3,14,1953,29.88504
35439,3,14,1954,30.25907
35439,3,14,1955,30.7389
35439,3,14,1956,30.297
35439,3,14,1957,30.21403
35439,3,14,1958,30.96213
35439,3,14,1959,30.94992
35439,3,14,1960,30.94904
35439,3,14,1961,31.08755
35439,3,14,1962,31.13391
35439,3,14,1963,31.43834
35439,3,14,1964,31.69886
35439,3,14,1965,31.68019
35439,3,14,1966,32.07785
35439,3,14,1967,32.38753
35439,3,14,1968,32.43968
35439,3,14,1969,32.45409
35439,3,14,1970,32.5478
35439,3,14,1971,33.09164
35439,3,14,1972,33.31066
35439,3,14,1973,33.28242
35439,3,14,1974,33.43617
35439,3,14,1975,33.79097
35439,3,14,1976,33.93106
35439,3,14,1977,34.12983
35439,3,14,1978,34.37857
35439,3,14,1979,34.25543
35439,3,14,1980,34.33756
35439,3,14,1981,34.64454
35439,3,14,1982,35.10493
35439,3,14,1983,35.1598
35439,3,14,1984,35.35586
35439,3,14,1985,35.5895
35439,3,14,1986,36.00513
35439,3,14,1987,36.33988
35439,3,14,1988,36.50091
35439,3,14,1989,36.75749
35439,3,14,1990,37.01953
35439,3,14,1991,37.14674
35439,3,14,1992,37.24091
35439,3,14,1993,37.52259
35439,3,14,1994,37.80121
35439,3,14,1995,37.99621
35439,3,14,1996,38.30136
35439,3,14,1997,38.47141
35439,3,14,1998,38.51301
35439,3,14,1999,38.68996
35439,3,14,2000,39.04518
35439,3,14,2001,39.39389
35439,3,14,2002,39.67337
35439,3,14,2003,39.72212
35439,3,14,2004,39.85824
35439,3,14,2005,39.92382
35439,3,14,2006,40.04831
35439,3,14,2007,40.10827
35439,3,14,2008,40.23994
35439,3,14,2009,40.43796
35439,3,14,2010,40.47957
35439,3,14,2011,40.49663
35439,3,14,2012,40.58596
35439,3,14,2013,40.77358
35439,3,14,2014,41.0355
35439,3,14,2015,41.33247
35439,3,14,2016,41.56807
35439,3,14,2017,41.81652
35439,3,14,2018,42.0477
35439,3,14,2019,42.18755
35440,1,14,1950,28.58463
35440,1,14,1951,29.41856
35440,1,14,1952,29.67264
35440,1,14,1953,29.58002
35440,1,14,1954,29.82165
35440,1,14,1955,30.22414
35440,1,14,1956,29.75237
35440,1,14,1957,29.69247
35440,1,14,1958,30.39143
35440,1,14,1959,30.59314
35440,1,14,1960,30.34354
35440,1,14,1961,30.35632
35440,1,14,1962,30.52601
35440,1,14,1963,30.85788
35440,1,14,1964,30.93237
35440,1,14,1965,30.84641
35440,1,14,1966,31.1363
35440,1,14,1967,31.40982
35440,1,14,1968,31.49323
35440,1,14,1969,31.46201
35440,1,14,1970,31.57471
35440,1,14,1971,32.03892
35440,1,14,1972,32.13521
35440,1,14,1973,32.23702
35440,1,14,1974,32.28806
35440,1,14,1975,32.57397
35440,1,14,1976,32.69652
35440,1,14,1977,32.87734
35440,1,14,1978,32.9544
35440,1,14,1979,32.73999
35440,1,14,1980,32.74152
35440,1,14,1981,32.88429
35440,1,14,1982,32.95599
35440,1,14,1983,32.9068
35440,1,14,1984,33.09873
35440,1,14,1985,33.45586
35440,1,14,1986,33.71807
35440,1,14,1987,33.90448
35440,1,14,1988,33.8979
35440,1,14,1989,34.00147
35440,1,14,1990,34.09329
35440,1,14,1991,34.3605
35440,1,14,1992,34.61533
35440,1,14,1993,34.71273
35440,1,14,1994,34.99517
35440,1,14,1995,35.27849
35440,1,14,1996,35.37955
35440,1,14,1997,35.43896
35440,1,14,1998,35.39417
35440,1,14,1999,35.41249
35440,1,14,2000,35.71662
35440,1,14,2001,36.03386
35440,1,14,2002,36.25092
35440,1,14,2003,36.29205
35440,1,14,2004,36.47417
35440,1,14,2005,36.6381
35440,1,14,2006,36.84606
35440,1,14,2007,36.99883
35440,1,14,2008,37.18394
35440,1,14,2009,37.33573
35440,1,14,2010,37.33147
35440,1,14,2011,37.4118
35440,1,14,2012,37.75433
35440,1,14,2013,37.91734
35440,1,14,2014,38.36111
35440,1,14,2015,38.46857
35440,1,14,2016,38.53664
35440,1,14,2017,38.86952
35440,1,14,2018,39.22371
35440,1,14,2019,39.51372
35440,2,14,1950,31.09042
35440,2,14,1951,31.85797
35440,2,14,1952,32.3226
35440,2,14,1953,32.34178
35440,2,14,1954,32.8791
35440,2,14,1955,33.18514
35440,2,14,1956,32.89363
35440,2,14,1957,32.69681
35440,2,14,1958,33.38646
35440,2,14,1959,33.47993
35440,2,14,1960,33.42208
35440,2,14,1961,33.55464
35440,2,14,1962,33.51414
35440,2,14,1963,34.09086
35440,2,14,1964,34.23346
35440,2,14,1965,34.21377
35440,2,14,1966,34.57606
35440,2,14,1967,34.81527
35440,2,14,1968,35.0183
35440,2,14,1969,34.99628
35440,2,14,1970,35.1287
35440,2,14,1971,35.57275
35440,2,14,1972,35.76725
35440,2,14,1973,35.67522
35440,2,14,1974,35.87598
35440,2,14,1975,35.91995
35440,2,14,1976,35.86259
35440,2,14,1977,36.11115
35440,2,14,1978,36.32608
35440,2,14,1979,36.10981
35440,2,14,1980,36.33415
35440,2,14,1981,36.74718
35440,2,14,1982,37.29663
35440,2,14,1983,37.72225
35440,2,14,1984,37.9799
35440,2,14,1985,38.1787
35440,2,14,1986,38.49369
35440,2,14,1987,38.82329
35440,2,14,1988,38.95835
35440,2,14,1989,39.16522
35440,2,14,1990,39.41371
35440,2,14,1991,39.7088
35440,2,14,1992,39.93871
35440,2,14,1993,40.10202
35440,2,14,1994,40.35123
35440,2,14,1995,40.52605
35440,2,14,1996,40.84391
35440,2,14,1997,41.22036
35440,2,14,1998,41.39885
35440,2,14,1999,41.39375
35440,2,14,2000,41.61246
35440,2,14,2001,42.3691
35440,2,14,2002,42.56394
35440,2,14,2003,42.66422
35440,2,14,2004,42.88947
35440,2,14,2005,42.98423
35440,2,14,2006,43.10119
35440,2,14,2007,43.17728
35440,2,14,2008,43.27755
35440,2,14,2009,43.3019
35440,2,14,2010,43.23313
35440,2,14,2011,43.30971
35440,2,14,2012,43.47044
35440,2,14,2013,43.57862
35440,2,14,2014,43.66778
35440,2,14,2015,43.74685
35440,2,14,2016,43.72934
35440,2,14,2017,44.05301
35440,2,14,2018,44.21228
35440,2,14,2019,44.38023
35440,3,14,1950,29.21613
35440,3,14,1951,30.12816
35440,3,14,1952,30.35334
35440,3,14,1953,30.47966
35440,3,14,1954,30.74599
35440,3,14,1955,31.09105
35440,3,14,1956,30.77396
35440,3,14,1957,30.63924
35440,3,14,1958,31.20146
35440,3,14,1959,31.32883
35440,3,14,1960,31.38855
35440,3,14,1961,31.37701
35440,3,14,1962,31.39172
35440,3,14,1963,31.8275
35440,3,14,1964,32.16153
35440,3,14,1965,31.97549
35440,3,14,1966,32.27428
35440,3,14,1967,32.57854
35440,3,14,1968,32.67629
35440,3,14,1969,32.72524
35440,3,14,1970,32.84596
35440,3,14,1971,33.43243
35440,3,14,1972,33.56498
35440,3,14,1973,33.65479
35440,3,14,1974,33.82938
35440,3,14,1975,33.9962
35440,3,14,1976,34.10708
35440,3,14,1977,34.33704
35440,3,14,1978,34.581
35440,3,14,1979,34.43911
35440,3,14,1980,34.56831
35440,3,14,1981,34.85244
35440,3,14,1982,35.17224
35440,3,14,1983,35.34852
35440,3,14,1984,35.60025
35440,3,14,1985,35.88597
35440,3,14,1986,36.18149
35440,3,14,1987,36.43785
35440,3,14,1988,36.50332
35440,3,14,1989,36.64931
35440,3,14,1990,36.82243
35440,3,14,1991,37.10846
35440,3,14,1992,37.3401
35440,3,14,1993,37.47853
35440,3,14,1994,37.7464
35440,3,14,1995,38.00079
35440,3,14,1996,38.20482
35440,3,14,1997,38.43401
35440,3,14,1998,38.49584
35440,3,14,1999,38.48945
35440,3,14,2000,38.74179
35440,3,14,2001,39.28826
35440,3,14,2002,39.50271
35440,3,14,2003,39.56411
35440,3,14,2004,39.75852
35440,3,14,2005,39.87291
35440,3,14,2006,40.04598
35440,3,14,2007,40.13887
35440,3,14,2008,40.29239
35440,3,14,2009,40.37488
35440,3,14,2010,40.3351
35440,3,14,2011,40.38352
35440,3,14,2012,40.63664
35440,3,14,2013,40.78293
35440,3,14,2014,40.99531
35440,3,14,2015,41.09969
35440,3,14,2016,41.10415
35440,3,14,2017,41.39136
35440,3,14,2018,41.64505
35440,3,14,2019,41.78576
35441,1,14,1950,29.13149
35441,1,14,1951,29.99842
35441,1,14,1952,30.23926
35441,1,14,1953,30.15281
35441,1,14,1954,30.46045
35441,1,14,1955,30.74861
35441,1,14,1956,30.25721
35441,1,14,1957,30.02497
35441,1,14,1958,30.72956
35441,1,14,1959,30.81391
35441,1,14,1960,30.57356
35441,1,14,1961,30.70799
35441,1,14,1962,30.6221
35441,1,14,1963,31.099
35441,1,14,1964,31.22256
35441,1,14,1965,30.99597
35441,1,14,1966,31.35243
35441,1,14,1967,31.69365
35441,1,14,1968,31.85969
35441,1,14,1969,31.76227
35441,1,14,1970,31.86064
35441,1,14,1971,32.39303
35441,1,14,1972,32.63608
35441,1,14,1973,32.66172
35441,1,14,1974,32.83067
35441,1,14,1975,33.09789
35441,1,14,1976,33.24928
35441,1,14,1977,33.4187
35441,1,14,1978,33.50395
35441,1,14,1979,33.44676
35441,1,14,1980,33.38421
35441,1,14,1981,33.57881
35441,1,14,1982,33.69024
35441,1,14,1983,33.76506
35441,1,14,1984,33.85849
35441,1,14,1985,33.95928
35441,1,14,1986,34.255
35441,1,14,1987,34.45301
35441,1,14,1988,34.51288
35441,1,14,1989,34.59518
35441,1,14,1990,34.60188
35441,1,14,1991,34.79732
35441,1,14,1992,34.99649
35441,1,14,1993,35.10187
35441,1,14,1994,35.29931
35441,1,14,1995,35.4085
35441,1,14,1996,35.52556
35441,1,14,1997,35.70513
35441,1,14,1998,35.85529
35441,1,14,1999,35.95704
35441,1,14,2000,36.17239
35441,1,14,2001,36.4508
35441,1,14,2002,36.70308
35441,1,14,2003,36.73006
35441,1,14,2004,36.80259
35441,1,14,2005,36.99121
35441,1,14,2006,37.20802
35441,1,14,2007,37.27379
35441,1,14,2008,37.40004
35441,1,14,2009,37.46961
35441,1,14,2010,37.65372
35441,1,14,2011,37.86031
35441,1,14,2012,38.15622
35441,1,14,2013,38.39069
35441,1,14,2014,38.61582
35441,1,14,2015,38.92092
35441,1,14,2016,39.25005
35441,1,14,2017,39.71737
35441,1,14,2018,40.03602
35441,1,14,2019,40.2058
35441,2,14,1950,31.23449
35441,2,14,1951,32.13376
35441,2,14,1952,32.65745
35441,2,14,1953,32.62557
35441,2,14,1954,33.11208
35441,2,14,1955,33.33609
35441,2,14,1956,33.03779
35441,2,14,1957,32.67842
35441,2,14,1958,33.39951
35441,2,14,1959,33.49039
35441,2,14,1960,33.33023
35441,2,14,1961,33.40916
35441,2,14,1962,33.47629
35441,2,14,1963,34.13683
35441,2,14,1964,34.24066
35441,2,14,1965,34.14563
35441,2,14,1966,34.55085
35441,2,14,1967,34.80832
35441,2,14,1968,34.92819
35441,2,14,1969,35.00848
35441,2,14,1970,35.23659
35441,2,14,1971,35.84338
35441,2,14,1972,35.95498
35441,2,14,1973,35.96796
35441,2,14,1974,36.08791
35441,2,14,1975,36.17424
35441,2,14,1976,36.30069
35441,2,14,1977,36.64411
35441,2,14,1978,36.91849
35441,2,14,1979,36.91236
35441,2,14,1980,37.02257
35441,2,14,1981,37.27466
35441,2,14,1982,37.56937
35441,2,14,1983,37.92463
35441,2,14,1984,38.24276
35441,2,14,1985,38.47345
35441,2,14,1986,38.85583
35441,2,14,1987,39.20364
35441,2,14,1988,39.35497
35441,2,14,1989,39.50675
35441,2,14,1990,39.68497
35441,2,14,1991,40.05372
35441,2,14,1992,40.36739
35441,2,14,1993,40.45221
35441,2,14,1994,40.51326
35441,2,14,1995,40.50684
35441,2,14,1996,40.73246
35441,2,14,1997,41.56935
35441,2,14,1998,41.83612
35441,2,14,1999,42.01503
35441,2,14,2000,42.29446
35441,2,14,2001,42.39429
35441,2,14,2002,42.4424
35441,2,14,2003,42.46711
35441,2,14,2004,42.47587
35441,2,14,2005,42.59454
35441,2,14,2006,42.86067
35441,2,14,2007,43.06091
35441,2,14,2008,43.33274
35441,2,14,2009,43.57355
35441,2,14,2010,43.70122
35441,2,14,2011,43.82446
35441,2,14,2012,43.85193
35441,2,14,2013,43.9946
35441,2,14,2014,44.17217
35441,2,14,2015,44.2992
35441,2,14,2016,44.45125
35441,2,14,2017,44.59248
35441,2,14,2018,44.71261
35441,2,14,2019,44.87434
35441,3,14,1950,29.43916
35441,3,14,1951,30.49718
35441,3,14,1952,30.82518
35441,3,14,1953,30.85386
35441,3,14,1954,31.0462
35441,3,14,1955,31.35052
35441,3,14,1956,30.93701
35441,3,14,1957,30.76416
35441,3,14,1958,31.43727
35441,3,14,1959,31.63188
35441,3,14,1960,31.4562
35441,3,14,1961,31.5752
35441,3,14,1962,31.46216
35441,3,14,1963,32.04585
35441,3,14,1964,32.20783
35441,3,14,1965,32.06804
35441,3,14,1966,32.48347
35441,3,14,1967,32.70403
35441,3,14,1968,32.79223
35441,3,14,1969,32.91749
35441,3,14,1970,33.09561
35441,3,14,1971,33.63957
35441,3,14,1972,33.92444
35441,3,14,1973,33.95054
35441,3,14,1974,34.14544
35441,3,14,1975,34.36023
35441,3,14,1976,34.58153
35441,3,14,1977,34.93226
35441,3,14,1978,35.15762
35441,3,14,1979,35.16321
35441,3,14,1980,35.23368
35441,3,14,1981,35.46837
35441,3,14,1982,35.66989
35441,3,14,1983,35.87178
35441,3,14,1984,36.07201
35441,3,14,1985,36.24364
35441,3,14,1986,36.59242
35441,3,14,1987,36.88233
35441,3,14,1988,36.98727
35441,3,14,1989,37.07713
35441,3,14,1990,37.2035
35441,3,14,1991,37.47228
35441,3,14,1992,37.74584
35441,3,14,1993,37.86596
35441,3,14,1994,37.97849
35441,3,14,1995,38.03795
35441,3,14,1996,38.20528
35441,3,14,1997,38.72764
35441,3,14,1998,38.90125
35441,3,14,1999,39.0723
35441,3,14,2000,39.30582
35441,3,14,2001,39.49112
35441,3,14,2002,39.65438
35441,3,14,2003,39.66359
35441,3,14,2004,39.7109
35441,3,14,2005,39.83895
35441,3,14,2006,40.08737
35441,3,14,2007,40.20549
35441,3,14,2008,40.39472
35441,3,14,2009,40.53082
35441,3,14,2010,40.70412
35441,3,14,2011,40.8309
35441,3,14,2012,41.00687
35441,3,14,2013,41.19395
35441,3,14,2014,41.35003
35441,3,14,2015,41.57815
35441,3,14,2016,41.78763
35441,3,14,2017,42.08052
35441,3,14,2018,42.24477
35441,3,14,2019,42.4195
35442,1,14,1950,27.15064
35442,1,14,1951,27.99361
35442,1,14,1952,28.72157
35442,1,14,1953,28.73233
35442,1,14,1954,28.94094
35442,1,14,1955,29.17942
35442,1,14,1956,28.79879
35442,1,14,1957,28.52123
35442,1,14,1958,29.07351
35442,1,14,1959,29.20238
35442,1,14,1960,29.20044
35442,1,14,1961,29.33145
35442,1,14,1962,29.37628
35442,1,14,1963,29.85244
35442,1,14,1964,30.04854
35442,1,14,1965,29.96195
35442,1,14,1966,30.4028
35442,1,14,1967,30.58424
35442,1,14,1968,30.66415
35442,1,14,1969,30.92899
35442,1,14,1970,30.93048
35442,1,14,1971,31.38153
35442,1,14,1972,31.51012
35442,1,14,1973,31.5397
35442,1,14,1974,31.69078
35442,1,14,1975,31.81888
35442,1,14,1976,31.94539
35442,1,14,1977,31.97905
35442,1,14,1978,32.05238
35442,1,14,1979,31.85604
35442,1,14,1980,31.86184
35442,1,14,1981,32.26417
35442,1,14,1982,32.34375
35442,1,14,1983,32.38271
35442,1,14,1984,32.78873
35442,1,14,1985,33.12481
35442,1,14,1986,33.55134
35442,1,14,1987,33.66914
35442,1,14,1988,33.62758
35442,1,14,1989,33.83787
35442,1,14,1990,33.9325
35442,1,14,1991,34.19607
35442,1,14,1992,34.27093
35442,1,14,1993,34.2272
35442,1,14,1994,34.35435
35442,1,14,1995,34.39036
35442,1,14,1996,34.6321
35442,1,14,1997,34.918
35442,1,14,1998,35.05648
35442,1,14,1999,35.19684
35442,1,14,2000,35.40052
35442,1,14,2001,35.44599
35442,1,14,2002,35.80614
35442,1,14,2003,35.8871
35442,1,14,2004,36.10106
35442,1,14,2005,36.17846
35442,1,14,2006,36.45314
35442,1,14,2007,36.77716
35442,1,14,2008,36.89291
35442,1,14,2009,37.10232
35442,1,14,2010,37.12631
35442,1,14,2011,37.41898
35442,1,14,2012,37.95474
35442,1,14,2013,38.14167
35442,1,14,2014,38.19371
35442,1,14,2015,38.58109
35442,1,14,2016,38.72954
35442,1,14,2017,39.02798
35442,1,14,2018,39.36658
35442,1,14,2019,39.49106
35442,2,14,1950,30.37358
35442,2,14,1951,31.18371
35442,2,14,1952,31.73581
35442,2,14,1953,31.862
35442,2,14,1954,32.30535
35442,2,14,1955,32.77071
35442,2,14,1956,32.43392
35442,2,14,1957,32.20467
35442,2,14,1958,32.9842
35442,2,14,1959,33.08044
35442,2,14,1960,33.0713
35442,2,14,1961,33.20303
35442,2,14,1962,33.35348
35442,2,14,1963,33.75433
35442,2,14,1964,34.00698
35442,2,14,1965,34.01561
35442,2,14,1966,34.43726
35442,2,14,1967,34.70903
35442,2,14,1968,34.82117
35442,2,14,1969,35.00214
35442,2,14,1970,35.08212
35442,2,14,1971,35.49633
35442,2,14,1972,35.70005
35442,2,14,1973,35.71651
35442,2,14,1974,35.75495
35442,2,14,1975,35.87221
35442,2,14,1976,36.15478
35442,2,14,1977,36.41831
35442,2,14,1978,36.44997
35442,2,14,1979,36.57347
35442,2,14,1980,36.61492
35442,2,14,1981,36.81977
35442,2,14,1982,37.10546
35442,2,14,1983,37.33306
35442,2,14,1984,37.68289
35442,2,14,1985,37.99342
35442,2,14,1986,38.33366
35442,2,14,1987,38.62418
35442,2,14,1988,38.78133
35442,2,14,1989,38.98958
35442,2,14,1990,39.30677
35442,2,14,1991,39.64099
35442,2,14,1992,39.88954
35442,2,14,1993,40.26159
35442,2,14,1994,40.4903
35442,2,14,1995,40.74103
35442,2,14,1996,41.092
35442,2,14,1997,41.30748
35442,2,14,1998,41.38184
35442,2,14,1999,41.37848
35442,2,14,2000,41.53324
35442,2,14,2001,42.03105
35442,2,14,2002,42.73446
35442,2,14,2003,42.8398
35442,2,14,2004,42.93191
35442,2,14,2005,42.64215
35442,2,14,2006,42.78147
35442,2,14,2007,42.86692
35442,2,14,2008,42.99151
35442,2,14,2009,43.15792
35442,2,14,2010,43.20671
35442,2,14,2011,43.13094
35442,2,14,2012,43.25239
35442,2,14,2013,43.40986
35442,2,14,2014,43.62841
35442,2,14,2015,43.87484
35442,2,14,2016,44.09723
35442,2,14,2017,44.30698
35442,2,14,2018,44.45324
35442,2,14,2019,44.59256
35442,3,14,1950,28.16538
35442,3,14,1951,28.95783
35442,3,14,1952,29.60001
35442,3,14,1953,29.56833
35442,3,14,1954,29.93756
35442,3,14,1955,30.27489
35442,3,14,1956,29.97341
35442,3,14,1957,29.66616
35442,3,14,1958,30.40911
35442,3,14,1959,30.59022
35442,3,14,1960,30.48656
35442,3,14,1961,30.67888
35442,3,14,1962,30.72814
35442,3,14,1963,31.25152
35442,3,14,1964,31.4394
35442,3,14,1965,31.48543
35442,3,14,1966,31.77988
35442,3,14,1967,32.15859
35442,3,14,1968,32.20818
35442,3,14,1969,32.40781
35442,3,14,1970,32.46836
35442,3,14,1971,33.0084
35442,3,14,1972,33.27881
35442,3,14,1973,33.28717
35442,3,14,1974,33.41517
35442,3,14,1975,33.61303
35442,3,14,1976,33.80092
35442,3,14,1977,34.03919
35442,3,14,1978,34.17203
35442,3,14,1979,34.18778
35442,3,14,1980,34.22551
35442,3,14,1981,34.5336
35442,3,14,1982,34.73768
35442,3,14,1983,34.8507
35442,3,14,1984,35.25535
35442,3,14,1985,35.5763
35442,3,14,1986,35.95689
35442,3,14,1987,36.19356
35442,3,14,1988,36.20585
35442,3,14,1989,36.42442
35442,3,14,1990,36.6532
35442,3,14,1991,36.92558
35442,3,14,1992,37.09907
35442,3,14,1993,37.25442
35442,3,14,1994,37.42719
35442,3,14,1995,37.57769
35442,3,14,1996,37.88248
35442,3,14,1997,38.13309
35442,3,14,1998,38.23196
35442,3,14,1999,38.29665
35442,3,14,2000,38.49926
35442,3,14,2001,38.74899
35442,3,14,2002,39.26523
35442,3,14,2003,39.35114
35442,3,14,2004,39.50822
35442,3,14,2005,39.40588
35442,3,14,2006,39.58427
35442,3,14,2007,39.79319
35442,3,14,2008,39.9061
35442,3,14,2009,40.1009
35442,3,14,2010,40.10693
35442,3,14,2011,40.22632
35442,3,14,2012,40.56339
35442,3,14,2013,40.71451
35442,3,14,2014,40.84947
35442,3,14,2015,41.16321
35442,3,14,2016,41.3284
35442,3,14,2017,41.56473
35442,3,14,2018,41.75624
35442,3,14,2019,41.81697
35443,1,14,1950,28.50293
35443,1,14,1951,29.1151
35443,1,14,1952,29.628
35443,1,14,1953,29.74121
35443,1,14,1954,29.86882
35443,1,14,1955,30.18384
35443,1,14,1956,30.00114
35443,1,14,1957,29.79999
35443,1,14,1958,30.49027
35443,1,14,1959,30.78825
35443,1,14,1960,30.60348
35443,1,14,1961,30.64684
35443,1,14,1962,30.74448
35443,1,14,1963,30.97686
35443,1,14,1964,31.15233
35443,1,14,1965,31.14226
35443,1,14,1966,31.50274
35443,1,14,1967,31.80449
35443,1,14,1968,31.9191
35443,1,14,1969,31.92393
35443,1,14,1970,31.90264
35443,1,14,1971,32.33372
35443,1,14,1972,32.647
35443,1,14,1973,32.48148
35443,1,14,1974,32.67516
35443,1,14,1975,32.71832
35443,1,14,1976,32.56543
35443,1,14,1977,32.64986
35443,1,14,1978,32.48789
35443,1,14,1979,32.23436
35443,1,14,1980,32.49229
35443,1,14,1981,32.90465
35443,1,14,1982,33.41337
35443,1,14,1983,33.37138
35443,1,14,1984,33.39095
35443,1,14,1985,33.69082
35443,1,14,1986,34.15998
35443,1,14,1987,34.47982
35443,1,14,1988,34.5442
35443,1,14,1989,34.8888
35443,1,14,1990,34.82832
35443,1,14,1991,34.96623
35443,1,14,1992,34.87749
35443,1,14,1993,35.09501
35443,1,14,1994,35.21232
35443,1,14,1995,35.43564
35443,1,14,1996,35.73736
35443,1,14,1997,35.81406
35443,1,14,1998,36.01581
35443,1,14,1999,36.04789
35443,1,14,2000,36.17379
35443,1,14,2001,36.59468
35443,1,14,2002,36.77206
35443,1,14,2003,36.85015
35443,1,14,2004,36.88279
35443,1,14,2005,36.93871
35443,1,14,2006,37.19323
35443,1,14,2007,37.53009
35443,1,14,2008,37.5194
35443,1,14,2009,37.74898
35443,1,14,2010,38.0755
35443,1,14,2011,38.07966
35443,1,14,2012,38.19365
35443,1,14,2013,38.70045
35443,1,14,2014,38.66754
35443,1,14,2015,38.8468
35443,1,14,2016,39.19213
35443,1,14,2017,39.46528
35443,1,14,2018,39.9759
35443,1,14,2019,40.27594
35443,2,14,1950,30.62047
35443,2,14,1951,31.3193
35443,2,14,1952,31.82938
35443,2,14,1953,31.88247
35443,2,14,1954,32.47722
35443,2,14,1955,32.93447
35443,2,14,1956,32.60136
35443,2,14,1957,32.48951
35443,2,14,1958,33.10215
35443,2,14,1959,33.36125
35443,2,14,1960,33.33841
35443,2,14,1961,33.47311
35443,2,14,1962,33.56214
35443,2,14,1963,34.0794
35443,2,14,1964,34.29929
35443,2,14,1965,34.2829
35443,2,14,1966,34.6345
35443,2,14,1967,34.85053
35443,2,14,1968,35.17807
35443,2,14,1969,35.17989
35443,2,14,1970,35.20069
35443,2,14,1971,35.53708
35443,2,14,1972,35.76555
35443,2,14,1973,35.77153
35443,2,14,1974,35.8373
35443,2,14,1975,36.01967
35443,2,14,1976,36.20724
35443,2,14,1977,36.43884
35443,2,14,1978,36.4551
35443,2,14,1979,36.40194
35443,2,14,1980,36.50835
35443,2,14,1981,36.91907
35443,2,14,1982,37.38658
35443,2,14,1983,37.62616
35443,2,14,1984,37.80578
35443,2,14,1985,38.10358
35443,2,14,1986,38.52207
35443,2,14,1987,38.78062
35443,2,14,1988,38.91767
35443,2,14,1989,39.27537
35443,2,14,1990,39.56273
35443,2,14,1991,39.72677
35443,2,14,1992,39.83494
35443,2,14,1993,40.06323
35443,2,14,1994,40.33899
35443,2,14,1995,40.64621
35443,2,14,1996,40.9518
35443,2,14,1997,41.23086
35443,2,14,1998,41.3884
35443,2,14,1999,41.54651
35443,2,14,2000,41.93161
35443,2,14,2001,42.21152
35443,2,14,2002,42.48853
35443,2,14,2003,42.64352
35443,2,14,2004,42.72744
35443,2,14,2005,42.83332
35443,2,14,2006,43.0053
35443,2,14,2007,43.13581
35443,2,14,2008,43.25608
35443,2,14,2009,43.42019
35443,2,14,2010,43.4974
35443,2,14,2011,43.51234
35443,2,14,2012,43.55907
35443,2,14,2013,43.79484
35443,2,14,2014,43.89919
35443,2,14,2015,44.14456
35443,2,14,2016,44.18961
35443,2,14,2017,44.34742
35443,2,14,2018,44.40125
35443,2,14,2019,44.51777
35443,3,14,1950,28.94247
35443,3,14,1951,29.63497
35443,3,14,1952,30.14947
35443,3,14,1953,30.08648
35443,3,14,1954,30.64449
35443,3,14,1955,30.89008
35443,3,14,1956,30.56787
35443,3,14,1957,30.49827
35443,3,14,1958,31.17367
35443,3,14,1959,31.37101
35443,3,14,1960,31.40422
35443,3,14,1961,31.38222
35443,3,14,1962,31.47778
35443,3,14,1963,31.95134
35443,3,14,1964,32.04986
35443,3,14,1965,32.07653
35443,3,14,1966,32.53656
35443,3,14,1967,32.84297
35443,3,14,1968,32.88882
35443,3,14,1969,33.00551
35443,3,14,1970,33.0942
35443,3,14,1971,33.48477
35443,3,14,1972,33.82413
35443,3,14,1973,33.82288
35443,3,14,1974,33.87678
35443,3,14,1975,34.04769
35443,3,14,1976,34.1864
35443,3,14,1977,34.33488
35443,3,14,1978,34.36527
35443,3,14,1979,34.32904
35443,3,14,1980,34.53794
35443,3,14,1981,34.94223
35443,3,14,1982,35.43781
35443,3,14,1983,35.54077
35443,3,14,1984,35.64845
35443,3,14,1985,35.93552
35443,3,14,1986,36.39845
35443,3,14,1987,36.67472
35443,3,14,1988,36.80716
35443,3,14,1989,37.14181
35443,3,14,1990,37.2644
35443,3,14,1991,37.41162
35443,3,14,1992,37.44738
35443,3,14,1993,37.63435
35443,3,14,1994,37.82083
35443,3,14,1995,38.08517
35443,3,14,1996,38.43348
35443,3,14,1997,38.58838
35443,3,14,1998,38.75939
35443,3,14,1999,38.84553
35443,3,14,2000,39.09682
35443,3,14,2001,39.44566
35443,3,14,2002,39.6901
35443,3,14,2003,39.8015
35443,3,14,2004,39.85151
35443,3,14,2005,39.93041
35443,3,14,2006,40.14678
35443,3,14,2007,40.35884
35443,3,14,2008,40.41243
35443,3,14,2009,40.59628
35443,3,14,2010,40.80335
35443,3,14,2011,40.76144
35443,3,14,2012,40.85686
35443,3,14,2013,41.23693
35443,3,14,2014,41.24881
35443,3,14,2015,41.45557
35443,3,14,2016,41.66475
35443,3,14,2017,41.82391
35443,3,14,2018,41.98675
35443,3,14,2019,42.19341
35444,1,14,1950,28.61792
35444,1,14,1951,29.20706
35444,1,14,1952,29.75103
35444,1,14,1953,29.80838
35444,1,14,1954,29.97045
35444,1,14,1955,30.24638
35444,1,14,1956,30.09755
35444,1,14,1957,29.92404
35444,1,14,1958,30.62102
35444,1,14,1959,30.795
35444,1,14,1960,30.70686
35444,1,14,1961,30.69183
35444,1,14,1962,30.65925
35444,1,14,1963,30.99454
35444,1,14,1964,31.16744
35444,1,14,1965,31.16119
35444,1,14,1966,31.4746
35444,1,14,1967,31.71083
35444,1,14,1968,31.82251
35444,1,14,1969,31.96017
35444,1,14,1970,31.9831
35444,1,14,1971,32.39057
35444,1,14,1972,32.67737
35444,1,14,1973,32.66028
35444,1,14,1974,32.85909
35444,1,14,1975,32.80817
35444,1,14,1976,32.82445
35444,1,14,1977,32.79812
35444,1,14,1978,32.59916
35444,1,14,1979,32.26799
35444,1,14,1980,32.13867
35444,1,14,1981,32.45828
35444,1,14,1982,32.78664
35444,1,14,1983,32.90328
35444,1,14,1984,33.01705
35444,1,14,1985,33.19469
35444,1,14,1986,33.5799
35444,1,14,1987,33.79536
35444,1,14,1988,33.8395
35444,1,14,1989,34.0752
35444,1,14,1990,34.28566
35444,1,14,1991,34.37042
35444,1,14,1992,34.44038
35444,1,14,1993,34.34652
35444,1,14,1994,34.42787
35444,1,14,1995,34.6663
35444,1,14,1996,34.87113
35444,1,14,1997,34.99991
35444,1,14,1998,35.19091
35444,1,14,1999,35.1793
35444,1,14,2000,35.42968
35444,1,14,2001,35.75864
35444,1,14,2002,36.02626
35444,1,14,2003,36.1373
35444,1,14,2004,36.12304
35444,1,14,2005,36.20917
35444,1,14,2006,36.37639
35444,1,14,2007,36.72486
35444,1,14,2008,36.88753
35444,1,14,2009,37.0928
35444,1,14,2010,37.24687
35444,1,14,2011,37.3242
35444,1,14,2012,37.55766
35444,1,14,2013,37.71874
35444,1,14,2014,37.84094
35444,1,14,2015,38.07598
35444,1,14,2016,38.43936
35444,1,14,2017,38.47271
35444,1,14,2018,38.8946
35444,1,14,2019,39.36064
35444,2,14,1950,30.16316
35444,2,14,1951,30.7969
35444,2,14,1952,31.25238
35444,2,14,1953,31.26497
35444,2,14,1954,31.91552
35444,2,14,1955,32.13211
35444,2,14,1956,32.00304
35444,2,14,1957,31.9233
35444,2,14,1958,32.62298
35444,2,14,1959,32.69025
35444,2,14,1960,32.67259
35444,2,14,1961,32.83518
35444,2,14,1962,32.9065
35444,2,14,1963,33.37951
35444,2,14,1964,33.40468
35444,2,14,1965,33.39239
35444,2,14,1966,33.76459
35444,2,14,1967,34.01754
35444,2,14,1968,34.19086
35444,2,14,1969,34.17824
35444,2,14,1970,34.2546
35444,2,14,1971,34.64439
35444,2,14,1972,34.78879
35444,2,14,1973,34.78128
35444,2,14,1974,34.85907
35444,2,14,1975,35.05128
35444,2,14,1976,35.19212
35444,2,14,1977,35.39389
35444,2,14,1978,35.61065
35444,2,14,1979,35.51984
35444,2,14,1980,35.6375
35444,2,14,1981,36.00802
35444,2,14,1982,36.44138
35444,2,14,1983,36.68607
35444,2,14,1984,36.93109
35444,2,14,1985,37.27354
35444,2,14,1986,37.68793
35444,2,14,1987,37.99974
35444,2,14,1988,38.15291
35444,2,14,1989,38.334
35444,2,14,1990,38.59617
35444,2,14,1991,38.86207
35444,2,14,1992,39.10025
35444,2,14,1993,39.42899
35444,2,14,1994,39.59455
35444,2,14,1995,39.77169
35444,2,14,1996,40.09671
35444,2,14,1997,40.38897
35444,2,14,1998,40.48028
35444,2,14,1999,40.60225
35444,2,14,2000,40.96148
35444,2,14,2001,41.36428
35444,2,14,2002,41.68694
35444,2,14,2003,41.86219
35444,2,14,2004,41.95553
35444,2,14,2005,42.02417
35444,2,14,2006,42.25033
35444,2,14,2007,42.37492
35444,2,14,2008,42.52904
35444,2,14,2009,42.77886
35444,2,14,2010,42.83429
35444,2,14,2011,42.82331
35444,2,14,2012,42.87353
35444,2,14,2013,43.10815
35444,2,14,2014,43.40631
35444,2,14,2015,43.49501
35444,2,14,2016,43.55424
35444,2,14,2017,43.74371
35444,2,14,2018,43.9312
35444,2,14,2019,44.14017
35444,3,14,1950,28.54988
35444,3,14,1951,29.42556
35444,3,14,1952,29.99095
35444,3,14,1953,29.89563
35444,3,14,1954,30.2438
35444,3,14,1955,30.53834
35444,3,14,1956,30.21928
35444,3,14,1957,30.16831
35444,3,14,1958,30.87424
35444,3,14,1959,30.98566
35444,3,14,1960,30.98607
35444,3,14,1961,31.01089
35444,3,14,1962,31.12981
35444,3,14,1963,31.48084
35444,3,14,1964,31.71637
35444,3,14,1965,31.66384
35444,3,14,1966,32.02249
35444,3,14,1967,32.2924
35444,3,14,1968,32.40194
35444,3,14,1969,32.42831
35444,3,14,1970,32.53117
35444,3,14,1971,32.99225
35444,3,14,1972,33.24021
35444,3,14,1973,33.31303
35444,3,14,1974,33.38065
35444,3,14,1975,33.56765
35444,3,14,1976,33.68437
35444,3,14,1977,33.88456
35444,3,14,1978,33.95682
35444,3,14,1979,33.86252
35444,3,14,1980,33.85662
35444,3,14,1981,34.21154
35444,3,14,1982,34.60644
35444,3,14,1983,34.78688
35444,3,14,1984,34.96862
35444,3,14,1985,35.22226
35444,3,14,1986,35.63593
35444,3,14,1987,35.92382
35444,3,14,1988,35.99926
35444,3,14,1989,36.22098
35444,3,14,1990,36.4591
35444,3,14,1991,36.61591
35444,3,14,1992,36.79791
35444,3,14,1993,36.88451
35444,3,14,1994,37.01191
35444,3,14,1995,37.23147
35444,3,14,1996,37.50019
35444,3,14,1997,37.69397
35444,3,14,1998,37.86853
35444,3,14,1999,37.91028
35444,3,14,2000,38.22308
35444,3,14,2001,38.58475
35444,3,14,2002,38.88762
35444,3,14,2003,39.01913
35444,3,14,2004,39.07649
35444,3,14,2005,39.13642
35444,3,14,2006,39.32028
35444,3,14,2007,39.58311
35444,3,14,2008,39.72336
35444,3,14,2009,39.94568
35444,3,14,2010,40.03893
35444,3,14,2011,40.06901
35444,3,14,2012,40.20593
35444,3,14,2013,40.4115
35444,3,14,2014,40.58693
35444,3,14,2015,40.77056
35444,3,14,2016,40.97903
35444,3,14,2017,41.07666
35444,3,14,2018,41.25629
35444,3,14,2019,41.51276
35445,1,14,1950,28.49239
35445,1,14,1951,29.07192
35445,1,14,1952,29.67119
35445,1,14,1953,29.67198
35445,1,14,1954,29.77342
35445,1,14,1955,30.15753
35445,1,14,1956,29.81808
35445,1,14,1957,29.69747
35445,1,14,1958,30.46194
35445,1,14,1959,30.45119
35445,1,14,1960,30.44768
35445,1,14,1961,30.36055
35445,1,14,1962,30.54817
35445,1,14,1963,30.87121
35445,1,14,1964,31.04685
35445,1,14,1965,31.17884
35445,1,14,1966,31.36616
35445,1,14,1967,31.53415
35445,1,14,1968,31.66763
35445,1,14,1969,31.71226
35445,1,14,1970,31.83231
35445,1,14,1971,32.23695
35445,1,14,1972,32.48895
35445,1,14,1973,32.53521
35445,1,14,1974,32.54849
35445,1,14,1975,32.76619
35445,1,14,1976,32.71646
35445,1,14,1977,32.73368
35445,1,14,1978,32.62851
35445,1,14,1979,32.12611
35445,1,14,1980,32.11635
35445,1,14,1981,32.31555
35445,1,14,1982,32.50731
35445,1,14,1983,32.64433
35445,1,14,1984,32.82832
35445,1,14,1985,33.07241
35445,1,14,1986,33.51985
35445,1,14,1987,33.65128
35445,1,14,1988,33.67624
35445,1,14,1989,33.85262
35445,1,14,1990,34.11338
35445,1,14,1991,34.16401
35445,1,14,1992,34.0843
35445,1,14,1993,34.29821
35445,1,14,1994,34.39095
35445,1,14,1995,34.4257
35445,1,14,1996,34.89319
35445,1,14,1997,35.15539
35445,1,14,1998,35.12414
35445,1,14,1999,35.17104
35445,1,14,2000,35.39529
35445,1,14,2001,35.69551
35445,1,14,2002,35.94397
35445,1,14,2003,36.03412
35445,1,14,2004,36.43274
35445,1,14,2005,36.3134
35445,1,14,2006,36.60196
35445,1,14,2007,36.78668
35445,1,14,2008,36.81265
35445,1,14,2009,36.9526
35445,1,14,2010,37.00335
35445,1,14,2011,37.15376
35445,1,14,2012,37.38715
35445,1,14,2013,37.46653
35445,1,14,2014,37.74927
35445,1,14,2015,37.83528
35445,1,14,2016,38.16761
35445,1,14,2017,38.29754
35445,1,14,2018,38.76754
35445,1,14,2019,39.31363
35445,2,14,1950,31.04502
35445,2,14,1951,31.72617
35445,2,14,1952,32.2117
35445,2,14,1953,32.31281
35445,2,14,1954,32.81883
35445,2,14,1955,33.12633
35445,2,14,1956,32.94344
35445,2,14,1957,32.81504
35445,2,14,1958,33.54746
35445,2,14,1959,33.80498
35445,2,14,1960,33.68601
35445,2,14,1961,33.81707
35445,2,14,1962,33.84844
35445,2,14,1963,34.41252
35445,2,14,1964,34.63013
35445,2,14,1965,34.63342
35445,2,14,1966,34.99731
35445,2,14,1967,35.2592
35445,2,14,1968,35.3978
35445,2,14,1969,35.47532
35445,2,14,1970,35.5304
35445,2,14,1971,36.05416
35445,2,14,1972,36.24228
35445,2,14,1973,36.20355
35445,2,14,1974,36.18658
35445,2,14,1975,36.34983
35445,2,14,1976,36.44315
35445,2,14,1977,36.68147
35445,2,14,1978,36.68246
35445,2,14,1979,36.52449
35445,2,14,1980,36.56606
35445,2,14,1981,36.83259
35445,2,14,1982,37.1951
35445,2,14,1983,37.4531
35445,2,14,1984,37.79762
35445,2,14,1985,38.21927
35445,2,14,1986,38.52258
35445,2,14,1987,38.8422
35445,2,14,1988,38.9671
35445,2,14,1989,39.04015
35445,2,14,1990,39.26056
35445,2,14,1991,39.53205
35445,2,14,1992,39.77657
35445,2,14,1993,39.76105
35445,2,14,1994,39.95789
35445,2,14,1995,40.23327
35445,2,14,1996,40.62375
35445,2,14,1997,41.01597
35445,2,14,1998,41.07499
35445,2,14,1999,41.26423
35445,2,14,2000,41.55348
35445,2,14,2001,41.82657
35445,2,14,2002,42.13957
35445,2,14,2003,42.53373
35445,2,14,2004,42.56544
35445,2,14,2005,42.54479
35445,2,14,2006,42.71479
35445,2,14,2007,42.64823
35445,2,14,2008,42.75222
35445,2,14,2009,42.86324
35445,2,14,2010,42.82694
35445,2,14,2011,42.82009
35445,2,14,2012,42.90834
35445,2,14,2013,43.03275
35445,2,14,2014,43.29732
35445,2,14,2015,43.5928
35445,2,14,2016,43.68918
35445,2,14,2017,43.94578
35445,2,14,2018,44.28124
35445,2,14,2019,44.65759
35445,3,14,1950,29.13044
35445,3,14,1951,29.73867
35445,3,14,1952,30.30313
35445,3,14,1953,30.34338
35445,3,14,1954,30.70768
35445,3,14,1955,31.06481
35445,3,14,1956,30.6156
35445,3,14,1957,30.49801
35445,3,14,1958,31.34234
35445,3,14,1959,31.52466
35445,3,14,1960,31.26473
35445,3,14,1961,31.40343
35445,3,14,1962,31.54167
35445,3,14,1963,31.99014
35445,3,14,1964,32.22972
35445,3,14,1965,32.23672
35445,3,14,1966,32.60222
35445,3,14,1967,32.86701
35445,3,14,1968,32.98707
35445,3,14,1969,32.99801
35445,3,14,1970,33.20814
35445,3,14,1971,33.602
35445,3,14,1972,33.91801
35445,3,14,1973,33.97116
35445,3,14,1974,34.00775
35445,3,14,1975,34.24744
35445,3,14,1976,34.28023
35445,3,14,1977,34.51985
35445,3,14,1978,34.53841
35445,3,14,1979,34.33635
35445,3,14,1980,34.36755
35445,3,14,1981,34.60586
35445,3,14,1982,34.89249
35445,3,14,1983,35.09433
35445,3,14,1984,35.34473
35445,3,14,1985,35.67739
35445,3,14,1986,36.0717
35445,3,14,1987,36.29749
35445,3,14,1988,36.34545
35445,3,14,1989,36.48481
35445,3,14,1990,36.73352
35445,3,14,1991,36.90679
35445,3,14,1992,36.984
35445,3,14,1993,37.08005
35445,3,14,1994,37.22031
35445,3,14,1995,37.36403
35445,3,14,1996,37.81668
35445,3,14,1997,38.14792
35445,3,14,1998,38.14723
35445,3,14,1999,38.26788
35445,3,14,2000,38.51804
35445,3,14,2001,38.81402
35445,3,14,2002,39.06962
35445,3,14,2003,39.3201
35445,3,14,2004,39.53841
35445,3,14,2005,39.45919
35445,3,14,2006,39.67891
35445,3,14,2007,39.74428
35445,3,14,2008,39.7909
35445,3,14,2009,39.91987
35445,3,14,2010,39.90529
35445,3,14,2011,39.99068
35445,3,14,2012,40.12603
35445,3,14,2013,40.23022
35445,3,14,2014,40.48606
35445,3,14,2015,40.68533
35445,3,14,2016,40.89519
35445,3,14,2017,41.04815
35445,3,14,2018,41.33664
35445,3,14,2019,41.68568
35446,1,14,1950,28.77921
35446,1,14,1951,29.32189
35446,1,14,1952,29.74818
35446,1,14,1953,29.71524
35446,1,14,1954,29.82119
35446,1,14,1955,30.08233
35446,1,14,1956,29.96476
35446,1,14,1957,29.97206
35446,1,14,1958,30.68331
35446,1,14,1959,30.79736
35446,1,14,1960,30.56003
35446,1,14,1961,30.60233
35446,1,14,1962,30.60455
35446,1,14,1963,30.91334
35446,1,14,1964,31.09834
35446,1,14,1965,31.26805
35446,1,14,1966,31.52259
35446,1,14,1967,31.64671
35446,1,14,1968,31.84713
35446,1,14,1969,31.77254
35446,1,14,1970,31.61476
35446,1,14,1971,32.10745
35446,1,14,1972,32.36161
35446,1,14,1973,32.36806
35446,1,14,1974,32.41806
35446,1,14,1975,32.44533
35446,1,14,1976,32.40032
35446,1,14,1977,32.37433
35446,1,14,1978,32.06583
35446,1,14,1979,31.6958
35446,1,14,1980,31.78169
35446,1,14,1981,31.99939
35446,1,14,1982,32.27089
35446,1,14,1983,32.30684
35446,1,14,1984,32.67675
35446,1,14,1985,32.90105
35446,1,14,1986,33.08395
35446,1,14,1987,33.26578
35446,1,14,1988,33.29959
35446,1,14,1989,33.43289
35446,1,14,1990,33.65341
35446,1,14,1991,33.63375
35446,1,14,1992,33.70595
35446,1,14,1993,33.8674
35446,1,14,1994,33.95483
35446,1,14,1995,33.92228
35446,1,14,1996,34.41932
35446,1,14,1997,34.7219
35446,1,14,1998,34.64261
35446,1,14,1999,34.7968
35446,1,14,2000,35.0594
35446,1,14,2001,35.34586
35446,1,14,2002,35.56872
35446,1,14,2003,35.67568
35446,1,14,2004,35.83199
35446,1,14,2005,35.89907
35446,1,14,2006,36.25573
35446,1,14,2007,36.31292
35446,1,14,2008,36.37474
35446,1,14,2009,36.6501
35446,1,14,2010,36.75105
35446,1,14,2011,36.92032
35446,1,14,2012,37.16429
35446,1,14,2013,37.35087
35446,1,14,2014,37.63935
35446,1,14,2015,37.95262
35446,1,14,2016,38.07528
35446,1,14,2017,38.4515
35446,1,14,2018,39.06442
35446,1,14,2019,39.47188
35446,2,14,1950,30.44831
35446,2,14,1951,30.97474
35446,2,14,1952,31.42785
35446,2,14,1953,31.53864
35446,2,14,1954,32.02247
35446,2,14,1955,32.28027
35446,2,14,1956,32.07757
35446,2,14,1957,32.32868
35446,2,14,1958,32.94689
35446,2,14,1959,33.11559
35446,2,14,1960,33.06086
35446,2,14,1961,33.09802
35446,2,14,1962,33.29285
35446,2,14,1963,33.63757
35446,2,14,1964,33.81738
35446,2,14,1965,33.82681
35446,2,14,1966,34.13045
35446,2,14,1967,34.35138
35446,2,14,1968,34.55931
35446,2,14,1969,34.64628
35446,2,14,1970,34.64593
35446,2,14,1971,35.1593
35446,2,14,1972,35.35124
35446,2,14,1973,35.38344
35446,2,14,1974,35.40153
35446,2,14,1975,35.5608
35446,2,14,1976,35.65167
35446,2,14,1977,35.75205
35446,2,14,1978,35.71695
35446,2,14,1979,35.53671
35446,2,14,1980,35.61628
35446,2,14,1981,36.05485
35446,2,14,1982,36.33109
35446,2,14,1983,36.64938
35446,2,14,1984,36.90575
35446,2,14,1985,37.24537
35446,2,14,1986,37.51962
35446,2,14,1987,37.7883
35446,2,14,1988,37.86293
35446,2,14,1989,37.98845
35446,2,14,1990,38.37532
35446,2,14,1991,38.57683
35446,2,14,1992,38.65597
35446,2,14,1993,38.91693
35446,2,14,1994,39.25446
35446,2,14,1995,39.40549
35446,2,14,1996,39.67036
35446,2,14,1997,40.03831
35446,2,14,1998,40.23477
35446,2,14,1999,40.48585
35446,2,14,2000,40.77726
35446,2,14,2001,41.06492
35446,2,14,2002,41.43171
35446,2,14,2003,41.5379
35446,2,14,2004,41.68955
35446,2,14,2005,41.66576
35446,2,14,2006,41.91024
35446,2,14,2007,42.06825
35446,2,14,2008,42.28133
35446,2,14,2009,42.44717
35446,2,14,2010,42.58891
35446,2,14,2011,42.51145
35446,2,14,2012,42.62379
35446,2,14,2013,42.78805
35446,2,14,2014,42.99761
35446,2,14,2015,43.13175
35446,2,14,2016,43.2999
35446,2,14,2017,43.63399
35446,2,14,2018,44.00336
35446,2,14,2019,44.37006
35446,3,14,1950,28.95881
35446,3,14,1951,29.5761
35446,3,14,1952,29.94337
35446,3,14,1953,29.90622
35446,3,14,1954,30.3088
35446,3,14,1955,30.66561
35446,3,14,1956,30.42628
35446,3,14,1957,30.46542
35446,3,14,1958,31.17522
35446,3,14,1959,31.35606
35446,3,14,1960,31.19091
35446,3,14,1961,31.2366
35446,3,14,1962,31.4042
35446,3,14,1963,31.69992
35446,3,14,1964,31.91407
35446,3,14,1965,31.87834
35446,3,14,1966,32.22651
35446,3,14,1967,32.38105
35446,3,14,1968,32.47909
35446,3,14,1969,32.67312
35446,3,14,1970,32.59802
35446,3,14,1971,32.99502
35446,3,14,1972,33.34955
35446,3,14,1973,33.35996
35446,3,14,1974,33.51569
35446,3,14,1975,33.59079
35446,3,14,1976,33.6961
35446,3,14,1977,33.93273
35446,3,14,1978,33.80721
35446,3,14,1979,33.61919
35446,3,14,1980,33.71681
35446,3,14,1981,34.04265
35446,3,14,1982,34.33257
35446,3,14,1983,34.50478
35446,3,14,1984,34.82069
35446,3,14,1985,35.11011
35446,3,14,1986,35.34548
35446,3,14,1987,35.57313
35446,3,14,1988,35.62893
35446,3,14,1989,35.76203
35446,3,14,1990,36.06072
35446,3,14,1991,36.1414
35446,3,14,1992,36.21964
35446,3,14,1993,36.43104
35446,3,14,1994,36.63824
35446,3,14,1995,36.70278
35446,3,14,1996,37.07642
35446,3,14,1997,37.42923
35446,3,14,1998,37.47887
35446,3,14,1999,37.66963
35446,3,14,2000,37.94145
35446,3,14,2001,38.23627
35446,3,14,2002,38.53935
35446,3,14,2003,38.63353
35446,3,14,2004,38.7801
35446,3,14,2005,38.80582
35446,3,14,2006,39.09587
35446,3,14,2007,39.20137
35446,3,14,2008,39.30748
35446,3,14,2009,39.54592
35446,3,14,2010,39.65932
35446,3,14,2011,39.69364
35446,3,14,2012,39.87343
35446,3,14,2013,40.03633
35446,3,14,2014,40.29412
35446,3,14,2015,40.52057
35446,3,14,2016,40.64302
35446,3,14,2017,41.00148
35446,3,14,2018,41.37099
35446,3,14,2019,41.6672
35447,1,14,1950,28.37232
35447,1,14,1951,29.0661
35447,1,14,1952,29.68178
35447,1,14,1953,29.74539
35447,1,14,1954,29.91112
35447,1,14,1955,30.17651
35447,1,14,1956,29.8603
35447,1,14,1957,29.81886
35447,1,14,1958,30.53892
35447,1,14,1959,30.57921
35447,1,14,1960,30.50286
35447,1,14,1961,30.52389
35447,1,14,1962,30.64764
35447,1,14,1963,30.92002
35447,1,14,1964,31.14701
35447,1,14,1965,31.07826
35447,1,14,1966,31.54626
35447,1,14,1967,31.72661
35447,1,14,1968,31.83168
35447,1,14,1969,31.8721
35447,1,14,1970,31.90789
35447,1,14,1971,32.43276
35447,1,14,1972,32.62988
35447,1,14,1973,32.67048
35447,1,14,1974,32.74789
35447,1,14,1975,32.74536
35447,1,14,1976,32.82357
35447,1,14,1977,32.87054
35447,1,14,1978,32.51538
35447,1,14,1979,32.21535
35447,1,14,1980,32.03389
35447,1,14,1981,32.47179
35447,1,14,1982,32.67552
35447,1,14,1983,32.63204
35447,1,14,1984,32.55891
35447,1,14,1985,33.0125
35447,1,14,1986,33.41449
35447,1,14,1987,33.71907
35447,1,14,1988,33.49114
35447,1,14,1989,33.66631
35447,1,14,1990,33.74122
35447,1,14,1991,33.99613
35447,1,14,1992,34.2152
35447,1,14,1993,34.11456
35447,1,14,1994,34.26375
35447,1,14,1995,34.2799
35447,1,14,1996,34.55102
35447,1,14,1997,34.96673
35447,1,14,1998,34.9295
35447,1,14,1999,35.08212
35447,1,14,2000,35.29399
35447,1,14,2001,35.62062
35447,1,14,2002,35.88091
35447,1,14,2003,35.96155
35447,1,14,2004,36.11386
35447,1,14,2005,36.10625
35447,1,14,2006,36.36588
35447,1,14,2007,36.62531
35447,1,14,2008,36.67504
35447,1,14,2009,36.80265
35447,1,14,2010,36.89871
35447,1,14,2011,36.90862
35447,1,14,2012,37.25405
35447,1,14,2013,37.57623
35447,1,14,2014,37.75507
35447,1,14,2015,37.887
35447,1,14,2016,38.1955
35447,1,14,2017,38.58655
35447,1,14,2018,39.08957
35447,1,14,2019,39.42225
35447,2,14,1950,30.74706
35447,2,14,1951,31.40877
35447,2,14,1952,31.7744
35447,2,14,1953,31.93487
35447,2,14,1954,32.52716
35447,2,14,1955,32.88489
35447,2,14,1956,32.64768
35447,2,14,1957,32.56329
35447,2,14,1958,33.17308
35447,2,14,1959,33.34719
35447,2,14,1960,33.41595
35447,2,14,1961,33.51092
35447,2,14,1962,33.5774
35447,2,14,1963,33.88353
35447,2,14,1964,34.14609
35447,2,14,1965,34.16271
35447,2,14,1966,34.48963
35447,2,14,1967,34.73705
35447,2,14,1968,34.93901
35447,2,14,1969,35.04425
35447,2,14,1970,35.09044
35447,2,14,1971,35.51676
35447,2,14,1972,35.7955
35447,2,14,1973,35.71601
35447,2,14,1974,35.71095
35447,2,14,1975,35.95415
35447,2,14,1976,36.17936
35447,2,14,1977,36.36562
35447,2,14,1978,36.34752
35447,2,14,1979,36.29644
35447,2,14,1980,36.2865
35447,2,14,1981,36.55011
35447,2,14,1982,36.85486
35447,2,14,1983,37.00209
35447,2,14,1984,37.24232
35447,2,14,1985,37.56069
35447,2,14,1986,37.90556
35447,2,14,1987,38.09041
35447,2,14,1988,38.20297
35447,2,14,1989,38.49253
35447,2,14,1990,38.82975
35447,2,14,1991,39.08287
35447,2,14,1992,39.24323
35447,2,14,1993,39.37803
35447,2,14,1994,39.56996
35447,2,14,1995,39.73957
35447,2,14,1996,40.20663
35447,2,14,1997,40.49293
35447,2,14,1998,40.77287
35447,2,14,1999,40.98777
35447,2,14,2000,41.29629
35447,2,14,2001,41.6649
35447,2,14,2002,41.9037
35447,2,14,2003,42.00545
35447,2,14,2004,42.09467
35447,2,14,2005,42.07468
35447,2,14,2006,42.28887
35447,2,14,2007,42.50099
35447,2,14,2008,42.67294
35447,2,14,2009,42.80962
35447,2,14,2010,42.78854
35447,2,14,2011,42.82803
35447,2,14,2012,42.92503
35447,2,14,2013,43.08326
35447,2,14,2014,43.22495
35447,2,14,2015,43.35964
35447,2,14,2016,43.52597
35447,2,14,2017,43.69954
35447,2,14,2018,43.87516
35447,2,14,2019,44.009
35447,3,14,1950,28.89078
35447,3,14,1951,29.52762
35447,3,14,1952,30.06067
35447,3,14,1953,30.16605
35447,3,14,1954,30.49168
35447,3,14,1955,31.00835
35447,3,14,1956,30.61839
35447,3,14,1957,30.54011
35447,3,14,1958,31.25376
35447,3,14,1959,31.33318
35447,3,14,1960,31.21969
35447,3,14,1961,31.3208
35447,3,14,1962,31.42506
35447,3,14,1963,31.79606
35447,3,14,1964,31.93558
35447,3,14,1965,32.06035
35447,3,14,1966,32.35668
35447,3,14,1967,32.64154
35447,3,14,1968,32.82957
35447,3,14,1969,32.90734
35447,3,14,1970,32.99875
35447,3,14,1971,33.43481
35447,3,14,1972,33.81037
35447,3,14,1973,33.79093
35447,3,14,1974,33.8525
35447,3,14,1975,34.084
35447,3,14,1976,34.2967
35447,3,14,1977,34.44446
35447,3,14,1978,34.34815
35447,3,14,1979,34.27857
35447,3,14,1980,34.19388
35447,3,14,1981,34.56576
35447,3,14,1982,34.80294
35447,3,14,1983,34.86908
35447,3,14,1984,34.93671
35447,3,14,1985,35.32395
35447,3,14,1986,35.72803
35447,3,14,1987,35.97238
35447,3,14,1988,35.90247
35447,3,14,1989,36.14052
35447,3,14,1990,36.35387
35447,3,14,1991,36.60219
35447,3,14,1992,36.79857
35447,3,14,1993,36.81307
35447,3,14,1994,36.99783
35447,3,14,1995,37.08477
35447,3,14,1996,37.45863
35447,3,14,1997,37.81704
35447,3,14,1998,37.91928
35447,3,14,1999,38.10023
35447,3,14,2000,38.3628
35447,3,14,2001,38.72387
35447,3,14,2002,38.97532
35447,3,14,2003,39.07592
35447,3,14,2004,39.16653
35447,3,14,2005,39.14979
35447,3,14,2006,39.3602
35447,3,14,2007,39.60792
35447,3,14,2008,39.69557
35447,3,14,2009,39.83022
35447,3,14,2010,39.83978
35447,3,14,2011,39.85647
35447,3,14,2012,40.0664
35447,3,14,2013,40.28343
35447,3,14,2014,40.43274
35447,3,14,2015,40.6076
35447,3,14,2016,40.81691
35447,3,14,2017,41.05564
35447,3,14,2018,41.34865
35447,3,14,2019,41.47783
35448,1,14,1950,28.56685
35448,1,14,1951,29.1778
35448,1,14,1952,29.56091
35448,1,14,1953,29.56104
35448,1,14,1954,29.65306
35448,1,14,1955,30.05885
35448,1,14,1956,29.82278
35448,1,14,1957,29.61223
35448,1,14,1958,30.17164
35448,1,14,1959,30.28876
35448,1,14,1960,30.31177
35448,1,14,1961,30.25231
35448,1,14,1962,30.19215
35448,1,14,1963,30.4767
35448,1,14,1964,30.51216
35448,1,14,1965,30.60752
35448,1,14,1966,30.70537
35448,1,14,1967,31.05483
35448,1,14,1968,31.06034
35448,1,14,1969,30.98987
35448,1,14,1970,31.03143
35448,1,14,1971,31.50657
35448,1,14,1972,31.7348
35448,1,14,1973,31.66575
35448,1,14,1974,31.89693
35448,1,14,1975,32.08501
35448,1,14,1976,32.22119
35448,1,14,1977,32.34006
35448,1,14,1978,32.29379
35448,1,14,1979,32.24334
35448,1,14,1980,32.26226
35448,1,14,1981,32.22814
35448,1,14,1982,32.39809
35448,1,14,1983,32.56874
35448,1,14,1984,32.80668
35448,1,14,1985,33.10398
35448,1,14,1986,33.3063
35448,1,14,1987,33.53841
35448,1,14,1988,33.66438
35448,1,14,1989,33.79747
35448,1,14,1990,33.91745
35448,1,14,1991,33.8621
35448,1,14,1992,34.07049
35448,1,14,1993,34.28082
35448,1,14,1994,34.40777
35448,1,14,1995,34.53147
35448,1,14,1996,34.83065
35448,1,14,1997,35.14274
35448,1,14,1998,35.15599
35448,1,14,1999,35.23303
35448,1,14,2000,35.78892
35448,1,14,2001,35.64357
35448,1,14,2002,35.80813
35448,1,14,2003,36.03923
35448,1,14,2004,36.38035
35448,1,14,2005,36.55493
35448,1,14,2006,36.73545
35448,1,14,2007,36.93745
35448,1,14,2008,37.08995
35448,1,14,2009,37.37685
35448,1,14,2010,37.56625
35448,1,14,2011,37.687
35448,1,14,2012,37.91376
35448,1,14,2013,38.06583
35448,1,14,2014,38.45462
35448,1,14,2015,38.88595
35448,1,14,2016,39.28386
35448,1,14,2017,39.63595
35448,1,14,2018,39.96946
35448,1,14,2019,40.14732
35448,2,14,1950,30.52551
35448,2,14,1951,31.35185
35448,2,14,1952,31.6894
35448,2,14,1953,31.74271
35448,2,14,1954,32.31443
35448,2,14,1955,32.56979
35448,2,14,1956,32.38812
35448,2,14,1957,32.2256
35448,2,14,1958,32.77632
35448,2,14,1959,33.00761
35448,2,14,1960,32.84651
35448,2,14,1961,32.97953
35448,2,14,1962,33.07423
35448,2,14,1963,33.45001
35448,2,14,1964,33.54507
35448,2,14,1965,33.50375
35448,2,14,1966,33.89565
35448,2,14,1967,34.21087
35448,2,14,1968,34.30547
35448,2,14,1969,34.34971
35448,2,14,1970,34.49143
35448,2,14,1971,34.87671
35448,2,14,1972,35.05507
35448,2,14,1973,35.09414
35448,2,14,1974,35.01467
35448,2,14,1975,35.05098
35448,2,14,1976,35.29346
35448,2,14,1977,35.58111
35448,2,14,1978,35.6578
35448,2,14,1979,35.74854
35448,2,14,1980,35.91248
35448,2,14,1981,36.21671
35448,2,14,1982,36.65688
35448,2,14,1983,36.94182
35448,2,14,1984,37.20614
35448,2,14,1985,37.50257
35448,2,14,1986,37.83471
35448,2,14,1987,38.14083
35448,2,14,1988,38.32383
35448,2,14,1989,38.50556
35448,2,14,1990,38.67552
35448,2,14,1991,38.89444
35448,2,14,1992,39.15141
35448,2,14,1993,39.35577
35448,2,14,1994,39.64569
35448,2,14,1995,40.08022
35448,2,14,1996,40.5521
35448,2,14,1997,40.71196
35448,2,14,1998,40.91199
35448,2,14,1999,41.52269
35448,2,14,2000,41.71575
35448,2,14,2001,41.99747
35448,2,14,2002,42.26345
35448,2,14,2003,42.34486
35448,2,14,2004,42.43192
35448,2,14,2005,42.5267
35448,2,14,2006,42.72415
35448,2,14,2007,42.91743
35448,2,14,2008,43.05657
35448,2,14,2009,43.15529
35448,2,14,2010,43.20315
35448,2,14,2011,43.27106
35448,2,14,2012,43.31832
35448,2,14,2013,43.4698
35448,2,14,2014,43.64041
35448,2,14,2015,43.87785
35448,2,14,2016,44.12535
35448,2,14,2017,44.48652
35448,2,14,2018,44.70481
35448,2,14,2019,44.91741
35448,3,14,1950,28.9932
35448,3,14,1951,29.81088
35448,3,14,1952,30.10501
35448,3,14,1953,29.97438
35448,3,14,1954,30.39824
35448,3,14,1955,30.65543
35448,3,14,1956,30.35567
35448,3,14,1957,30.2247
35448,3,14,1958,30.9997
35448,3,14,1959,31.05891
35448,3,14,1960,30.96703
35448,3,14,1961,31.04755
35448,3,14,1962,31.11712
35448,3,14,1963,31.4046
35448,3,14,1964,31.49398
35448,3,14,1965,31.54704
35448,3,14,1966,31.71257
35448,3,14,1967,32.00864
35448,3,14,1968,32.14219
35448,3,14,1969,32.18034
35448,3,14,1970,32.25555
35448,3,14,1971,32.70303
35448,3,14,1972,32.90825
35448,3,14,1973,33.03953
35448,3,14,1974,33.13581
35448,3,14,1975,33.30309
35448,3,14,1976,33.55631
35448,3,14,1977,33.88456
35448,3,14,1978,33.93463
35448,3,14,1979,33.98844
35448,3,14,1980,34.1108
35448,3,14,1981,34.26724
35448,3,14,1982,34.58716
35448,3,14,1983,34.83196
35448,3,14,1984,35.07665
35448,3,14,1985,35.34977
35448,3,14,1986,35.63386
35448,3,14,1987,35.91895
35448,3,14,1988,36.0818
35448,3,14,1989,36.22876
35448,3,14,1990,36.36832
35448,3,14,1991,36.43599
35448,3,14,1992,36.68987
35448,3,14,1993,36.9002
35448,3,14,1994,37.08358
35448,3,14,1995,37.36861
35448,3,14,1996,37.75572
35448,3,14,1997,38.01526
35448,3,14,1998,38.13065
35448,3,14,1999,38.42709
35448,3,14,2000,38.8293
35448,3,14,2001,38.92507
35448,3,14,2002,39.11008
35448,3,14,2003,39.29587
35448,3,14,2004,39.48919
35448,3,14,2005,39.59997
35448,3,14,2006,39.77409
35448,3,14,2007,39.98388
35448,3,14,2008,40.11766
35448,3,14,2009,40.29254
35448,3,14,2010,40.39367
35448,3,14,2011,40.49975
35448,3,14,2012,40.62192
35448,3,14,2013,40.78786
35448,3,14,2014,41.03927
35448,3,14,2015,41.35356
35448,3,14,2016,41.68936
35448,3,14,2017,42.01906
35448,3,14,2018,42.26531
35448,3,14,2019,42.35055
35449,1,14,1950,28.71374
35449,1,14,1951,29.28542
35449,1,14,1952,29.92081
35449,1,14,1953,29.886
35449,1,14,1954,29.95167
35449,1,14,1955,30.30504
35449,1,14,1956,30.10661
35449,1,14,1957,29.8261
35449,1,14,1958,30.70081
35449,1,14,1959,30.87228
35449,1,14,1960,30.6509
35449,1,14,1961,30.68224
35449,1,14,1962,30.69475
35449,1,14,1963,31.01072
35449,1,14,1964,31.23824
35449,1,14,1965,31.32295
35449,1,14,1966,31.55031
35449,1,14,1967,31.73407
35449,1,14,1968,31.96153
35449,1,14,1969,31.89392
35449,1,14,1970,31.98048
35449,1,14,1971,32.50009
35449,1,14,1972,32.74149
35449,1,14,1973,32.73572
35449,1,14,1974,32.72784
35449,1,14,1975,32.77723
35449,1,14,1976,32.77843
35449,1,14,1977,32.82627
35449,1,14,1978,32.4411
35449,1,14,1979,32.10898
35449,1,14,1980,32.08571
35449,1,14,1981,32.5463
35449,1,14,1982,32.90549
35449,1,14,1983,32.8748
35449,1,14,1984,32.73246
35449,1,14,1985,33.00045
35449,1,14,1986,33.39405
35449,1,14,1987,33.58478
35449,1,14,1988,33.85321
35449,1,14,1989,34.05301
35449,1,14,1990,34.0505
35449,1,14,1991,34.2054
35449,1,14,1992,34.11124
35449,1,14,1993,34.27871
35449,1,14,1994,34.70543
35449,1,14,1995,34.72769
35449,1,14,1996,34.91025
35449,1,14,1997,35.19382
35449,1,14,1998,35.02954
35449,1,14,1999,35.07903
35449,1,14,2000,35.13483
35449,1,14,2001,35.75773
35449,1,14,2002,35.89264
35449,1,14,2003,36.12751
35449,1,14,2004,36.30275
35449,1,14,2005,36.26827
35449,1,14,2006,36.59872
35449,1,14,2007,36.7896
35449,1,14,2008,36.92848
35449,1,14,2009,37.17356
35449,1,14,2010,37.25744
35449,1,14,2011,37.46951
35449,1,14,2012,37.75188
35449,1,14,2013,38.13114
35449,1,14,2014,38.68722
35449,1,14,2015,39.20888
35449,1,14,2016,39.38738
35449,1,14,2017,39.72976
35449,1,14,2018,40.1891
35449,1,14,2019,40.59016
35449,2,14,1950,30.77917
35449,2,14,1951,31.41617
35449,2,14,1952,31.96829
35449,2,14,1953,32.1618
35449,2,14,1954,32.53139
35449,2,14,1955,32.8589
35449,2,14,1956,32.69389
35449,2,14,1957,32.57437
35449,2,14,1958,33.34953
35449,2,14,1959,33.60428
35449,2,14,1960,33.5561
35449,2,14,1961,33.51713
35449,2,14,1962,33.6874
35449,2,14,1963,34.10053
35449,2,14,1964,34.3857
35449,2,14,1965,34.3052
35449,2,14,1966,34.79278
35449,2,14,1967,35.08171
35449,2,14,1968,35.24596
35449,2,14,1969,35.35409
35449,2,14,1970,35.43814
35449,2,14,1971,36.04064
35449,2,14,1972,36.053
35449,2,14,1973,36.17536
35449,2,14,1974,36.32275
35449,2,14,1975,36.52183
35449,2,14,1976,36.66603
35449,2,14,1977,36.85072
35449,2,14,1978,36.82484
35449,2,14,1979,36.63246
35449,2,14,1980,36.6883
35449,2,14,1981,36.77308
35449,2,14,1982,37.2151
35449,2,14,1983,37.55215
35449,2,14,1984,37.75384
35449,2,14,1985,38.03101
35449,2,14,1986,38.15518
35449,2,14,1987,38.65993
35449,2,14,1988,38.79725
35449,2,14,1989,39.06583
35449,2,14,1990,39.08499
35449,2,14,1991,39.34818
35449,2,14,1992,39.52225
35449,2,14,1993,39.75177
35449,2,14,1994,40.19345
35449,2,14,1995,40.42132
35449,2,14,1996,40.75471
35449,2,14,1997,41.10572
35449,2,14,1998,41.18826
35449,2,14,1999,41.28764
35449,2,14,2000,41.79894
35449,2,14,2001,42.09127
35449,2,14,2002,42.33896
35449,2,14,2003,42.4146
35449,2,14,2004,42.51706
35449,2,14,2005,42.55628
35449,2,14,2006,42.62891
35449,2,14,2007,42.7468
35449,2,14,2008,43.06717
35449,2,14,2009,43.2883
35449,2,14,2010,43.31069
35449,2,14,2011,43.30437
35449,2,14,2012,43.3679
35449,2,14,2013,43.64201
35449,2,14,2014,43.72813
35449,2,14,2015,44.01701
35449,2,14,2016,44.22565
35449,2,14,2017,44.29176
35449,2,14,2018,44.55346
35449,2,14,2019,44.86423
35449,3,14,1950,29.09934
35449,3,14,1951,29.85213
35449,3,14,1952,30.28288
35449,3,14,1953,30.34612
35449,3,14,1954,30.7554
35449,3,14,1955,30.99434
35449,3,14,1956,30.66442
35449,3,14,1957,30.60061
35449,3,14,1958,31.37726
35449,3,14,1959,31.36331
35449,3,14,1960,31.43481
35449,3,14,1961,31.37079
35449,3,14,1962,31.48859
35449,3,14,1963,31.95025
35449,3,14,1964,32.22783
35449,3,14,1965,32.22364
35449,3,14,1966,32.59859
35449,3,14,1967,32.79686
35449,3,14,1968,32.97787
35449,3,14,1969,33.06961
35449,3,14,1970,33.16087
35449,3,14,1971,33.69644
35449,3,14,1972,33.93466
35449,3,14,1973,33.99536
35449,3,14,1974,34.0492
35449,3,14,1975,34.21272
35449,3,14,1976,34.45153
35449,3,14,1977,34.62209
35449,3,14,1978,34.58667
35449,3,14,1979,34.40137
35449,3,14,1980,34.44818
35449,3,14,1981,34.73034
35449,3,14,1982,35.11733
35449,3,14,1983,35.26729
35449,3,14,1984,35.32643
35449,3,14,1985,35.58562
35449,3,14,1986,35.85486
35449,3,14,1987,36.2292
35449,3,14,1988,36.42941
35449,3,14,1989,36.65376
35449,3,14,1990,36.67883
35449,3,14,1991,36.88915
35449,3,14,1992,36.93023
35449,3,14,1993,37.13483
35449,3,14,1994,37.57573
35449,3,14,1995,37.68689
35449,3,14,1996,37.95256
35449,3,14,1997,38.27121
35449,3,14,1998,38.21881
35449,3,14,1999,38.27764
35449,3,14,2000,38.55128
35449,3,14,2001,39.02528
35449,3,14,2002,39.22197
35449,3,14,2003,39.38873
35449,3,14,2004,39.52137
35449,3,14,2005,39.48831
35449,3,14,2006,39.71563
35449,3,14,2007,39.84062
35449,3,14,2008,40.05522
35449,3,14,2009,40.31529
35449,3,14,2010,40.32568
35449,3,14,2011,40.42385
35449,3,14,2012,40.601
35449,3,14,2013,40.88729
35449,3,14,2014,41.21206
35449,3,14,2015,41.62861
35449,3,14,2016,41.81178
35449,3,14,2017,41.9803
35449,3,14,2018,42.26563
35449,3,14,2019,42.46645
35450,1,14,1950,27.42455
35450,1,14,1951,28.04944
35450,1,14,1952,28.6049
35450,1,14,1953,28.51719
35450,1,14,1954,28.79677
35450,1,14,1955,28.94936
35450,1,14,1956,28.67855
35450,1,14,1957,28.68723
35450,1,14,1958,29.31173
35450,1,14,1959,29.52178
35450,1,14,1960,29.25207
35450,1,14,1961,29.42427
35450,1,14,1962,29.56121
35450,1,14,1963,29.70383
35450,1,14,1964,30.01631
35450,1,14,1965,30.17383
35450,1,14,1966,30.52516
35450,1,14,1967,30.5323
35450,1,14,1968,30.65185
35450,1,14,1969,30.65117
35450,1,14,1970,30.69549
35450,1,14,1971,31.12849
35450,1,14,1972,31.23979
35450,1,14,1973,31.21855
35450,1,14,1974,31.33898
35450,1,14,1975,31.42546
35450,1,14,1976,31.52554
35450,1,14,1977,31.47033
35450,1,14,1978,31.23156
35450,1,14,1979,30.75431
35450,1,14,1980,30.61906
35450,1,14,1981,30.89364
35450,1,14,1982,31.13987
35450,1,14,1983,31.08462
35450,1,14,1984,31.21287
35450,1,14,1985,31.50705
35450,1,14,1986,31.62635
35450,1,14,1987,31.94238
35450,1,14,1988,31.94143
35450,1,14,1989,32.19479
35450,1,14,1990,32.22917
35450,1,14,1991,32.39072
35450,1,14,1992,32.50765
35450,1,14,1993,32.60083
35450,1,14,1994,32.88956
35450,1,14,1995,32.94574
35450,1,14,1996,33.37822
35450,1,14,1997,33.58362
35450,1,14,1998,33.54779
35450,1,14,1999,33.61582
35450,1,14,2000,34.07914
35450,1,14,2001,34.35027
35450,1,14,2002,34.66708
35450,1,14,2003,34.6999
35450,1,14,2004,35.05443
35450,1,14,2005,35.06392
35450,1,14,2006,35.35683
35450,1,14,2007,35.46165
35450,1,14,2008,35.60452
35450,1,14,2009,35.75095
35450,1,14,2010,35.8496
35450,1,14,2011,35.96965
35450,1,14,2012,36.22812
35450,1,14,2013,36.51636
35450,1,14,2014,36.79697
35450,1,14,2015,36.92618
35450,1,14,2016,37.29054
35450,1,14,2017,37.69786
35450,1,14,2018,38.27785
35450,1,14,2019,38.74215
35450,2,14,1950,30.12764
35450,2,14,1951,30.59192
35450,2,14,1952,31.08148
35450,2,14,1953,31.2339
35450,2,14,1954,31.77039
35450,2,14,1955,32.04131
35450,2,14,1956,31.7533
35450,2,14,1957,31.9124
35450,2,14,1958,32.68793
35450,2,14,1959,32.88467
35450,2,14,1960,32.76312
35450,2,14,1961,32.79539
35450,2,14,1962,33.05713
35450,2,14,1963,33.27838
35450,2,14,1964,33.57303
35450,2,14,1965,33.67421
35450,2,14,1966,34.03286
35450,2,14,1967,34.18265
35450,2,14,1968,34.34633
35450,2,14,1969,34.33884
35450,2,14,1970,34.38801
35450,2,14,1971,34.81776
35450,2,14,1972,35.10209
35450,2,14,1973,35.00361
35450,2,14,1974,34.98936
35450,2,14,1975,35.14101
35450,2,14,1976,35.23908
35450,2,14,1977,35.40529
35450,2,14,1978,35.30162
35450,2,14,1979,35.1009
35450,2,14,1980,35.30875
35450,2,14,1981,35.55837
35450,2,14,1982,35.9754
35450,2,14,1983,36.06862
35450,2,14,1984,36.37406
35450,2,14,1985,36.56652
35450,2,14,1986,36.85093
35450,2,14,1987,37.30201
35450,2,14,1988,37.35925
35450,2,14,1989,37.69034
35450,2,14,1990,37.82436
35450,2,14,1991,38.12394
35450,2,14,1992,38.22828
35450,2,14,1993,38.43738
35450,2,14,1994,38.93459
35450,2,14,1995,38.94987
35450,2,14,1996,39.54217
35450,2,14,1997,39.85206
35450,2,14,1998,39.96565
35450,2,14,1999,40.11682
35450,2,14,2000,40.55386
35450,2,14,2001,40.95585
35450,2,14,2002,41.18266
35450,2,14,2003,41.44397
35450,2,14,2004,41.46983
35450,2,14,2005,41.40233
35450,2,14,2006,41.62129
35450,2,14,2007,41.89177
35450,2,14,2008,41.91857
35450,2,14,2009,42.19234
35450,2,14,2010,42.22529
35450,2,14,2011,42.12726
35450,2,14,2012,42.39122
35450,2,14,2013,42.58022
35450,2,14,2014,42.79585
35450,2,14,2015,43.06139
35450,2,14,2016,42.99744
35450,2,14,2017,43.56794
35450,2,14,2018,43.90749
35450,2,14,2019,44.24281
35450,3,14,1950,28.04133
35450,3,14,1951,28.71577
35450,3,14,1952,29.35022
35450,3,14,1953,29.17649
35450,3,14,1954,29.7354
35450,3,14,1955,29.84319
35450,3,14,1956,29.75748
35450,3,14,1957,29.58937
35450,3,14,1958,30.37784
35450,3,14,1959,30.39526
35450,3,14,1960,30.3473
35450,3,14,1961,30.46749
35450,3,14,1962,30.59072
35450,3,14,1963,31.02333
35450,3,14,1964,31.15076
35450,3,14,1965,31.28291
35450,3,14,1966,31.55071
35450,3,14,1967,31.77504
35450,3,14,1968,31.89564
35450,3,14,1969,31.99066
35450,3,14,1970,31.97213
35450,3,14,1971,32.53188
35450,3,14,1972,32.73787
35450,3,14,1973,32.81531
35450,3,14,1974,32.79034
35450,3,14,1975,33.00381
35450,3,14,1976,33.12193
35450,3,14,1977,33.24078
35450,3,14,1978,33.18083
35450,3,14,1979,32.98023
35450,3,14,1980,33.00095
35450,3,14,1981,33.2811
35450,3,14,1982,33.62717
35450,3,14,1983,33.63389
35450,3,14,1984,33.8566
35450,3,14,1985,34.10985
35450,3,14,1986,34.31284
35450,3,14,1987,34.69864
35450,3,14,1988,34.71468
35450,3,14,1989,35.01091
35450,3,14,1990,35.10028
35450,3,14,1991,35.32732
35450,3,14,1992,35.44388
35450,3,14,1993,35.58162
35450,3,14,1994,35.98502
35450,3,14,1995,36.01843
35450,3,14,1996,36.52332
35450,3,14,1997,36.8023
35450,3,14,1998,36.82433
35450,3,14,1999,36.91545
35450,3,14,2000,37.3716
35450,3,14,2001,37.70709
35450,3,14,2002,37.98822
35450,3,14,2003,38.13578
35450,3,14,2004,38.32606
35450,3,14,2005,38.28812
35450,3,14,2006,38.53369
35450,3,14,2007,38.71289
35450,3,14,2008,38.79841
35450,3,14,2009,39.00015
35450,3,14,2010,39.06429
35450,3,14,2011,39.05872
35450,3,14,2012,39.32539
35450,3,14,2013,39.55432
35450,3,14,2014,39.80463
35450,3,14,2015,39.99991
35450,3,14,2016,40.16315
35450,3,14,2017,40.64262
35450,3,14,2018,40.99738
35450,3,14,2019,41.22932
35451,1,14,1950,27.68967
35451,1,14,1951,28.50429
35451,1,14,1952,29.09366
35451,1,14,1953,28.93845
35451,1,14,1954,29.19733
35451,1,14,1955,29.48187
35451,1,14,1956,29.14508
35451,1,14,1957,29.01829
35451,1,14,1958,29.85623
35451,1,14,1959,29.84619
35451,1,14,1960,29.8514
35451,1,14,1961,29.79888
35451,1,14,1962,29.82306
35451,1,14,1963,30.15841
35451,1,14,1964,30.30167
35451,1,14,1965,30.31275
35451,1,14,1966,30.75491
35451,1,14,1967,30.8068
35451,1,14,1968,30.86957
35451,1,14,1969,30.98407
35451,1,14,1970,30.97738
35451,1,14,1971,31.43245
35451,1,14,1972,31.59197
35451,1,14,1973,31.62323
35451,1,14,1974,31.73222
35451,1,14,1975,31.86384
35451,1,14,1976,31.8048
35451,1,14,1977,31.81494
35451,1,14,1978,31.64513
35451,1,14,1979,31.25275
35451,1,14,1980,31.19147
35451,1,14,1981,31.47027
35451,1,14,1982,31.855
35451,1,14,1983,31.79399
35451,1,14,1984,31.93846
35451,1,14,1985,32.16149
35451,1,14,1986,32.39602
35451,1,14,1987,32.80199
35451,1,14,1988,32.78558
35451,1,14,1989,32.89147
35451,1,14,1990,32.97579
35451,1,14,1991,33.05523
35451,1,14,1992,33.11146
35451,1,14,1993,33.07606
35451,1,14,1994,33.41945
35451,1,14,1995,32.64257
35451,1,14,1996,33.96328
35451,1,14,1997,34.14856
35451,1,14,1998,34.16594
35451,1,14,1999,34.37051
35451,1,14,2000,34.70895
35451,1,14,2001,35.01578
35451,1,14,2002,35.39623
35451,1,14,2003,35.4027
35451,1,14,2004,35.59202
35451,1,14,2005,35.6335
35451,1,14,2006,35.94887
35451,1,14,2007,36.14683
35451,1,14,2008,36.42619
35451,1,14,2009,36.62953
35451,1,14,2010,36.66409
35451,1,14,2011,36.83854
35451,1,14,2012,37.00728
35451,1,14,2013,37.23525
35451,1,14,2014,37.60091
35451,1,14,2015,37.813
35451,1,14,2016,38.03038
35451,1,14,2017,38.26758
35451,1,14,2018,38.68898
35451,1,14,2019,39.20034
35451,2,14,1950,30.42318
35451,2,14,1951,31.00184
35451,2,14,1952,31.41673
35451,2,14,1953,31.73762
35451,2,14,1954,32.12038
35451,2,14,1955,32.42517
35451,2,14,1956,32.27662
35451,2,14,1957,32.26054
35451,2,14,1958,33.03332
35451,2,14,1959,33.19467
35451,2,14,1960,33.09217
35451,2,14,1961,33.09241
35451,2,14,1962,33.2149
35451,2,14,1963,33.65737
35451,2,14,1964,33.82322
35451,2,14,1965,33.88951
35451,2,14,1966,34.23741
35451,2,14,1967,34.42964
35451,2,14,1968,34.60461
35451,2,14,1969,34.74141
35451,2,14,1970,34.79244
35451,2,14,1971,35.21332
35451,2,14,1972,35.40658
35451,2,14,1973,35.42371
35451,2,14,1974,35.50935
35451,2,14,1975,35.65268
35451,2,14,1976,35.81294
35451,2,14,1977,36.03984
35451,2,14,1978,35.97556
35451,2,14,1979,35.80622
35451,2,14,1980,35.7868
35451,2,14,1981,36.04716
35451,2,14,1982,36.58026
35451,2,14,1983,36.71386
35451,2,14,1984,37.07945
35451,2,14,1985,37.2086
35451,2,14,1986,37.51687
35451,2,14,1987,37.93659
35451,2,14,1988,37.99403
35451,2,14,1989,38.14353
35451,2,14,1990,38.41635
35451,2,14,1991,38.47806
35451,2,14,1992,38.66573
35451,2,14,1993,38.93337
35451,2,14,1994,39.12977
35451,2,14,1995,38.46543
35451,2,14,1996,39.93084
35451,2,14,1997,40.14875
35451,2,14,1998,40.36192
35451,2,14,1999,40.49814
35451,2,14,2000,40.87177
35451,2,14,2001,41.21084
35451,2,14,2002,41.62649
35451,2,14,2003,41.8348
35451,2,14,2004,41.82596
35451,2,14,2005,41.97547
35451,2,14,2006,42.17336
35451,2,14,2007,42.27959
35451,2,14,2008,42.4361
35451,2,14,2009,42.70811
35451,2,14,2010,42.65795
35451,2,14,2011,42.72542
35451,2,14,2012,42.87661
35451,2,14,2013,43.01892
35451,2,14,2014,43.26957
35451,2,14,2015,43.46622
35451,2,14,2016,43.71357
35451,2,14,2017,43.91176
35451,2,14,2018,44.21987
35451,2,14,2019,44.51863
35451,3,14,1950,28.54654
35451,3,14,1951,29.13076
35451,3,14,1952,29.57768
35451,3,14,1953,29.75362
35451,3,14,1954,30.04154
35451,3,14,1955,30.33744
35451,3,14,1956,30.02779
35451,3,14,1957,29.96208
35451,3,14,1958,30.58807
35451,3,14,1959,30.69711
35451,3,14,1960,30.7307
35451,3,14,1961,30.74332
35451,3,14,1962,30.87638
35451,3,14,1963,31.26753
35451,3,14,1964,31.4287
35451,3,14,1965,31.426
35451,3,14,1966,31.81152
35451,3,14,1967,32.05831
35451,3,14,1968,32.17983
35451,3,14,1969,32.24968
35451,3,14,1970,32.24649
35451,3,14,1971,32.78931
35451,3,14,1972,33.00856
35451,3,14,1973,33.07712
35451,3,14,1974,33.2061
35451,3,14,1975,33.39509
35451,3,14,1976,33.52366
35451,3,14,1977,33.73791
35451,3,14,1978,33.72794
35451,3,14,1979,33.57098
35451,3,14,1980,33.52319
35451,3,14,1981,33.8074
35451,3,14,1982,34.27581
35451,3,14,1983,34.30556
35451,3,14,1984,34.5669
35451,3,14,1985,34.74808
35451,3,14,1986,35.0178
35451,3,14,1987,35.44794
35451,3,14,1988,35.46423
35451,3,14,1989,35.5843
35451,3,14,1990,35.77168
35451,3,14,1991,35.83994
35451,3,14,1992,35.94711
35451,3,14,1993,36.05071
35451,3,14,1994,36.33419
35451,3,14,1995,35.569
35451,3,14,1996,37.02267
35451,3,14,1997,37.2287
35451,3,14,1998,37.33733
35451,3,14,1999,37.49993
35451,3,14,2000,37.87778
35451,3,14,2001,38.19244
35451,3,14,2002,38.583
35451,3,14,2003,38.69498
35451,3,14,2004,38.79859
35451,3,14,2005,38.87115
35451,3,14,2006,39.12665
35451,3,14,2007,39.26813
35451,3,14,2008,39.49612
35451,3,14,2009,39.74763
35451,3,14,2010,39.70218
35451,3,14,2011,39.82515
35451,3,14,2012,39.98221
35451,3,14,2013,40.15483
35451,3,14,2014,40.45885
35451,3,14,2015,40.67534
35451,3,14,2016,40.88938
35451,3,14,2017,41.11308
35451,3,14,2018,41.3843
35451,3,14,2019,41.6312
35452,1,14,1950,28.21331
35452,1,14,1951,28.94062
35452,1,14,1952,29.2606
35452,1,14,1953,29.18829
35452,1,14,1954,29.45138
35452,1,14,1955,29.68386
35452,1,14,1956,29.58943
35452,1,14,1957,29.41995
35452,1,14,1958,30.09456
35452,1,14,1959,30.27511
35452,1,14,1960,30.09362
35452,1,14,1961,30.15955
35452,1,14,1962,30.2389
35452,1,14,1963,30.49028
35452,1,14,1964,30.61401
35452,1,14,1965,30.45021
35452,1,14,1966,30.81896
35452,1,14,1967,31.13081
35452,1,14,1968,31.25221
35452,1,14,1969,31.25657
35452,1,14,1970,31.23439
35452,1,14,1971,31.69207
35452,1,14,1972,31.87844
35452,1,14,1973,31.86264
35452,1,14,1974,31.99413
35452,1,14,1975,32.08121
35452,1,14,1976,32.14155
35452,1,14,1977,32.17382
35452,1,14,1978,32.02389
35452,1,14,1979,31.59837
35452,1,14,1980,31.68911
35452,1,14,1981,31.99599
35452,1,14,1982,32.50811
35452,1,14,1983,32.48649
35452,1,14,1984,32.70994
35452,1,14,1985,32.75459
35452,1,14,1986,32.98854
35452,1,14,1987,33.48112
35452,1,14,1988,33.68803
35452,1,14,1989,33.82111
35452,1,14,1990,33.77583
35452,1,14,1991,33.80799
35452,1,14,1992,33.99751
35452,1,14,1993,34.08508
35452,1,14,1994,34.41883
35452,1,14,1995,34.52068
35452,1,14,1996,34.87553
35452,1,14,1997,35.18755
35452,1,14,1998,35.23657
35452,1,14,1999,35.45944
35452,1,14,2000,35.7814
35452,1,14,2001,36.01577
35452,1,14,2002,36.59033
35452,1,14,2003,36.52019
35452,1,14,2004,36.62289
35452,1,14,2005,36.56594
35452,1,14,2006,37.06365
35452,1,14,2007,37.29291
35452,1,14,2008,37.52792
35452,1,14,2009,37.66583
35452,1,14,2010,37.76044
35452,1,14,2011,37.94886
35452,1,14,2012,38.10736
35452,1,14,2013,38.30037
35452,1,14,2014,38.6132
35452,1,14,2015,39.11425
35452,1,14,2016,39.45924
35452,1,14,2017,39.78208
35452,1,14,2018,40.15479
35452,1,14,2019,40.2707
35452,2,14,1950,30.73721
35452,2,14,1951,31.31222
35452,2,14,1952,31.69317
35452,2,14,1953,31.79559
35452,2,14,1954,32.33392
35452,2,14,1955,32.77652
35452,2,14,1956,32.46546
35452,2,14,1957,32.42083
35452,2,14,1958,32.9365
35452,2,14,1959,33.10952
35452,2,14,1960,33.06574
35452,2,14,1961,33.11715
35452,2,14,1962,33.2311
35452,2,14,1963,33.56131
35452,2,14,1964,33.77319
35452,2,14,1965,33.731
35452,2,14,1966,33.98207
35452,2,14,1967,34.17282
35452,2,14,1968,34.40983
35452,2,14,1969,34.47317
35452,2,14,1970,34.53528
35452,2,14,1971,34.93251
35452,2,14,1972,35.02861
35452,2,14,1973,34.96333
35452,2,14,1974,35.03989
35452,2,14,1975,35.24611
35452,2,14,1976,35.39476
35452,2,14,1977,35.60746
35452,2,14,1978,35.78502
35452,2,14,1979,35.81208
35452,2,14,1980,35.87282
35452,2,14,1981,36.06508
35452,2,14,1982,36.46899
35452,2,14,1983,36.70518
35452,2,14,1984,36.89838
35452,2,14,1985,37.12067
35452,2,14,1986,37.43164
35452,2,14,1987,37.72407
35452,2,14,1988,37.9845
35452,2,14,1989,38.25371
35452,2,14,1990,38.53982
35452,2,14,1991,38.71221
35452,2,14,1992,38.96244
35452,2,14,1993,39.112
35452,2,14,1994,39.37674
35452,2,14,1995,39.62078
35452,2,14,1996,40.05996
35452,2,14,1997,40.34985
35452,2,14,1998,40.57704
35452,2,14,1999,40.81652
35452,2,14,2000,41.29622
35452,2,14,2001,41.61732
35452,2,14,2002,41.80183
35452,2,14,2003,41.95932
35452,2,14,2004,42.04344
35452,2,14,2005,42.22803
35452,2,14,2006,42.48377
35452,2,14,2007,42.5757
35452,2,14,2008,42.64488
35452,2,14,2009,42.78648
35452,2,14,2010,42.83971
35452,2,14,2011,42.93252
35452,2,14,2012,43.06868
35452,2,14,2013,43.25188
35452,2,14,2014,43.46913
35452,2,14,2015,43.72847
35452,2,14,2016,43.84029
35452,2,14,2017,43.85662
35452,2,14,2018,43.99313
35452,2,14,2019,44.11243
35452,3,14,1950,28.74942
35452,3,14,1951,29.46888
35452,3,14,1952,29.83116
35452,3,14,1953,29.84853
35452,3,14,1954,30.43694
35452,3,14,1955,30.54594
35452,3,14,1956,30.38112
35452,3,14,1957,30.21635
35452,3,14,1958,30.88892
35452,3,14,1959,30.96408
35452,3,14,1960,30.94149
35452,3,14,1961,31.0987
35452,3,14,1962,31.12178
35452,3,14,1963,31.42058
35452,3,14,1964,31.67759
35452,3,14,1965,31.48884
35452,3,14,1966,31.87702
35452,3,14,1967,32.11374
35452,3,14,1968,32.26653
35452,3,14,1969,32.30689
35452,3,14,1970,32.45078
35452,3,14,1971,32.78154
35452,3,14,1972,32.98208
35452,3,14,1973,33.11223
35452,3,14,1974,33.19035
35452,3,14,1975,33.36312
35452,3,14,1976,33.55879
35452,3,14,1977,33.71005
35452,3,14,1978,33.79488
35452,3,14,1979,33.71908
35452,3,14,1980,33.803
35452,3,14,1981,34.07874
35452,3,14,1982,34.52488
35452,3,14,1983,34.62787
35452,3,14,1984,34.83511
35452,3,14,1985,34.97269
35452,3,14,1986,35.26739
35452,3,14,1987,35.64714
35452,3,14,1988,35.86932
35452,3,14,1989,36.08417
35452,3,14,1990,36.20807
35452,3,14,1991,36.33538
35452,3,14,1992,36.5378
35452,3,14,1993,36.65378
35452,3,14,1994,36.95244
35452,3,14,1995,37.11308
35452,3,14,1996,37.53083
35452,3,14,1997,37.83373
35452,3,14,1998,37.97783
35452,3,14,1999,38.19919
35452,3,14,2000,38.5749
35452,3,14,2001,38.87038
35452,3,14,2002,39.26364
35452,3,14,2003,39.27902
35452,3,14,2004,39.37674
35452,3,14,2005,39.41995
35452,3,14,2006,39.80447
35452,3,14,2007,39.95784
35452,3,14,2008,40.09508
35452,3,14,2009,40.23289
35452,3,14,2010,40.31435
35452,3,14,2011,40.42579
35452,3,14,2012,40.59549
35452,3,14,2013,40.72583
35452,3,14,2014,40.98767
35452,3,14,2015,41.38286
35452,3,14,2016,41.59539
35452,3,14,2017,41.72459
35452,3,14,2018,41.93862
35452,3,14,2019,41.99492
35453,1,14,1950,27.11043
35453,1,14,1951,28.04707
35453,1,14,1952,28.4841
35453,1,14,1953,28.53427
35453,1,14,1954,28.87372
35453,1,14,1955,29.21865
35453,1,14,1956,28.87658
35453,1,14,1957,28.60791
35453,1,14,1958,29.25796
35453,1,14,1959,29.41474
35453,1,14,1960,29.35488
35453,1,14,1961,29.40328
35453,1,14,1962,29.56018
35453,1,14,1963,29.94687
35453,1,14,1964,30.0843
35453,1,14,1965,30.00515
35453,1,14,1966,30.44262
35453,1,14,1967,30.73239
35453,1,14,1968,30.88445
35453,1,14,1969,30.85733
35453,1,14,1970,30.82676
35453,1,14,1971,31.36262
35453,1,14,1972,31.58975
35453,1,14,1973,31.62924
35453,1,14,1974,31.78387
35453,1,14,1975,31.80036
35453,1,14,1976,31.85728
35453,1,14,1977,31.86435
35453,1,14,1978,31.6346
35453,1,14,1979,31.26958
35453,1,14,1980,31.36899
35453,1,14,1981,31.44705
35453,1,14,1982,31.75833
35453,1,14,1983,31.62575
35453,1,14,1984,32.08474
35453,1,14,1985,32.12044
35453,1,14,1986,32.30513
35453,1,14,1987,32.2467
35453,1,14,1988,32.57821
35453,1,14,1989,32.73354
35453,1,14,1990,32.94774
35453,1,14,1991,32.94824
35453,1,14,1992,33.14233
35453,1,14,1993,33.37467
35453,1,14,1994,33.62015
35453,1,14,1995,33.67487
35453,1,14,1996,34.02099
35453,1,14,1997,34.28032
35453,1,14,1998,34.28414
35453,1,14,1999,34.26954
35453,1,14,2000,34.62099
35453,1,14,2001,34.73202
35453,1,14,2002,35.27166
35453,1,14,2003,35.54193
35453,1,14,2004,35.41839
35453,1,14,2005,35.49383
35453,1,14,2006,35.56408
35453,1,14,2007,35.67469
35453,1,14,2008,35.51182
35453,1,14,2009,35.59756
35453,1,14,2010,36.07983
35453,1,14,2011,36.33665
35453,1,14,2012,36.58632
35453,1,14,2013,36.79202
35453,1,14,2014,36.99311
35453,1,14,2015,37.0827
35453,1,14,2016,36.75555
35453,1,14,2017,36.71239
35453,1,14,2018,37.10899
35453,1,14,2019,37.58183
35453,2,14,1950,30.00476
35453,2,14,1951,30.63609
35453,2,14,1952,31.21885
35453,2,14,1953,31.29769
35453,2,14,1954,31.9306
35453,2,14,1955,32.13886
35453,2,14,1956,31.8912
35453,2,14,1957,31.83503
35453,2,14,1958,32.37416
35453,2,14,1959,32.56975
35453,2,14,1960,32.51918
35453,2,14,1961,32.70537
35453,2,14,1962,32.72253
35453,2,14,1963,33.21042
35453,2,14,1964,33.36464
35453,2,14,1965,33.42954
35453,2,14,1966,33.73337
35453,2,14,1967,33.98502
35453,2,14,1968,34.12962
35453,2,14,1969,34.13872
35453,2,14,1970,34.18953
35453,2,14,1971,34.62438
35453,2,14,1972,34.80514
35453,2,14,1973,34.7029
35453,2,14,1974,34.76842
35453,2,14,1975,35.00666
35453,2,14,1976,35.26345
35453,2,14,1977,35.53789
35453,2,14,1978,35.73295
35453,2,14,1979,35.77202
35453,2,14,1980,35.91467
35453,2,14,1981,36.25184
35453,2,14,1982,36.59452
35453,2,14,1983,36.92036
35453,2,14,1984,37.17367
35453,2,14,1985,37.30415
35453,2,14,1986,37.47111
35453,2,14,1987,37.80095
35453,2,14,1988,38.08981
35453,2,14,1989,38.38768
35453,2,14,1990,38.53136
35453,2,14,1991,38.64531
35453,2,14,1992,38.80781
35453,2,14,1993,39.14142
35453,2,14,1994,39.38735
35453,2,14,1995,39.60092
35453,2,14,1996,39.94928
35453,2,14,1997,40.10852
35453,2,14,1998,40.37229
35453,2,14,1999,40.57802
35453,2,14,2000,40.94512
35453,2,14,2001,41.25837
35453,2,14,2002,41.45812
35453,2,14,2003,41.71868
35453,2,14,2004,41.9323
35453,2,14,2005,41.97718
35453,2,14,2006,42.15632
35453,2,14,2007,42.22315
35453,2,14,2008,42.14531
35453,2,14,2009,42.24288
35453,2,14,2010,42.34868
35453,2,14,2011,42.34695
35453,2,14,2012,42.55462
35453,2,14,2013,42.72134
35453,2,14,2014,42.85517
35453,2,14,2015,43.02736
35453,2,14,2016,43.06837
35453,2,14,2017,43.18901
35453,2,14,2018,43.29427
35453,2,14,2019,43.51462
35453,3,14,1950,27.933
35453,3,14,1951,28.81679
35453,3,14,1952,29.27215
35453,3,14,1953,29.25702
35453,3,14,1954,29.60774
35453,3,14,1955,30.10074
35453,3,14,1956,29.61104
35453,3,14,1957,29.44888
35453,3,14,1958,30.1149
35453,3,14,1959,30.38035
35453,3,14,1960,30.42921
35453,3,14,1961,30.43885
35453,3,14,1962,30.58691
35453,3,14,1963,30.96897
35453,3,14,1964,31.07345
35453,3,14,1965,31.15037
35453,3,14,1966,31.44125
35453,3,14,1967,31.7524
35453,3,14,1968,31.82437
35453,3,14,1969,31.91261
35453,3,14,1970,32.11252
35453,3,14,1971,32.49551
35453,3,14,1972,32.78905
35453,3,14,1973,32.78547
35453,3,14,1974,32.87699
35453,3,14,1975,33.1307
35453,3,14,1976,33.33277
35453,3,14,1977,33.51631
35453,3,14,1978,33.6127
35453,3,14,1979,33.53688
35453,3,14,1980,33.66717
35453,3,14,1981,33.87645
35453,3,14,1982,34.21506
35453,3,14,1983,34.3191
35453,3,14,1984,34.67691
35453,3,14,1985,34.73279
35453,3,14,1986,34.91736
35453,3,14,1987,35.07036
35453,3,14,1988,35.38736
35453,3,14,1989,35.61207
35453,3,14,1990,35.79502
35453,3,14,1991,35.84873
35453,3,14,1992,36.05204
35453,3,14,1993,36.35298
35453,3,14,1994,36.58325
35453,3,14,1995,36.70433
35453,3,14,1996,37.04718
35453,3,14,1997,37.28683
35453,3,14,1998,37.3957
35453,3,14,1999,37.49449
35453,3,14,2000,37.84929
35453,3,14,2001,38.05712
35453,3,14,2002,38.45013
35453,3,14,2003,38.70095
35453,3,14,2004,38.7225
35453,3,14,2005,38.79609
35453,3,14,2006,38.90832
35453,3,14,2007,38.96758
35453,3,14,2008,38.84501
35453,3,14,2009,38.91393
35453,3,14,2010,39.2481
35453,3,14,2011,39.3589
35453,3,14,2012,39.57215
35453,3,14,2013,39.77619
35453,3,14,2014,39.94776
35453,3,14,2015,40.04439
35453,3,14,2016,39.88112
35453,3,14,2017,39.86244
35453,3,14,2018,40.08961
35453,3,14,2019,40.35256
35454,1,14,1950,26.93429
35454,1,14,1951,27.82664
35454,1,14,1952,28.35222
35454,1,14,1953,28.43606
35454,1,14,1954,28.62213
35454,1,14,1955,29.05059
35454,1,14,1956,28.53113
35454,1,14,1957,28.27644
35454,1,14,1958,28.92792
35454,1,14,1959,29.00568
35454,1,14,1960,28.92797
35454,1,14,1961,28.94572
35454,1,14,1962,29.05075
35454,1,14,1963,29.5649
35454,1,14,1964,29.61075
35454,1,14,1965,29.51043
35454,1,14,1966,29.81392
35454,1,14,1967,30.24041
35454,1,14,1968,30.33631
35454,1,14,1969,30.30544
35454,1,14,1970,30.56993
35454,1,14,1971,30.91724
35454,1,14,1972,31.10367
35454,1,14,1973,31.16732
35454,1,14,1974,31.29859
35454,1,14,1975,31.37361
35454,1,14,1976,31.57901
35454,1,14,1977,31.78925
35454,1,14,1978,31.7045
35454,1,14,1979,31.57824
35454,1,14,1980,31.5901
35454,1,14,1981,31.86482
35454,1,14,1982,32.06368
35454,1,14,1983,32.13852
35454,1,14,1984,32.30618
35454,1,14,1985,32.5566
35454,1,14,1986,32.81242
35454,1,14,1987,33.00821
35454,1,14,1988,33.12231
35454,1,14,1989,33.24051
35454,1,14,1990,33.1799
35454,1,14,1991,33.08174
35454,1,14,1992,32.99412
35454,1,14,1993,33.01623
35454,1,14,1994,33.5449
35454,1,14,1995,33.68496
35454,1,14,1996,33.90982
35454,1,14,1997,33.84691
35454,1,14,1998,34.09628
35454,1,14,1999,34.49383
35454,1,14,2000,34.74211
35454,1,14,2001,34.95066
35454,1,14,2002,35.04552
35454,1,14,2003,35.07558
35454,1,14,2004,35.28058
35454,1,14,2005,35.54789
35454,1,14,2006,35.77971
35454,1,14,2007,35.88244
35454,1,14,2008,35.9776
35454,1,14,2009,36.05555
35454,1,14,2010,36.27766
35454,1,14,2011,36.418
35454,1,14,2012,36.58922
35454,1,14,2013,36.84948
35454,1,14,2014,37.1604
35454,1,14,2015,37.58681
35454,1,14,2016,37.90957
35454,1,14,2017,38.11699
35454,1,14,2018,38.35284
35454,1,14,2019,38.58821
35454,2,14,1950,30.70956
35454,2,14,1951,31.46163
35454,2,14,1952,32.02397
35454,2,14,1953,32.08736
35454,2,14,1954,32.6174
35454,2,14,1955,32.89482
35454,2,14,1956,32.51721
35454,2,14,1957,32.33842
35454,2,14,1958,32.97231
35454,2,14,1959,33.16822
35454,2,14,1960,33.15908
35454,2,14,1961,33.1792
35454,2,14,1962,33.24975
35454,2,14,1963,33.80302
35454,2,14,1964,33.95417
35454,2,14,1965,33.93813
35454,2,14,1966,34.32125
35454,2,14,1967,34.58488
35454,2,14,1968,34.6326
35454,2,14,1969,34.80937
35454,2,14,1970,35.02586
35454,2,14,1971,35.38376
35454,2,14,1972,35.5497
35454,2,14,1973,35.67167
35454,2,14,1974,35.75046
35454,2,14,1975,36.09097
35454,2,14,1976,36.32281
35454,2,14,1977,36.61162
35454,2,14,1978,36.88611
35454,2,14,1979,36.89176
35454,2,14,1980,36.97434
35454,2,14,1981,37.21897
35454,2,14,1982,37.54241
35454,2,14,1983,37.69024
35454,2,14,1984,37.82365
35454,2,14,1985,38.14774
35454,2,14,1986,38.54107
35454,2,14,1987,38.82251
35454,2,14,1988,38.97319
35454,2,14,1989,39.18623
35454,2,14,1990,39.36428
35454,2,14,1991,39.52316
35454,2,14,1992,39.68812
35454,2,14,1993,40.09497
35454,2,14,1994,40.30143
35454,2,14,1995,40.34562
35454,2,14,1996,40.755
35454,2,14,1997,40.92306
35454,2,14,1998,41.00186
35454,2,14,1999,41.52557
35454,2,14,2000,41.81444
35454,2,14,2001,41.99047
35454,2,14,2002,42.02615
35454,2,14,2003,42.17868
35454,2,14,2004,42.30776
35454,2,14,2005,42.35182
35454,2,14,2006,42.55229
35454,2,14,2007,42.68069
35454,2,14,2008,42.80139
35454,2,14,2009,43.15724
35454,2,14,2010,43.24032
35454,2,14,2011,43.32655
35454,2,14,2012,43.38309
35454,2,14,2013,43.42007
35454,2,14,2014,43.5522
35454,2,14,2015,43.86284
35454,2,14,2016,43.91118
35454,2,14,2017,43.93457
35454,2,14,2018,43.89466
35454,2,14,2019,43.95291
35454,3,14,1950,28.33159
35454,3,14,1951,29.04161
35454,3,14,1952,29.77752
35454,3,14,1953,29.64462
35454,3,14,1954,29.89072
35454,3,14,1955,30.31065
35454,3,14,1956,29.89028
35454,3,14,1957,29.62104
35454,3,14,1958,30.45918
35454,3,14,1959,30.40694
35454,3,14,1960,30.38572
35454,3,14,1961,30.47694
35454,3,14,1962,30.48731
35454,3,14,1963,31.08597
35454,3,14,1964,31.29741
35454,3,14,1965,31.15388
35454,3,14,1966,31.65088
35454,3,14,1967,31.93856
35454,3,14,1968,31.93969
35454,3,14,1969,32.10948
35454,3,14,1970,32.34573
35454,3,14,1971,32.88109
35454,3,14,1972,33.06467
35454,3,14,1973,33.08899
35454,3,14,1974,33.3241
35454,3,14,1975,33.52241
35454,3,14,1976,33.76129
35454,3,14,1977,34.1098
35454,3,14,1978,34.27083
35454,3,14,1979,34.26189
35454,3,14,1980,34.32564
35454,3,14,1981,34.61053
35454,3,14,1982,34.88924
35454,3,14,1983,34.98366
35454,3,14,1984,35.15205
35454,3,14,1985,35.43962
35454,3,14,1986,35.77122
35454,3,14,1987,36.01616
35454,3,14,1988,36.14909
35454,3,14,1989,36.31304
35454,3,14,1990,36.37314
35454,3,14,1991,36.39191
35454,3,14,1992,36.41687
35454,3,14,1993,36.61892
35454,3,14,1994,37.0372
35454,3,14,1995,37.12887
35454,3,14,1996,37.43561
35454,3,14,1997,37.47541
35454,3,14,1998,37.66019
35454,3,14,1999,38.11633
35454,3,14,2000,38.39901
35454,3,14,2001,38.55465
35454,3,14,2002,38.62461
35454,3,14,2003,38.70357
35454,3,14,2004,38.87502
35454,3,14,2005,39.00053
35454,3,14,2006,39.22987
35454,3,14,2007,39.34417
35454,3,14,2008,39.45921
35454,3,14,2009,39.65467
35454,3,14,2010,39.8062
35454,3,14,2011,39.91038
35454,3,14,2012,39.9824
35454,3,14,2013,40.1354
35454,3,14,2014,40.34287
35454,3,14,2015,40.7011
35454,3,14,2016,40.84664
35454,3,14,2017,40.98193
35454,3,14,2018,41.08752
35454,3,14,2019,41.14363
35455,1,14,1950,27.22087
35455,1,14,1951,28.25002
35455,1,14,1952,28.82944
35455,1,14,1953,28.86889
35455,1,14,1954,28.98018
35455,1,14,1955,29.42974
35455,1,14,1956,29.03899
35455,1,14,1957,28.5758
35455,1,14,1958,29.17628
35455,1,14,1959,29.21397
35455,1,14,1960,29.12502
35455,1,14,1961,29.30001
35455,1,14,1962,29.33298
35455,1,14,1963,29.8567
35455,1,14,1964,30.01445
35455,1,14,1965,29.86792
35455,1,14,1966,30.38349
35455,1,14,1967,30.75263
35455,1,14,1968,30.6745
35455,1,14,1969,30.72417
35455,1,14,1970,30.9324
35455,1,14,1971,31.49336
35455,1,14,1972,31.52909
35455,1,14,1973,31.57138
35455,1,14,1974,31.67078
35455,1,14,1975,32.10875
35455,1,14,1976,32.1265
35455,1,14,1977,32.24502
35455,1,14,1978,32.45979
35455,1,14,1979,32.23399
35455,1,14,1980,32.16948
35455,1,14,1981,32.22488
35455,1,14,1982,32.45947
35455,1,14,1983,32.53548
35455,1,14,1984,33.12144
35455,1,14,1985,33.61415
35455,1,14,1986,33.79952
35455,1,14,1987,33.90365
35455,1,14,1988,34.03149
35455,1,14,1989,34.00738
35455,1,14,1990,34.2205
35455,1,14,1991,34.32323
35455,1,14,1992,34.3882
35455,1,14,1993,34.54816
35455,1,14,1994,34.57149
35455,1,14,1995,34.63109
35455,1,14,1996,35.10874
35455,1,14,1997,35.20237
35455,1,14,1998,35.38285
35455,1,14,1999,35.32286
35455,1,14,2000,35.49719
35455,1,14,2001,35.61699
35455,1,14,2002,35.63711
35455,1,14,2003,35.79782
35455,1,14,2004,35.97815
35455,1,14,2005,36.00567
35455,1,14,2006,36.02925
35455,1,14,2007,36.02229
35455,1,14,2008,36.20628
35455,1,14,2009,36.49908
35455,1,14,2010,36.85579
35455,1,14,2011,37.14947
35455,1,14,2012,37.29503
35455,1,14,2013,37.595
35455,1,14,2014,38.14282
35455,1,14,2015,38.48977
35455,1,14,2016,38.70639
35455,1,14,2017,38.8767
35455,1,14,2018,39.15314
35455,1,14,2019,39.42108
35455,2,14,1950,30.62401
35455,2,14,1951,31.66229
35455,2,14,1952,32.09427
35455,2,14,1953,32.1369
35455,2,14,1954,32.71056
35455,2,14,1955,33.05709
35455,2,14,1956,32.57571
35455,2,14,1957,32.23947
35455,2,14,1958,32.90842
35455,2,14,1959,33.05072
35455,2,14,1960,32.99425
35455,2,14,1961,33.01323
35455,2,14,1962,33.24377
35455,2,14,1963,33.71815
35455,2,14,1964,33.97564
35455,2,14,1965,33.85159
35455,2,14,1966,34.34005
35455,2,14,1967,34.52164
35455,2,14,1968,34.57124
35455,2,14,1969,34.78804
35455,2,14,1970,34.94141
35455,2,14,1971,35.37319
35455,2,14,1972,35.53728
35455,2,14,1973,35.5119
35455,2,14,1974,35.63783
35455,2,14,1975,35.92421
35455,2,14,1976,36.19702
35455,2,14,1977,36.50567
35455,2,14,1978,36.8937
35455,2,14,1979,37.03551
35455,2,14,1980,37.13552
35455,2,14,1981,37.39702
35455,2,14,1982,37.84437
35455,2,14,1983,38.16308
35455,2,14,1984,38.599
35455,2,14,1985,38.92588
35455,2,14,1986,39.3748
35455,2,14,1987,39.70284
35455,2,14,1988,39.89356
35455,2,14,1989,40.12099
35455,2,14,1990,40.35938
35455,2,14,1991,40.61305
35455,2,14,1992,40.88259
35455,2,14,1993,41.12777
35455,2,14,1994,41.27866
35455,2,14,1995,41.41434
35455,2,14,1996,41.56075
35455,2,14,1997,41.62301
35455,2,14,1998,41.6316
35455,2,14,1999,42.64217
35455,2,14,2000,43.04086
35455,2,14,2001,43.14964
35455,2,14,2002,42.56338
35455,2,14,2003,42.62884
35455,2,14,2004,42.85556
35455,2,14,2005,43.29751
35455,2,14,2006,43.5578
35455,2,14,2007,43.59642
35455,2,14,2008,43.36907
35455,2,14,2009,43.43317
35455,2,14,2010,43.47693
35455,2,14,2011,43.50706
35455,2,14,2012,43.56823
35455,2,14,2013,43.71327
35455,2,14,2014,43.86986
35455,2,14,2015,44.05047
35455,2,14,2016,44.19893
35455,2,14,2017,44.43046
35455,2,14,2018,44.59936
35455,2,14,2019,44.77857
35455,3,14,1950,28.20671
35455,3,14,1951,29.27189
35455,3,14,1952,29.82443
35455,3,14,1953,29.89785
35455,3,14,1954,30.18934
35455,3,14,1955,30.40872
35455,3,14,1956,30.06745
35455,3,14,1957,29.64418
35455,3,14,1958,30.40952
35455,3,14,1959,30.50577
35455,3,14,1960,30.33793
35455,3,14,1961,30.65465
35455,3,14,1962,30.58988
35455,3,14,1963,31.20978
35455,3,14,1964,31.32264
35455,3,14,1965,31.21579
35455,3,14,1966,31.82905
35455,3,14,1967,32.0142
35455,3,14,1968,32.13046
35455,3,14,1969,32.32691
35455,3,14,1970,32.44523
35455,3,14,1971,32.9675
35455,3,14,1972,33.20647
35455,3,14,1973,33.18007
35455,3,14,1974,33.43005
35455,3,14,1975,33.70538
35455,3,14,1976,33.94007
35455,3,14,1977,34.23645
35455,3,14,1978,34.57333
35455,3,14,1979,34.61049
35455,3,14,1980,34.66165
35455,3,14,1981,34.82727
35455,3,14,1982,35.17904
35455,3,14,1983,35.37458
35455,3,14,1984,35.90199
35455,3,14,1985,36.30517
35455,3,14,1986,36.64186
35455,3,14,1987,36.86326
35455,3,14,1988,37.04072
35455,3,14,1989,37.13213
35455,3,14,1990,37.34753
35455,3,14,1991,37.52638
35455,3,14,1992,37.71071
35455,3,14,1993,37.88505
35455,3,14,1994,37.99796
35455,3,14,1995,38.08658
35455,3,14,1996,38.40263
35455,3,14,1997,38.511
35455,3,14,1998,38.56402
35455,3,14,1999,39.0438
35455,3,14,2000,39.34461
35455,3,14,2001,39.43642
35455,3,14,2002,39.18423
35455,3,14,2003,39.27831
35455,3,14,2004,39.45245
35455,3,14,2005,39.70554
35455,3,14,2006,39.7957
35455,3,14,2007,39.81697
35455,3,14,2008,39.81155
35455,3,14,2009,39.97002
35455,3,14,2010,40.19658
35455,3,14,2011,40.35131
35455,3,14,2012,40.4261
35455,3,14,2013,40.65095
35455,3,14,2014,40.9963
35455,3,14,2015,41.27404
35455,3,14,2016,41.44086
35455,3,14,2017,41.626
35455,3,14,2018,41.75355
35455,3,14,2019,41.90932
35456,1,14,1950,27.82883
35456,1,14,1951,28.56204
35456,1,14,1952,29.22756
35456,1,14,1953,29.26778
35456,1,14,1954,29.46979
35456,1,14,1955,29.70337
35456,1,14,1956,29.317
35456,1,14,1957,29.12465
35456,1,14,1958,29.8377
35456,1,14,1959,30.10569
35456,1,14,1960,29.99097
35456,1,14,1961,29.97423
35456,1,14,1962,30.08225
35456,1,14,1963,30.42195
35456,1,14,1964,30.74408
35456,1,14,1965,30.82563
35456,1,14,1966,31.30537
35456,1,14,1967,31.37187
35456,1,14,1968,31.49212
35456,1,14,1969,31.71472
35456,1,14,1970,31.72261
35456,1,14,1971,32.29491
35456,1,14,1972,32.5942
35456,1,14,1973,32.62615
35456,1,14,1974,32.7085
35456,1,14,1975,32.75714
35456,1,14,1976,32.74104
35456,1,14,1977,32.80557
35456,1,14,1978,32.64671
35456,1,14,1979,32.30354
35456,1,14,1980,32.19803
35456,1,14,1981,32.48904
35456,1,14,1982,32.68329
35456,1,14,1983,32.65846
35456,1,14,1984,32.88567
35456,1,14,1985,33.00874
35456,1,14,1986,32.89415
35456,1,14,1987,33.67631
35456,1,14,1988,33.66455
35456,1,14,1989,33.94877
35456,1,14,1990,33.97062
35456,1,14,1991,34.09166
35456,1,14,1992,34.12881
35456,1,14,1993,34.46991
35456,1,14,1994,34.62506
35456,1,14,1995,34.57796
35456,1,14,1996,34.75465
35456,1,14,1997,34.92197
35456,1,14,1998,35.09655
35456,1,14,1999,34.97721
35456,1,14,2000,35.55027
35456,1,14,2001,35.6843
35456,1,14,2002,35.75541
35456,1,14,2003,35.96327
35456,1,14,2004,36.30647
35456,1,14,2005,36.38861
35456,1,14,2006,36.62857
35456,1,14,2007,36.76199
35456,1,14,2008,36.95129
35456,1,14,2009,37.09717
35456,1,14,2010,36.96775
35456,1,14,2011,37.14873
35456,1,14,2012,37.51716
35456,1,14,2013,37.79523
35456,1,14,2014,38.13229
35456,1,14,2015,38.12142
35456,1,14,2016,38.49471
35456,1,14,2017,38.73588
35456,1,14,2018,39.22985
35456,1,14,2019,39.81076
35456,2,14,1950,30.88573
35456,2,14,1951,31.59235
35456,2,14,1952,32.13233
35456,2,14,1953,32.27189
35456,2,14,1954,32.83693
35456,2,14,1955,33.20839
35456,2,14,1956,32.78809
35456,2,14,1957,32.66882
35456,2,14,1958,33.25746
35456,2,14,1959,33.43573
35456,2,14,1960,33.50365
35456,2,14,1961,33.59676
35456,2,14,1962,33.734
35456,2,14,1963,34.19234
35456,2,14,1964,34.36225
35456,2,14,1965,34.45957
35456,2,14,1966,34.84959
35456,2,14,1967,35.14539
35456,2,14,1968,35.29673
35456,2,14,1969,35.40926
35456,2,14,1970,35.53393
35456,2,14,1971,35.84111
35456,2,14,1972,36.18855
35456,2,14,1973,36.07391
35456,2,14,1974,36.16815
35456,2,14,1975,36.29605
35456,2,14,1976,36.46348
35456,2,14,1977,36.6467
35456,2,14,1978,36.75226
35456,2,14,1979,36.71677
35456,2,14,1980,36.86874
35456,2,14,1981,37.24313
35456,2,14,1982,37.56272
35456,2,14,1983,37.75278
35456,2,14,1984,37.94689
35456,2,14,1985,38.20166
35456,2,14,1986,38.6033
35456,2,14,1987,38.9859
35456,2,14,1988,39.07359
35456,2,14,1989,39.34303
35456,2,14,1990,39.61979
35456,2,14,1991,39.81529
35456,2,14,1992,40.02982
35456,2,14,1993,40.13729
35456,2,14,1994,40.28818
35456,2,14,1995,40.44729
35456,2,14,1996,40.79201
35456,2,14,1997,41.11736
35456,2,14,1998,41.39075
35456,2,14,1999,41.57079
35456,2,14,2000,41.96627
35456,2,14,2001,42.31097
35456,2,14,2002,42.51958
35456,2,14,2003,42.65533
35456,2,14,2004,42.76049
35456,2,14,2005,42.85994
35456,2,14,2006,43.04805
35456,2,14,2007,43.17345
35456,2,14,2008,43.24816
35456,2,14,2009,43.44121
35456,2,14,2010,43.42553
35456,2,14,2011,43.40885
35456,2,14,2012,43.51183
35456,2,14,2013,43.63791
35456,2,14,2014,43.87247
35456,2,14,2015,44.08648
35456,2,14,2016,44.27944
35456,2,14,2017,44.50207
35456,2,14,2018,44.81242
35456,2,14,2019,44.99829
35456,3,14,1950,28.7086
35456,3,14,1951,29.45365
35456,3,14,1952,30.0578
35456,3,14,1953,30.0233
35456,3,14,1954,30.41518
35456,3,14,1955,30.69496
35456,3,14,1956,30.37151
35456,3,14,1957,30.25628
35456,3,14,1958,30.98163
35456,3,14,1959,31.17785
35456,3,14,1960,31.0762
35456,3,14,1961,31.14779
35456,3,14,1962,31.27817
35456,3,14,1963,31.75654
35456,3,14,1964,32.00636
35456,3,14,1965,32.01106
35456,3,14,1966,32.34558
35456,3,14,1967,32.59241
35456,3,14,1968,32.8055
35456,3,14,1969,32.91829
35456,3,14,1970,33.14216
35456,3,14,1971,33.54895
35456,3,14,1972,33.91177
35456,3,14,1973,33.92308
35456,3,14,1974,34.03831
35456,3,14,1975,34.15102
35456,3,14,1976,34.37313
35456,3,14,1977,34.55451
35456,3,14,1978,34.62557
35456,3,14,1979,34.50258
35456,3,14,1980,34.54814
35456,3,14,1981,34.92178
35456,3,14,1982,35.14775
35456,3,14,1983,35.22427
35456,3,14,1984,35.45925
35456,3,14,1985,35.63933
35456,3,14,1986,35.77607
35456,3,14,1987,36.36956
35456,3,14,1988,36.42586
35456,3,14,1989,36.70368
35456,3,14,1990,36.83828
35456,3,14,1991,37.01752
35456,3,14,1992,37.13584
35456,3,14,1993,37.37854
35456,3,14,1994,37.52271
35456,3,14,1995,37.58401
35456,3,14,1996,37.82475
35456,3,14,1997,38.07652
35456,3,14,1998,38.30822
35456,3,14,1999,38.31928
35456,3,14,2000,38.83678
35456,3,14,2001,39.06214
35456,3,14,2002,39.20947
35456,3,14,2003,39.36744
35456,3,14,2004,39.60029
35456,3,14,2005,39.6878
35456,3,14,2006,39.88577
35456,3,14,2007,40.02256
35456,3,14,2008,40.16083
35456,3,14,2009,40.3116
35456,3,14,2010,40.22289
35456,3,14,2011,40.27421
35456,3,14,2012,40.51554
35456,3,14,2013,40.71633
35456,3,14,2014,40.97879
35456,3,14,2015,41.09694
35456,3,14,2016,41.37991
35456,3,14,2017,41.60019
35456,3,14,2018,41.90906
35456,3,14,2019,42.2234
35457,1,14,1950,27.06087
35457,1,14,1951,27.90092
35457,1,14,1952,28.6927
35457,1,14,1953,28.65017
35457,1,14,1954,28.72943
35457,1,14,1955,29.13179
35457,1,14,1956,28.76506
35457,1,14,1957,28.61748
35457,1,14,1958,29.32869
35457,1,14,1959,29.58168
35457,1,14,1960,29.36212
35457,1,14,1961,29.43819
35457,1,14,1962,29.5348
35457,1,14,1963,29.98611
35457,1,14,1964,30.18427
35457,1,14,1965,30.28265
35457,1,14,1966,30.63716
35457,1,14,1967,30.83905
35457,1,14,1968,30.95119
35457,1,14,1969,31.04367
35457,1,14,1970,31.01558
35457,1,14,1971,31.58837
35457,1,14,1972,31.82749
35457,1,14,1973,31.83195
35457,1,14,1974,32.04549
35457,1,14,1975,32.04836
35457,1,14,1976,32.02564
35457,1,14,1977,32.08024
35457,1,14,1978,31.94592
35457,1,14,1979,31.59972
35457,1,14,1980,31.81073
35457,1,14,1981,32.0835
35457,1,14,1982,32.4547
35457,1,14,1983,32.55636
35457,1,14,1984,32.75019
35457,1,14,1985,32.69507
35457,1,14,1986,33.14597
35457,1,14,1987,33.52447
35457,1,14,1988,33.39654
35457,1,14,1989,33.79915
35457,1,14,1990,33.7331
35457,1,14,1991,33.77009
35457,1,14,1992,33.77776
35457,1,14,1993,33.93352
35457,1,14,1994,34.23966
35457,1,14,1995,34.03253
35457,1,14,1996,34.36087
35457,1,14,1997,34.67862
35457,1,14,1998,34.79668
35457,1,14,1999,34.69872
35457,1,14,2000,35.10251
35457,1,14,2001,35.49591
35457,1,14,2002,35.67359
35457,1,14,2003,35.72569
35457,1,14,2004,35.98785
35457,1,14,2005,36.21799
35457,1,14,2006,36.27724
35457,1,14,2007,36.45476
35457,1,14,2008,36.66332
35457,1,14,2009,36.78992
35457,1,14,2010,36.98539
35457,1,14,2011,37.22077
35457,1,14,2012,37.3404
35457,1,14,2013,37.50702
35457,1,14,2014,37.86915
35457,1,14,2015,38.0955
35457,1,14,2016,38.22855
35457,1,14,2017,38.54527
35457,1,14,2018,39.10388
35457,1,14,2019,39.54622
35457,2,14,1950,30.12983
35457,2,14,1951,30.9118
35457,2,14,1952,31.50899
35457,2,14,1953,31.7438
35457,2,14,1954,32.29394
35457,2,14,1955,32.5586
35457,2,14,1956,32.17924
35457,2,14,1957,32.12421
35457,2,14,1958,32.96761
35457,2,14,1959,33.21742
35457,2,14,1960,33.15747
35457,2,14,1961,33.1317
35457,2,14,1962,33.32416
35457,2,14,1963,33.83825
35457,2,14,1964,34.12176
35457,2,14,1965,34.03853
35457,2,14,1966,34.65929
35457,2,14,1967,34.82562
35457,2,14,1968,35.00812
35457,2,14,1969,35.22744
35457,2,14,1970,35.39344
35457,2,14,1971,35.86268
35457,2,14,1972,35.99311
35457,2,14,1973,36.05498
35457,2,14,1974,36.15196
35457,2,14,1975,36.28676
35457,2,14,1976,36.42015
35457,2,14,1977,36.58944
35457,2,14,1978,36.57
35457,2,14,1979,36.4374
35457,2,14,1980,36.48805
35457,2,14,1981,37.04933
35457,2,14,1982,37.15663
35457,2,14,1983,37.26224
35457,2,14,1984,37.56953
35457,2,14,1985,37.98172
35457,2,14,1986,38.17891
35457,2,14,1987,38.59489
35457,2,14,1988,38.92206
35457,2,14,1989,39.21669
35457,2,14,1990,39.17001
35457,2,14,1991,39.32727
35457,2,14,1992,39.67064
35457,2,14,1993,39.84655
35457,2,14,1994,40.08651
35457,2,14,1995,40.2586
35457,2,14,1996,40.76942
35457,2,14,1997,40.93765
35457,2,14,1998,41.22716
35457,2,14,1999,41.38479
35457,2,14,2000,41.83599
35457,2,14,2001,42.12115
35457,2,14,2002,42.31784
35457,2,14,2003,42.41693
35457,2,14,2004,42.53996
35457,2,14,2005,42.64873
35457,2,14,2006,42.84696
35457,2,14,2007,42.97909
35457,2,14,2008,42.9583
35457,2,14,2009,43.1684
35457,2,14,2010,43.31709
35457,2,14,2011,43.2973
35457,2,14,2012,43.33958
35457,2,14,2013,43.54254
35457,2,14,2014,43.68957
35457,2,14,2015,43.8713
35457,2,14,2016,43.94885
35457,2,14,2017,44.34055
35457,2,14,2018,44.70257
35457,2,14,2019,45.03976
35457,3,14,1950,27.913
35457,3,14,1951,28.90474
35457,3,14,1952,29.42877
35457,3,14,1953,29.47227
35457,3,14,1954,29.82569
35457,3,14,1955,30.08578
35457,3,14,1956,29.84138
35457,3,14,1957,29.66312
35457,3,14,1958,30.58345
35457,3,14,1959,30.62374
35457,3,14,1960,30.65522
35457,3,14,1961,30.58503
35457,3,14,1962,30.81985
35457,3,14,1963,31.2685
35457,3,14,1964,31.49404
35457,3,14,1965,31.4933
35457,3,14,1966,31.93402
35457,3,14,1967,32.18115
35457,3,14,1968,32.396
35457,3,14,1969,32.5707
35457,3,14,1970,32.7547
35457,3,14,1971,33.14919
35457,3,14,1972,33.50783
35457,3,14,1973,33.4169
35457,3,14,1974,33.66304
35457,3,14,1975,33.69075
35457,3,14,1976,33.87034
35457,3,14,1977,34.11141
35457,3,14,1978,34.13587
35457,3,14,1979,34.02114
35457,3,14,1980,34.17252
35457,3,14,1981,34.59396
35457,3,14,1982,34.84217
35457,3,14,1983,34.94605
35457,3,14,1984,35.21694
35457,3,14,1985,35.38878
35457,3,14,1986,35.71119
35457,3,14,1987,36.10999
35457,3,14,1988,36.2059
35457,3,14,1989,36.57138
35457,3,14,1990,36.48739
35457,3,14,1991,36.60953
35457,3,14,1992,36.77261
35457,3,14,1993,36.94829
35457,3,14,1994,37.21802
35457,3,14,1995,37.18824
35457,3,14,1996,37.62358
35457,3,14,1997,37.87176
35457,3,14,1998,38.06153
35457,3,14,1999,38.08198
35457,3,14,2000,38.52636
35457,3,14,2001,38.85241
35457,3,14,2002,39.06563
35457,3,14,2003,39.12041
35457,3,14,2004,39.33706
35457,3,14,2005,39.48369
35457,3,14,2006,39.60956
35457,3,14,2007,39.74494
35457,3,14,2008,39.86151
35457,3,14,2009,40.01734
35457,3,14,2010,40.19064
35457,3,14,2011,40.3033
35457,3,14,2012,40.38792
35457,3,14,2013,40.57118
35457,3,14,2014,40.81361
35457,3,14,2015,40.99864
35457,3,14,2016,41.11211
35457,3,14,2017,41.469
35457,3,14,2018,41.81356
35457,3,14,2019,42.09149
35458,1,14,1950,26.81555
35458,1,14,1951,27.72439
35458,1,14,1952,28.42773
35458,1,14,1953,28.53632
35458,1,14,1954,28.731
35458,1,14,1955,28.9679
35458,1,14,1956,28.58955
35458,1,14,1957,28.36043
35458,1,14,1958,29.07836
35458,1,14,1959,29.1912
35458,1,14,1960,29.17103
35458,1,14,1961,29.25012
35458,1,14,1962,29.258
35458,1,14,1963,29.75887
35458,1,14,1964,29.96414
35458,1,14,1965,29.7805
35458,1,14,1966,30.34628
35458,1,14,1967,30.57366
35458,1,14,1968,30.61332
35458,1,14,1969,30.68459
35458,1,14,1970,30.91868
35458,1,14,1971,31.36344
35458,1,14,1972,31.48597
35458,1,14,1973,31.59281
35458,1,14,1974,31.70245
35458,1,14,1975,31.71977
35458,1,14,1976,31.79041
35458,1,14,1977,31.83859
35458,1,14,1978,31.62526
35458,1,14,1979,31.27722
35458,1,14,1980,31.22662
35458,1,14,1981,31.69131
35458,1,14,1982,31.84329
35458,1,14,1983,32.01834
35458,1,14,1984,32.35278
35458,1,14,1985,32.63171
35458,1,14,1986,32.76886
35458,1,14,1987,33.10301
35458,1,14,1988,33.22458
35458,1,14,1989,33.50063
35458,1,14,1990,33.34158
35458,1,14,1991,33.42085
35458,1,14,1992,33.51569
35458,1,14,1993,33.72745
35458,1,14,1994,34.00998
35458,1,14,1995,33.93834
35458,1,14,1996,34.25073
35458,1,14,1997,34.34358
35458,1,14,1998,34.26134
35458,1,14,1999,34.3781
35458,1,14,2000,34.77664
35458,1,14,2001,34.99179
35458,1,14,2002,35.2939
35458,1,14,2003,35.49946
35458,1,14,2004,35.51765
35458,1,14,2005,35.3941
35458,1,14,2006,35.68876
35458,1,14,2007,35.96821
35458,1,14,2008,36.37359
35458,1,14,2009,36.22445
35458,1,14,2010,36.43478
35458,1,14,2011,36.61044
35458,1,14,2012,36.72144
35458,1,14,2013,36.97226
35458,1,14,2014,37.41929
35458,1,14,2015,37.53814
35458,1,14,2016,37.73583
35458,1,14,2017,37.85754
35458,1,14,2018,38.25678
35458,1,14,2019,38.71041
35458,2,14,1950,30.38729
35458,2,14,1951,31.26043
35458,2,14,1952,31.82065
35458,2,14,1953,31.95979
35458,2,14,1954,32.5149
35458,2,14,1955,32.85731
35458,2,14,1956,32.49804
35458,2,14,1957,32.30513
35458,2,14,1958,32.94887
35458,2,14,1959,33.17743
35458,2,14,1960,33.19472
35458,2,14,1961,33.35436
35458,2,14,1962,33.41338
35458,2,14,1963,34.0275
35458,2,14,1964,34.15765
35458,2,14,1965,34.1279
35458,2,14,1966,34.58093
35458,2,14,1967,34.86812
35458,2,14,1968,34.94025
35458,2,14,1969,35.1517
35458,2,14,1970,35.33068
35458,2,14,1971,35.68611
35458,2,14,1972,35.84903
35458,2,14,1973,35.82754
35458,2,14,1974,35.89324
35458,2,14,1975,35.98649
35458,2,14,1976,36.23533
35458,2,14,1977,36.41929
35458,2,14,1978,36.42909
35458,2,14,1979,36.37392
35458,2,14,1980,36.43322
35458,2,14,1981,36.8336
35458,2,14,1982,37.23652
35458,2,14,1983,37.46568
35458,2,14,1984,37.76335
35458,2,14,1985,37.87467
35458,2,14,1986,38.20652
35458,2,14,1987,38.79084
35458,2,14,1988,38.94598
35458,2,14,1989,39.13521
35458,2,14,1990,39.36229
35458,2,14,1991,39.5692
35458,2,14,1992,39.75481
35458,2,14,1993,39.89072
35458,2,14,1994,40.15152
35458,2,14,1995,40.34653
35458,2,14,1996,40.72578
35458,2,14,1997,40.96141
35458,2,14,1998,41.00302
35458,2,14,1999,41.00356
35458,2,14,2000,41.25599
35458,2,14,2001,41.64344
35458,2,14,2002,41.86224
35458,2,14,2003,41.8704
35458,2,14,2004,42.14102
35458,2,14,2005,42.2056
35458,2,14,2006,42.34124
35458,2,14,2007,42.34716
35458,2,14,2008,42.49013
35458,2,14,2009,42.6717
35458,2,14,2010,42.59844
35458,2,14,2011,42.65277
35458,2,14,2012,42.83419
35458,2,14,2013,43.06206
35458,2,14,2014,43.18599
35458,2,14,2015,43.42723
35458,2,14,2016,43.53109
35458,2,14,2017,43.64293
35458,2,14,2018,43.85779
35458,2,14,2019,44.05501
35458,3,14,1950,28.01606
35458,3,14,1951,28.84854
35458,3,14,1952,29.51975
35458,3,14,1953,29.37118
35458,3,14,1954,29.75802
35458,3,14,1955,30.1359
35458,3,14,1956,29.63505
35458,3,14,1957,29.6461
35458,3,14,1958,30.47689
35458,3,14,1959,30.55014
35458,3,14,1960,30.37392
35458,3,14,1961,30.56089
35458,3,14,1962,30.652
35458,3,14,1963,31.20755
35458,3,14,1964,31.31849
35458,3,14,1965,31.39382
35458,3,14,1966,31.86459
35458,3,14,1967,32.09042
35458,3,14,1968,32.10446
35458,3,14,1969,32.43149
35458,3,14,1970,32.49791
35458,3,14,1971,32.93179
35458,3,14,1972,33.29294
35458,3,14,1973,33.28623
35458,3,14,1974,33.37795
35458,3,14,1975,33.55722
35458,3,14,1976,33.71897
35458,3,14,1977,33.94704
35458,3,14,1978,33.93384
35458,3,14,1979,33.81831
35458,3,14,1980,33.85185
35458,3,14,1981,34.29961
35458,3,14,1982,34.57749
35458,3,14,1983,34.78128
35458,3,14,1984,35.10635
35458,3,14,1985,35.31231
35458,3,14,1986,35.55266
35458,3,14,1987,36.01018
35458,3,14,1988,36.17526
35458,3,14,1989,36.38919
35458,3,14,1990,36.43253
35458,3,14,1991,36.56444
35458,3,14,1992,36.70611
35458,3,14,1993,36.88475
35458,3,14,1994,37.1708
35458,3,14,1995,37.22354
35458,3,14,1996,37.58992
35458,3,14,1997,37.75046
35458,3,14,1998,37.73047
35458,3,14,1999,37.7774
35458,3,14,2000,38.13252
35458,3,14,2001,38.4401
35458,3,14,2002,38.69623
35458,3,14,2003,38.8021
35458,3,14,2004,38.94175
35458,3,14,2005,38.8978
35458,3,14,2006,39.09046
35458,3,14,2007,39.23019
35458,3,14,2008,39.50986
35458,3,14,2009,39.52864
35458,3,14,2010,39.57744
35458,3,14,2011,39.6928
35458,3,14,2012,39.85107
35458,3,14,2013,40.05501
35458,3,14,2014,40.31164
35458,3,14,2015,40.50923
35458,3,14,2016,40.68015
35458,3,14,2017,40.731
35458,3,14,2018,40.96843
35458,3,14,2019,41.25679
35459,1,14,1950,26.56804
35459,1,14,1951,27.52325
35459,1,14,1952,28.03915
35459,1,14,1953,28.18284
35459,1,14,1954,28.23705
35459,1,14,1955,28.68875
35459,1,14,1956,28.24007
35459,1,14,1957,27.96439
35459,1,14,1958,28.62158
35459,1,14,1959,28.72445
35459,1,14,1960,28.72945
35459,1,14,1961,28.79846
35459,1,14,1962,28.90504
35459,1,14,1963,29.26805
35459,1,14,1964,29.51746
35459,1,14,1965,29.41439
35459,1,14,1966,29.74317
35459,1,14,1967,30.01532
35459,1,14,1968,30.10508
35459,1,14,1969,30.11639
35459,1,14,1970,30.34538
35459,1,14,1971,30.82623
35459,1,14,1972,30.87222
35459,1,14,1973,31.00793
35459,1,14,1974,31.16651
35459,1,14,1975,31.34997
35459,1,14,1976,31.55952
35459,1,14,1977,31.60711
35459,1,14,1978,31.79175
35459,1,14,1979,31.51768
35459,1,14,1980,31.29091
35459,1,14,1981,31.47096
35459,1,14,1982,31.81596
35459,1,14,1983,32.02607
35459,1,14,1984,32.20245
35459,1,14,1985,32.33777
35459,1,14,1986,32.77634
35459,1,14,1987,33.01516
35459,1,14,1988,33.03571
35459,1,14,1989,33.10906
35459,1,14,1990,33.34962
35459,1,14,1991,33.57157
35459,1,14,1992,33.71658
35459,1,14,1993,33.86777
35459,1,14,1994,33.89173
35459,1,14,1995,33.96745
35459,1,14,1996,34.11559
35459,1,14,1997,34.349
35459,1,14,1998,34.45184
35459,1,14,1999,34.64212
35459,1,14,2000,34.97696
35459,1,14,2001,35.25235
35459,1,14,2002,35.56338
35459,1,14,2003,35.7706
35459,1,14,2004,35.93466
35459,1,14,2005,35.8731
35459,1,14,2006,35.90678
35459,1,14,2007,36.17279
35459,1,14,2008,36.45171
35459,1,14,2009,36.71231
35459,1,14,2010,36.83738
35459,1,14,2011,36.81391
35459,1,14,2012,37.10938
35459,1,14,2013,37.34062
35459,1,14,2014,37.80248
35459,1,14,2015,38.15772
35459,1,14,2016,38.33858
35459,1,14,2017,38.53209
35459,1,14,2018,38.69813
35459,1,14,2019,39.02749
35459,2,14,1950,29.74755
35459,2,14,1951,30.49941
35459,2,14,1952,30.97967
35459,2,14,1953,31.26818
35459,2,14,1954,31.6884
35459,2,14,1955,32.06277
35459,2,14,1956,31.79544
35459,2,14,1957,31.61875
35459,2,14,1958,32.2725
35459,2,14,1959,32.28996
35459,2,14,1960,32.37397
35459,2,14,1961,32.50841
35459,2,14,1962,32.64643
35459,2,14,1963,33.05674
35459,2,14,1964,33.26974
35459,2,14,1965,33.19513
35459,2,14,1966,33.49342
35459,2,14,1967,33.91412
35459,2,14,1968,33.95532
35459,2,14,1969,34.06929
35459,2,14,1970,34.15158
35459,2,14,1971,34.6106
35459,2,14,1972,34.79527
35459,2,14,1973,34.83374
35459,2,14,1974,34.82969
35459,2,14,1975,35.17667
35459,2,14,1976,35.40011
35459,2,14,1977,35.66085
35459,2,14,1978,35.89035
35459,2,14,1979,35.82199
35459,2,14,1980,35.94445
35459,2,14,1981,36.26166
35459,2,14,1982,36.55116
35459,2,14,1983,36.78121
35459,2,14,1984,37.13994
35459,2,14,1985,37.47377
35459,2,14,1986,38.28342
35459,2,14,1987,38.56463
35459,2,14,1988,38.72614
35459,2,14,1989,38.87861
35459,2,14,1990,38.92189
35459,2,14,1991,39.18412
35459,2,14,1992,39.37897
35459,2,14,1993,39.6486
35459,2,14,1994,39.96357
35459,2,14,1995,40.15679
35459,2,14,1996,40.44784
35459,2,14,1997,40.64664
35459,2,14,1998,40.75409
35459,2,14,1999,41.12953
35459,2,14,2000,41.39704
35459,2,14,2001,41.63665
35459,2,14,2002,41.81289
35459,2,14,2003,41.88723
35459,2,14,2004,41.9935
35459,2,14,2005,42.29793
35459,2,14,2006,42.53742
35459,2,14,2007,42.73208
35459,2,14,2008,42.89664
35459,2,14,2009,43.02309
35459,2,14,2010,43.05933
35459,2,14,2011,43.06341
35459,2,14,2012,43.08191
35459,2,14,2013,43.13646
35459,2,14,2014,43.26399
35459,2,14,2015,43.42874
35459,2,14,2016,43.62698
35459,2,14,2017,43.84925
35459,2,14,2018,43.92038
35459,2,14,2019,44.15427
35459,3,14,1950,27.44523
35459,3,14,1951,28.37493
35459,3,14,1952,28.90701
35459,3,14,1953,28.89549
35459,3,14,1954,29.23911
35459,3,14,1955,29.64474
35459,3,14,1956,29.27982
35459,3,14,1957,29.02201
35459,3,14,1958,29.77507
35459,3,14,1959,29.86761
35459,3,14,1960,29.87404
35459,3,14,1961,29.94338
35459,3,14,1962,30.04513
35459,3,14,1963,30.39108
35459,3,14,1964,30.68619
35459,3,14,1965,30.71106
35459,3,14,1966,30.99636
35459,3,14,1967,31.41329
35459,3,14,1968,31.53445
35459,3,14,1969,31.52492
35459,3,14,1970,31.73848
35459,3,14,1971,32.134
35459,3,14,1972,32.44176
35459,3,14,1973,32.52836
35459,3,14,1974,32.67511
35459,3,14,1975,32.95219
35459,3,14,1976,33.19245
35459,3,14,1977,33.45495
35459,3,14,1978,33.70549
35459,3,14,1979,33.65549
35459,3,14,1980,33.61059
35459,3,14,1981,33.88
35459,3,14,1982,34.19993
35459,3,14,1983,34.44873
35459,3,14,1984,34.70715
35459,3,14,1985,34.94751
35459,3,14,1986,35.58902
35459,3,14,1987,35.83302
35459,3,14,1988,35.93022
35459,3,14,1989,36.04938
35459,3,14,1990,36.20585
35459,3,14,1991,36.45295
35459,3,14,1992,36.60791
35459,3,14,1993,36.81601
35459,3,14,1994,37.00095
35459,3,14,1995,37.1504
35459,3,14,1996,37.36726
35459,3,14,1997,37.56121
35459,3,14,1998,37.68208
35459,3,14,1999,37.95654
35459,3,14,2000,38.26816
35459,3,14,2001,38.54485
35459,3,14,2002,38.77913
35459,3,14,2003,38.87728
35459,3,14,2004,39.02833
35459,3,14,2005,39.1306
35459,3,14,2006,39.2623
35459,3,14,2007,39.49008
35459,3,14,2008,39.71469
35459,3,14,2009,39.90876
35459,3,14,2010,39.9864
35459,3,14,2011,39.96329
35459,3,14,2012,40.09774
35459,3,14,2013,40.24152
35459,3,14,2014,40.54353
35459,3,14,2015,40.80276
35459,3,14,2016,40.99491
35459,3,14,2017,41.11616
35459,3,14,2018,41.19254
35459,3,14,2019,41.42741
35460,1,14,1950,28.14748
35460,1,14,1951,29.07112
35460,1,14,1952,29.6544
35460,1,14,1953,29.6056
35460,1,14,1954,29.82235
35460,1,14,1955,30.183
35460,1,14,1956,29.80165
35460,1,14,1957,29.49485
35460,1,14,1958,30.16803
35460,1,14,1959,30.24487
35460,1,14,1960,30.16283
35460,1,14,1961,30.31027
35460,1,14,1962,30.22336
35460,1,14,1963,30.68912
35460,1,14,1964,30.84117
35460,1,14,1965,30.81647
35460,1,14,1966,31.26039
35460,1,14,1967,31.5983
35460,1,14,1968,31.60228
35460,1,14,1969,31.765
35460,1,14,1970,31.83781
35460,1,14,1971,32.22214
35460,1,14,1972,32.46081
35460,1,14,1973,32.4981
35460,1,14,1974,32.65609
35460,1,14,1975,32.69273
35460,1,14,1976,32.85465
35460,1,14,1977,32.94349
35460,1,14,1978,32.8035
35460,1,14,1979,32.62846
35460,1,14,1980,32.60887
35460,1,14,1981,32.92507
35460,1,14,1982,33.08701
35460,1,14,1983,33.17259
35460,1,14,1984,33.31385
35460,1,14,1985,33.51109
35460,1,14,1986,33.80231
35460,1,14,1987,33.97797
35460,1,14,1988,33.91268
35460,1,14,1989,33.9934
35460,1,14,1990,33.9662
35460,1,14,1991,34.12307
35460,1,14,1992,34.32543
35460,1,14,1993,34.55605
35460,1,14,1994,34.79999
35460,1,14,1995,34.81699
35460,1,14,1996,34.94503
35460,1,14,1997,35.10115
35460,1,14,1998,35.14225
35460,1,14,1999,35.26328
35460,1,14,2000,35.48447
35460,1,14,2001,35.80768
35460,1,14,2002,36.15689
35460,1,14,2003,36.15563
35460,1,14,2004,36.28815
35460,1,14,2005,36.28569
35460,1,14,2006,36.42228
35460,1,14,2007,36.56832
35460,1,14,2008,36.7368
35460,1,14,2009,36.97467
35460,1,14,2010,37.09643
35460,1,14,2011,37.16283
35460,1,14,2012,37.40303
35460,1,14,2013,37.70608
35460,1,14,2014,37.92936
35460,1,14,2015,38.31089
35460,1,14,2016,38.73205
35460,1,14,2017,39.31463
35460,1,14,2018,39.69596
35460,1,14,2019,39.91782
35460,2,14,1950,30.72724
35460,2,14,1951,31.36988
35460,2,14,1952,31.92264
35460,2,14,1953,32.09883
35460,2,14,1954,32.82159
35460,2,14,1955,32.94338
35460,2,14,1956,32.60964
35460,2,14,1957,32.41585
35460,2,14,1958,33.06476
35460,2,14,1959,33.23149
35460,2,14,1960,33.30645
35460,2,14,1961,33.31345
35460,2,14,1962,33.44436
35460,2,14,1963,33.90237
35460,2,14,1964,34.08115
35460,2,14,1965,34.10364
35460,2,14,1966,34.59773
35460,2,14,1967,34.88995
35460,2,14,1968,35.00702
35460,2,14,1969,35.18498
35460,2,14,1970,35.29488
35460,2,14,1971,35.66195
35460,2,14,1972,35.95168
35460,2,14,1973,35.87193
35460,2,14,1974,35.95217
35460,2,14,1975,36.22474
35460,2,14,1976,36.45163
35460,2,14,1977,36.75975
35460,2,14,1978,36.85538
35460,2,14,1979,36.87732
35460,2,14,1980,36.91497
35460,2,14,1981,37.13961
35460,2,14,1982,37.40289
35460,2,14,1983,37.60573
35460,2,14,1984,37.96376
35460,2,14,1985,38.28337
35460,2,14,1986,38.56623
35460,2,14,1987,38.90729
35460,2,14,1988,39.05679
35460,2,14,1989,39.16883
35460,2,14,1990,39.35985
35460,2,14,1991,39.58292
35460,2,14,1992,39.68024
35460,2,14,1993,39.89297
35460,2,14,1994,40.18339
35460,2,14,1995,40.42612
35460,2,14,1996,40.62747
35460,2,14,1997,40.80143
35460,2,14,1998,40.99364
35460,2,14,1999,41.0981
35460,2,14,2000,41.2899
35460,2,14,2001,41.60801
35460,2,14,2002,41.89169
35460,2,14,2003,42.20919
35460,2,14,2004,42.44613
35460,2,14,2005,42.54155
35460,2,14,2006,42.65775
35460,2,14,2007,42.69442
35460,2,14,2008,42.70176
35460,2,14,2009,42.69133
35460,2,14,2010,42.76573
35460,2,14,2011,42.7619
35460,2,14,2012,42.94176
35460,2,14,2013,43.13475
35460,2,14,2014,43.32901
35460,2,14,2015,43.56306
35460,2,14,2016,43.74747
35460,2,14,2017,44.09624
35460,2,14,2018,44.33019
35460,2,14,2019,44.54469
35460,3,14,1950,28.87484
35460,3,14,1951,29.57986
35460,3,14,1952,30.23928
35460,3,14,1953,30.28975
35460,3,14,1954,30.62401
35460,3,14,1955,30.9169
35460,3,14,1956,30.58773
35460,3,14,1957,30.29057
35460,3,14,1958,31.03492
35460,3,14,1959,31.12597
35460,3,14,1960,30.97078
35460,3,14,1961,31.09939
35460,3,14,1962,31.29154
35460,3,14,1963,31.71477
35460,3,14,1964,31.9726
35460,3,14,1965,31.82463
35460,3,14,1966,32.24616
35460,3,14,1967,32.68447
35460,3,14,1968,32.83381
35460,3,14,1969,32.95809
35460,3,14,1970,33.10121
35460,3,14,1971,33.53669
35460,3,14,1972,33.71393
35460,3,14,1973,33.811
35460,3,14,1974,34.0218
35460,3,14,1975,34.14731
35460,3,14,1976,34.42641
35460,3,14,1977,34.68187
35460,3,14,1978,34.77979
35460,3,14,1979,34.75041
35460,3,14,1980,34.79441
35460,3,14,1981,35.07072
35460,3,14,1982,35.2811
35460,3,14,1983,35.44765
35460,3,14,1984,35.67903
35460,3,14,1985,35.9474
35460,3,14,1986,36.23715
35460,3,14,1987,36.50915
35460,3,14,1988,36.53419
35460,3,14,1989,36.62571
35460,3,14,1990,36.71039
35460,3,14,1991,36.90845
35460,3,14,1992,37.07523
35460,3,14,1993,37.28719
35460,3,14,1994,37.55043
35460,3,14,1995,37.7004
35460,3,14,1996,37.85994
35460,3,14,1997,38.02912
35460,3,14,1998,38.13872
35460,3,14,1999,38.26764
35460,3,14,2000,38.45716
35460,3,14,2001,38.77464
35460,3,14,2002,39.10596
35460,3,14,2003,39.24312
35460,3,14,2004,39.43944
35460,3,14,2005,39.48036
35460,3,14,2006,39.58525
35460,3,14,2007,39.66542
35460,3,14,2008,39.76314
35460,3,14,2009,39.89842
35460,3,14,2010,39.96521
35460,3,14,2011,39.98843
35460,3,14,2012,40.18315
35460,3,14,2013,40.39729
35460,3,14,2014,40.60401
35460,3,14,2015,40.89044
35460,3,14,2016,41.20319
35460,3,14,2017,41.62286
35460,3,14,2018,41.9168
35460,3,14,2019,42.07651
35461,1,14,1950,26.8717
35461,1,14,1951,27.85822
35461,1,14,1952,28.64966
35461,1,14,1953,28.71789
35461,1,14,1954,28.87706
35461,1,14,1955,29.05841
35461,1,14,1956,28.56396
35461,1,14,1957,28.30787
35461,1,14,1958,29.26401
35461,1,14,1959,29.38355
35461,1,14,1960,29.09169
35461,1,14,1961,29.27785
35461,1,14,1962,29.34107
35461,1,14,1963,29.74729
35461,1,14,1964,30.19054
35461,1,14,1965,30.0207
35461,1,14,1966,30.46651
35461,1,14,1967,30.6585
35461,1,14,1968,30.81613
35461,1,14,1969,30.88407
35461,1,14,1970,31.02284
35461,1,14,1971,31.36987
35461,1,14,1972,31.66139
35461,1,14,1973,31.6909
35461,1,14,1974,31.73402
35461,1,14,1975,31.99386
35461,1,14,1976,31.93468
35461,1,14,1977,31.97012
35461,1,14,1978,31.99895
35461,1,14,1979,31.72049
35461,1,14,1980,31.84236
35461,1,14,1981,32.08856
35461,1,14,1982,32.47274
35461,1,14,1983,32.57624
35461,1,14,1984,32.60901
35461,1,14,1985,33.16889
35461,1,14,1986,33.3796
35461,1,14,1987,33.47123
35461,1,14,1988,33.75567
35461,1,14,1989,33.76713
35461,1,14,1990,33.78627
35461,1,14,1991,33.70482
35461,1,14,1992,33.98843
35461,1,14,1993,33.99345
35461,1,14,1994,34.05279
35461,1,14,1995,34.08015
35461,1,14,1996,34.43522
35461,1,14,1997,34.77971
35461,1,14,1998,34.65583
35461,1,14,1999,34.67245
35461,1,14,2000,34.83401
35461,1,14,2001,34.9745
35461,1,14,2002,35.18942
35461,1,14,2003,35.20336
35461,1,14,2004,35.52604
35461,1,14,2005,35.59647
35461,1,14,2006,35.75074
35461,1,14,2007,35.96943
35461,1,14,2008,36.35815
35461,1,14,2009,36.53145
35461,1,14,2010,36.53411
35461,1,14,2011,36.5358
35461,1,14,2012,36.83698
35461,1,14,2013,37.07331
35461,1,14,2014,37.2495
35461,1,14,2015,37.47232
35461,1,14,2016,37.64603
35461,1,14,2017,37.84366
35461,1,14,2018,38.27732
35461,1,14,2019,38.8102
35461,2,14,1950,30.56717
35461,2,14,1951,31.2155
35461,2,14,1952,31.78976
35461,2,14,1953,32.04439
35461,2,14,1954,32.60784
35461,2,14,1955,33.01234
35461,2,14,1956,32.61317
35461,2,14,1957,32.43357
35461,2,14,1958,33.10038
35461,2,14,1959,33.2848
35461,2,14,1960,33.3596
35461,2,14,1961,33.50647
35461,2,14,1962,33.50051
35461,2,14,1963,34.07377
35461,2,14,1964,34.24172
35461,2,14,1965,34.42747
35461,2,14,1966,34.74857
35461,2,14,1967,35.02005
35461,2,14,1968,35.28059
35461,2,14,1969,35.35808
35461,2,14,1970,35.42946
35461,2,14,1971,35.84771
35461,2,14,1972,36.07622
35461,2,14,1973,36.01572
35461,2,14,1974,36.12183
35461,2,14,1975,36.28393
35461,2,14,1976,36.47755
35461,2,14,1977,36.64616
35461,2,14,1978,36.79697
35461,2,14,1979,36.66891
35461,2,14,1980,36.75207
35461,2,14,1981,36.95501
35461,2,14,1982,37.41363
35461,2,14,1983,37.56211
35461,2,14,1984,37.84247
35461,2,14,1985,38.0675
35461,2,14,1986,38.35763
35461,2,14,1987,38.60906
35461,2,14,1988,38.82637
35461,2,14,1989,39.05162
35461,2,14,1990,39.26404
35461,2,14,1991,39.37563
35461,2,14,1992,39.57271
35461,2,14,1993,39.7973
35461,2,14,1994,40.06699
35461,2,14,1995,40.26424
35461,2,14,1996,40.46946
35461,2,14,1997,40.77139
35461,2,14,1998,41.05629
35461,2,14,1999,41.08518
35461,2,14,2000,41.32852
35461,2,14,2001,41.73701
35461,2,14,2002,42.05707
35461,2,14,2003,42.21066
35461,2,14,2004,42.33488
35461,2,14,2005,42.3564
35461,2,14,2006,42.51027
35461,2,14,2007,42.81361
35461,2,14,2008,42.97216
35461,2,14,2009,43.15012
35461,2,14,2010,43.1215
35461,2,14,2011,42.85051
35461,2,14,2012,42.95156
35461,2,14,2013,43.13051
35461,2,14,2014,43.22225
35461,2,14,2015,43.47158
35461,2,14,2016,43.57421
35461,2,14,2017,43.8665
35461,2,14,2018,43.9408
35461,2,14,2019,44.15872
35461,3,14,1950,27.95592
35461,3,14,1951,28.95505
35461,3,14,1952,29.40415
35461,3,14,1953,29.5976
35461,3,14,1954,30.0667
35461,3,14,1955,30.39039
35461,3,14,1956,29.90219
35461,3,14,1957,29.72772
35461,3,14,1958,30.51402
35461,3,14,1959,30.51565
35461,3,14,1960,30.4505
35461,3,14,1961,30.59383
35461,3,14,1962,30.8425
35461,3,14,1963,31.19879
35461,3,14,1964,31.58417
35461,3,14,1965,31.56721
35461,3,14,1966,31.93643
35461,3,14,1967,32.22531
35461,3,14,1968,32.26471
35461,3,14,1969,32.48813
35461,3,14,1970,32.66955
35461,3,14,1971,33.12959
35461,3,14,1972,33.37872
35461,3,14,1973,33.41166
35461,3,14,1974,33.53316
35461,3,14,1975,33.77697
35461,3,14,1976,33.95653
35461,3,14,1977,34.15424
35461,3,14,1978,34.28335
35461,3,14,1979,34.18639
35461,3,14,1980,34.33158
35461,3,14,1981,34.5608
35461,3,14,1982,34.98368
35461,3,14,1983,35.1345
35461,3,14,1984,35.27369
35461,3,14,1985,35.66942
35461,3,14,1986,35.92226
35461,3,14,1987,36.10581
35461,3,14,1988,36.34796
35461,3,14,1989,36.48286
35461,3,14,1990,36.59322
35461,3,14,1991,36.60938
35461,3,14,1992,36.86378
35461,3,14,1993,36.97825
35461,3,14,1994,37.14734
35461,3,14,1995,37.23518
35461,3,14,1996,37.55125
35461,3,14,1997,37.86877
35461,3,14,1998,37.94003
35461,3,14,1999,37.96513
35461,3,14,2000,38.16678
35461,3,14,2001,38.42092
35461,3,14,2002,38.69444
35461,3,14,2003,38.76639
35461,3,14,2004,39.02167
35461,3,14,2005,39.05252
35461,3,14,2006,39.20484
35461,3,14,2007,39.44732
35461,3,14,2008,39.72598
35461,3,14,2009,39.90525
35461,3,14,2010,39.88605
35461,3,14,2011,39.75038
35461,3,14,2012,39.93077
35461,3,14,2013,40.15086
35461,3,14,2014,40.26218
35461,3,14,2015,40.49657
35461,3,14,2016,40.63933
35461,3,14,2017,40.81842
35461,3,14,2018,41.04053
35461,3,14,2019,41.30996
35462,1,14,1950,25.92474
35462,1,14,1951,27.01459
35462,1,14,1952,27.79362
35462,1,14,1953,27.91494
35462,1,14,1954,28.00218
35462,1,14,1955,28.42331
35462,1,14,1956,27.92633
35462,1,14,1957,27.54507
35462,1,14,1958,28.05671
35462,1,14,1959,28.24939
35462,1,14,1960,28.21017
35462,1,14,1961,28.30577
35462,1,14,1962,28.36444
35462,1,14,1963,28.87405
35462,1,14,1964,29.18162
35462,1,14,1965,29.0967
35462,1,14,1966,29.59954
35462,1,14,1967,29.85605
35462,1,14,1968,29.89156
35462,1,14,1969,29.91478
35462,1,14,1970,29.96594
35462,1,14,1971,30.44782
35462,1,14,1972,30.6286
35462,1,14,1973,30.58208
35462,1,14,1974,30.71973
35462,1,14,1975,30.96931
35462,1,14,1976,31.03999
35462,1,14,1977,31.17472
35462,1,14,1978,31.25807
35462,1,14,1979,31.1107
35462,1,14,1980,31.25385
35462,1,14,1981,31.49792
35462,1,14,1982,31.68731
35462,1,14,1983,31.94179
35462,1,14,1984,32.21247
35462,1,14,1985,32.56197
35462,1,14,1986,32.9959
35462,1,14,1987,33.21026
35462,1,14,1988,33.22833
35462,1,14,1989,33.46769
35462,1,14,1990,33.63049
35462,1,14,1991,33.52381
35462,1,14,1992,33.35985
35462,1,14,1993,33.3899
35462,1,14,1994,34.00015
35462,1,14,1995,34.10883
35462,1,14,1996,34.44713
35462,1,14,1997,34.54601
35462,1,14,1998,34.46392
35462,1,14,1999,34.44466
35462,1,14,2000,34.84535
35462,1,14,2001,34.98921
35462,1,14,2002,35.07164
35462,1,14,2003,35.08885
35462,1,14,2004,35.07057
35462,1,14,2005,35.43533
35462,1,14,2006,35.66082
35462,1,14,2007,35.68714
35462,1,14,2008,35.62331
35462,1,14,2009,35.59206
35462,1,14,2010,36.01482
35462,1,14,2011,36.34761
35462,1,14,2012,36.71433
35462,1,14,2013,37.27897
35462,1,14,2014,37.73833
35462,1,14,2015,37.95768
35462,1,14,2016,38.0526
35462,1,14,2017,38.32811
35462,1,14,2018,38.47928
35462,1,14,2019,38.78904
35462,2,14,1950,29.69078
35462,2,14,1951,30.50725
35462,2,14,1952,31.07515
35462,2,14,1953,31.19209
35462,2,14,1954,31.72922
35462,2,14,1955,32.17702
35462,2,14,1956,31.79956
35462,2,14,1957,31.60731
35462,2,14,1958,32.1727
35462,2,14,1959,32.34663
35462,2,14,1960,32.47469
35462,2,14,1961,32.47866
35462,2,14,1962,32.66391
35462,2,14,1963,33.10101
35462,2,14,1964,33.32658
35462,2,14,1965,33.30782
35462,2,14,1966,33.75881
35462,2,14,1967,34.01391
35462,2,14,1968,34.09417
35462,2,14,1969,34.23649
35462,2,14,1970,34.33106
35462,2,14,1971,34.79991
35462,2,14,1972,34.92835
35462,2,14,1973,34.82714
35462,2,14,1974,34.92511
35462,2,14,1975,35.21823
35462,2,14,1976,35.49955
35462,2,14,1977,35.78467
35462,2,14,1978,36.07384
35462,2,14,1979,36.12492
35462,2,14,1980,36.38408
35462,2,14,1981,36.60873
35462,2,14,1982,36.92301
35462,2,14,1983,37.29018
35462,2,14,1984,37.70399
35462,2,14,1985,38.15026
35462,2,14,1986,38.47817
35462,2,14,1987,38.77321
35462,2,14,1988,39.04655
35462,2,14,1989,39.24438
35462,2,14,1990,39.3595
35462,2,14,1991,39.49471
35462,2,14,1992,39.65289
35462,2,14,1993,39.82815
35462,2,14,1994,40.14739
35462,2,14,1995,40.40492
35462,2,14,1996,40.77055
35462,2,14,1997,40.95956
35462,2,14,1998,41.03763
35462,2,14,1999,41.02183
35462,2,14,2000,41.40768
35462,2,14,2001,41.75794
35462,2,14,2002,42.27347
35462,2,14,2003,42.4794
35462,2,14,2004,42.62664
35462,2,14,2005,42.64579
35462,2,14,2006,42.45481
35462,2,14,2007,42.74459
35462,2,14,2008,42.94506
35462,2,14,2009,43.19267
35462,2,14,2010,43.32702
35462,2,14,2011,43.40033
35462,2,14,2012,43.59746
35462,2,14,2013,43.72414
35462,2,14,2014,43.88636
35462,2,14,2015,44.15266
35462,2,14,2016,44.17752
35462,2,14,2017,44.40777
35462,2,14,2018,44.52548
35462,2,14,2019,44.67603
35462,3,14,1950,27.12533
35462,3,14,1951,28.18233
35462,3,14,1952,28.65495
35462,3,14,1953,28.78429
35462,3,14,1954,29.16751
35462,3,14,1955,29.5479
35462,3,14,1956,28.97627
35462,3,14,1957,28.91244
35462,3,14,1958,29.43121
35462,3,14,1959,29.66991
35462,3,14,1960,29.65232
35462,3,14,1961,29.74297
35462,3,14,1962,29.86038
35462,3,14,1963,30.39115
35462,3,14,1964,30.57413
35462,3,14,1965,30.53592
35462,3,14,1966,31.07094
35462,3,14,1967,31.30781
35462,3,14,1968,31.32259
35462,3,14,1969,31.47763
35462,3,14,1970,31.60897
35462,3,14,1971,32.13632
35462,3,14,1972,32.33109
35462,3,14,1973,32.29248
35462,3,14,1974,32.49447
35462,3,14,1975,32.82167
35462,3,14,1976,33.04894
35462,3,14,1977,33.31922
35462,3,14,1978,33.57223
35462,3,14,1979,33.61486
35462,3,14,1980,33.83941
35462,3,14,1981,34.09109
35462,3,14,1982,34.36134
35462,3,14,1983,34.65938
35462,3,14,1984,35.01707
35462,3,14,1985,35.42614
35462,3,14,1986,35.80613
35462,3,14,1987,36.08803
35462,3,14,1988,36.23498
35462,3,14,1989,36.47503
35462,3,14,1990,36.60226
35462,3,14,1991,36.61208
35462,3,14,1992,36.5919
35462,3,14,1993,36.68521
35462,3,14,1994,37.16387
35462,3,14,1995,37.37929
35462,3,14,1996,37.70665
35462,3,14,1997,37.85617
35462,3,14,1998,37.84386
35462,3,14,1999,37.80906
35462,3,14,2000,38.23418
35462,3,14,2001,38.47351
35462,3,14,2002,38.77983
35462,3,14,2003,38.86264
35462,3,14,2004,38.91064
35462,3,14,2005,39.09266
35462,3,14,2006,39.13212
35462,3,14,2007,39.27494
35462,3,14,2008,39.32772
35462,3,14,2009,39.41063
35462,3,14,2010,39.68605
35462,3,14,2011,39.91189
35462,3,14,2012,40.17667
35462,3,14,2013,40.55894
35462,3,14,2014,40.84563
35462,3,14,2015,41.0926
35462,3,14,2016,41.14765
35462,3,14,2017,41.33443
35462,3,14,2018,41.45382
35462,3,14,2019,41.57501
35463,1,14,1950,26.54824
35463,1,14,1951,27.47868
35463,1,14,1952,28.12388
35463,1,14,1953,28.12261
35463,1,14,1954,28.42542
35463,1,14,1955,28.46914
35463,1,14,1956,28.16714
35463,1,14,1957,28.05628
35463,1,14,1958,28.8486
35463,1,14,1959,28.9906
35463,1,14,1960,28.87965
35463,1,14,1961,28.87688
35463,1,14,1962,28.92694
35463,1,14,1963,29.37429
35463,1,14,1964,29.48248
35463,1,14,1965,29.48138
35463,1,14,1966,30.04977
35463,1,14,1967,30.16747
35463,1,14,1968,30.29015
35463,1,14,1969,30.25766
35463,1,14,1970,30.32773
35463,1,14,1971,30.81856
35463,1,14,1972,31.02471
35463,1,14,1973,31.07813
35463,1,14,1974,31.21281
35463,1,14,1975,31.26501
35463,1,14,1976,31.32784
35463,1,14,1977,31.37225
35463,1,14,1978,31.15099
35463,1,14,1979,30.79567
35463,1,14,1980,30.86743
35463,1,14,1981,31.33689
35463,1,14,1982,31.61321
35463,1,14,1983,31.66355
35463,1,14,1984,31.6902
35463,1,14,1985,31.99972
35463,1,14,1986,32.24864
35463,1,14,1987,32.44953
35463,1,14,1988,32.61568
35463,1,14,1989,32.74959
35463,1,14,1990,32.73776
35463,1,14,1991,32.82311
35463,1,14,1992,33.00143
35463,1,14,1993,33.23449
35463,1,14,1994,33.41829
35463,1,14,1995,33.50928
35463,1,14,1996,33.85164
35463,1,14,1997,34.20437
35463,1,14,1998,34.05059
35463,1,14,1999,34.05384
35463,1,14,2000,34.65158
35463,1,14,2001,34.87632
35463,1,14,2002,35.05013
35463,1,14,2003,35.17869
35463,1,14,2004,35.29313
35463,1,14,2005,35.38647
35463,1,14,2006,35.71579
35463,1,14,2007,35.94396
35463,1,14,2008,36.03206
35463,1,14,2009,36.30601
35463,1,14,2010,36.46816
35463,1,14,2011,36.53892
35463,1,14,2012,36.77746
35463,1,14,2013,37.17681
35463,1,14,2014,37.37502
35463,1,14,2015,37.61652
35463,1,14,2016,37.59079
35463,1,14,2017,37.763
35463,1,14,2018,38.21319
35463,1,14,2019,38.7289
35463,2,14,1950,30.24476
35463,2,14,1951,30.8526
35463,2,14,1952,31.49847
35463,2,14,1953,31.6815
35463,2,14,1954,32.24074
35463,2,14,1955,32.49723
35463,2,14,1956,32.30573
35463,2,14,1957,32.19588
35463,2,14,1958,33.05187
35463,2,14,1959,33.12864
35463,2,14,1960,33.02722
35463,2,14,1961,33.09472
35463,2,14,1962,33.25024
35463,2,14,1963,33.69646
35463,2,14,1964,34.01438
35463,2,14,1965,33.96641
35463,2,14,1966,34.28093
35463,2,14,1967,34.58164
35463,2,14,1968,34.64676
35463,2,14,1969,34.86289
35463,2,14,1970,34.88038
35463,2,14,1971,35.43277
35463,2,14,1972,35.6752
35463,2,14,1973,35.62684
35463,2,14,1974,35.61817
35463,2,14,1975,35.93124
35463,2,14,1976,36.00406
35463,2,14,1977,36.20252
35463,2,14,1978,36.28526
35463,2,14,1979,36.09584
35463,2,14,1980,36.20115
35463,2,14,1981,36.73695
35463,2,14,1982,37.07811
35463,2,14,1983,37.27328
35463,2,14,1984,37.46887
35463,2,14,1985,37.61061
35463,2,14,1986,38.14966
35463,2,14,1987,38.46154
35463,2,14,1988,38.51071
35463,2,14,1989,38.67983
35463,2,14,1990,38.96277
35463,2,14,1991,39.16161
35463,2,14,1992,39.36995
35463,2,14,1993,39.61819
35463,2,14,1994,39.95146
35463,2,14,1995,40.05608
35463,2,14,1996,40.52925
35463,2,14,1997,40.61167
35463,2,14,1998,40.63711
35463,2,14,1999,40.74589
35463,2,14,2000,41.23242
35463,2,14,2001,41.71777
35463,2,14,2002,41.87233
35463,2,14,2003,42.0171
35463,2,14,2004,42.13941
35463,2,14,2005,42.16202
35463,2,14,2006,42.15707
35463,2,14,2007,42.43527
35463,2,14,2008,42.59502
35463,2,14,2009,42.93849
35463,2,14,2010,42.92184
35463,2,14,2011,42.75614
35463,2,14,2012,43.02928
35463,2,14,2013,43.27283
35463,2,14,2014,43.37973
35463,2,14,2015,43.51814
35463,2,14,2016,43.49634
35463,2,14,2017,43.70789
35463,2,14,2018,44.06969
35463,2,14,2019,44.35602
35463,3,14,1950,27.78471
35463,3,14,1951,28.67244
35463,3,14,1952,29.20502
35463,3,14,1953,29.42686
35463,3,14,1954,29.79003
35463,3,14,1955,29.86393
35463,3,14,1956,29.65179
35463,3,14,1957,29.45079
35463,3,14,1958,30.28019
35463,3,14,1959,30.40519
35463,3,14,1960,30.17521
35463,3,14,1961,30.34312
35463,3,14,1962,30.40088
35463,3,14,1963,30.9781
35463,3,14,1964,31.0551
35463,3,14,1965,31.1988
35463,3,14,1966,31.56628
35463,3,14,1967,31.79376
35463,3,14,1968,31.79736
35463,3,14,1969,31.92411
35463,3,14,1970,32.0972
35463,3,14,1971,32.56627
35463,3,14,1972,32.83143
35463,3,14,1973,32.97659
35463,3,14,1974,33.09022
35463,3,14,1975,33.21608
35463,3,14,1976,33.37202
35463,3,14,1977,33.62276
35463,3,14,1978,33.64697
35463,3,14,1979,33.51228
35463,3,14,1980,33.60963
35463,3,14,1981,34.12436
35463,3,14,1982,34.43601
35463,3,14,1983,34.56842
35463,3,14,1984,34.67509
35463,3,14,1985,34.91629
35463,3,14,1986,35.31327
35463,3,14,1987,35.57363
35463,3,14,1988,35.69419
35463,3,14,1989,35.84261
35463,3,14,1990,35.96671
35463,3,14,1991,36.11479
35463,3,14,1992,36.30524
35463,3,14,1993,36.55833
35463,3,14,1994,36.81828
35463,3,14,1995,36.91565
35463,3,14,1996,37.34189
35463,3,14,1997,37.56112
35463,3,14,1998,37.50375
35463,3,14,1999,37.55494
35463,3,14,2000,38.10048
35463,3,14,2001,38.4516
35463,3,14,2002,38.61739
35463,3,14,2003,38.75015
35463,3,14,2004,38.86983
35463,3,14,2005,38.91666
35463,3,14,2006,39.10293
35463,3,14,2007,39.34276
35463,3,14,2008,39.44654
35463,3,14,2009,39.76929
35463,3,14,2010,39.82236
35463,3,14,2011,39.78126
35463,3,14,2012,40.03369
35463,3,14,2013,40.33311
35463,3,14,2014,40.50351
35463,3,14,2015,40.69929
35463,3,14,2016,40.65857
35463,3,14,2017,40.82941
35463,3,14,2018,41.14223
35463,3,14,2019,41.43151
35464,1,14,1950,26.82435
35464,1,14,1951,27.7626
35464,1,14,1952,28.18871
35464,1,14,1953,28.35573
35464,1,14,1954,28.55065
35464,1,14,1955,28.96053
35464,1,14,1956,28.61493
35464,1,14,1957,28.33228
35464,1,14,1958,28.95186
35464,1,14,1959,29.04454
35464,1,14,1960,28.96138
35464,1,14,1961,29.13069
35464,1,14,1962,29.13258
35464,1,14,1963,29.62585
35464,1,14,1964,29.81083
35464,1,14,1965,29.75052
35464,1,14,1966,30.14767
35464,1,14,1967,30.44677
35464,1,14,1968,30.47847
35464,1,14,1969,30.58645
35464,1,14,1970,30.69167
35464,1,14,1971,31.22362
35464,1,14,1972,31.34146
35464,1,14,1973,31.36131
35464,1,14,1974,31.60093
35464,1,14,1975,31.68322
35464,1,14,1976,31.7751
35464,1,14,1977,31.94234
35464,1,14,1978,31.93701
35464,1,14,1979,31.65817
35464,1,14,1980,31.62724
35464,1,14,1981,31.71657
35464,1,14,1982,31.9019
35464,1,14,1983,32.0525
35464,1,14,1984,32.4067
35464,1,14,1985,32.64074
35464,1,14,1986,32.8047
35464,1,14,1987,33.17665
35464,1,14,1988,33.26646
35464,1,14,1989,33.42292
35464,1,14,1990,33.41953
35464,1,14,1991,33.49816
35464,1,14,1992,33.6283
35464,1,14,1993,33.83072
35464,1,14,1994,34.07812
35464,1,14,1995,34.05112
35464,1,14,1996,34.26433
35464,1,14,1997,34.47189
35464,1,14,1998,34.4413
35464,1,14,1999,34.54302
35464,1,14,2000,34.8207
35464,1,14,2001,35.14433
35464,1,14,2002,35.43215
35464,1,14,2003,35.54262
35464,1,14,2004,35.71152
35464,1,14,2005,35.88168
35464,1,14,2006,36.0797
35464,1,14,2007,36.27077
35464,1,14,2008,36.47973
35464,1,14,2009,36.64669
35464,1,14,2010,36.76688
35464,1,14,2011,36.95031
35464,1,14,2012,37.16881
35464,1,14,2013,37.60209
35464,1,14,2014,38.01585
35464,1,14,2015,38.36245
35464,1,14,2016,38.70666
35464,1,14,2017,39.20553
35464,1,14,2018,39.5613
35464,1,14,2019,39.77781
35464,2,14,1950,30.27698
35464,2,14,1951,30.9305
35464,2,14,1952,31.52048
35464,2,14,1953,31.56716
35464,2,14,1954,32.20716
35464,2,14,1955,32.53192
35464,2,14,1956,32.21806
35464,2,14,1957,32.05011
35464,2,14,1958,32.73872
35464,2,14,1959,32.91949
35464,2,14,1960,32.99481
35464,2,14,1961,32.95506
35464,2,14,1962,33.17366
35464,2,14,1963,33.72353
35464,2,14,1964,33.88809
35464,2,14,1965,33.83107
35464,2,14,1966,34.2414
35464,2,14,1967,34.53986
35464,2,14,1968,34.64246
35464,2,14,1969,34.87236
35464,2,14,1970,34.94272
35464,2,14,1971,35.37744
35464,2,14,1972,35.58727
35464,2,14,1973,35.50389
35464,2,14,1974,35.64102
35464,2,14,1975,35.80197
35464,2,14,1976,36.15415
35464,2,14,1977,36.52832
35464,2,14,1978,36.60156
35464,2,14,1979,36.63287
35464,2,14,1980,36.6656
35464,2,14,1981,36.97291
35464,2,14,1982,37.3285
35464,2,14,1983,37.56834
35464,2,14,1984,37.86148
35464,2,14,1985,38.14277
35464,2,14,1986,38.486
35464,2,14,1987,38.85585
35464,2,14,1988,39.08351
35464,2,14,1989,39.30459
35464,2,14,1990,39.38739
35464,2,14,1991,39.48638
35464,2,14,1992,39.62338
35464,2,14,1993,39.7359
35464,2,14,1994,39.93292
35464,2,14,1995,40.17607
35464,2,14,1996,40.753
35464,2,14,1997,40.92149
35464,2,14,1998,41.22865
35464,2,14,1999,41.53576
35464,2,14,2000,41.75524
35464,2,14,2001,42.00121
35464,2,14,2002,42.22493
35464,2,14,2003,42.43201
35464,2,14,2004,42.6497
35464,2,14,2005,42.71151
35464,2,14,2006,42.87517
35464,2,14,2007,43.14374
35464,2,14,2008,43.20578
35464,2,14,2009,43.24831
35464,2,14,2010,43.26276
35464,2,14,2011,43.24
35464,2,14,2012,43.35979
35464,2,14,2013,43.51022
35464,2,14,2014,43.59417
35464,2,14,2015,43.60704
35464,2,14,2016,43.63803
35464,2,14,2017,43.73599
35464,2,14,2018,43.85523
35464,2,14,2019,44.01602
35464,3,14,1950,27.85059
35464,3,14,1951,28.71881
35464,3,14,1952,29.36861
35464,3,14,1953,29.24193
35464,3,14,1954,29.7416
35464,3,14,1955,30.0846
35464,3,14,1956,29.6481
35464,3,14,1957,29.56287
35464,3,14,1958,30.23123
35464,3,14,1959,30.40473
35464,3,14,1960,30.37146
35464,3,14,1961,30.49243
35464,3,14,1962,30.63776
35464,3,14,1963,31.05341
35464,3,14,1964,31.28035
35464,3,14,1965,31.25205
35464,3,14,1966,31.62838
35464,3,14,1967,31.92058
35464,3,14,1968,31.97355
35464,3,14,1969,32.23162
35464,3,14,1970,32.31249
35464,3,14,1971,32.76559
35464,3,14,1972,33.08822
35464,3,14,1973,33.08752
35464,3,14,1974,33.28749
35464,3,14,1975,33.53407
35464,3,14,1976,33.7725
35464,3,14,1977,34.0673
35464,3,14,1978,34.18627
35464,3,14,1979,34.20021
35464,3,14,1980,34.1934
35464,3,14,1981,34.43852
35464,3,14,1982,34.7135
35464,3,14,1983,34.91255
35464,3,14,1984,35.22964
35464,3,14,1985,35.4868
35464,3,14,1986,35.76024
35464,3,14,1987,36.12854
35464,3,14,1988,36.29703
35464,3,14,1989,36.47186
35464,3,14,1990,36.51158
35464,3,14,1991,36.59642
35464,3,14,1992,36.72954
35464,3,14,1993,36.90693
35464,3,14,1994,37.10607
35464,3,14,1995,37.24103
35464,3,14,1996,37.62985
35464,3,14,1997,37.80936
35464,3,14,1998,37.94585
35464,3,14,1999,38.14895
35464,3,14,2000,38.41519
35464,3,14,2001,38.67838
35464,3,14,2002,38.95723
35464,3,14,2003,39.10426
35464,3,14,2004,39.30325
35464,3,14,2005,39.43748
35464,3,14,2006,39.58421
35464,3,14,2007,39.81643
35464,3,14,2008,39.93035
35464,3,14,2009,40.03072
35464,3,14,2010,40.08993
35464,3,14,2011,40.17301
35464,3,14,2012,40.30978
35464,3,14,2013,40.60072
35464,3,14,2014,40.82839
35464,3,14,2015,41.00883
35464,3,14,2016,41.18548
35464,3,14,2017,41.45772
35464,3,14,2018,41.59549
35464,3,14,2019,41.76336
35465,1,14,1950,26.45874
35465,1,14,1951,27.26777
35465,1,14,1952,28.01987
35465,1,14,1953,28.11514
35465,1,14,1954,28.0747
35465,1,14,1955,28.42204
35465,1,14,1956,28.1832
35465,1,14,1957,27.89364
35465,1,14,1958,28.61632
35465,1,14,1959,28.70577
35465,1,14,1960,28.61061
35465,1,14,1961,28.58422
35465,1,14,1962,28.61835
35465,1,14,1963,28.92787
35465,1,14,1964,29.14883
35465,1,14,1965,29.13084
35465,1,14,1966,29.47554
35465,1,14,1967,29.67794
35465,1,14,1968,29.85128
35465,1,14,1969,29.87803
35465,1,14,1970,29.96041
35465,1,14,1971,30.4861
35465,1,14,1972,30.58861
35465,1,14,1973,30.67774
35465,1,14,1974,30.8334
35465,1,14,1975,30.97417
35465,1,14,1976,30.91996
35465,1,14,1977,31.11693
35465,1,14,1978,31.1008
35465,1,14,1979,30.79576
35465,1,14,1980,30.95347
35465,1,14,1981,30.95898
35465,1,14,1982,31.4026
35465,1,14,1983,31.69768
35465,1,14,1984,31.81699
35465,1,14,1985,31.9678
35465,1,14,1986,32.58343
35465,1,14,1987,32.77386
35465,1,14,1988,32.94262
35465,1,14,1989,32.83954
35465,1,14,1990,32.99904
35465,1,14,1991,33.01535
35465,1,14,1992,33.27235
35465,1,14,1993,33.40326
35465,1,14,1994,33.57268
35465,1,14,1995,33.70852
35465,1,14,1996,34.19259
35465,1,14,1997,34.29794
35465,1,14,1998,34.52713
35465,1,14,1999,34.57093
35465,1,14,2000,34.92155
35465,1,14,2001,35.32893
35465,1,14,2002,35.35103
35465,1,14,2003,35.42898
35465,1,14,2004,35.68834
35465,1,14,2005,35.61009
35465,1,14,2006,35.81458
35465,1,14,2007,36.07785
35465,1,14,2008,36.19982
35465,1,14,2009,36.40987
35465,1,14,2010,36.36676
35465,1,14,2011,36.68825
35465,1,14,2012,36.75511
35465,1,14,2013,37.03031
35465,1,14,2014,37.38258
35465,1,14,2015,37.71953
35465,1,14,2016,37.9766
35465,1,14,2017,38.37152
35465,1,14,2018,38.92465
35465,1,14,2019,39.28907
35465,2,14,1950,30.06172
35465,2,14,1951,30.79975
35465,2,14,1952,31.28781
35465,2,14,1953,31.54451
35465,2,14,1954,32.13602
35465,2,14,1955,32.47315
35465,2,14,1956,32.14768
35465,2,14,1957,31.8539
35465,2,14,1958,32.55126
35465,2,14,1959,32.67719
35465,2,14,1960,32.70786
35465,2,14,1961,32.85015
35465,2,14,1962,32.88104
35465,2,14,1963,33.33779
35465,2,14,1964,33.57046
35465,2,14,1965,33.57145
35465,2,14,1966,33.97594
35465,2,14,1967,34.28818
35465,2,14,1968,34.28867
35465,2,14,1969,34.47653
35465,2,14,1970,34.55441
35465,2,14,1971,35.03329
35465,2,14,1972,35.15722
35465,2,14,1973,35.23314
35465,2,14,1974,35.25483
35465,2,14,1975,35.36492
35465,2,14,1976,35.58741
35465,2,14,1977,35.85021
35465,2,14,1978,35.786
35465,2,14,1979,35.75309
35465,2,14,1980,35.93092
35465,2,14,1981,36.29012
35465,2,14,1982,36.51823
35465,2,14,1983,37.03113
35465,2,14,1984,37.38731
35465,2,14,1985,37.75033
35465,2,14,1986,38.10591
35465,2,14,1987,38.45111
35465,2,14,1988,38.70589
35465,2,14,1989,38.9447
35465,2,14,1990,39.08633
35465,2,14,1991,39.2436
35465,2,14,1992,39.43277
35465,2,14,1993,39.54951
35465,2,14,1994,39.81253
35465,2,14,1995,40.00307
35465,2,14,1996,40.41618
35465,2,14,1997,40.80083
35465,2,14,1998,40.96905
35465,2,14,1999,41.14213
35465,2,14,2000,41.47962
35465,2,14,2001,41.82336
35465,2,14,2002,41.99785
35465,2,14,2003,42.13536
35465,2,14,2004,42.30048
35465,2,14,2005,42.41929
35465,2,14,2006,42.64533
35465,2,14,2007,42.70088
35465,2,14,2008,42.76815
35465,2,14,2009,42.95483
35465,2,14,2010,43.00995
35465,2,14,2011,43.00208
35465,2,14,2012,43.04103
35465,2,14,2013,43.03925
35465,2,14,2014,43.06242
35465,2,14,2015,43.30165
35465,2,14,2016,43.40726
35465,2,14,2017,43.72602
35465,2,14,2018,43.89078
35465,2,14,2019,44.12317
35465,3,14,1950,27.61344
35465,3,14,1951,28.44963
35465,3,14,1952,29.09421
35465,3,14,1953,29.1883
35465,3,14,1954,29.42277
35465,3,14,1955,29.73836
35465,3,14,1956,29.44943
35465,3,14,1957,29.17982
35465,3,14,1958,29.95214
35465,3,14,1959,30.05946
35465,3,14,1960,30.06285
35465,3,14,1961,30.09436
35465,3,14,1962,30.0718
35465,3,14,1963,30.49074
35465,3,14,1964,30.64136
35465,3,14,1965,30.66765
35465,3,14,1966,31.11852
35465,3,14,1967,31.40162
35465,3,14,1968,31.50503
35465,3,14,1969,31.67679
35465,3,14,1970,31.8408
35465,3,14,1971,32.26675
35465,3,14,1972,32.41743
35465,3,14,1973,32.57431
35465,3,14,1974,32.66995
35465,3,14,1975,32.88353
35465,3,14,1976,33.04831
35465,3,14,1977,33.34208
35465,3,14,1978,33.43402
35465,3,14,1979,33.32383
35465,3,14,1980,33.50868
35465,3,14,1981,33.68268
35465,3,14,1982,34.05416
35465,3,14,1983,34.46923
35465,3,14,1984,34.68226
35465,3,14,1985,34.96448
35465,3,14,1986,35.46611
35465,3,14,1987,35.74369
35465,3,14,1988,35.93071
35465,3,14,1989,36.03065
35465,3,14,1990,36.16461
35465,3,14,1991,36.24496
35465,3,14,1992,36.45956
35465,3,14,1993,36.61405
35465,3,14,1994,36.83268
35465,3,14,1995,37.00112
35465,3,14,1996,37.4448
35465,3,14,1997,37.69328
35465,3,14,1998,37.90757
35465,3,14,1999,38.01577
35465,3,14,2000,38.3526
35465,3,14,2001,38.73098
35465,3,14,2002,38.82987
35465,3,14,2003,38.92454
35465,3,14,2004,39.12118
35465,3,14,2005,39.12401
35465,3,14,2006,39.37025
35465,3,14,2007,39.50015
35465,3,14,2008,39.59942
35465,3,14,2009,39.80136
35465,3,14,2010,39.81393
35465,3,14,2011,39.95185
35465,3,14,2012,39.98361
35465,3,14,2013,40.08247
35465,3,14,2014,40.29397
35465,3,14,2015,40.59492
35465,3,14,2016,40.75914
35465,3,14,2017,41.07484
35465,3,14,2018,41.3696
35465,3,14,2019,41.56676
35466,1,14,1950,26.53279
35466,1,14,1951,27.40253
35466,1,14,1952,28.23192
35466,1,14,1953,28.3074
35466,1,14,1954,28.4603
35466,1,14,1955,28.74433
35466,1,14,1956,28.43003
35466,1,14,1957,28.14659
35466,1,14,1958,28.93591
35466,1,14,1959,29.1712
35466,1,14,1960,28.99301
35466,1,14,1961,29.137
35466,1,14,1962,29.00649
35466,1,14,1963,29.58033
35466,1,14,1964,29.83634
35466,1,14,1965,29.72543
35466,1,14,1966,30.21056
35466,1,14,1967,30.4747
35466,1,14,1968,30.65571
35466,1,14,1969,30.64237
35466,1,14,1970,30.82455
35466,1,14,1971,31.29809
35466,1,14,1972,31.58265
35466,1,14,1973,31.50997
35466,1,14,1974,31.6326
35466,1,14,1975,31.74336
35466,1,14,1976,31.90746
35466,1,14,1977,31.92679
35466,1,14,1978,31.84928
35466,1,14,1979,31.60466
35466,1,14,1980,31.86646
35466,1,14,1981,32.16769
35466,1,14,1982,32.40463
35466,1,14,1983,32.67158
35466,1,14,1984,32.9845
35466,1,14,1985,33.13058
35466,1,14,1986,33.31998
35466,1,14,1987,33.58829
35466,1,14,1988,33.6437
35466,1,14,1989,33.96733
35466,1,14,1990,34.05892
35466,1,14,1991,34.06853
35466,1,14,1992,34.27676
35466,1,14,1993,34.45298
35466,1,14,1994,34.82504
35466,1,14,1995,34.78601
35466,1,14,1996,35.21297
35466,1,14,1997,35.55222
35466,1,14,1998,35.36612
35466,1,14,1999,35.39167
35466,1,14,2000,35.89875
35466,1,14,2001,36.2345
35466,1,14,2002,36.31048
35466,1,14,2003,36.3156
35466,1,14,2004,36.37719
35466,1,14,2005,36.60536
35466,1,14,2006,36.71826
35466,1,14,2007,36.93373
35466,1,14,2008,37.00339
35466,1,14,2009,37.36617
35466,1,14,2010,37.42534
35466,1,14,2011,37.48094
35466,1,14,2012,37.57288
35466,1,14,2013,37.95285
35466,1,14,2014,38.06845
35466,1,14,2015,38.26677
35466,1,14,2016,38.42829
35466,1,14,2017,38.77384
35466,1,14,2018,39.34875
35466,1,14,2019,39.76229
35466,2,14,1950,29.92177
35466,2,14,1951,30.73893
35466,2,14,1952,31.24864
35466,2,14,1953,31.35762
35466,2,14,1954,31.9982
35466,2,14,1955,32.36945
35466,2,14,1956,32.00326
35466,2,14,1957,31.89949
35466,2,14,1958,32.65152
35466,2,14,1959,32.8226
35466,2,14,1960,32.73459
35466,2,14,1961,32.96943
35466,2,14,1962,33.12968
35466,2,14,1963,33.57554
35466,2,14,1964,33.70987
35466,2,14,1965,33.78172
35466,2,14,1966,34.15918
35466,2,14,1967,34.4075
35466,2,14,1968,34.54212
35466,2,14,1969,34.64634
35466,2,14,1970,34.67738
35466,2,14,1971,35.08425
35466,2,14,1972,35.32291
35466,2,14,1973,35.3482
35466,2,14,1974,35.47623
35466,2,14,1975,35.63552
35466,2,14,1976,35.87591
35466,2,14,1977,36.11601
35466,2,14,1978,36.23983
35466,2,14,1979,36.26812
35466,2,14,1980,36.55118
35466,2,14,1981,37.0389
35466,2,14,1982,37.47708
35466,2,14,1983,37.70913
35466,2,14,1984,38.08038
35466,2,14,1985,38.37374
35466,2,14,1986,38.74761
35466,2,14,1987,39.04335
35466,2,14,1988,39.22179
35466,2,14,1989,39.45618
35466,2,14,1990,39.64765
35466,2,14,1991,39.91964
35466,2,14,1992,40.2476
35466,2,14,1993,40.45154
35466,2,14,1994,40.83966
35466,2,14,1995,41.20438
35466,2,14,1996,41.56273
35466,2,14,1997,41.71041
35466,2,14,1998,41.71202
35466,2,14,1999,41.74984
35466,2,14,2000,42.18918
35466,2,14,2001,42.44207
35466,2,14,2002,42.56335
35466,2,14,2003,42.69507
35466,2,14,2004,42.80351
35466,2,14,2005,42.83729
35466,2,14,2006,42.99448
35466,2,14,2007,43.06636
35466,2,14,2008,43.18908
35466,2,14,2009,43.42845
35466,2,14,2010,43.4792
35466,2,14,2011,43.50612
35466,2,14,2012,43.61759
35466,2,14,2013,43.78944
35466,2,14,2014,43.96498
35466,2,14,2015,44.13644
35466,2,14,2016,44.23359
35466,2,14,2017,44.53122
35466,2,14,2018,44.72552
35466,2,14,2019,44.97886
35466,3,14,1950,27.59941
35466,3,14,1951,28.51908
35466,3,14,1952,29.0412
35466,3,14,1953,29.24612
35466,3,14,1954,29.70401
35466,3,14,1955,29.9498
35466,3,14,1956,29.501
35466,3,14,1957,29.34762
35466,3,14,1958,30.1485
35466,3,14,1959,30.19411
35466,3,14,1960,30.14704
35466,3,14,1961,30.33769
35466,3,14,1962,30.52077
35466,3,14,1963,30.93785
35466,3,14,1964,31.12049
35466,3,14,1965,31.24364
35466,3,14,1966,31.57618
35466,3,14,1967,31.77123
35466,3,14,1968,31.91009
35466,3,14,1969,32.07645
35466,3,14,1970,32.20305
35466,3,14,1971,32.74609
35466,3,14,1972,33.03611
35466,3,14,1973,33.11234
35466,3,14,1974,33.08651
35466,3,14,1975,33.43359
35466,3,14,1976,33.65935
35466,3,14,1977,33.849
35466,3,14,1978,33.97796
35466,3,14,1979,33.98427
35466,3,14,1980,34.28591
35466,3,14,1981,34.67903
35466,3,14,1982,35.02844
35466,3,14,1983,35.28177
35466,3,14,1984,35.61908
35466,3,14,1985,35.84897
35466,3,14,1986,36.13724
35466,3,14,1987,36.44677
35466,3,14,1988,36.54626
35466,3,14,1989,36.8292
35466,3,14,1990,36.98333
35466,3,14,1991,37.13753
35466,3,14,1992,37.39741
35466,3,14,1993,37.59078
35466,3,14,1994,37.98251
35466,3,14,1995,38.13147
35466,3,14,1996,38.56206
35466,3,14,1997,38.79209
35466,3,14,1998,38.70352
35466,3,14,1999,38.7074
35466,3,14,2000,39.19515
35466,3,14,2001,39.50401
35466,3,14,2002,39.57885
35466,3,14,2003,39.63184
35466,3,14,2004,39.73691
35466,3,14,2005,39.86993
35466,3,14,2006,39.97758
35466,3,14,2007,40.14256
35466,3,14,2008,40.2173
35466,3,14,2009,40.53638
35466,3,14,2010,40.57378
35466,3,14,2011,40.59291
35466,3,14,2012,40.66434
35466,3,14,2013,40.95165
35466,3,14,2014,41.07039
35466,3,14,2015,41.25829
35466,3,14,2016,41.38514
35466,3,14,2017,41.68889
35466,3,14,2018,41.98644
35466,3,14,2019,42.21947
35467,1,14,1950,26.98212
35467,1,14,1951,28.04721
35467,1,14,1952,28.56878
35467,1,14,1953,28.7025
35467,1,14,1954,28.87688
35467,1,14,1955,29.29713
35467,1,14,1956,28.93571
35467,1,14,1957,28.65868
35467,1,14,1958,29.20249
35467,1,14,1959,29.41913
35467,1,14,1960,29.44013
35467,1,14,1961,29.44548
35467,1,14,1962,29.50309
35467,1,14,1963,30.06847
35467,1,14,1964,30.17568
35467,1,14,1965,30.10744
35467,1,14,1966,30.62554
35467,1,14,1967,30.99234
35467,1,14,1968,31.05759
35467,1,14,1969,31.21647
35467,1,14,1970,31.28251
35467,1,14,1971,31.79533
35467,1,14,1972,32.16711
35467,1,14,1973,32.19172
35467,1,14,1974,32.38796
35467,1,14,1975,32.5507
35467,1,14,1976,32.70486
35467,1,14,1977,32.79504
35467,1,14,1978,32.49541
35467,1,14,1979,32.07646
35467,1,14,1980,31.67258
35467,1,14,1981,31.97301
35467,1,14,1982,32.29999
35467,1,14,1983,32.29562
35467,1,14,1984,32.53605
35467,1,14,1985,32.77519
35467,1,14,1986,33.13114
35467,1,14,1987,33.3343
35467,1,14,1988,33.55972
35467,1,14,1989,33.67189
35467,1,14,1990,33.76689
35467,1,14,1991,33.949
35467,1,14,1992,33.97591
35467,1,14,1993,34.42614
35467,1,14,1994,34.67179
35467,1,14,1995,34.46468
35467,1,14,1996,34.57718
35467,1,14,1997,34.92305
35467,1,14,1998,35.02041
35467,1,14,1999,35.06606
35467,1,14,2000,35.39477
35467,1,14,2001,35.85044
35467,1,14,2002,35.85688
35467,1,14,2003,35.88981
35467,1,14,2004,36.05439
35467,1,14,2005,36.27769
35467,1,14,2006,36.69553
35467,1,14,2007,36.93675
35467,1,14,2008,37.11594
35467,1,14,2009,37.16958
35467,1,14,2010,37.23385
35467,1,14,2011,37.30129
35467,1,14,2012,37.32998
35467,1,14,2013,37.73603
35467,1,14,2014,38.28658
35467,1,14,2015,38.72504
35467,1,14,2016,38.74186
35467,1,14,2017,38.68627
35467,1,14,2018,39.10597
35467,1,14,2019,39.42424
35467,2,14,1950,29.85937
35467,2,14,1951,30.57998
35467,2,14,1952,31.02189
35467,2,14,1953,31.16267
35467,2,14,1954,31.80922
35467,2,14,1955,32.15932
35467,2,14,1956,31.83515
35467,2,14,1957,31.75371
35467,2,14,1958,32.35082
35467,2,14,1959,32.52489
35467,2,14,1960,32.49092
35467,2,14,1961,32.56402
35467,2,14,1962,32.71331
35467,2,14,1963,33.1998
35467,2,14,1964,33.25548
35467,2,14,1965,33.32289
35467,2,14,1966,33.66235
35467,2,14,1967,33.93793
35467,2,14,1968,34.05775
35467,2,14,1969,34.21409
35467,2,14,1970,34.19461
35467,2,14,1971,34.69376
35467,2,14,1972,34.80073
35467,2,14,1973,34.81904
35467,2,14,1974,35.04068
35467,2,14,1975,35.24736
35467,2,14,1976,35.53637
35467,2,14,1977,35.8023
35467,2,14,1978,35.99086
35467,2,14,1979,36.04163
35467,2,14,1980,36.12656
35467,2,14,1981,36.44468
35467,2,14,1982,36.90721
35467,2,14,1983,37.19663
35467,2,14,1984,37.51315
35467,2,14,1985,37.67484
35467,2,14,1986,37.99694
35467,2,14,1987,38.3575
35467,2,14,1988,38.50695
35467,2,14,1989,38.71306
35467,2,14,1990,39.00131
35467,2,14,1991,39.21536
35467,2,14,1992,39.4343
35467,2,14,1993,39.66954
35467,2,14,1994,39.97341
35467,2,14,1995,40.27522
35467,2,14,1996,40.60733
35467,2,14,1997,40.92323
35467,2,14,1998,41.05279
35467,2,14,1999,41.10998
35467,2,14,2000,41.36154
35467,2,14,2001,41.54083
35467,2,14,2002,41.82254
35467,2,14,2003,42.04616
35467,2,14,2004,42.22778
35467,2,14,2005,42.39231
35467,2,14,2006,42.58385
35467,2,14,2007,42.80138
35467,2,14,2008,42.89636
35467,2,14,2009,43.0875
35467,2,14,2010,43.37125
35467,2,14,2011,43.45784
35467,2,14,2012,43.41355
35467,2,14,2013,43.42718
35467,2,14,2014,43.68335
35467,2,14,2015,43.97436
35467,2,14,2016,44.14558
35467,2,14,2017,44.26063
35467,2,14,2018,44.40974
35467,2,14,2019,44.60321
35467,3,14,1950,27.94728
35467,3,14,1951,28.81724
35467,3,14,1952,29.18475
35467,3,14,1953,29.16829
35467,3,14,1954,29.61903
35467,3,14,1955,29.94079
35467,3,14,1956,29.66882
35467,3,14,1957,29.3686
35467,3,14,1958,30.0921
35467,3,14,1959,30.30979
35467,3,14,1960,30.38611
35467,3,14,1961,30.35639
35467,3,14,1962,30.44847
35467,3,14,1963,30.86575
35467,3,14,1964,31.13212
35467,3,14,1965,31.19205
35467,3,14,1966,31.57291
35467,3,14,1967,32.01793
35467,3,14,1968,31.94456
35467,3,14,1969,32.11947
35467,3,14,1970,32.25913
35467,3,14,1971,32.80465
35467,3,14,1972,33.1078
35467,3,14,1973,33.09689
35467,3,14,1974,33.39298
35467,3,14,1975,33.61969
35467,3,14,1976,33.84495
35467,3,14,1977,34.10007
35467,3,14,1978,34.15641
35467,3,14,1979,34.09055
35467,3,14,1980,33.91749
35467,3,14,1981,34.25875
35467,3,14,1982,34.63807
35467,3,14,1983,34.78491
35467,3,14,1984,35.07579
35467,3,14,1985,35.28468
35467,3,14,1986,35.64498
35467,3,14,1987,35.93569
35467,3,14,1988,36.12051
35467,3,14,1989,36.27693
35467,3,14,1990,36.45919
35467,3,14,1991,36.68546
35467,3,14,1992,36.80346
35467,3,14,1993,37.16558
35467,3,14,1994,37.42724
35467,3,14,1995,37.46099
35467,3,14,1996,37.69134
35467,3,14,1997,38.01562
35467,3,14,1998,38.16082
35467,3,14,1999,38.18416
35467,3,14,2000,38.48774
35467,3,14,2001,38.79755
35467,3,14,2002,38.949
35467,3,14,2003,39.07639
35467,3,14,2004,39.27675
35467,3,14,2005,39.43431
35467,3,14,2006,39.75128
35467,3,14,2007,39.96912
35467,3,14,2008,40.09864
35467,3,14,2009,40.21766
35467,3,14,2010,40.38555
35467,3,14,2011,40.44485
35467,3,14,2012,40.43784
35467,3,14,2013,40.65685
35467,3,14,2014,41.08431
35467,3,14,2015,41.4164
35467,3,14,2016,41.48799
35467,3,14,2017,41.4972
35467,3,14,2018,41.70212
35467,3,14,2019,41.94121
35468,1,14,1950,26.46363
35468,1,14,1951,27.37229
35468,1,14,1952,27.90845
35468,1,14,1953,28.06121
35468,1,14,1954,28.35849
35468,1,14,1955,28.65975
35468,1,14,1956,28.3235
35468,1,14,1957,27.96354
35468,1,14,1958,28.69589
35468,1,14,1959,28.8709
35468,1,14,1960,28.69886
35468,1,14,1961,28.86237
35468,1,14,1962,29.05387
35468,1,14,1963,29.41175
35468,1,14,1964,29.66897
35468,1,14,1965,29.6333
35468,1,14,1966,30.01046
35468,1,14,1967,30.41509
35468,1,14,1968,30.45148
35468,1,14,1969,30.42632
35468,1,14,1970,30.54781
35468,1,14,1971,31.18847
35468,1,14,1972,31.37516
35468,1,14,1973,31.47966
35468,1,14,1974,31.66111
35468,1,14,1975,31.90655
35468,1,14,1976,31.97387
35468,1,14,1977,32.02913
35468,1,14,1978,31.97184
35468,1,14,1979,31.55967
35468,1,14,1980,31.33918
35468,1,14,1981,31.79503
35468,1,14,1982,31.75647
35468,1,14,1983,31.92657
35468,1,14,1984,32.56678
35468,1,14,1985,32.73566
35468,1,14,1986,32.93226
35468,1,14,1987,33.34559
35468,1,14,1988,33.29819
35468,1,14,1989,33.3763
35468,1,14,1990,33.41603
35468,1,14,1991,33.55285
35468,1,14,1992,33.65797
35468,1,14,1993,33.94157
35468,1,14,1994,33.96196
35468,1,14,1995,34.13646
35468,1,14,1996,34.53434
35468,1,14,1997,34.57039
35468,1,14,1998,34.62937
35468,1,14,1999,34.82468
35468,1,14,2000,35.17282
35468,1,14,2001,35.58562
35468,1,14,2002,35.84189
35468,1,14,2003,35.70241
35468,1,14,2004,36.06782
35468,1,14,2005,36.36151
35468,1,14,2006,36.58967
35468,1,14,2007,36.69157
35468,1,14,2008,36.73649
35468,1,14,2009,36.73768
35468,1,14,2010,36.85693
35468,1,14,2011,36.94697
35468,1,14,2012,37.21223
35468,1,14,2013,37.4031
35468,1,14,2014,37.55277
35468,1,14,2015,37.69017
35468,1,14,2016,37.70051
35468,1,14,2017,38.18524
35468,1,14,2018,38.71998
35468,1,14,2019,39.11276
35468,2,14,1950,29.76179
35468,2,14,1951,30.58794
35468,2,14,1952,31.12907
35468,2,14,1953,31.31098
35468,2,14,1954,31.84383
35468,2,14,1955,32.19061
35468,2,14,1956,31.83833
35468,2,14,1957,31.72085
35468,2,14,1958,32.34426
35468,2,14,1959,32.42526
35468,2,14,1960,32.39304
35468,2,14,1961,32.5196
35468,2,14,1962,32.71366
35468,2,14,1963,33.21245
35468,2,14,1964,33.46387
35468,2,14,1965,33.45253
35468,2,14,1966,33.80821
35468,2,14,1967,34.21629
35468,2,14,1968,34.25238
35468,2,14,1969,34.36391
35468,2,14,1970,34.45224
35468,2,14,1971,34.87246
35468,2,14,1972,35.11536
35468,2,14,1973,35.05911
35468,2,14,1974,35.13557
35468,2,14,1975,35.39965
35468,2,14,1976,35.70768
35468,2,14,1977,35.96497
35468,2,14,1978,36.22686
35468,2,14,1979,36.26035
35468,2,14,1980,36.37892
35468,2,14,1981,36.58933
35468,2,14,1982,36.90817
35468,2,14,1983,37.18581
35468,2,14,1984,37.59256
35468,2,14,1985,37.96077
35468,2,14,1986,38.30469
35468,2,14,1987,38.54411
35468,2,14,1988,38.77213
35468,2,14,1989,39.20726
35468,2,14,1990,39.35941
35468,2,14,1991,39.45156
35468,2,14,1992,39.77961
35468,2,14,1993,39.96579
35468,2,14,1994,40.19094
35468,2,14,1995,40.46659
35468,2,14,1996,40.89364
35468,2,14,1997,41.21981
35468,2,14,1998,41.32866
35468,2,14,1999,41.4561
35468,2,14,2000,41.79575
35468,2,14,2001,42.06114
35468,2,14,2002,42.2768
35468,2,14,2003,42.34293
35468,2,14,2004,42.4665
35468,2,14,2005,42.61948
35468,2,14,2006,42.80846
35468,2,14,2007,42.98525
35468,2,14,2008,43.06342
35468,2,14,2009,43.1491
35468,2,14,2010,43.05107
35468,2,14,2011,43.04382
35468,2,14,2012,43.299
35468,2,14,2013,43.53966
35468,2,14,2014,43.64211
35468,2,14,2015,43.62386
35468,2,14,2016,43.67004
35468,2,14,2017,43.81947
35468,2,14,2018,43.94844
35468,2,14,2019,44.133
35468,3,14,1950,27.41339
35468,3,14,1951,28.25647
35468,3,14,1952,28.85229
35468,3,14,1953,28.92457
35468,3,14,1954,29.21485
35468,3,14,1955,29.61952
35468,3,14,1956,29.39503
35468,3,14,1957,29.04834
35468,3,14,1958,29.88892
35468,3,14,1959,29.85611
35468,3,14,1960,29.89203
35468,3,14,1961,30.08947
35468,3,14,1962,30.20233
35468,3,14,1963,30.63633
35468,3,14,1964,30.86849
35468,3,14,1965,30.79268
35468,3,14,1966,31.30412
35468,3,14,1967,31.5834
35468,3,14,1968,31.74677
35468,3,14,1969,31.9001
35468,3,14,1970,32.0757
35468,3,14,1971,32.57021
35468,3,14,1972,32.85707
35468,3,14,1973,32.86903
35468,3,14,1974,33.0748
35468,3,14,1975,33.36554
35468,3,14,1976,33.61519
35468,3,14,1977,33.87231
35468,3,14,1978,33.99528
35468,3,14,1979,33.93057
35468,3,14,1980,33.89536
35468,3,14,1981,34.23732
35468,3,14,1982,34.41857
35468,3,14,1983,34.62347
35468,3,14,1984,35.15602
35468,3,14,1985,35.4373
35468,3,14,1986,35.70389
35468,3,14,1987,36.03506
35468,3,14,1988,36.13519
35468,3,14,1989,36.36931
35468,3,14,1990,36.49294
35468,3,14,1991,36.61091
35468,3,14,1992,36.83731
35468,3,14,1993,37.06405
35468,3,14,1994,37.17692
35468,3,14,1995,37.40327
35468,3,14,1996,37.82615
35468,3,14,1997,38.02155
35468,3,14,1998,38.11057
35468,3,14,1999,38.27126
35468,3,14,2000,38.62626
35468,3,14,2001,38.96566
35468,3,14,2002,39.21143
35468,3,14,2003,39.16839
35468,3,14,2004,39.41645
35468,3,14,2005,39.62113
35468,3,14,2006,39.81061
35468,3,14,2007,39.92972
35468,3,14,2008,39.99
35468,3,14,2009,40.02477
35468,3,14,2010,40.03607
35468,3,14,2011,40.05976
35468,3,14,2012,40.32218
35468,3,14,2013,40.52368
35468,3,14,2014,40.63294
35468,3,14,2015,40.72037
35468,3,14,2016,40.71263
35468,3,14,2017,41.02623
35468,3,14,2018,41.29784
35468,3,14,2019,41.50109
35469,1,14,1950,25.86606
35469,1,14,1951,26.87924
35469,1,14,1952,27.50063
35469,1,14,1953,27.65374
35469,1,14,1954,27.96215
35469,1,14,1955,28.1748
35469,1,14,1956,27.74419
35469,1,14,1957,27.5917
35469,1,14,1958,28.34039
35469,1,14,1959,28.43075
35469,1,14,1960,28.37653
35469,1,14,1961,28.5399
35469,1,14,1962,28.53052
35469,1,14,1963,29.07837
35469,1,14,1964,29.27116
35469,1,14,1965,29.18237
35469,1,14,1966,29.74427
35469,1,14,1967,29.86097
35469,1,14,1968,30.00105
35469,1,14,1969,30.07117
35469,1,14,1970,30.10035
35469,1,14,1971,30.65391
35469,1,14,1972,30.89867
35469,1,14,1973,30.83909
35469,1,14,1974,31.05017
35469,1,14,1975,31.20634
35469,1,14,1976,31.40239
35469,1,14,1977,31.41706
35469,1,14,1978,31.32476
35469,1,14,1979,31.07961
35469,1,14,1980,31.28059
35469,1,14,1981,31.75562
35469,1,14,1982,31.98727
35469,1,14,1983,31.87117
35469,1,14,1984,32.35008
35469,1,14,1985,32.41285
35469,1,14,1986,32.74389
35469,1,14,1987,33.06296
35469,1,14,1988,32.88944
35469,1,14,1989,33.24611
35469,1,14,1990,33.41321
35469,1,14,1991,33.36001
35469,1,14,1992,33.58485
35469,1,14,1993,33.57835
35469,1,14,1994,33.94024
35469,1,14,1995,33.87245
35469,1,14,1996,34.10706
35469,1,14,1997,34.55678
35469,1,14,1998,34.66282
35469,1,14,1999,34.47416
35469,1,14,2000,34.71777
35469,1,14,2001,34.97057
35469,1,14,2002,35.35409
35469,1,14,2003,35.49399
35469,1,14,2004,35.60128
35469,1,14,2005,35.54616
35469,1,14,2006,35.65309
35469,1,14,2007,35.85953
35469,1,14,2008,36.20829
35469,1,14,2009,36.408
35469,1,14,2010,36.39877
35469,1,14,2011,36.4112
35469,1,14,2012,36.70873
35469,1,14,2013,36.92202
35469,1,14,2014,37.07986
35469,1,14,2015,37.33315
35469,1,14,2016,37.44325
35469,1,14,2017,38.08808
35469,1,14,2018,38.61277
35469,1,14,2019,39.24052
35469,2,14,1950,28.99043
35469,2,14,1951,29.74348
35469,2,14,1952,30.33618
35469,2,14,1953,30.47428
35469,2,14,1954,31.17034
35469,2,14,1955,31.50256
35469,2,14,1956,31.30168
35469,2,14,1957,31.09978
35469,2,14,1958,31.80927
35469,2,14,1959,31.93768
35469,2,14,1960,31.9051
35469,2,14,1961,32.04703
35469,2,14,1962,32.3245
35469,2,14,1963,32.7788
35469,2,14,1964,32.9535
35469,2,14,1965,32.93262
35469,2,14,1966,33.42664
35469,2,14,1967,33.664
35469,2,14,1968,33.76169
35469,2,14,1969,33.85786
35469,2,14,1970,33.94648
35469,2,14,1971,34.39686
35469,2,14,1972,34.69579
35469,2,14,1973,34.61096
35469,2,14,1974,34.77358
35469,2,14,1975,35.01343
35469,2,14,1976,35.29129
35469,2,14,1977,35.58835
35469,2,14,1978,35.84728
35469,2,14,1979,35.83415
35469,2,14,1980,35.97997
35469,2,14,1981,36.27577
35469,2,14,1982,36.74738
35469,2,14,1983,36.92798
35469,2,14,1984,37.14888
35469,2,14,1985,37.48598
35469,2,14,1986,37.93359
35469,2,14,1987,38.24196
35469,2,14,1988,38.43085
35469,2,14,1989,38.69522
35469,2,14,1990,38.90717
35469,2,14,1991,39.23827
35469,2,14,1992,39.46572
35469,2,14,1993,39.65894
35469,2,14,1994,39.97083
35469,2,14,1995,40.04088
35469,2,14,1996,40.40079
35469,2,14,1997,40.77759
35469,2,14,1998,40.96314
35469,2,14,1999,41.0745
35469,2,14,2000,41.37786
35469,2,14,2001,41.69417
35469,2,14,2002,41.87414
35469,2,14,2003,42.08445
35469,2,14,2004,42.30188
35469,2,14,2005,42.30693
35469,2,14,2006,42.45211
35469,2,14,2007,42.47626
35469,2,14,2008,42.53866
35469,2,14,2009,42.71494
35469,2,14,2010,42.84832
35469,2,14,2011,42.88063
35469,2,14,2012,42.99952
35469,2,14,2013,43.19068
35469,2,14,2014,43.36447
35469,2,14,2015,43.52996
35469,2,14,2016,43.71432
35469,2,14,2017,44.05475
35469,2,14,2018,44.33637
35469,2,14,2019,44.61791
35469,3,14,1950,26.93482
35469,3,14,1951,27.75744
35469,3,14,1952,28.39525
35469,3,14,1953,28.56311
35469,3,14,1954,28.92351
35469,3,14,1955,29.27924
35469,3,14,1956,28.91588
35469,3,14,1957,28.7922
35469,3,14,1958,29.36722
35469,3,14,1959,29.56305
35469,3,14,1960,29.59215
35469,3,14,1961,29.57243
35469,3,14,1962,29.7224
35469,3,14,1963,30.3199
35469,3,14,1964,30.56888
35469,3,14,1965,30.50716
35469,3,14,1966,30.94651
35469,3,14,1967,31.20027
35469,3,14,1968,31.34707
35469,3,14,1969,31.4368
35469,3,14,1970,31.63073
35469,3,14,1971,32.09972
35469,3,14,1972,32.38656
35469,3,14,1973,32.4133
35469,3,14,1974,32.62144
35469,3,14,1975,32.91021
35469,3,14,1976,33.12627
35469,3,14,1977,33.36233
35469,3,14,1978,33.56813
35469,3,14,1979,33.55439
35469,3,14,1980,33.72621
35469,3,14,1981,34.13237
35469,3,14,1982,34.48522
35469,3,14,1983,34.51675
35469,3,14,1984,34.89016
35469,3,14,1985,35.09774
35469,3,14,1986,35.49045
35469,3,14,1987,35.80088
35469,3,14,1988,35.80547
35469,3,14,1989,36.12454
35469,3,14,1990,36.33504
35469,3,14,1991,36.47614
35469,3,14,1992,36.67945
35469,3,14,1993,36.77655
35469,3,14,1994,37.09749
35469,3,14,1995,37.1261
35469,3,14,1996,37.40608
35469,3,14,1997,37.83044
35469,3,14,1998,37.97688
35469,3,14,1999,37.9111
35469,3,14,2000,38.17768
35469,3,14,2001,38.47057
35469,3,14,2002,38.76234
35469,3,14,2003,38.92437
35469,3,14,2004,39.09658
35469,3,14,2005,39.05906
35469,3,14,2006,39.16069
35469,3,14,2007,39.26325
35469,3,14,2008,39.48137
35469,3,14,2009,39.65773
35469,3,14,2010,39.72266
35469,3,14,2011,39.71524
35469,3,14,2012,39.93518
35469,3,14,2013,40.08975
35469,3,14,2014,40.24979
35469,3,14,2015,40.45954
35469,3,14,2016,40.57797
35469,3,14,2017,41.07689
35469,3,14,2018,41.40274
35469,3,14,2019,41.7256
35470,1,14,1950,25.73585
35470,1,14,1951,26.66041
35470,1,14,1952,27.53572
35470,1,14,1953,27.69951
35470,1,14,1954,27.79985
35470,1,14,1955,28.09044
35470,1,14,1956,27.76527
35470,1,14,1957,27.32284
35470,1,14,1958,28.00487
35470,1,14,1959,28.38734
35470,1,14,1960,28.12444
35470,1,14,1961,28.22017
35470,1,14,1962,28.26467
35470,1,14,1963,28.84607
35470,1,14,1964,29.03236
35470,1,14,1965,28.8593
35470,1,14,1966,29.40564
35470,1,14,1967,29.41861
35470,1,14,1968,29.42169
35470,1,14,1969,29.47923
35470,1,14,1970,29.43295
35470,1,14,1971,29.84448
35470,1,14,1972,30.08266
35470,1,14,1973,29.97536
35470,1,14,1974,30.13426
35470,1,14,1975,30.14233
35470,1,14,1976,30.04073
35470,1,14,1977,30.18475
35470,1,14,1978,30.21817
35470,1,14,1979,30.27502
35470,1,14,1980,32.21476
35470,1,14,1981,32.98868
35470,1,14,1982,33.30248
35470,1,14,1983,33.51917
35470,1,14,1984,33.86276
35470,1,14,1985,34.24534
35470,1,14,1986,34.18512
35470,1,14,1987,34.46587
35470,1,14,1988,34.63803
35470,1,14,1989,34.63833
35470,1,14,1990,34.50296
35470,1,14,1991,34.92953
35470,1,14,1992,34.83511
35470,1,14,1993,34.87486
35470,1,14,1994,35.22345
35470,1,14,1995,35.07906
35470,1,14,1996,35.44933
35470,1,14,1997,35.59481
35470,1,14,1998,35.59685
35470,1,14,1999,35.47325
35470,1,14,2000,35.54183
35470,1,14,2001,35.79308
35470,1,14,2002,36.15138
35470,1,14,2003,36.1115
35470,1,14,2004,36.28536
35470,1,14,2005,36.36628
35470,1,14,2006,36.43279
35470,1,14,2007,36.47017
35470,1,14,2008,36.46128
35470,1,14,2009,36.43411
35470,1,14,2010,36.73371
35470,1,14,2011,36.77423
35470,1,14,2012,37.21542
35470,1,14,2013,37.28537
35470,1,14,2014,37.5684
35470,1,14,2015,37.64886
35470,1,14,2016,37.63179
35470,1,14,2017,37.78928
35470,1,14,2018,38.27464
35470,1,14,2019,38.67272
35470,2,14,1950,29.96274
35470,2,14,1951,30.95852
35470,2,14,1952,31.64359
35470,2,14,1953,31.8678
35470,2,14,1954,32.57766
35470,2,14,1955,32.77899
35470,2,14,1956,32.37424
35470,2,14,1957,31.94457
35470,2,14,1958,32.56135
35470,2,14,1959,32.81586
35470,2,14,1960,32.81221
35470,2,14,1961,32.94735
35470,2,14,1962,33.16033
35470,2,14,1963,33.72271
35470,2,14,1964,33.92687
35470,2,14,1965,33.85648
35470,2,14,1966,34.3348
35470,2,14,1967,34.55749
35470,2,14,1968,34.49872
35470,2,14,1969,34.74429
35470,2,14,1970,34.91332
35470,2,14,1971,35.31144
35470,2,14,1972,35.52981
35470,2,14,1973,35.55423
35470,2,14,1974,35.62318
35470,2,14,1975,35.71278
35470,2,14,1976,36.04317
35470,2,14,1977,36.38707
35470,2,14,1978,36.2903
35470,2,14,1979,36.62379
35470,2,14,1980,37.6048
35470,2,14,1981,38.44491
35470,2,14,1982,38.9478
35470,2,14,1983,39.2385
35470,2,14,1984,39.75605
35470,2,14,1985,40.16261
35470,2,14,1986,40.35743
35470,2,14,1987,40.56831
35470,2,14,1988,40.7726
35470,2,14,1989,40.96166
35470,2,14,1990,41.07042
35470,2,14,1991,41.2392
35470,2,14,1992,41.33537
35470,2,14,1993,41.47298
35470,2,14,1994,41.73079
35470,2,14,1995,41.89735
35470,2,14,1996,42.19987
35470,2,14,1997,42.36162
35470,2,14,1998,42.45998
35470,2,14,1999,42.61609
35470,2,14,2000,42.85521
35470,2,14,2001,43.01114
35470,2,14,2002,43.15519
35470,2,14,2003,43.25862
35470,2,14,2004,43.31893
35470,2,14,2005,43.22896
35470,2,14,2006,43.36956
35470,2,14,2007,43.39694
35470,2,14,2008,43.05314
35470,2,14,2009,43.0158
35470,2,14,2010,43.43551
35470,2,14,2011,43.57109
35470,2,14,2012,43.58315
35470,2,14,2013,43.22306
35470,2,14,2014,43.21474
35470,2,14,2015,43.44127
35470,2,14,2016,43.57055
35470,2,14,2017,43.92148
35470,2,14,2018,44.1835
35470,2,14,2019,44.47746
35470,3,14,1950,27.34373
35470,3,14,1951,28.30454
35470,3,14,1952,29.15902
35470,3,14,1953,29.06255
35470,3,14,1954,29.5397
35470,3,14,1955,29.8805
35470,3,14,1956,29.40835
35470,3,14,1957,29.05097
35470,3,14,1958,29.80833
35470,3,14,1959,30.05526
35470,3,14,1960,30.00645
35470,3,14,1961,29.9687
35470,3,14,1962,30.29825
35470,3,14,1963,30.81067
35470,3,14,1964,31.15849
35470,3,14,1965,30.97407
35470,3,14,1966,31.35924
35470,3,14,1967,31.58462
35470,3,14,1968,31.53085
35470,3,14,1969,31.84219
35470,3,14,1970,31.76423
35470,3,14,1971,32.22746
35470,3,14,1972,32.56766
35470,3,14,1973,32.62664
35470,3,14,1974,32.70451
35470,3,14,1975,32.79543
35470,3,14,1976,33.04431
35470,3,14,1977,33.30026
35470,3,14,1978,33.33628
35470,3,14,1979,33.61896
35470,3,14,1980,35.10428
35470,3,14,1981,35.96691
35470,3,14,1982,36.34509
35470,3,14,1983,36.59349
35470,3,14,1984,37.04312
35470,3,14,1985,37.45163
35470,3,14,1986,37.50986
35470,3,14,1987,37.76174
35470,3,14,1988,37.94324
35470,3,14,1989,38.06574
35470,3,14,1990,38.01731
35470,3,14,1991,38.3063
35470,3,14,1992,38.31114
35470,3,14,1993,38.35549
35470,3,14,1994,38.69302
35470,3,14,1995,38.67208
35470,3,14,1996,39.02173
35470,3,14,1997,39.18225
35470,3,14,1998,39.2122
35470,3,14,1999,39.16562
35470,3,14,2000,39.32185
35470,3,14,2001,39.52625
35470,3,14,2002,39.76847
35470,3,14,2003,39.80092
35470,3,14,2004,39.87751
35470,3,14,2005,39.88311
35470,3,14,2006,39.96686
35470,3,14,2007,39.97963
35470,3,14,2008,39.78827
35470,3,14,2009,39.70943
35470,3,14,2010,40.08196
35470,3,14,2011,40.14973
35470,3,14,2012,40.38228
35470,3,14,2013,40.23239
35470,3,14,2014,40.32997
35470,3,14,2015,40.50136
35470,3,14,2016,40.51789
35470,3,14,2017,40.71125
35470,3,14,2018,41.04245
35470,3,14,2019,41.41192
35617,1,14,1950,24.92192
35617,1,14,1951,25.13965
35617,1,14,1952,24.95946
35617,1,14,1953,25.32549
35617,1,14,1954,25.52909
35617,1,14,1955,25.41333
35617,1,14,1956,25.5178
35617,1,14,1957,25.86948
35617,1,14,1958,25.90817
35617,1,14,1959,26.00577
35617,1,14,1960,25.68552
35617,1,14,1961,25.89805
35617,1,14,1962,25.74061
35617,1,14,1963,26.06588
35617,1,14,1964,26.57138
35617,1,14,1965,25.84207
35617,1,14,1966,26.36934
35617,1,14,1967,26.54097
35617,1,14,1968,26.3839
35617,1,14,1969,26.40023
35617,1,14,1970,26.61786
35617,1,14,1971,26.30231
35617,1,14,1972,26.81366
35617,1,14,1973,26.89499
35617,1,14,1974,26.91956
35617,1,14,1975,26.99698
35617,1,14,1976,27.1117
35617,1,14,1977,27.31732
35617,1,14,1978,27.16307
35617,1,14,1979,27.38235
35617,1,14,1980,27.58295
35617,1,14,1981,27.7484
35617,1,14,1982,27.84559
35617,1,14,1983,27.59754
35617,1,14,1984,27.49561
35617,1,14,1985,27.63561
35617,1,14,1986,27.5803
35617,1,14,1987,27.32883
35617,1,14,1988,27.41261
35617,1,14,1989,27.31699
35617,1,14,1990,27.4078
35617,1,14,1991,27.12639
35617,1,14,1992,26.84868
35617,1,14,1993,26.35688
35617,1,14,1994,26.58144
35617,1,14,1995,25.94238
35617,1,14,1996,25.45769
35617,1,14,1997,25.24467
35617,1,14,1998,24.88914
35617,1,14,1999,24.771
35617,1,14,2000,24.32657
35617,1,14,2001,24.59671
35617,1,14,2002,24.24129
35617,1,14,2003,24.74026
35617,1,14,2004,24.76405
35617,1,14,2005,24.60169
35617,1,14,2006,25.01536
35617,1,14,2007,25.19688
35617,1,14,2008,25.09844
35617,1,14,2009,25.42342
35617,1,14,2010,25.78537
35617,1,14,2011,26.26466
35617,1,14,2012,26.88776
35617,1,14,2013,27.43433
35617,1,14,2014,28.18624
35617,1,14,2015,28.64726
35617,1,14,2016,29.15506
35617,1,14,2017,29.56849
35617,1,14,2018,30.17799
35617,1,14,2019,30.17576
35617,2,14,1950,28.36765
35617,2,14,1951,28.45207
35617,2,14,1952,28.59015
35617,2,14,1953,28.6919
35617,2,14,1954,28.6433
35617,2,14,1955,28.69383
35617,2,14,1956,28.78302
35617,2,14,1957,28.70361
35617,2,14,1958,29.03882
35617,2,14,1959,28.81219
35617,2,14,1960,28.93947
35617,2,14,1961,29.03446
35617,2,14,1962,29.03063
35617,2,14,1963,28.97378
35617,2,14,1964,29.02831
35617,2,14,1965,29.13939
35617,2,14,1966,29.16762
35617,2,14,1967,29.09378
35617,2,14,1968,28.9534
35617,2,14,1969,28.9026
35617,2,14,1970,29.06471
35617,2,14,1971,29.14523
35617,2,14,1972,29.1702
35617,2,14,1973,29.16594
35617,2,14,1974,29.21592
35617,2,14,1975,29.14341
35617,2,14,1976,29.28274
35617,2,14,1977,29.22913
35617,2,14,1978,29.38478
35617,2,14,1979,29.3806
35617,2,14,1980,29.27669
35617,2,14,1981,29.51263
35617,2,14,1982,29.54176
35617,2,14,1983,29.3628
35617,2,14,1984,29.36453
35617,2,14,1985,29.51396
35617,2,14,1986,29.74042
35617,2,14,1987,29.76886
35617,2,14,1988,29.93145
35617,2,14,1989,30.10142
35617,2,14,1990,30.4699
35617,2,14,1991,30.51182
35617,2,14,1992,30.84808
35617,2,14,1993,30.98286
35617,2,14,1994,30.85995
35617,2,14,1995,31.05383
35617,2,14,1996,31.04544
35617,2,14,1997,30.89255
35617,2,14,1998,30.89963
35617,2,14,1999,30.65181
35617,2,14,2000,30.61539
35617,2,14,2001,30.74961
35617,2,14,2002,30.75621
35617,2,14,2003,30.05871
35617,2,14,2004,30.48064
35617,2,14,2005,30.48946
35617,2,14,2006,30.73859
35617,2,14,2007,30.93341
35617,2,14,2008,30.94637
35617,2,14,2009,31.33845
35617,2,14,2010,31.51844
35617,2,14,2011,31.7411
35617,2,14,2012,31.93371
35617,2,14,2013,32.02346
35617,2,14,2014,32.24716
35617,2,14,2015,32.29257
35617,2,14,2016,32.50955
35617,2,14,2017,32.67783
35617,2,14,2018,32.87847
35617,2,14,2019,33.15974
35617,3,14,1950,25.44591
35617,3,14,1951,25.61865
35617,3,14,1952,25.60214
35617,3,14,1953,25.53553
35617,3,14,1954,25.7156
35617,3,14,1955,25.77042
35617,3,14,1956,25.84739
35617,3,14,1957,25.92277
35617,3,14,1958,26.19405
35617,3,14,1959,26.32027
35617,3,14,1960,26.16419
35617,3,14,1961,26.22652
35617,3,14,1962,26.2413
35617,3,14,1963,26.35801
35617,3,14,1964,26.54914
35617,3,14,1965,26.42065
35617,3,14,1966,26.50282
35617,3,14,1967,26.57264
35617,3,14,1968,26.49258
35617,3,14,1969,26.58735
35617,3,14,1970,26.70987
35617,3,14,1971,26.63032
35617,3,14,1972,26.79702
35617,3,14,1973,26.84277
35617,3,14,1974,27.06663
35617,3,14,1975,27.03154
35617,3,14,1976,27.11337
35617,3,14,1977,27.25716
35617,3,14,1978,27.14599
35617,3,14,1979,27.13426
35617,3,14,1980,27.28367
35617,3,14,1981,27.69108
35617,3,14,1982,27.44814
35617,3,14,1983,27.54675
35617,3,14,1984,27.54978
35617,3,14,1985,27.59209
35617,3,14,1986,27.65497
35617,3,14,1987,27.80805
35617,3,14,1988,27.70893
35617,3,14,1989,27.72811
35617,3,14,1990,27.90631
35617,3,14,1991,27.7713
35617,3,14,1992,27.70604
35617,3,14,1993,27.60546
35617,3,14,1994,27.4932
35617,3,14,1995,27.47559
35617,3,14,1996,27.31165
35617,3,14,1997,26.98661
35617,3,14,1998,26.83829
35617,3,14,1999,26.6691
35617,3,14,2000,26.57607
35617,3,14,2001,26.58796
35617,3,14,2002,26.55381
35617,3,14,2003,26.53418
35617,3,14,2004,26.73217
35617,3,14,2005,26.61072
35617,3,14,2006,26.94657
35617,3,14,2007,27.18088
35617,3,14,2008,27.17534
35617,3,14,2009,27.49134
35617,3,14,2010,27.84894
35617,3,14,2011,28.13037
35617,3,14,2012,28.5915
35617,3,14,2013,29.05884
35617,3,14,2014,29.35579
35617,3,14,2015,29.66384
35617,3,14,2016,29.94965
35617,3,14,2017,30.33653
35617,3,14,2018,30.56021
35617,3,14,2019,30.72304
35618,1,14,1950,33.39396
35618,1,14,1951,33.33431
35618,1,14,1952,33.47482
35618,1,14,1953,33.43212
35618,1,14,1954,33.38563
35618,1,14,1955,33.40052
35618,1,14,1956,33.29812
35618,1,14,1957,33.68657
35618,1,14,1958,33.91652
35618,1,14,1959,33.70816
35618,1,14,1960,33.87912
35618,1,14,1961,34.03416
35618,1,14,1962,34.2657
35618,1,14,1963,34.04136
35618,1,14,1964,34.16951
35618,1,14,1965,34.20238
35618,1,14,1966,34.3871
35618,1,14,1967,34.43781
35618,1,14,1968,34.61439
35618,1,14,1969,34.81332
35618,1,14,1970,34.59881
35618,1,14,1971,34.8669
35618,1,14,1972,35.10293
35618,1,14,1973,35.28096
35618,1,14,1974,35.13417
35618,1,14,1975,35.17069
35618,1,14,1976,35.34479
35618,1,14,1977,35.2504
35618,1,14,1978,35.52094
35618,1,14,1979,35.62715
35618,1,14,1980,35.63043
35618,1,14,1981,36.15476
35618,1,14,1982,35.99119
35618,1,14,1983,36.11985
35618,1,14,1984,35.87757
35618,1,14,1985,36.12533
35618,1,14,1986,35.5166
35618,1,14,1987,35.31081
35618,1,14,1988,34.58008
35618,1,14,1989,33.61154
35618,1,14,1990,32.46648
35618,1,14,1991,31.80062
35618,1,14,1992,31.21739
35618,1,14,1993,30.57569
35618,1,14,1994,30.16068
35618,1,14,1995,29.56231
35618,1,14,1996,28.84771
35618,1,14,1997,28.34144
35618,1,14,1998,27.74195
35618,1,14,1999,27.34074
35618,1,14,2000,26.94828
35618,1,14,2001,26.47391
35618,1,14,2002,26.25786
35618,1,14,2003,25.9947
35618,1,14,2004,26.37087
35618,1,14,2005,26.30682
35618,1,14,2006,26.57111
35618,1,14,2007,26.96696
35618,1,14,2008,27.27636
35618,1,14,2009,27.50916
35618,1,14,2010,27.73816
35618,1,14,2011,27.72719
35618,1,14,2012,28.0964
35618,1,14,2013,28.11055
35618,1,14,2014,28.51637
35618,1,14,2015,28.97285
35618,1,14,2016,29.39169
35618,1,14,2017,29.45519
35618,1,14,2018,29.58769
35618,1,14,2019,29.68919
35618,2,14,1950,36.15056
35618,2,14,1951,36.23012
35618,2,14,1952,36.10599
35618,2,14,1953,36.19918
35618,2,14,1954,36.04329
35618,2,14,1955,36.21303
35618,2,14,1956,36.13767
35618,2,14,1957,36.48898
35618,2,14,1958,36.37091
35618,2,14,1959,36.52299
35618,2,14,1960,36.24988
35618,2,14,1961,36.20351
35618,2,14,1962,36.52901
35618,2,14,1963,36.48567
35618,2,14,1964,36.37769
35618,2,14,1965,36.63684
35618,2,14,1966,36.49632
35618,2,14,1967,36.74265
35618,2,14,1968,36.71496
35618,2,14,1969,36.64022
35618,2,14,1970,36.77516
35618,2,14,1971,36.50968
35618,2,14,1972,37.01321
35618,2,14,1973,37.0816
35618,2,14,1974,36.95632
35618,2,14,1975,36.87692
35618,2,14,1976,36.8657
35618,2,14,1977,37.07551
35618,2,14,1978,36.9344
35618,2,14,1979,37.00937
35618,2,14,1980,37.28468
35618,2,14,1981,37.26049
35618,2,14,1982,37.41112
35618,2,14,1983,37.51876
35618,2,14,1984,37.20033
35618,2,14,1985,37.34955
35618,2,14,1986,37.19055
35618,2,14,1987,36.72823
35618,2,14,1988,36.12552
35618,2,14,1989,35.37265
35618,2,14,1990,35.05633
35618,2,14,1991,34.73721
35618,2,14,1992,34.37443
35618,2,14,1993,34.24808
35618,2,14,1994,33.56719
35618,2,14,1995,33.19641
35618,2,14,1996,32.73203
35618,2,14,1997,32.20107
35618,2,14,1998,31.96325
35618,2,14,1999,31.9056
35618,2,14,2000,31.55847
35618,2,14,2001,31.45297
35618,2,14,2002,31.27305
35618,2,14,2003,31.28086
35618,2,14,2004,31.21487
35618,2,14,2005,31.54791
35618,2,14,2006,31.80793
35618,2,14,2007,32.13803
35618,2,14,2008,32.28407
35618,2,14,2009,32.38647
35618,2,14,2010,32.53211
35618,2,14,2011,32.63064
35618,2,14,2012,32.61871
35618,2,14,2013,32.62654
35618,2,14,2014,32.65065
35618,2,14,2015,32.63791
35618,2,14,2016,32.86186
35618,2,14,2017,32.95967
35618,2,14,2018,32.93781
35618,2,14,2019,33.08824
35618,3,14,1950,33.5302
35618,3,14,1951,33.76132
35618,3,14,1952,33.73085
35618,3,14,1953,33.5029
35618,3,14,1954,33.744
35618,3,14,1955,33.72449
35618,3,14,1956,33.86477
35618,3,14,1957,33.91944
35618,3,14,1958,34.02461
35618,3,14,1959,33.93253
35618,3,14,1960,34.03818
35618,3,14,1961,34.33361
35618,3,14,1962,34.15219
35618,3,14,1963,34.23252
35618,3,14,1964,34.32461
35618,3,14,1965,34.556
35618,3,14,1966,34.4624
35618,3,14,1967,34.43789
35618,3,14,1968,34.96958
35618,3,14,1969,34.72413
35618,3,14,1970,34.57801
35618,3,14,1971,34.66764
35618,3,14,1972,34.97599
35618,3,14,1973,35.01599
35618,3,14,1974,35.0061
35618,3,14,1975,35.04451
35618,3,14,1976,35.01057
35618,3,14,1977,35.30123
35618,3,14,1978,35.17031
35618,3,14,1979,35.30201
35618,3,14,1980,35.34283
35618,3,14,1981,35.61069
35618,3,14,1982,35.64475
35618,3,14,1983,35.7802
35618,3,14,1984,35.69005
35618,3,14,1985,35.90788
35618,3,14,1986,35.69166
35618,3,14,1987,35.3014
35618,3,14,1988,34.82975
35618,3,14,1989,34.22682
35618,3,14,1990,33.60819
35618,3,14,1991,33.10333
35618,3,14,1992,32.56982
35618,3,14,1993,32.0485
35618,3,14,1994,31.55272
35618,3,14,1995,31.01162
35618,3,14,1996,30.41376
35618,3,14,1997,29.95053
35618,3,14,1998,29.31399
35618,3,14,1999,29.09989
35618,3,14,2000,28.81032
35618,3,14,2001,28.38622
35618,3,14,2002,28.2313
35618,3,14,2003,28.10431
35618,3,14,2004,28.3968
35618,3,14,2005,28.43755
35618,3,14,2006,28.66699
35618,3,14,2007,28.9966
35618,3,14,2008,29.23923
35618,3,14,2009,29.49229
35618,3,14,2010,29.63986
35618,3,14,2011,29.71673
35618,3,14,2012,30.00895
35618,3,14,2013,30.01296
35618,3,14,2014,30.2593
35618,3,14,2015,30.53781
35618,3,14,2016,30.85351
35618,3,14,2017,30.93783
35618,3,14,2018,30.97977
35618,3,14,2019,31.07518
35619,1,14,1950,25.61377
35619,1,14,1951,25.7572
35619,1,14,1952,25.72391
35619,1,14,1953,25.72083
35619,1,14,1954,25.89609
35619,1,14,1955,26.46156
35619,1,14,1956,26.61899
35619,1,14,1957,27.26829
35619,1,14,1958,27.25151
35619,1,14,1959,27.59117
35619,1,14,1960,27.57291
35619,1,14,1961,27.84916
35619,1,14,1962,27.87448
35619,1,14,1963,28.10912
35619,1,14,1964,28.30236
35619,1,14,1965,28.80212
35619,1,14,1966,28.60985
35619,1,14,1967,28.83298
35619,1,14,1968,28.98022
35619,1,14,1969,29.23142
35619,1,14,1970,29.60956
35619,1,14,1971,29.7549
35619,1,14,1972,29.73523
35619,1,14,1973,29.90397
35619,1,14,1974,30.09969
35619,1,14,1975,30.28816
35619,1,14,1976,30.39806
35619,1,14,1977,30.30563
35619,1,14,1978,30.39678
35619,1,14,1979,30.57724
35619,1,14,1980,30.84637
35619,1,14,1981,31.03675
35619,1,14,1982,31.13357
35619,1,14,1983,30.92552
35619,1,14,1984,31.02361
35619,1,14,1985,31.05628
35619,1,14,1986,30.91553
35619,1,14,1987,30.78906
35619,1,14,1988,31.13459
35619,1,14,1989,31.17181
35619,1,14,1990,30.91689
35619,1,14,1991,30.70357
35619,1,14,1992,30.51537
35619,1,14,1993,30.26935
35619,1,14,1994,30.44707
35619,1,14,1995,29.9566
35619,1,14,1996,30.10606
35619,1,14,1997,29.5165
35619,1,14,1998,28.75319
35619,1,14,1999,28.59937
35619,1,14,2000,28.19065
35619,1,14,2001,28.27958
35619,1,14,2002,28.14962
35619,1,14,2003,28.28296
35619,1,14,2004,28.42622
35619,1,14,2005,28.65059
35619,1,14,2006,29.20035
35619,1,14,2007,28.93304
35619,1,14,2008,29.05196
35619,1,14,2009,29.58807
35619,1,14,2010,30.30978
35619,1,14,2011,30.95496
35619,1,14,2012,31.18656
35619,1,14,2013,31.62034
35619,1,14,2014,31.75406
35619,1,14,2015,31.85327
35619,1,14,2016,32.30724
35619,1,14,2017,32.30475
35619,1,14,2018,32.36018
35619,1,14,2019,32.56897
35619,2,14,1950,29.08555
35619,2,14,1951,29.24718
35619,2,14,1952,29.1657
35619,2,14,1953,29.47523
35619,2,14,1954,29.50049
35619,2,14,1955,29.70118
35619,2,14,1956,29.73689
35619,2,14,1957,30.01521
35619,2,14,1958,30.24597
35619,2,14,1959,30.47412
35619,2,14,1960,30.58379
35619,2,14,1961,30.79273
35619,2,14,1962,30.70323
35619,2,14,1963,30.87846
35619,2,14,1964,31.02672
35619,2,14,1965,31.30657
35619,2,14,1966,31.12675
35619,2,14,1967,31.4341
35619,2,14,1968,31.31522
35619,2,14,1969,31.48205
35619,2,14,1970,31.73465
35619,2,14,1971,31.59701
35619,2,14,1972,31.61887
35619,2,14,1973,31.96804
35619,2,14,1974,31.76017
35619,2,14,1975,31.82977
35619,2,14,1976,31.97195
35619,2,14,1977,32.13964
35619,2,14,1978,32.17116
35619,2,14,1979,32.1438
35619,2,14,1980,32.5051
35619,2,14,1981,32.61541
35619,2,14,1982,32.51999
35619,2,14,1983,32.70568
35619,2,14,1984,32.71942
35619,2,14,1985,32.62427
35619,2,14,1986,32.87158
35619,2,14,1987,32.99585
35619,2,14,1988,33.16295
35619,2,14,1989,33.42267
35619,2,14,1990,33.67723
35619,2,14,1991,34.02187
35619,2,14,1992,34.38014
35619,2,14,1993,34.1615
35619,2,14,1994,34.23488
35619,2,14,1995,34.39514
35619,2,14,1996,34.15434
35619,2,14,1997,33.91649
35619,2,14,1998,33.76234
35619,2,14,1999,33.64186
35619,2,14,2000,33.42809
35619,2,14,2001,33.53064
35619,2,14,2002,33.15593
35619,2,14,2003,32.87056
35619,2,14,2004,32.70293
35619,2,14,2005,32.80805
35619,2,14,2006,32.90479
35619,2,14,2007,33.19003
35619,2,14,2008,33.56477
35619,2,14,2009,33.55103
35619,2,14,2010,33.57244
35619,2,14,2011,33.25997
35619,2,14,2012,33.42589
35619,2,14,2013,33.57224
35619,2,14,2014,33.7034
35619,2,14,2015,33.60708
35619,2,14,2016,33.98985
35619,2,14,2017,34.22543
35619,2,14,2018,34.38973
35619,2,14,2019,34.51802
35619,3,14,1950,25.83921
35619,3,14,1951,26.15458
35619,3,14,1952,26.16243
35619,3,14,1953,26.40702
35619,3,14,1954,26.49792
35619,3,14,1955,26.79282
35619,3,14,1956,27.00233
35619,3,14,1957,27.45581
35619,3,14,1958,27.52276
35619,3,14,1959,27.54349
35619,3,14,1960,27.86698
35619,3,14,1961,27.95298
35619,3,14,1962,28.05395
35619,3,14,1963,28.20985
35619,3,14,1964,28.42435
35619,3,14,1965,28.66561
35619,3,14,1966,28.86447
35619,3,14,1967,28.96467
35619,3,14,1968,29.10867
35619,3,14,1969,29.21991
35619,3,14,1970,29.39497
35619,3,14,1971,29.6651
35619,3,14,1972,29.39168
35619,3,14,1973,29.62036
35619,3,14,1974,29.68079
35619,3,14,1975,29.80926
35619,3,14,1976,29.91617
35619,3,14,1977,29.98747
35619,3,14,1978,30.09913
35619,3,14,1979,30.05029
35619,3,14,1980,30.41584
35619,3,14,1981,30.55585
35619,3,14,1982,30.57479
35619,3,14,1983,30.66393
35619,3,14,1984,30.66044
35619,3,14,1985,30.80829
35619,3,14,1986,30.85205
35619,3,14,1987,30.90718
35619,3,14,1988,31.04043
35619,3,14,1989,31.02652
35619,3,14,1990,31.09375
35619,3,14,1991,31.01379
35619,3,14,1992,31.02107
35619,3,14,1993,30.75675
35619,3,14,1994,30.93267
35619,3,14,1995,30.93819
35619,3,14,1996,30.80455
35619,3,14,1997,30.54227
35619,3,14,1998,30.17492
35619,3,14,1999,30.14737
35619,3,14,2000,29.81886
35619,3,14,2001,29.82506
35619,3,14,2002,29.78561
35619,3,14,2003,29.46757
35619,3,14,2004,29.64066
35619,3,14,2005,29.7555
35619,3,14,2006,30.10405
35619,3,14,2007,30.3669
35619,3,14,2008,30.53967
35619,3,14,2009,30.86811
35619,3,14,2010,31.19922
35619,3,14,2011,31.36598
35619,3,14,2012,31.40549
35619,3,14,2013,31.67064
35619,3,14,2014,31.68183
35619,3,14,2015,31.86789
35619,3,14,2016,32.05473
35619,3,14,2017,32.27237
35619,3,14,2018,32.4239
35619,3,14,2019,32.56141
35620,1,14,1950,21.98526
35620,1,14,1951,22.3902
35620,1,14,1952,22.68683
35620,1,14,1953,22.959
35620,1,14,1954,23.00406
35620,1,14,1955,23.4434
35620,1,14,1956,23.63878
35620,1,14,1957,24.08053
35620,1,14,1958,24.43311
35620,1,14,1959,24.81658
35620,1,14,1960,24.82368
35620,1,14,1961,25.02434
35620,1,14,1962,25.29244
35620,1,14,1963,25.65347
35620,1,14,1964,25.90321
35620,1,14,1965,26.10543
35620,1,14,1966,26.4344
35620,1,14,1967,26.60028
35620,1,14,1968,26.87273
35620,1,14,1969,27.15387
35620,1,14,1970,27.7847
35620,1,14,1971,28.24275
35620,1,14,1972,28.71674
35620,1,14,1973,28.9921
35620,1,14,1974,29.38242
35620,1,14,1975,29.69846
35620,1,14,1976,30.256
35620,1,14,1977,30.14644
35620,1,14,1978,30.68194
35620,1,14,1979,30.65325
35620,1,14,1980,30.7153
35620,1,14,1981,31.03761
35620,1,14,1982,31.1616
35620,1,14,1983,31.14705
35620,1,14,1984,31.13712
35620,1,14,1985,31.01121
35620,1,14,1986,31.04756
35620,1,14,1987,30.88923
35620,1,14,1988,30.98541
35620,1,14,1989,30.7357
35620,1,14,1990,30.07413
35620,1,14,1991,29.94148
35620,1,14,1992,29.45913
35620,1,14,1993,28.5979
35620,1,14,1994,28.59469
35620,1,14,1995,27.9514
35620,1,14,1996,27.83429
35620,1,14,1997,26.76543
35620,1,14,1998,26.17493
35620,1,14,1999,25.77826
35620,1,14,2000,25.53317
35620,1,14,2001,25.16441
35620,1,14,2002,24.46721
35620,1,14,2003,24.61966
35620,1,14,2004,24.30909
35620,1,14,2005,25.06605
35620,1,14,2006,25.47401
35620,1,14,2007,26.50471
35620,1,14,2008,26.87664
35620,1,14,2009,27.94934
35620,1,14,2010,28.48481
35620,1,14,2011,28.94077
35620,1,14,2012,29.54312
35620,1,14,2013,29.89924
35620,1,14,2014,30.17959
35620,1,14,2015,30.35871
35620,1,14,2016,30.90075
35620,1,14,2017,31.10327
35620,1,14,2018,31.3766
35620,1,14,2019,31.66897
35620,2,14,1950,25.80972
35620,2,14,1951,25.9739
35620,2,14,1952,26.08136
35620,2,14,1953,26.15418
35620,2,14,1954,26.52542
35620,2,14,1955,26.46139
35620,2,14,1956,26.77322
35620,2,14,1957,27.00458
35620,2,14,1958,27.20496
35620,2,14,1959,27.52077
35620,2,14,1960,27.65321
35620,2,14,1961,27.80345
35620,2,14,1962,27.82976
35620,2,14,1963,28.15945
35620,2,14,1964,28.39537
35620,2,14,1965,28.54102
35620,2,14,1966,28.60335
35620,2,14,1967,28.89783
35620,2,14,1968,29.12493
35620,2,14,1969,29.83415
35620,2,14,1970,29.8637
35620,2,14,1971,29.86828
35620,2,14,1972,30.19809
35620,2,14,1973,30.83684
35620,2,14,1974,31.1946
35620,2,14,1975,31.17899
35620,2,14,1976,31.50014
35620,2,14,1977,31.72689
35620,2,14,1978,31.46763
35620,2,14,1979,31.96352
35620,2,14,1980,32.06339
35620,2,14,1981,32.3109
35620,2,14,1982,32.43735
35620,2,14,1983,32.53821
35620,2,14,1984,32.35647
35620,2,14,1985,32.7539
35620,2,14,1986,32.65861
35620,2,14,1987,33.15918
35620,2,14,1988,33.07883
35620,2,14,1989,33.30884
35620,2,14,1990,34.02183
35620,2,14,1991,34.20086
35620,2,14,1992,34.2459
35620,2,14,1993,33.84429
35620,2,14,1994,33.5302
35620,2,14,1995,32.96273
35620,2,14,1996,32.87015
35620,2,14,1997,32.45132
35620,2,14,1998,31.63099
35620,2,14,1999,31.88646
35620,2,14,2000,31.42081
35620,2,14,2001,31.35671
35620,2,14,2002,31.45933
35620,2,14,2003,31.37463
35620,2,14,2004,31.55372
35620,2,14,2005,32.07931
35620,2,14,2006,32.39286
35620,2,14,2007,32.74366
35620,2,14,2008,32.9189
35620,2,14,2009,33.25558
35620,2,14,2010,33.47569
35620,2,14,2011,33.45832
35620,2,14,2012,33.90584
35620,2,14,2013,33.71609
35620,2,14,2014,34.12489
35620,2,14,2015,34.11739
35620,2,14,2016,34.37398
35620,2,14,2017,34.321
35620,2,14,2018,34.58971
35620,2,14,2019,34.51427
35620,3,14,1950,22.43868
35620,3,14,1951,22.65798
35620,3,14,1952,23.10443
35620,3,14,1953,23.1752
35620,3,14,1954,23.42686
35620,3,14,1955,23.63597
35620,3,14,1956,23.81047
35620,3,14,1957,24.37109
35620,3,14,1958,24.37932
35620,3,14,1959,24.6887
35620,3,14,1960,24.938
35620,3,14,1961,25.05236
35620,3,14,1962,25.33138
35620,3,14,1963,25.47257
35620,3,14,1964,25.70582
35620,3,14,1965,25.95937
35620,3,14,1966,26.15445
35620,3,14,1967,26.49885
35620,3,14,1968,26.74854
35620,3,14,1969,27.07269
35620,3,14,1970,27.37834
35620,3,14,1971,27.78409
35620,3,14,1972,28.30841
35620,3,14,1973,28.53544
35620,3,14,1974,28.77691
35620,3,14,1975,29.35922
35620,3,14,1976,29.34715
35620,3,14,1977,29.45286
35620,3,14,1978,29.76125
35620,3,14,1979,29.9434
35620,3,14,1980,30.15898
35620,3,14,1981,30.45794
35620,3,14,1982,30.41049
35620,3,14,1983,30.56811
35620,3,14,1984,30.68774
35620,3,14,1985,30.6778
35620,3,14,1986,30.69591
35620,3,14,1987,30.68518
35620,3,14,1988,30.65655
35620,3,14,1989,30.6948
35620,3,14,1990,30.48404
35620,3,14,1991,30.42558
35620,3,14,1992,29.94707
35620,3,14,1993,29.65554
35620,3,14,1994,29.19878
35620,3,14,1995,29.00452
35620,3,14,1996,28.4919
35620,3,14,1997,28.16271
35620,3,14,1998,27.24542
35620,3,14,1999,27.42087
35620,3,14,2000,27.13402
35620,3,14,2001,26.87094
35620,3,14,2002,26.53835
35620,3,14,2003,26.65275
35620,3,14,2004,26.53107
35620,3,14,2005,27.27578
35620,3,14,2006,27.573
35620,3,14,2007,28.31838
35620,3,14,2008,28.91633
35620,3,14,2009,29.2198
35620,3,14,2010,29.68653
35620,3,14,2011,30.06947
35620,3,14,2012,30.33657
35620,3,14,2013,30.74398
35620,3,14,2014,30.88994
35620,3,14,2015,31.07198
35620,3,14,2016,31.31731
35620,3,14,2017,31.56565
35620,3,14,2018,31.70201
35620,3,14,2019,31.82018
35621,1,14,1950,28.20824
35621,1,14,1951,28.56399
35621,1,14,1952,27.9277
35621,1,14,1953,28.09801
35621,1,14,1954,28.31122
35621,1,14,1955,28.1218
35621,1,14,1956,28.31368
35621,1,14,1957,28.47771
35621,1,14,1958,28.71331
35621,1,14,1959,28.64019
35621,1,14,1960,28.56966
35621,1,14,1961,29.0382
35621,1,14,1962,28.62846
35621,1,14,1963,29.03306
35621,1,14,1964,29.21071
35621,1,14,1965,29.1752
35621,1,14,1966,28.94297
35621,1,14,1967,29.02726
35621,1,14,1968,29.08201
35621,1,14,1969,29.68678
35621,1,14,1970,29.1477
35621,1,14,1971,29.3281
35621,1,14,1972,29.41592
35621,1,14,1973,29.36479
35621,1,14,1974,29.46878
35621,1,14,1975,29.89133
35621,1,14,1976,29.69956
35621,1,14,1977,29.84187
35621,1,14,1978,29.95678
35621,1,14,1979,29.89075
35621,1,14,1980,30.38531
35621,1,14,1981,30.154
35621,1,14,1982,30.21948
35621,1,14,1983,30.24372
35621,1,14,1984,30.81159
35621,1,14,1985,30.6326
35621,1,14,1986,30.52508
35621,1,14,1987,30.57594
35621,1,14,1988,30.52817
35621,1,14,1989,30.83866
35621,1,14,1990,30.33391
35621,1,14,1991,30.53846
35621,1,14,1992,29.95734
35621,1,14,1993,30.07557
35621,1,14,1994,29.87162
35621,1,14,1995,29.35213
35621,1,14,1996,29.09558
35621,1,14,1997,28.24286
35621,1,14,1998,27.95505
35621,1,14,1999,27.8112
35621,1,14,2000,26.91165
35621,1,14,2001,26.78862
35621,1,14,2002,26.56816
35621,1,14,2003,26.24806
35621,1,14,2004,26.12232
35621,1,14,2005,25.87203
35621,1,14,2006,25.6953
35621,1,14,2007,26.07221
35621,1,14,2008,26.5472
35621,1,14,2009,27.01358
35621,1,14,2010,27.52163
35621,1,14,2011,27.89772
35621,1,14,2012,28.51102
35621,1,14,2013,28.7998
35621,1,14,2014,29.43279
35621,1,14,2015,29.78123
35621,1,14,2016,30.29918
35621,1,14,2017,30.58345
35621,1,14,2018,31.07415
35621,1,14,2019,31.38554
35621,2,14,1950,29.4947
35621,2,14,1951,29.86916
35621,2,14,1952,29.70204
35621,2,14,1953,29.57104
35621,2,14,1954,29.63726
35621,2,14,1955,29.73142
35621,2,14,1956,29.83893
35621,2,14,1957,30.15341
35621,2,14,1958,30.1572
35621,2,14,1959,30.14586
35621,2,14,1960,30.05309
35621,2,14,1961,30.07501
35621,2,14,1962,29.97377
35621,2,14,1963,30.14008
35621,2,14,1964,30.08652
35621,2,14,1965,30.15864
35621,2,14,1966,30.15951
35621,2,14,1967,30.04321
35621,2,14,1968,30.00891
35621,2,14,1969,30.1446
35621,2,14,1970,30.08719
35621,2,14,1971,30.00879
35621,2,14,1972,30.09399
35621,2,14,1973,29.99201
35621,2,14,1974,30.14603
35621,2,14,1975,30.18044
35621,2,14,1976,30.14477
35621,2,14,1977,30.13785
35621,2,14,1978,30.27873
35621,2,14,1979,30.17608
35621,2,14,1980,30.21019
35621,2,14,1981,30.22927
35621,2,14,1982,30.22089
35621,2,14,1983,30.36482
35621,2,14,1984,30.46088
35621,2,14,1985,30.45388
35621,2,14,1986,30.54881
35621,2,14,1987,30.69825
35621,2,14,1988,30.85125
35621,2,14,1989,31.04153
35621,2,14,1990,31.2103
35621,2,14,1991,31.54214
35621,2,14,1992,31.74932
35621,2,14,1993,31.91581
35621,2,14,1994,31.46906
35621,2,14,1995,31.65489
35621,2,14,1996,31.56289
35621,2,14,1997,31.4527
35621,2,14,1998,31.27012
35621,2,14,1999,31.22065
35621,2,14,2000,31.0367
35621,2,14,2001,30.89754
35621,2,14,2002,30.73048
35621,2,14,2003,30.65779
35621,2,14,2004,30.38316
35621,2,14,2005,30.47649
35621,2,14,2006,30.85042
35621,2,14,2007,30.68243
35621,2,14,2008,30.51072
35621,2,14,2009,30.60156
35621,2,14,2010,30.60821
35621,2,14,2011,30.5155
35621,2,14,2012,30.54237
35621,2,14,2013,30.44269
35621,2,14,2014,30.56655
35621,2,14,2015,30.84662
35621,2,14,2016,31.14508
35621,2,14,2017,31.38826
35621,2,14,2018,31.66028
35621,2,14,2019,31.92218
35621,3,14,1950,27.93418
35621,3,14,1951,28.12265
35621,3,14,1952,27.8678
35621,3,14,1953,27.80966
35621,3,14,1954,27.84925
35621,3,14,1955,27.78059
35621,3,14,1956,28.03035
35621,3,14,1957,28.27326
35621,3,14,1958,28.27306
35621,3,14,1959,28.25615
35621,3,14,1960,28.27527
35621,3,14,1961,28.36662
35621,3,14,1962,28.24391
35621,3,14,1963,28.4852
35621,3,14,1964,28.5569
35621,3,14,1965,28.48463
35621,3,14,1966,28.52862
35621,3,14,1967,28.5768
35621,3,14,1968,28.77125
35621,3,14,1969,28.68226
35621,3,14,1970,28.58014
35621,3,14,1971,28.54989
35621,3,14,1972,28.68939
35621,3,14,1973,28.66026
35621,3,14,1974,28.64509
35621,3,14,1975,28.93206
35621,3,14,1976,28.75344
35621,3,14,1977,29.03832
35621,3,14,1978,28.97022
35621,3,14,1979,29.00202
35621,3,14,1980,29.24725
35621,3,14,1981,29.26576
35621,3,14,1982,29.31692
35621,3,14,1983,29.38375
35621,3,14,1984,29.62005
35621,3,14,1985,29.53175
35621,3,14,1986,29.77463
35621,3,14,1987,29.78699
35621,3,14,1988,29.70177
35621,3,14,1989,29.75628
35621,3,14,1990,29.74489
35621,3,14,1991,29.73442
35621,3,14,1992,29.53763
35621,3,14,1993,29.47168
35621,3,14,1994,29.27516
35621,3,14,1995,29.06354
35621,3,14,1996,28.89137
35621,3,14,1997,28.68596
35621,3,14,1998,28.47519
35621,3,14,1999,28.16409
35621,3,14,2000,27.85657
35621,3,14,2001,27.5569
35621,3,14,2002,27.45916
35621,3,14,2003,27.22592
35621,3,14,2004,27.25565
35621,3,14,2005,27.21798
35621,3,14,2006,27.11888
35621,3,14,2007,27.25746
35621,3,14,2008,27.49782
35621,3,14,2009,27.85211
35621,3,14,2010,28.13577
35621,3,14,2011,28.22122
35621,3,14,2012,28.48472
35621,3,14,2013,28.62527
35621,3,14,2014,28.98111
35621,3,14,2015,29.14385
35621,3,14,2016,29.4024
35621,3,14,2017,29.66105
35621,3,14,2018,29.98057
35621,3,14,2019,30.28139
35622,1,14,1950,26.95207
35622,1,14,1951,27.50278
35622,1,14,1952,27.09048
35622,1,14,1953,27.4708
35622,1,14,1954,28.04405
35622,1,14,1955,27.82079
35622,1,14,1956,28.60037
35622,1,14,1957,29.22866
35622,1,14,1958,29.13884
35622,1,14,1959,29.33034
35622,1,14,1960,29.72779
35622,1,14,1961,29.99426
35622,1,14,1962,30.37315
35622,1,14,1963,30.45779
35622,1,14,1964,30.62442
35622,1,14,1965,30.84991
35622,1,14,1966,31.33971
35622,1,14,1967,31.46157
35622,1,14,1968,31.96232
35622,1,14,1969,32.32057
35622,1,14,1970,32.65584
35622,1,14,1971,33.11063
35622,1,14,1972,33.23267
35622,1,14,1973,33.67196
35622,1,14,1974,34.05771
35622,1,14,1975,34.21855
35622,1,14,1976,34.56591
35622,1,14,1977,34.34931
35622,1,14,1978,34.88978
35622,1,14,1979,35.27582
35622,1,14,1980,35.16487
35622,1,14,1981,35.61679
35622,1,14,1982,35.36906
35622,1,14,1983,35.38891
35622,1,14,1984,35.53988
35622,1,14,1985,35.27163
35622,1,14,1986,35.0307
35622,1,14,1987,34.8801
35622,1,14,1988,34.5295
35622,1,14,1989,34.33899
35622,1,14,1990,33.77069
35622,1,14,1991,33.51078
35622,1,14,1992,33.0943
35622,1,14,1993,32.88687
35622,1,14,1994,32.63502
35622,1,14,1995,32.48119
35622,1,14,1996,32.21355
35622,1,14,1997,31.8664
35622,1,14,1998,31.71337
35622,1,14,1999,31.39361
35622,1,14,2000,31.11636
35622,1,14,2001,30.94137
35622,1,14,2002,30.61602
35622,1,14,2003,30.51322
35622,1,14,2004,30.37745
35622,1,14,2005,30.3785
35622,1,14,2006,30.36548
35622,1,14,2007,30.39849
35622,1,14,2008,30.52708
35622,1,14,2009,30.45172
35622,1,14,2010,30.43858
35622,1,14,2011,30.49143
35622,1,14,2012,30.40526
35622,1,14,2013,30.59518
35622,1,14,2014,30.69549
35622,1,14,2015,30.67267
35622,1,14,2016,31.0936
35622,1,14,2017,31.36456
35622,1,14,2018,31.31569
35622,1,14,2019,31.27146
35622,2,14,1950,27.53285
35622,2,14,1951,27.98034
35622,2,14,1952,27.72572
35622,2,14,1953,27.98567
35622,2,14,1954,28.13146
35622,2,14,1955,28.40965
35622,2,14,1956,28.35777
35622,2,14,1957,28.92301
35622,2,14,1958,28.89818
35622,2,14,1959,29.25808
35622,2,14,1960,29.45923
35622,2,14,1961,29.73647
35622,2,14,1962,29.78963
35622,2,14,1963,29.94528
35622,2,14,1964,30.05697
35622,2,14,1965,30.61912
35622,2,14,1966,30.82144
35622,2,14,1967,30.92655
35622,2,14,1968,31.4173
35622,2,14,1969,31.49576
35622,2,14,1970,31.74995
35622,2,14,1971,31.98924
35622,2,14,1972,32.4233
35622,2,14,1973,32.74129
35622,2,14,1974,32.89711
35622,2,14,1975,33.09501
35622,2,14,1976,33.35255
35622,2,14,1977,33.43792
35622,2,14,1978,33.64205
35622,2,14,1979,33.61542
35622,2,14,1980,33.78544
35622,2,14,1981,33.84348
35622,2,14,1982,34.04159
35622,2,14,1983,34.09672
35622,2,14,1984,33.9484
35622,2,14,1985,34.05192
35622,2,14,1986,34.27157
35622,2,14,1987,34.47613
35622,2,14,1988,34.83958
35622,2,14,1989,34.88103
35622,2,14,1990,35.10896
35622,2,14,1991,35.2691
35622,2,14,1992,35.07838
35622,2,14,1993,34.94405
35622,2,14,1994,34.84442
35622,2,14,1995,34.62056
35622,2,14,1996,34.51249
35622,2,14,1997,34.46104
35622,2,14,1998,34.16231
35622,2,14,1999,34.13421
35622,2,14,2000,33.73163
35622,2,14,2001,33.65236
35622,2,14,2002,33.48868
35622,2,14,2003,33.53099
35622,2,14,2004,33.54836
35622,2,14,2005,33.50441
35622,2,14,2006,33.50825
35622,2,14,2007,33.64979
35622,2,14,2008,33.90301
35622,2,14,2009,34.03691
35622,2,14,2010,34.13902
35622,2,14,2011,34.18715
35622,2,14,2012,34.38497
35622,2,14,2013,34.3889
35622,2,14,2014,34.48254
35622,2,14,2015,34.52945
35622,2,14,2016,34.52553
35622,2,14,2017,34.52434
35622,2,14,2018,34.52545
35622,2,14,2019,34.47721
35622,3,14,1950,26.12554
35622,3,14,1951,26.38232
35622,3,14,1952,26.34046
35622,3,14,1953,26.60913
35622,3,14,1954,26.9267
35622,3,14,1955,26.93802
35622,3,14,1956,27.27337
35622,3,14,1957,27.62764
35622,3,14,1958,27.84223
35622,3,14,1959,28.09947
35622,3,14,1960,28.34956
35622,3,14,1961,28.29207
35622,3,14,1962,28.73532
35622,3,14,1963,28.82005
35622,3,14,1964,29.10286
35622,3,14,1965,29.51212
35622,3,14,1966,29.64198
35622,3,14,1967,29.79685
35622,3,14,1968,30.31832
35622,3,14,1969,30.72916
35622,3,14,1970,30.79757
35622,3,14,1971,31.19075
35622,3,14,1972,31.43592
35622,3,14,1973,31.90275
35622,3,14,1974,31.89952
35622,3,14,1975,32.49434
35622,3,14,1976,32.42588
35622,3,14,1977,32.68947
35622,3,14,1978,32.94565
35622,3,14,1979,32.98877
35622,3,14,1980,33.3011
35622,3,14,1981,33.48781
35622,3,14,1982,33.31002
35622,3,14,1983,33.52367
35622,3,14,1984,33.55975
35622,3,14,1985,33.6313
35622,3,14,1986,33.54882
35622,3,14,1987,33.48012
35622,3,14,1988,33.63962
35622,3,14,1989,33.57896
35622,3,14,1990,33.54475
35622,3,14,1991,33.56552
35622,3,14,1992,33.37135
35622,3,14,1993,33.33619
35622,3,14,1994,33.31756
35622,3,14,1995,33.14114
35622,3,14,1996,32.85998
35622,3,14,1997,32.76933
35622,3,14,1998,32.41134
35622,3,14,1999,32.33106
35622,3,14,2000,31.86753
35622,3,14,2001,31.75555
35622,3,14,2002,31.51382
35622,3,14,2003,31.4758
35622,3,14,2004,31.44851
35622,3,14,2005,31.37823
35622,3,14,2006,31.22131
35622,3,14,2007,31.26437
35622,3,14,2008,31.35682
35622,3,14,2009,31.4169
35622,3,14,2010,31.51425
35622,3,14,2011,31.71337
35622,3,14,2012,31.69345
35622,3,14,2013,31.95856
35622,3,14,2014,31.87835
35622,3,14,2015,32.17084
35622,3,14,2016,32.21148
35622,3,14,2017,32.4241
35622,3,14,2018,32.45662
35622,3,14,2019,32.44926
35623,1,14,1950,25.96309
35623,1,14,1951,26.65827
35623,1,14,1952,25.99911
35623,1,14,1953,26.16234
35623,1,14,1954,26.21703
35623,1,14,1955,26.59246
35623,1,14,1956,26.70626
35623,1,14,1957,26.91342
35623,1,14,1958,27.59123
35623,1,14,1959,27.25056
35623,1,14,1960,27.44872
35623,1,14,1961,27.73004
35623,1,14,1962,27.66725
35623,1,14,1963,28.01731
35623,1,14,1964,27.78859
35623,1,14,1965,27.66214
35623,1,14,1966,28.13482
35623,1,14,1967,28.36377
35623,1,14,1968,28.06409
35623,1,14,1969,28.56652
35623,1,14,1970,28.55531
35623,1,14,1971,28.54063
35623,1,14,1972,28.85296
35623,1,14,1973,29.07339
35623,1,14,1974,28.98212
35623,1,14,1975,29.25152
35623,1,14,1976,29.4462
35623,1,14,1977,29.37496
35623,1,14,1978,29.54736
35623,1,14,1979,29.63311
35623,1,14,1980,29.59285
35623,1,14,1981,29.64393
35623,1,14,1982,29.84707
35623,1,14,1983,29.65584
35623,1,14,1984,29.89498
35623,1,14,1985,29.86513
35623,1,14,1986,29.54439
35623,1,14,1987,29.58738
35623,1,14,1988,29.54873
35623,1,14,1989,29.21046
35623,1,14,1990,29.25485
35623,1,14,1991,29.38048
35623,1,14,1992,29.01072
35623,1,14,1993,28.85606
35623,1,14,1994,28.94785
35623,1,14,1995,28.60481
35623,1,14,1996,28.5416
35623,1,14,1997,28.34486
35623,1,14,1998,28.2096
35623,1,14,1999,27.95156
35623,1,14,2000,27.93116
35623,1,14,2001,27.7509
35623,1,14,2002,27.3334
35623,1,14,2003,27.1097
35623,1,14,2004,26.99092
35623,1,14,2005,27.04462
35623,1,14,2006,26.74645
35623,1,14,2007,27.0684
35623,1,14,2008,27.52448
35623,1,14,2009,27.84226
35623,1,14,2010,28.10341
35623,1,14,2011,28.46183
35623,1,14,2012,28.92423
35623,1,14,2013,29.01956
35623,1,14,2014,29.42448
35623,1,14,2015,29.55104
35623,1,14,2016,29.86548
35623,1,14,2017,29.83806
35623,1,14,2018,30.50325
35623,1,14,2019,30.50004
35623,2,14,1950,27.82901
35623,2,14,1951,28.20239
35623,2,14,1952,27.89527
35623,2,14,1953,28.14062
35623,2,14,1954,28.0445
35623,2,14,1955,28.39697
35623,2,14,1956,28.52611
35623,2,14,1957,29.12075
35623,2,14,1958,28.98516
35623,2,14,1959,29.05585
35623,2,14,1960,29.08348
35623,2,14,1961,29.12567
35623,2,14,1962,29.35701
35623,2,14,1963,29.27765
35623,2,14,1964,29.42047
35623,2,14,1965,29.5636
35623,2,14,1966,29.56337
35623,2,14,1967,29.64237
35623,2,14,1968,29.80544
35623,2,14,1969,29.9304
35623,2,14,1970,29.80426
35623,2,14,1971,29.85729
35623,2,14,1972,30.06446
35623,2,14,1973,29.9807
35623,2,14,1974,30.23692
35623,2,14,1975,30.14869
35623,2,14,1976,30.21802
35623,2,14,1977,30.32504
35623,2,14,1978,30.26865
35623,2,14,1979,30.42638
35623,2,14,1980,30.3728
35623,2,14,1981,30.32327
35623,2,14,1982,30.40498
35623,2,14,1983,30.29692
35623,2,14,1984,30.23844
35623,2,14,1985,30.39222
35623,2,14,1986,30.57306
35623,2,14,1987,30.70985
35623,2,14,1988,30.70027
35623,2,14,1989,30.91541
35623,2,14,1990,30.96696
35623,2,14,1991,30.9417
35623,2,14,1992,30.92629
35623,2,14,1993,30.93361
35623,2,14,1994,30.97436
35623,2,14,1995,31.05184
35623,2,14,1996,30.92969
35623,2,14,1997,31.13887
35623,2,14,1998,30.81592
35623,2,14,1999,30.84998
35623,2,14,2000,30.91269
35623,2,14,2001,30.70441
35623,2,14,2002,30.56416
35623,2,14,2003,30.65879
35623,2,14,2004,30.43828
35623,2,14,2005,30.41198
35623,2,14,2006,30.51024
35623,2,14,2007,30.43602
35623,2,14,2008,30.4804
35623,2,14,2009,30.63196
35623,2,14,2010,30.29314
35623,2,14,2011,30.47846
35623,2,14,2012,30.18161
35623,2,14,2013,30.26916
35623,2,14,2014,30.31177
35623,2,14,2015,30.44055
35623,2,14,2016,30.76552
35623,2,14,2017,31.01242
35623,2,14,2018,31.2573
35623,2,14,2019,31.7364
35623,3,14,1950,25.75071
35623,3,14,1951,26.19998
35623,3,14,1952,25.92046
35623,3,14,1953,26.048
35623,3,14,1954,25.93869
35623,3,14,1955,26.27521
35623,3,14,1956,26.492
35623,3,14,1957,26.74945
35623,3,14,1958,27.01402
35623,3,14,1959,27.11021
35623,3,14,1960,27.15943
35623,3,14,1961,27.2426
35623,3,14,1962,27.29551
35623,3,14,1963,27.51176
35623,3,14,1964,27.43171
35623,3,14,1965,27.44042
35623,3,14,1966,27.61766
35623,3,14,1967,27.77183
35623,3,14,1968,27.60823
35623,3,14,1969,27.87517
35623,3,14,1970,28.00303
35623,3,14,1971,27.97224
35623,3,14,1972,28.1113
35623,3,14,1973,28.38522
35623,3,14,1974,28.49557
35623,3,14,1975,28.5316
35623,3,14,1976,28.62686
35623,3,14,1977,28.68784
35623,3,14,1978,28.79988
35623,3,14,1979,28.71515
35623,3,14,1980,28.79589
35623,3,14,1981,29.00736
35623,3,14,1982,28.99891
35623,3,14,1983,28.91405
35623,3,14,1984,29.13319
35623,3,14,1985,29.0608
35623,3,14,1986,29.14874
35623,3,14,1987,29.04181
35623,3,14,1988,29.15373
35623,3,14,1989,29.02651
35623,3,14,1990,28.95925
35623,3,14,1991,28.99048
35623,3,14,1992,28.97911
35623,3,14,1993,28.77435
35623,3,14,1994,28.85277
35623,3,14,1995,28.8168
35623,3,14,1996,28.55427
35623,3,14,1997,28.4769
35623,3,14,1998,28.27475
35623,3,14,1999,28.17267
35623,3,14,2000,28.20525
35623,3,14,2001,28.06936
35623,3,14,2002,27.84011
35623,3,14,2003,27.69185
35623,3,14,2004,27.77286
35623,3,14,2005,27.52593
35623,3,14,2006,27.17972
35623,3,14,2007,27.55562
35623,3,14,2008,27.83151
35623,3,14,2009,27.95819
35623,3,14,2010,27.97407
35623,3,14,2011,28.28666
35623,3,14,2012,28.28329
35623,3,14,2013,28.63234
35623,3,14,2014,28.90227
35623,3,14,2015,28.72888
35623,3,14,2016,29.19326
35623,3,14,2017,29.28356
35623,3,14,2018,29.38317
35623,3,14,2019,29.62577
35624,1,14,1950,20.62827
35624,1,14,1951,21.3788
35624,1,14,1952,21.38279
35624,1,14,1953,21.40875
35624,1,14,1954,21.83502
35624,1,14,1955,22.23632
35624,1,14,1956,22.22112
35624,1,14,1957,22.7958
35624,1,14,1958,23.07023
35624,1,14,1959,23.3955
35624,1,14,1960,23.28909
35624,1,14,1961,23.44837
35624,1,14,1962,24.06003
35624,1,14,1963,24.20663
35624,1,14,1964,24.17427
35624,1,14,1965,24.35722
35624,1,14,1966,24.46891
35624,1,14,1967,24.59016
35624,1,14,1968,24.82211
35624,1,14,1969,24.84788
35624,1,14,1970,25.13746
35624,1,14,1971,25.35166
35624,1,14,1972,25.43025
35624,1,14,1973,25.82487
35624,1,14,1974,26.12733
35624,1,14,1975,26.1442
35624,1,14,1976,26.74177
35624,1,14,1977,26.70029
35624,1,14,1978,26.99343
35624,1,14,1979,27.32369
35624,1,14,1980,27.49265
35624,1,14,1981,27.55315
35624,1,14,1982,27.69695
35624,1,14,1983,27.7923
35624,1,14,1984,28.08066
35624,1,14,1985,28.10703
35624,1,14,1986,28.26937
35624,1,14,1987,27.99278
35624,1,14,1988,27.68488
35624,1,14,1989,27.73182
35624,1,14,1990,27.23927
35624,1,14,1991,26.76547
35624,1,14,1992,25.85985
35624,1,14,1993,25.0003
35624,1,14,1994,24.01486
35624,1,14,1995,22.51801
35624,1,14,1996,21.31613
35624,1,14,1997,19.63432
35624,1,14,1998,18.7461
35624,1,14,1999,17.495
35624,1,14,2000,16.78493
35624,1,14,2001,16.13264
35624,1,14,2002,15.48656
35624,1,14,2003,15.19725
35624,1,14,2004,14.81085
35624,1,14,2005,15.08358
35624,1,14,2006,16.15444
35624,1,14,2007,16.80812
35624,1,14,2008,17.96642
35624,1,14,2009,18.61728
35624,1,14,2010,19.37942
35624,1,14,2011,19.33489
35624,1,14,2012,19.0313
35624,1,14,2013,19.19827
35624,1,14,2014,19.82925
35624,1,14,2015,20.9408
35624,1,14,2016,22.03925
35624,1,14,2017,23.41575
35624,1,14,2018,24.35774
35624,1,14,2019,24.47012
35624,2,14,1950,25.88396
35624,2,14,1951,26.22492
35624,2,14,1952,26.52533
35624,2,14,1953,26.43928
35624,2,14,1954,26.63495
35624,2,14,1955,26.9447
35624,2,14,1956,27.00767
35624,2,14,1957,27.53444
35624,2,14,1958,27.42106
35624,2,14,1959,27.81169
35624,2,14,1960,27.74091
35624,2,14,1961,27.93016
35624,2,14,1962,27.9649
35624,2,14,1963,28.16572
35624,2,14,1964,28.43413
35624,2,14,1965,28.59782
35624,2,14,1966,28.51438
35624,2,14,1967,28.43885
35624,2,14,1968,28.60713
35624,2,14,1969,28.65971
35624,2,14,1970,28.89905
35624,2,14,1971,29.07177
35624,2,14,1972,29.22712
35624,2,14,1973,29.48197
35624,2,14,1974,29.62312
35624,2,14,1975,29.61851
35624,2,14,1976,29.73863
35624,2,14,1977,30.00047
35624,2,14,1978,30.19069
35624,2,14,1979,30.38801
35624,2,14,1980,30.56908
35624,2,14,1981,30.75482
35624,2,14,1982,30.8756
35624,2,14,1983,30.84953
35624,2,14,1984,31.05676
35624,2,14,1985,31.08818
35624,2,14,1986,31.41168
35624,2,14,1987,31.5308
35624,2,14,1988,31.65438
35624,2,14,1989,32.05754
35624,2,14,1990,31.79066
35624,2,14,1991,32.27559
35624,2,14,1992,31.00591
35624,2,14,1993,30.27247
35624,2,14,1994,29.66745
35624,2,14,1995,29.14954
35624,2,14,1996,27.54012
35624,2,14,1997,26.72358
35624,2,14,1998,25.59432
35624,2,14,1999,24.79453
35624,2,14,2000,23.51959
35624,2,14,2001,23.58031
35624,2,14,2002,23.10429
35624,2,14,2003,23.01072
35624,2,14,2004,23.13533
35624,2,14,2005,23.29725
35624,2,14,2006,24.68489
35624,2,14,2007,25.80034
35624,2,14,2008,26.67804
35624,2,14,2009,27.07185
35624,2,14,2010,27.9752
35624,2,14,2011,28.80094
35624,2,14,2012,30.07745
35624,2,14,2013,30.22805
35624,2,14,2014,30.29905
35624,2,14,2015,30.94753
35624,2,14,2016,31.32674
35624,2,14,2017,31.53055
35624,2,14,2018,31.82847
35624,2,14,2019,31.69777
35624,3,14,1950,21.64841
35624,3,14,1951,22.2807
35624,3,14,1952,22.1684
35624,3,14,1953,22.2992
35624,3,14,1954,22.68216
35624,3,14,1955,23.08321
35624,3,14,1956,23.1112
35624,3,14,1957,23.7035
35624,3,14,1958,23.95497
35624,3,14,1959,24.00273
35624,3,14,1960,24.24659
35624,3,14,1961,24.31942
35624,3,14,1962,24.69218
35624,3,14,1963,24.89158
35624,3,14,1964,25.15044
35624,3,14,1965,25.0849
35624,3,14,1966,25.35833
35624,3,14,1967,25.31267
35624,3,14,1968,25.58754
35624,3,14,1969,25.64828
35624,3,14,1970,26.00365
35624,3,14,1971,26.03985
35624,3,14,1972,26.04362
35624,3,14,1973,26.45768
35624,3,14,1974,26.6677
35624,3,14,1975,26.64981
35624,3,14,1976,27.07929
35624,3,14,1977,27.15122
35624,3,14,1978,27.48583
35624,3,14,1979,27.74569
35624,3,14,1980,27.93219
35624,3,14,1981,27.93562
35624,3,14,1982,28.22818
35624,3,14,1983,28.21868
35624,3,14,1984,28.38648
35624,3,14,1985,28.74886
35624,3,14,1986,28.85294
35624,3,14,1987,28.60125
35624,3,14,1988,28.62906
35624,3,14,1989,28.59693
35624,3,14,1990,28.28338
35624,3,14,1991,27.57356
35624,3,14,1992,26.98187
35624,3,14,1993,25.96008
35624,3,14,1994,25.2177
35624,3,14,1995,24.39256
35624,3,14,1996,22.90443
35624,3,14,1997,21.61066
35624,3,14,1998,20.55908
35624,3,14,1999,19.87982
35624,3,14,2000,18.77675
35624,3,14,2001,18.47165
35624,3,14,2002,17.95412
35624,3,14,2003,17.85039
35624,3,14,2004,17.42653
35624,3,14,2005,17.81455
35624,3,14,2006,18.81069
35624,3,14,2007,20.02671
35624,3,14,2008,20.79334
35624,3,14,2009,21.65996
35624,3,14,2010,22.1993
35624,3,14,2011,22.64669
35624,3,14,2012,22.97644
35624,3,14,2013,23.25331
35624,3,14,2014,23.60682
35624,3,14,2015,24.56763
35624,3,14,2016,25.60457
35624,3,14,2017,26.22683
35624,3,14,2018,27.06285
35624,3,14,2019,27.06827
35625,1,14,1950,21.53255
35625,1,14,1951,22.06865
35625,1,14,1952,21.99191
35625,1,14,1953,22.22059
35625,1,14,1954,22.83968
35625,1,14,1955,22.76861
35625,1,14,1956,23.18491
35625,1,14,1957,23.5805
35625,1,14,1958,23.7561
35625,1,14,1959,24.21459
35625,1,14,1960,24.40569
35625,1,14,1961,24.42095
35625,1,14,1962,24.85772
35625,1,14,1963,24.9633
35625,1,14,1964,25.20718
35625,1,14,1965,25.43111
35625,1,14,1966,25.2498
35625,1,14,1967,25.69547
35625,1,14,1968,25.82998
35625,1,14,1969,26.06691
35625,1,14,1970,26.50191
35625,1,14,1971,26.69695
35625,1,14,1972,26.92334
35625,1,14,1973,27.08724
35625,1,14,1974,27.8404
35625,1,14,1975,27.93579
35625,1,14,1976,28.277
35625,1,14,1977,28.51747
35625,1,14,1978,29.09526
35625,1,14,1979,29.12456
35625,1,14,1980,29.31237
35625,1,14,1981,29.50858
35625,1,14,1982,29.78255
35625,1,14,1983,29.80273
35625,1,14,1984,30.00904
35625,1,14,1985,30.0352
35625,1,14,1986,29.8428
35625,1,14,1987,30.06582
35625,1,14,1988,29.87584
35625,1,14,1989,29.9702
35625,1,14,1990,30.37192
35625,1,14,1991,30.27585
35625,1,14,1992,30.44772
35625,1,14,1993,30.32246
35625,1,14,1994,30.73284
35625,1,14,1995,30.52462
35625,1,14,1996,30.42357
35625,1,14,1997,30.43606
35625,1,14,1998,30.03528
35625,1,14,1999,30.08743
35625,1,14,2000,29.0885
35625,1,14,2001,29.39945
35625,1,14,2002,28.98899
35625,1,14,2003,28.93273
35625,1,14,2004,28.40078
35625,1,14,2005,28.4642
35625,1,14,2006,27.83759
35625,1,14,2007,27.85175
35625,1,14,2008,27.76751
35625,1,14,2009,27.78255
35625,1,14,2010,27.43754
35625,1,14,2011,28.19196
35625,1,14,2012,27.64851
35625,1,14,2013,28.32548
35625,1,14,2014,28.90806
35625,1,14,2015,29.2542
35625,1,14,2016,28.99425
35625,1,14,2017,29.72955
35625,1,14,2018,29.98124
35625,1,14,2019,30.65202
35625,2,14,1950,23.80633
35625,2,14,1951,24.33211
35625,2,14,1952,24.29743
35625,2,14,1953,24.25396
35625,2,14,1954,24.66428
35625,2,14,1955,24.57764
35625,2,14,1956,24.71555
35625,2,14,1957,25.12118
35625,2,14,1958,25.48305
35625,2,14,1959,25.69724
35625,2,14,1960,25.8552
35625,2,14,1961,26.00622
35625,2,14,1962,25.95919
35625,2,14,1963,26.17521
35625,2,14,1964,26.37881
35625,2,14,1965,26.33584
35625,2,14,1966,26.45949
35625,2,14,1967,26.36681
35625,2,14,1968,26.78541
35625,2,14,1969,26.75253
35625,2,14,1970,27.1449
35625,2,14,1971,27.03559
35625,2,14,1972,27.69588
35625,2,14,1973,27.81075
35625,2,14,1974,27.81918
35625,2,14,1975,28.24975
35625,2,14,1976,28.41431
35625,2,14,1977,28.8544
35625,2,14,1978,28.99805
35625,2,14,1979,29.1484
35625,2,14,1980,29.27554
35625,2,14,1981,29.36748
35625,2,14,1982,29.56385
35625,2,14,1983,29.65042
35625,2,14,1984,29.63214
35625,2,14,1985,30.17257
35625,2,14,1986,30.33546
35625,2,14,1987,30.2414
35625,2,14,1988,30.82002
35625,2,14,1989,31.05328
35625,2,14,1990,31.24898
35625,2,14,1991,32.21863
35625,2,14,1992,32.76217
35625,2,14,1993,33.36873
35625,2,14,1994,34.02634
35625,2,14,1995,34.09657
35625,2,14,1996,34.00911
35625,2,14,1997,33.80566
35625,2,14,1998,33.78605
35625,2,14,1999,33.27729
35625,2,14,2000,32.93071
35625,2,14,2001,33.24932
35625,2,14,2002,32.92653
35625,2,14,2003,32.86209
35625,2,14,2004,33.00518
35625,2,14,2005,32.97156
35625,2,14,2006,32.76412
35625,2,14,2007,33.07916
35625,2,14,2008,33.35867
35625,2,14,2009,33.57656
35625,2,14,2010,33.73207
35625,2,14,2011,33.55717
35625,2,14,2012,34.14206
35625,2,14,2013,34.13668
35625,2,14,2014,34.24514
35625,2,14,2015,34.2164
35625,2,14,2016,34.47749
35625,2,14,2017,34.5176
35625,2,14,2018,34.59895
35625,2,14,2019,34.61808
35625,3,14,1950,21.49742
35625,3,14,1951,22.02676
35625,3,14,1952,21.9332
35625,3,14,1953,22.20171
35625,3,14,1954,22.32555
35625,3,14,1955,22.60801
35625,3,14,1956,22.78019
35625,3,14,1957,23.25676
35625,3,14,1958,23.29182
35625,3,14,1959,23.51902
35625,3,14,1960,23.80083
35625,3,14,1961,23.97414
35625,3,14,1962,24.13555
35625,3,14,1963,24.29798
35625,3,14,1964,24.69305
35625,3,14,1965,24.61436
35625,3,14,1966,24.81367
35625,3,14,1967,24.85732
35625,3,14,1968,25.14447
35625,3,14,1969,25.25295
35625,3,14,1970,25.47724
35625,3,14,1971,25.65925
35625,3,14,1972,25.86183
35625,3,14,1973,26.02565
35625,3,14,1974,26.44287
35625,3,14,1975,26.78771
35625,3,14,1976,27.1894
35625,3,14,1977,27.37242
35625,3,14,1978,27.61752
35625,3,14,1979,27.71286
35625,3,14,1980,28.00526
35625,3,14,1981,28.13126
35625,3,14,1982,28.26039
35625,3,14,1983,28.52041
35625,3,14,1984,28.47989
35625,3,14,1985,28.74608
35625,3,14,1986,28.70596
35625,3,14,1987,28.84856
35625,3,14,1988,29.05148
35625,3,14,1989,29.28783
35625,3,14,1990,29.49614
35625,3,14,1991,29.83183
35625,3,14,1992,30.01198
35625,3,14,1993,29.97553
35625,3,14,1994,30.3441
35625,3,14,1995,30.44115
35625,3,14,1996,30.40495
35625,3,14,1997,30.37287
35625,3,14,1998,30.2306
35625,3,14,1999,30.2319
35625,3,14,2000,29.70913
35625,3,14,2001,29.76969
35625,3,14,2002,29.50591
35625,3,14,2003,29.41828
35625,3,14,2004,29.19691
35625,3,14,2005,29.11135
35625,3,14,2006,28.48572
35625,3,14,2007,28.75319
35625,3,14,2008,28.83576
35625,3,14,2009,28.73134
35625,3,14,2010,29.12153
35625,3,14,2011,28.8427
35625,3,14,2012,28.97176
35625,3,14,2013,29.24549
35625,3,14,2014,29.70839
35625,3,14,2015,30.33293
35625,3,14,2016,30.20378
35625,3,14,2017,30.68937
35625,3,14,2018,30.95433
35625,3,14,2019,31.16338
35626,1,14,1950,29.73478
35626,1,14,1951,30.2048
35626,1,14,1952,29.7511
35626,1,14,1953,29.98753
35626,1,14,1954,30.11067
35626,1,14,1955,30.30526
35626,1,14,1956,29.95686
35626,1,14,1957,30.24524
35626,1,14,1958,30.74891
35626,1,14,1959,30.58285
35626,1,14,1960,30.59873
35626,1,14,1961,30.67483
35626,1,14,1962,30.52074
35626,1,14,1963,30.68894
35626,1,14,1964,30.74917
35626,1,14,1965,31.02978
35626,1,14,1966,31.07445
35626,1,14,1967,30.90177
35626,1,14,1968,31.01117
35626,1,14,1969,31.06543
35626,1,14,1970,31.2826
35626,1,14,1971,30.99436
35626,1,14,1972,31.54983
35626,1,14,1973,31.4204
35626,1,14,1974,31.36184
35626,1,14,1975,31.67332
35626,1,14,1976,31.6197
35626,1,14,1977,31.98405
35626,1,14,1978,31.79715
35626,1,14,1979,32.03107
35626,1,14,1980,32.22381
35626,1,14,1981,32.37965
35626,1,14,1982,32.44898
35626,1,14,1983,32.67771
35626,1,14,1984,32.48566
35626,1,14,1985,32.75519
35626,1,14,1986,32.6471
35626,1,14,1987,32.45596
35626,1,14,1988,32.4363
35626,1,14,1989,32.70273
35626,1,14,1990,32.61387
35626,1,14,1991,32.11814
35626,1,14,1992,32.11118
35626,1,14,1993,31.47404
35626,1,14,1994,31.19005
35626,1,14,1995,30.55148
35626,1,14,1996,30.39506
35626,1,14,1997,29.46005
35626,1,14,1998,28.98728
35626,1,14,1999,28.73884
35626,1,14,2000,28.34087
35626,1,14,2001,27.73075
35626,1,14,2002,27.4937
35626,1,14,2003,26.88203
35626,1,14,2004,27.01033
35626,1,14,2005,27.21523
35626,1,14,2006,27.62649
35626,1,14,2007,27.62807
35626,1,14,2008,28.03712
35626,1,14,2009,27.90099
35626,1,14,2010,28.42886
35626,1,14,2011,28.59378
35626,1,14,2012,29.02368
35626,1,14,2013,29.42418
35626,1,14,2014,29.86383
35626,1,14,2015,30.16338
35626,1,14,2016,30.54213
35626,1,14,2017,30.75802
35626,1,14,2018,31.19446
35626,1,14,2019,31.14638
35626,2,14,1950,30.13889
35626,2,14,1951,30.45775
35626,2,14,1952,30.2493
35626,2,14,1953,30.19395
35626,2,14,1954,30.22563
35626,2,14,1955,30.57359
35626,2,14,1956,30.38388
35626,2,14,1957,30.67266
35626,2,14,1958,30.71891
35626,2,14,1959,30.64743
35626,2,14,1960,30.88365
35626,2,14,1961,30.67075
35626,2,14,1962,30.68396
35626,2,14,1963,30.66137
35626,2,14,1964,30.77243
35626,2,14,1965,30.7275
35626,2,14,1966,30.76225
35626,2,14,1967,30.70399
35626,2,14,1968,30.70265
35626,2,14,1969,30.82658
35626,2,14,1970,30.69823
35626,2,14,1971,30.94451
35626,2,14,1972,30.53959
35626,2,14,1973,30.74123
35626,2,14,1974,30.63377
35626,2,14,1975,30.66667
35626,2,14,1976,30.76134
35626,2,14,1977,30.84074
35626,2,14,1978,30.85408
35626,2,14,1979,30.88404
35626,2,14,1980,30.87346
35626,2,14,1981,31.10159
35626,2,14,1982,30.90192
35626,2,14,1983,31.12242
35626,2,14,1984,31.06588
35626,2,14,1985,31.1884
35626,2,14,1986,31.20496
35626,2,14,1987,31.35322
35626,2,14,1988,31.4428
35626,2,14,1989,31.55862
35626,2,14,1990,31.69064
35626,2,14,1991,31.97317
35626,2,14,1992,32.14402
35626,2,14,1993,32.12873
35626,2,14,1994,31.64557
35626,2,14,1995,31.59146
35626,2,14,1996,31.50204
35626,2,14,1997,31.10706
35626,2,14,1998,30.86177
35626,2,14,1999,30.70405
35626,2,14,2000,30.65683
35626,2,14,2001,30.58202
35626,2,14,2002,30.52577
35626,2,14,2003,30.2584
35626,2,14,2004,30.06768
35626,2,14,2005,30.18269
35626,2,14,2006,30.16076
35626,2,14,2007,30.39637
35626,2,14,2008,30.68673
35626,2,14,2009,31.61902
35626,2,14,2010,31.39366
35626,2,14,2011,31.5544
35626,2,14,2012,31.08777
35626,2,14,2013,31.28634
35626,2,14,2014,31.66997
35626,2,14,2015,32.02414
35626,2,14,2016,32.37295
35626,2,14,2017,32.56371
35626,2,14,2018,32.75547
35626,2,14,2019,33.13138
35626,3,14,1950,28.98843
35626,3,14,1951,29.45671
35626,3,14,1952,29.23086
35626,3,14,1953,29.12667
35626,3,14,1954,29.17065
35626,3,14,1955,29.25879
35626,3,14,1956,29.15053
35626,3,14,1957,29.48017
35626,3,14,1958,29.74457
35626,3,14,1959,29.61343
35626,3,14,1960,29.69521
35626,3,14,1961,29.69779
35626,3,14,1962,29.46292
35626,3,14,1963,29.74913
35626,3,14,1964,29.81988
35626,3,14,1965,29.93088
35626,3,14,1966,29.93504
35626,3,14,1967,29.86203
35626,3,14,1968,29.94053
35626,3,14,1969,30.13227
35626,3,14,1970,29.87133
35626,3,14,1971,29.95247
35626,3,14,1972,30.22206
35626,3,14,1973,30.07556
35626,3,14,1974,30.18254
35626,3,14,1975,30.26066
35626,3,14,1976,30.23566
35626,3,14,1977,30.37016
35626,3,14,1978,30.43739
35626,3,14,1979,30.46591
35626,3,14,1980,30.77042
35626,3,14,1981,30.85797
35626,3,14,1982,30.89571
35626,3,14,1983,31.00782
35626,3,14,1984,30.92683
35626,3,14,1985,31.04583
35626,3,14,1986,31.26038
35626,3,14,1987,31.09667
35626,3,14,1988,30.94835
35626,3,14,1989,31.08736
35626,3,14,1990,30.99688
35626,3,14,1991,30.62847
35626,3,14,1992,30.59491
35626,3,14,1993,30.21778
35626,3,14,1994,29.88793
35626,3,14,1995,29.62774
35626,3,14,1996,29.48112
35626,3,14,1997,28.89469
35626,3,14,1998,28.5525
35626,3,14,1999,28.35817
35626,3,14,2000,27.9979
35626,3,14,2001,27.88055
35626,3,14,2002,27.50919
35626,3,14,2003,27.34212
35626,3,14,2004,27.25012
35626,3,14,2005,27.48341
35626,3,14,2006,27.62555
35626,3,14,2007,27.87723
35626,3,14,2008,28.21785
35626,3,14,2009,28.46996
35626,3,14,2010,28.53054
35626,3,14,2011,28.81907
35626,3,14,2012,28.85587
35626,3,14,2013,29.1394
35626,3,14,2014,29.57918
35626,3,14,2015,29.86619
35626,3,14,2016,29.88383
35626,3,14,2017,30.20811
35626,3,14,2018,30.42372
35626,3,14,2019,30.58772
35627,1,14,1950,25.50523
35627,1,14,1951,25.74176
35627,1,14,1952,25.61569
35627,1,14,1953,26.07327
35627,1,14,1954,26.08255
35627,1,14,1955,26.42607
35627,1,14,1956,26.84301
35627,1,14,1957,27.16462
35627,1,14,1958,27.40945
35627,1,14,1959,27.40343
35627,1,14,1960,27.64029
35627,1,14,1961,27.90486
35627,1,14,1962,28.07835
35627,1,14,1963,28.05803
35627,1,14,1964,28.30135
35627,1,14,1965,28.73282
35627,1,14,1966,28.44027
35627,1,14,1967,28.51808
35627,1,14,1968,28.75215
35627,1,14,1969,29.05708
35627,1,14,1970,29.15824
35627,1,14,1971,29.41239
35627,1,14,1972,29.8593
35627,1,14,1973,29.6964
35627,1,14,1974,30.35702
35627,1,14,1975,30.50737
35627,1,14,1976,30.63922
35627,1,14,1977,30.58909
35627,1,14,1978,31.10903
35627,1,14,1979,30.97886
35627,1,14,1980,30.62251
35627,1,14,1981,31.23797
35627,1,14,1982,31.17952
35627,1,14,1983,31.17075
35627,1,14,1984,31.2703
35627,1,14,1985,30.93936
35627,1,14,1986,31.03476
35627,1,14,1987,30.83284
35627,1,14,1988,30.69441
35627,1,14,1989,30.2915
35627,1,14,1990,30.10359
35627,1,14,1991,29.89119
35627,1,14,1992,29.34409
35627,1,14,1993,28.80224
35627,1,14,1994,28.2686
35627,1,14,1995,27.95197
35627,1,14,1996,26.97361
35627,1,14,1997,26.56591
35627,1,14,1998,26.35829
35627,1,14,1999,25.50385
35627,1,14,2000,25.02035
35627,1,14,2001,24.63496
35627,1,14,2002,23.9974
35627,1,14,2003,24.02692
35627,1,14,2004,23.77132
35627,1,14,2005,24.44429
35627,1,14,2006,24.5097
35627,1,14,2007,25.26479
35627,1,14,2008,25.86482
35627,1,14,2009,26.78768
35627,1,14,2010,27.15779
35627,1,14,2011,28.00586
35627,1,14,2012,28.26698
35627,1,14,2013,28.98022
35627,1,14,2014,29.14883
35627,1,14,2015,29.49451
35627,1,14,2016,29.92752
35627,1,14,2017,30.27878
35627,1,14,2018,30.45089
35627,1,14,2019,30.57518
35627,2,14,1950,28.13127
35627,2,14,1951,28.16374
35627,2,14,1952,28.3897
35627,2,14,1953,28.33598
35627,2,14,1954,28.5756
35627,2,14,1955,28.53425
35627,2,14,1956,29.01663
35627,2,14,1957,29.15678
35627,2,14,1958,29.29167
35627,2,14,1959,29.33487
35627,2,14,1960,29.64664
35627,2,14,1961,29.9768
35627,2,14,1962,29.87902
35627,2,14,1963,30.15344
35627,2,14,1964,30.49001
35627,2,14,1965,30.41544
35627,2,14,1966,30.37305
35627,2,14,1967,30.49566
35627,2,14,1968,30.97118
35627,2,14,1969,30.87733
35627,2,14,1970,31.10595
35627,2,14,1971,31.21576
35627,2,14,1972,31.48329
35627,2,14,1973,31.71003
35627,2,14,1974,31.90094
35627,2,14,1975,31.86728
35627,2,14,1976,32.21115
35627,2,14,1977,32.06981
35627,2,14,1978,32.33167
35627,2,14,1979,32.512
35627,2,14,1980,32.55925
35627,2,14,1981,32.64105
35627,2,14,1982,32.74538
35627,2,14,1983,32.84003
35627,2,14,1984,32.83719
35627,2,14,1985,32.71999
35627,2,14,1986,32.99222
35627,2,14,1987,33.10854
35627,2,14,1988,33.57173
35627,2,14,1989,33.32312
35627,2,14,1990,33.64556
35627,2,14,1991,34.03165
35627,2,14,1992,34.41014
35627,2,14,1993,33.92602
35627,2,14,1994,33.84908
35627,2,14,1995,33.32372
35627,2,14,1996,33.19636
35627,2,14,1997,32.38479
35627,2,14,1998,31.98985
35627,2,14,1999,31.85399
35627,2,14,2000,31.44326
35627,2,14,2001,31.36196
35627,2,14,2002,31.32874
35627,2,14,2003,31.42138
35627,2,14,2004,31.37612
35627,2,14,2005,31.69138
35627,2,14,2006,31.92131
35627,2,14,2007,32.32169
35627,2,14,2008,32.54375
35627,2,14,2009,32.42709
35627,2,14,2010,32.85548
35627,2,14,2011,32.54912
35627,2,14,2012,32.82693
35627,2,14,2013,33.03751
35627,2,14,2014,33.16849
35627,2,14,2015,33.72626
35627,2,14,2016,33.84572
35627,2,14,2017,33.92299
35627,2,14,2018,34.24127
35627,2,14,2019,34.31812
35627,3,14,1950,25.3314
35627,3,14,1951,25.73901
35627,3,14,1952,25.65595
35627,3,14,1953,25.85652
35627,3,14,1954,25.90727
35627,3,14,1955,26.23577
35627,3,14,1956,26.34069
35627,3,14,1957,26.87632
35627,3,14,1958,27.08339
35627,3,14,1959,27.10172
35627,3,14,1960,27.32019
35627,3,14,1961,27.38162
35627,3,14,1962,27.69911
35627,3,14,1963,27.768
35627,3,14,1964,28.10197
35627,3,14,1965,28.16649
35627,3,14,1966,28.18865
35627,3,14,1967,28.49166
35627,3,14,1968,28.62468
35627,3,14,1969,28.74854
35627,3,14,1970,28.91104
35627,3,14,1971,29.13889
35627,3,14,1972,29.42956
35627,3,14,1973,29.39831
35627,3,14,1974,29.7519
35627,3,14,1975,29.83696
35627,3,14,1976,30.09314
35627,3,14,1977,30.10503
35627,3,14,1978,30.41219
35627,3,14,1979,30.35511
35627,3,14,1980,30.46872
35627,3,14,1981,30.69147
35627,3,14,1982,30.73622
35627,3,14,1983,30.96944
35627,3,14,1984,30.84853
35627,3,14,1985,30.80805
35627,3,14,1986,30.61818
35627,3,14,1987,30.80764
35627,3,14,1988,30.81642
35627,3,14,1989,30.45514
35627,3,14,1990,30.35104
35627,3,14,1991,30.52307
35627,3,14,1992,29.88954
35627,3,14,1993,29.6709
35627,3,14,1994,29.44655
35627,3,14,1995,29.086
35627,3,14,1996,28.59189
35627,3,14,1997,28.11223
35627,3,14,1998,27.75087
35627,3,14,1999,27.27686
35627,3,14,2000,26.88167
35627,3,14,2001,26.71989
35627,3,14,2002,26.59388
35627,3,14,2003,26.41711
35627,3,14,2004,26.28054
35627,3,14,2005,26.84152
35627,3,14,2006,27.00633
35627,3,14,2007,27.36842
35627,3,14,2008,28.10138
35627,3,14,2009,28.65481
35627,3,14,2010,28.82661
35627,3,14,2011,29.1106
35627,3,14,2012,29.44769
35627,3,14,2013,30.0434
35627,3,14,2014,30.03347
35627,3,14,2015,30.35793
35627,3,14,2016,30.86441
35627,3,14,2017,30.97983
35627,3,14,2018,31.37903
35627,3,14,2019,31.34851
35628,1,14,1950,31.33082
35628,1,14,1951,31.25855
35628,1,14,1952,30.66768
35628,1,14,1953,31.1203
35628,1,14,1954,31.31219
35628,1,14,1955,31.28993
35628,1,14,1956,31.38256
35628,1,14,1957,31.85282
35628,1,14,1958,31.84978
35628,1,14,1959,32.09136
35628,1,14,1960,31.89194
35628,1,14,1961,32.11444
35628,1,14,1962,32.1476
35628,1,14,1963,32.18493
35628,1,14,1964,32.33327
35628,1,14,1965,32.38492
35628,1,14,1966,32.56059
35628,1,14,1967,32.86995
35628,1,14,1968,32.64858
35628,1,14,1969,32.97219
35628,1,14,1970,32.93447
35628,1,14,1971,33.01894
35628,1,14,1972,33.25202
35628,1,14,1973,33.53017
35628,1,14,1974,33.4642
35628,1,14,1975,33.65262
35628,1,14,1976,33.64743
35628,1,14,1977,33.89986
35628,1,14,1978,33.85258
35628,1,14,1979,34.06653
35628,1,14,1980,33.89907
35628,1,14,1981,34.2731
35628,1,14,1982,33.9975
35628,1,14,1983,34.32407
35628,1,14,1984,34.22389
35628,1,14,1985,33.8974
35628,1,14,1986,33.78693
35628,1,14,1987,33.67555
35628,1,14,1988,33.30576
35628,1,14,1989,33.01614
35628,1,14,1990,32.84489
35628,1,14,1991,32.3721
35628,1,14,1992,31.98703
35628,1,14,1993,31.5453
35628,1,14,1994,31.21088
35628,1,14,1995,30.69087
35628,1,14,1996,30.1966
35628,1,14,1997,29.83497
35628,1,14,1998,29.26778
35628,1,14,1999,29.15782
35628,1,14,2000,28.7497
35628,1,14,2001,28.37069
35628,1,14,2002,28.3627
35628,1,14,2003,28.05354
35628,1,14,2004,28.2314
35628,1,14,2005,27.95774
35628,1,14,2006,27.88917
35628,1,14,2007,28.30773
35628,1,14,2008,28.55613
35628,1,14,2009,28.69581
35628,1,14,2010,28.95267
35628,1,14,2011,29.3527
35628,1,14,2012,29.46961
35628,1,14,2013,30.09046
35628,1,14,2014,30.30862
35628,1,14,2015,30.45532
35628,1,14,2016,30.78119
35628,1,14,2017,30.88899
35628,1,14,2018,31.11089
35628,1,14,2019,31.14946
35628,2,14,1950,31.35417
35628,2,14,1951,31.64853
35628,2,14,1952,31.12793
35628,2,14,1953,31.26593
35628,2,14,1954,31.16112
35628,2,14,1955,31.43597
35628,2,14,1956,31.22669
35628,2,14,1957,31.66334
35628,2,14,1958,31.81186
35628,2,14,1959,31.76369
35628,2,14,1960,31.82313
35628,2,14,1961,31.93841
35628,2,14,1962,32.03181
35628,2,14,1963,32.12913
35628,2,14,1964,31.9954
35628,2,14,1965,32.33072
35628,2,14,1966,32.26607
35628,2,14,1967,32.12787
35628,2,14,1968,32.32052
35628,2,14,1969,32.75079
35628,2,14,1970,32.6587
35628,2,14,1971,32.7338
35628,2,14,1972,32.94124
35628,2,14,1973,33.01871
35628,2,14,1974,33.02313
35628,2,14,1975,33.27116
35628,2,14,1976,33.10611
35628,2,14,1977,33.20775
35628,2,14,1978,33.42395
35628,2,14,1979,33.37138
35628,2,14,1980,33.509
35628,2,14,1981,33.58207
35628,2,14,1982,33.7682
35628,2,14,1983,33.53195
35628,2,14,1984,33.70003
35628,2,14,1985,33.66505
35628,2,14,1986,33.77331
35628,2,14,1987,33.84616
35628,2,14,1988,34.3348
35628,2,14,1989,34.28099
35628,2,14,1990,34.6112
35628,2,14,1991,34.63817
35628,2,14,1992,34.51434
35628,2,14,1993,34.77315
35628,2,14,1994,34.18356
35628,2,14,1995,34.25418
35628,2,14,1996,33.92479
35628,2,14,1997,33.62957
35628,2,14,1998,33.4394
35628,2,14,1999,33.39681
35628,2,14,2000,33.32618
35628,2,14,2001,33.36061
35628,2,14,2002,33.15379
35628,2,14,2003,33.26152
35628,2,14,2004,33.24535
35628,2,14,2005,33.60319
35628,2,14,2006,33.76731
35628,2,14,2007,34.13035
35628,2,14,2008,34.18755
35628,2,14,2009,34.55643
35628,2,14,2010,34.60036
35628,2,14,2011,34.82705
35628,2,14,2012,34.68799
35628,2,14,2013,34.93106
35628,2,14,2014,34.95767
35628,2,14,2015,34.93899
35628,2,14,2016,34.96466
35628,2,14,2017,34.90897
35628,2,14,2018,35.0174
35628,2,14,2019,35.11802
35628,3,14,1950,30.53424
35628,3,14,1951,30.59031
35628,3,14,1952,30.21047
35628,3,14,1953,30.32584
35628,3,14,1954,30.40588
35628,3,14,1955,30.3458
35628,3,14,1956,30.53284
35628,3,14,1957,30.97132
35628,3,14,1958,30.88442
35628,3,14,1959,30.89203
35628,3,14,1960,31.17321
35628,3,14,1961,31.15183
35628,3,14,1962,31.09642
35628,3,14,1963,31.26124
35628,3,14,1964,31.41988
35628,3,14,1965,31.42932
35628,3,14,1966,31.55534
35628,3,14,1967,31.68077
35628,3,14,1968,31.59866
35628,3,14,1969,31.87643
35628,3,14,1970,31.8194
35628,3,14,1971,31.98544
35628,3,14,1972,32.19478
35628,3,14,1973,32.25897
35628,3,14,1974,32.32575
35628,3,14,1975,32.24204
35628,3,14,1976,32.38398
35628,3,14,1977,32.60515
35628,3,14,1978,32.74775
35628,3,14,1979,32.77532
35628,3,14,1980,32.79509
35628,3,14,1981,32.91693
35628,3,14,1982,32.71805
35628,3,14,1983,33.04481
35628,3,14,1984,32.97962
35628,3,14,1985,32.81445
35628,3,14,1986,32.78928
35628,3,14,1987,32.6367
35628,3,14,1988,32.60805
35628,3,14,1989,32.51159
35628,3,14,1990,32.39815
35628,3,14,1991,32.20179
35628,3,14,1992,31.88909
35628,3,14,1993,31.78488
35628,3,14,1994,31.22896
35628,3,14,1995,30.94119
35628,3,14,1996,30.83259
35628,3,14,1997,30.41302
35628,3,14,1998,29.86396
35628,3,14,1999,29.69265
35628,3,14,2000,29.47492
35628,3,14,2001,29.60472
35628,3,14,2002,29.36871
35628,3,14,2003,29.37122
35628,3,14,2004,29.43804
35628,3,14,2005,29.33657
35628,3,14,2006,29.6506
35628,3,14,2007,29.88822
35628,3,14,2008,30.25933
35628,3,14,2009,30.31328
35628,3,14,2010,30.70096
35628,3,14,2011,30.96615
35628,3,14,2012,31.22668
35628,3,14,2013,31.54937
35628,3,14,2014,31.7011
35628,3,14,2015,31.84755
35628,3,14,2016,32.12934
35628,3,14,2017,32.0676
35628,3,14,2018,32.31853
35628,3,14,2019,32.36029
35629,1,14,1950,26.081
35629,1,14,1951,26.3551
35629,1,14,1952,26.25077
35629,1,14,1953,26.44979
35629,1,14,1954,26.49444
35629,1,14,1955,26.56818
35629,1,14,1956,26.82758
35629,1,14,1957,27.07345
35629,1,14,1958,27.13561
35629,1,14,1959,27.48228
35629,1,14,1960,27.35897
35629,1,14,1961,27.68247
35629,1,14,1962,27.74332
35629,1,14,1963,27.91938
35629,1,14,1964,27.89491
35629,1,14,1965,28.13192
35629,1,14,1966,28.41967
35629,1,14,1967,28.3897
35629,1,14,1968,28.44367
35629,1,14,1969,28.60554
35629,1,14,1970,28.4612
35629,1,14,1971,28.98553
35629,1,14,1972,29.02598
35629,1,14,1973,29.18579
35629,1,14,1974,29.35303
35629,1,14,1975,29.29899
35629,1,14,1976,29.33473
35629,1,14,1977,29.4459
35629,1,14,1978,29.23385
35629,1,14,1979,29.62565
35629,1,14,1980,29.79763
35629,1,14,1981,29.65806
35629,1,14,1982,29.6532
35629,1,14,1983,29.58671
35629,1,14,1984,29.45592
35629,1,14,1985,29.57135
35629,1,14,1986,29.17304
35629,1,14,1987,28.94934
35629,1,14,1988,28.92844
35629,1,14,1989,28.76978
35629,1,14,1990,27.96008
35629,1,14,1991,27.85944
35629,1,14,1992,27.06965
35629,1,14,1993,26.55004
35629,1,14,1994,26.17893
35629,1,14,1995,25.562
35629,1,14,1996,25.29394
35629,1,14,1997,24.69161
35629,1,14,1998,24.14977
35629,1,14,1999,23.76468
35629,1,14,2000,23.37835
35629,1,14,2001,23.07327
35629,1,14,2002,22.45152
35629,1,14,2003,22.15888
35629,1,14,2004,21.9076
35629,1,14,2005,21.92663
35629,1,14,2006,22.49785
35629,1,14,2007,22.74922
35629,1,14,2008,23.02779
35629,1,14,2009,23.40758
35629,1,14,2010,24.19454
35629,1,14,2011,24.79441
35629,1,14,2012,25.09272
35629,1,14,2013,25.4614
35629,1,14,2014,25.84678
35629,1,14,2015,26.17427
35629,1,14,2016,26.42184
35629,1,14,2017,26.7498
35629,1,14,2018,27.06731
35629,1,14,2019,27.18335
35629,2,14,1950,30.8902
35629,2,14,1951,30.80381
35629,2,14,1952,30.713
35629,2,14,1953,30.81726
35629,2,14,1954,30.98018
35629,2,14,1955,31.14445
35629,2,14,1956,31.07785
35629,2,14,1957,31.22389
35629,2,14,1958,31.15177
35629,2,14,1959,31.3701
35629,2,14,1960,31.42732
35629,2,14,1961,31.459
35629,2,14,1962,31.52993
35629,2,14,1963,31.61016
35629,2,14,1964,31.66147
35629,2,14,1965,31.7719
35629,2,14,1966,31.78681
35629,2,14,1967,31.86029
35629,2,14,1968,31.77515
35629,2,14,1969,31.91466
35629,2,14,1970,31.99086
35629,2,14,1971,32.021
35629,2,14,1972,32.05038
35629,2,14,1973,32.28986
35629,2,14,1974,32.25686
35629,2,14,1975,32.27746
35629,2,14,1976,32.29124
35629,2,14,1977,32.24433
35629,2,14,1978,32.38773
35629,2,14,1979,32.23637
35629,2,14,1980,32.29146
35629,2,14,1981,32.50009
35629,2,14,1982,32.29934
35629,2,14,1983,32.28525
35629,2,14,1984,32.42461
35629,2,14,1985,32.54876
35629,2,14,1986,32.40239
35629,2,14,1987,32.52661
35629,2,14,1988,32.40516
35629,2,14,1989,32.43524
35629,2,14,1990,32.75973
35629,2,14,1991,32.87964
35629,2,14,1992,33.09204
35629,2,14,1993,32.57577
35629,2,14,1994,32.62696
35629,2,14,1995,32.35125
35629,2,14,1996,32.57679
35629,2,14,1997,32.20474
35629,2,14,1998,31.5494
35629,2,14,1999,31.30932
35629,2,14,2000,30.99017
35629,2,14,2001,30.78235
35629,2,14,2002,30.88378
35629,2,14,2003,30.7306
35629,2,14,2004,30.55121
35629,2,14,2005,30.94133
35629,2,14,2006,31.21394
35629,2,14,2007,31.82331
35629,2,14,2008,32.44205
35629,2,14,2009,32.63266
35629,2,14,2010,32.7732
35629,2,14,2011,33.29623
35629,2,14,2012,33.6545
35629,2,14,2013,34.08375
35629,2,14,2014,34.16133
35629,2,14,2015,34.13427
35629,2,14,2016,34.35891
35629,2,14,2017,34.57707
35629,2,14,2018,34.61544
35629,2,14,2019,34.68528
35629,3,14,1950,27.30907
35629,3,14,1951,27.45923
35629,3,14,1952,27.3963
35629,3,14,1953,27.23016
35629,3,14,1954,27.65947
35629,3,14,1955,27.65315
35629,3,14,1956,27.91211
35629,3,14,1957,27.9537
35629,3,14,1958,28.14377
35629,3,14,1959,28.28422
35629,3,14,1960,28.41211
35629,3,14,1961,28.36292
35629,3,14,1962,28.4881
35629,3,14,1963,28.56027
35629,3,14,1964,28.71648
35629,3,14,1965,28.90651
35629,3,14,1966,29.00145
35629,3,14,1967,28.9515
35629,3,14,1968,29.21784
35629,3,14,1969,29.2665
35629,3,14,1970,29.34785
35629,3,14,1971,29.49803
35629,3,14,1972,29.62469
35629,3,14,1973,29.62891
35629,3,14,1974,29.88622
35629,3,14,1975,29.7147
35629,3,14,1976,29.8884
35629,3,14,1977,29.92316
35629,3,14,1978,29.8338
35629,3,14,1979,29.98447
35629,3,14,1980,30.08795
35629,3,14,1981,29.96321
35629,3,14,1982,30.22954
35629,3,14,1983,30.06504
35629,3,14,1984,30.15913
35629,3,14,1985,30.19343
35629,3,14,1986,29.92705
35629,3,14,1987,29.8479
35629,3,14,1988,30.01554
35629,3,14,1989,29.65661
35629,3,14,1990,29.30356
35629,3,14,1991,29.25556
35629,3,14,1992,28.94929
35629,3,14,1993,28.40938
35629,3,14,1994,28.22085
35629,3,14,1995,27.8124
35629,3,14,1996,27.50595
35629,3,14,1997,27.0679
35629,3,14,1998,26.60123
35629,3,14,1999,26.33353
35629,3,14,2000,26.12931
35629,3,14,2001,25.75821
35629,3,14,2002,25.29169
35629,3,14,2003,25.00329
35629,3,14,2004,24.89935
35629,3,14,2005,25.1646
35629,3,14,2006,25.60295
35629,3,14,2007,25.97449
35629,3,14,2008,26.38391
35629,3,14,2009,26.74728
35629,3,14,2010,27.36844
35629,3,14,2011,27.93313
35629,3,14,2012,28.31923
35629,3,14,2013,28.70728
35629,3,14,2014,28.89154
35629,3,14,2015,29.07981
35629,3,14,2016,29.31457
35629,3,14,2017,29.52437
35629,3,14,2018,29.74434
35629,3,14,2019,29.89481
35630,1,14,1950,25.4128
35630,1,14,1951,25.58632
35630,1,14,1952,26.02302
35630,1,14,1953,26.14754
35630,1,14,1954,26.47494
35630,1,14,1955,26.88085
35630,1,14,1956,26.93669
35630,1,14,1957,27.52943
35630,1,14,1958,27.83106
35630,1,14,1959,27.86931
35630,1,14,1960,28.52498
35630,1,14,1961,28.5108
35630,1,14,1962,28.80055
35630,1,14,1963,28.70247
35630,1,14,1964,29.20536
35630,1,14,1965,29.18566
35630,1,14,1966,29.3455
35630,1,14,1967,29.72167
35630,1,14,1968,30.14786
35630,1,14,1969,30.01533
35630,1,14,1970,30.57504
35630,1,14,1971,30.59234
35630,1,14,1972,31.07814
35630,1,14,1973,31.25514
35630,1,14,1974,31.24175
35630,1,14,1975,31.89454
35630,1,14,1976,31.87713
35630,1,14,1977,32.22749
35630,1,14,1978,32.3148
35630,1,14,1979,32.39057
35630,1,14,1980,32.70509
35630,1,14,1981,32.93592
35630,1,14,1982,32.84255
35630,1,14,1983,33.17378
35630,1,14,1984,33.27506
35630,1,14,1985,33.31396
35630,1,14,1986,33.3118
35630,1,14,1987,33.47207
35630,1,14,1988,33.76275
35630,1,14,1989,33.66206
35630,1,14,1990,33.5915
35630,1,14,1991,33.54019
35630,1,14,1992,33.22642
35630,1,14,1993,33.032
35630,1,14,1994,32.83145
35630,1,14,1995,32.47337
35630,1,14,1996,32.05576
35630,1,14,1997,31.86916
35630,1,14,1998,31.66116
35630,1,14,1999,31.52671
35630,1,14,2000,31.35713
35630,1,14,2001,31.15289
35630,1,14,2002,30.84196
35630,1,14,2003,30.86004
35630,1,14,2004,30.65017
35630,1,14,2005,30.51793
35630,1,14,2006,30.69649
35630,1,14,2007,30.45174
35630,1,14,2008,30.67133
35630,1,14,2009,30.44061
35630,1,14,2010,29.99467
35630,1,14,2011,30.20549
35630,1,14,2012,30.33508
35630,1,14,2013,30.6114
35630,1,14,2014,31.12607
35630,1,14,2015,31.32792
35630,1,14,2016,31.51598
35630,1,14,2017,31.68708
35630,1,14,2018,32.12817
35630,1,14,2019,32.30008
35630,2,14,1950,26.59818
35630,2,14,1951,26.81653
35630,2,14,1952,26.74381
35630,2,14,1953,26.98033
35630,2,14,1954,27.15934
35630,2,14,1955,27.43981
35630,2,14,1956,27.70695
35630,2,14,1957,27.862
35630,2,14,1958,28.11226
35630,2,14,1959,28.26033
35630,2,14,1960,28.06538
35630,2,14,1961,28.42612
35630,2,14,1962,28.4061
35630,2,14,1963,28.53035
35630,2,14,1964,28.71769
35630,2,14,1965,28.56122
35630,2,14,1966,28.86186
35630,2,14,1967,29.05112
35630,2,14,1968,29.15308
35630,2,14,1969,29.1893
35630,2,14,1970,29.1725
35630,2,14,1971,29.58134
35630,2,14,1972,29.60664
35630,2,14,1973,29.67974
35630,2,14,1974,29.91651
35630,2,14,1975,29.93599
35630,2,14,1976,30.2691
35630,2,14,1977,30.0887
35630,2,14,1978,29.95585
35630,2,14,1979,30.31222
35630,2,14,1980,30.16387
35630,2,14,1981,30.34371
35630,2,14,1982,30.38175
35630,2,14,1983,30.52339
35630,2,14,1984,30.32
35630,2,14,1985,30.52929
35630,2,14,1986,30.63969
35630,2,14,1987,30.74441
35630,2,14,1988,31.0029
35630,2,14,1989,31.16703
35630,2,14,1990,31.0794
35630,2,14,1991,31.25581
35630,2,14,1992,31.45799
35630,2,14,1993,31.64476
35630,2,14,1994,31.92686
35630,2,14,1995,30.8627
35630,2,14,1996,30.75742
35630,2,14,1997,30.22708
35630,2,14,1998,29.88054
35630,2,14,1999,29.62292
35630,2,14,2000,29.64176
35630,2,14,2001,29.37015
35630,2,14,2002,29.32988
35630,2,14,2003,29.25401
35630,2,14,2004,29.56175
35630,2,14,2005,29.56477
35630,2,14,2006,30.09008
35630,2,14,2007,30.56826
35630,2,14,2008,30.95769
35630,2,14,2009,31.24197
35630,2,14,2010,32.05687
35630,2,14,2011,32.36174
35630,2,14,2012,32.72278
35630,2,14,2013,33.09866
35630,2,14,2014,33.16149
35630,2,14,2015,33.58725
35630,2,14,2016,33.56284
35630,2,14,2017,33.80518
35630,2,14,2018,34.12862
35630,2,14,2019,34.19346
35630,3,14,1950,24.92154
35630,3,14,1951,25.2391
35630,3,14,1952,25.29393
35630,3,14,1953,25.47726
35630,3,14,1954,25.88461
35630,3,14,1955,26.13004
35630,3,14,1956,26.30561
35630,3,14,1957,26.56513
35630,3,14,1958,26.73921
35630,3,14,1959,26.8181
35630,3,14,1960,27.37039
35630,3,14,1961,27.36594
35630,3,14,1962,27.42295
35630,3,14,1963,27.58331
35630,3,14,1964,27.76051
35630,3,14,1965,28.0659
35630,3,14,1966,28.05455
35630,3,14,1967,28.18614
35630,3,14,1968,28.37728
35630,3,14,1969,28.63135
35630,3,14,1970,28.74587
35630,3,14,1971,28.94986
35630,3,14,1972,29.02136
35630,3,14,1973,29.44559
35630,3,14,1974,29.59414
35630,3,14,1975,29.66567
35630,3,14,1976,29.86216
35630,3,14,1977,29.80532
35630,3,14,1978,30.12456
35630,3,14,1979,30.18224
35630,3,14,1980,30.23502
35630,3,14,1981,30.44346
35630,3,14,1982,30.60988
35630,3,14,1983,30.67303
35630,3,14,1984,30.72562
35630,3,14,1985,30.84404
35630,3,14,1986,31.05424
35630,3,14,1987,31.09715
35630,3,14,1988,31.18879
35630,3,14,1989,31.27481
35630,3,14,1990,31.18165
35630,3,14,1991,31.09743
35630,3,14,1992,31.26751
35630,3,14,1993,31.02774
35630,3,14,1994,30.86375
35630,3,14,1995,30.58132
35630,3,14,1996,30.33309
35630,3,14,1997,30.21612
35630,3,14,1998,29.77121
35630,3,14,1999,29.63842
35630,3,14,2000,29.49864
35630,3,14,2001,29.2873
35630,3,14,2002,29.10966
35630,3,14,2003,28.93274
35630,3,14,2004,29.15902
35630,3,14,2005,29.11541
35630,3,14,2006,29.57659
35630,3,14,2007,29.4382
35630,3,14,2008,29.92406
35630,3,14,2009,29.80601
35630,3,14,2010,30.12355
35630,3,14,2011,30.369
35630,3,14,2012,30.48595
35630,3,14,2013,30.91328
35630,3,14,2014,30.96362
35630,3,14,2015,31.45331
35630,3,14,2016,31.56809
35630,3,14,2017,31.56483
35630,3,14,2018,31.79876
35630,3,14,2019,31.8988
35631,1,14,1950,26.01359
35631,1,14,1951,26.31208
35631,1,14,1952,26.37278
35631,1,14,1953,26.35755
35631,1,14,1954,26.58248
35631,1,14,1955,26.73719
35631,1,14,1956,26.92769
35631,1,14,1957,27.3164
35631,1,14,1958,27.39566
35631,1,14,1959,27.72882
35631,1,14,1960,28.06495
35631,1,14,1961,28.41209
35631,1,14,1962,28.179
35631,1,14,1963,28.5836
35631,1,14,1964,28.93689
35631,1,14,1965,29.13755
35631,1,14,1966,29.2859
35631,1,14,1967,29.49705
35631,1,14,1968,29.68514
35631,1,14,1969,29.88599
35631,1,14,1970,29.82103
35631,1,14,1971,30.21887
35631,1,14,1972,30.55754
35631,1,14,1973,30.95067
35631,1,14,1974,31.61263
35631,1,14,1975,31.80452
35631,1,14,1976,31.98645
35631,1,14,1977,32.46694
35631,1,14,1978,32.69735
35631,1,14,1979,33.16543
35631,1,14,1980,33.16506
35631,1,14,1981,33.34638
35631,1,14,1982,33.46067
35631,1,14,1983,33.53341
35631,1,14,1984,33.56332
35631,1,14,1985,33.26751
35631,1,14,1986,33.04998
35631,1,14,1987,32.77237
35631,1,14,1988,32.47
35631,1,14,1989,32.37872
35631,1,14,1990,31.9523
35631,1,14,1991,31.51725
35631,1,14,1992,31.27461
35631,1,14,1993,30.77752
35631,1,14,1994,30.62676
35631,1,14,1995,30.01862
35631,1,14,1996,29.72144
35631,1,14,1997,29.33011
35631,1,14,1998,28.87158
35631,1,14,1999,28.63362
35631,1,14,2000,28.48885
35631,1,14,2001,28.21787
35631,1,14,2002,28.02367
35631,1,14,2003,27.38339
35631,1,14,2004,27.00291
35631,1,14,2005,26.87017
35631,1,14,2006,26.90918
35631,1,14,2007,27.28925
35631,1,14,2008,27.20282
35631,1,14,2009,27.79751
35631,1,14,2010,27.80509
35631,1,14,2011,28.13621
35631,1,14,2012,28.40367
35631,1,14,2013,29.10684
35631,1,14,2014,28.96929
35631,1,14,2015,28.90386
35631,1,14,2016,29.54895
35631,1,14,2017,29.80248
35631,1,14,2018,30.31615
35631,1,14,2019,30.19031
35631,2,14,1950,28.3027
35631,2,14,1951,28.35799
35631,2,14,1952,28.52626
35631,2,14,1953,28.46205
35631,2,14,1954,28.82713
35631,2,14,1955,28.74264
35631,2,14,1956,28.87886
35631,2,14,1957,29.39599
35631,2,14,1958,29.32838
35631,2,14,1959,29.4056
35631,2,14,1960,29.65453
35631,2,14,1961,29.65051
35631,2,14,1962,29.69718
35631,2,14,1963,29.99731
35631,2,14,1964,29.90896
35631,2,14,1965,30.41076
35631,2,14,1966,30.3229
35631,2,14,1967,30.49736
35631,2,14,1968,30.60424
35631,2,14,1969,30.95881
35631,2,14,1970,30.94276
35631,2,14,1971,31.12072
35631,2,14,1972,31.49655
35631,2,14,1973,31.84292
35631,2,14,1974,32.12492
35631,2,14,1975,32.34504
35631,2,14,1976,32.56942
35631,2,14,1977,32.76153
35631,2,14,1978,33.05531
35631,2,14,1979,33.16718
35631,2,14,1980,33.46726
35631,2,14,1981,33.49334
35631,2,14,1982,33.46513
35631,2,14,1983,33.6107
35631,2,14,1984,33.63721
35631,2,14,1985,33.46761
35631,2,14,1986,33.82334
35631,2,14,1987,33.99662
35631,2,14,1988,34.08273
35631,2,14,1989,34.29929
35631,2,14,1990,34.60486
35631,2,14,1991,34.70512
35631,2,14,1992,34.82033
35631,2,14,1993,34.49263
35631,2,14,1994,34.42527
35631,2,14,1995,34.14039
35631,2,14,1996,33.89813
35631,2,14,1997,33.83202
35631,2,14,1998,33.5325
35631,2,14,1999,33.35384
35631,2,14,2000,33.11365
35631,2,14,2001,33.04092
35631,2,14,2002,33.08935
35631,2,14,2003,32.91629
35631,2,14,2004,32.85322
35631,2,14,2005,33.1361
35631,2,14,2006,33.13378
35631,2,14,2007,33.53414
35631,2,14,2008,33.74301
35631,2,14,2009,33.91763
35631,2,14,2010,33.99882
35631,2,14,2011,34.25452
35631,2,14,2012,34.60903
35631,2,14,2013,34.67587
35631,2,14,2014,34.80265
35631,2,14,2015,34.78305
35631,2,14,2016,34.83377
35631,2,14,2017,34.94229
35631,2,14,2018,34.96701
35631,2,14,2019,35.1705
35631,3,14,1950,25.93691
35631,3,14,1951,26.22091
35631,3,14,1952,26.2303
35631,3,14,1953,26.15218
35631,3,14,1954,26.66362
35631,3,14,1955,26.66982
35631,3,14,1956,26.92955
35631,3,14,1957,27.16837
35631,3,14,1958,27.16461
35631,3,14,1959,27.5296
35631,3,14,1960,27.57671
35631,3,14,1961,27.81452
35631,3,14,1962,27.82381
35631,3,14,1963,28.10595
35631,3,14,1964,28.28706
35631,3,14,1965,28.40175
35631,3,14,1966,28.5449
35631,3,14,1967,28.70319
35631,3,14,1968,28.85594
35631,3,14,1969,29.10077
35631,3,14,1970,29.09601
35631,3,14,1971,29.5901
35631,3,14,1972,29.72172
35631,3,14,1973,30.04889
35631,3,14,1974,30.44738
35631,3,14,1975,30.80092
35631,3,14,1976,31.12966
35631,3,14,1977,31.50912
35631,3,14,1978,31.71582
35631,3,14,1979,31.95233
35631,3,14,1980,32.05769
35631,3,14,1981,31.99257
35631,3,14,1982,32.28076
35631,3,14,1983,32.46002
35631,3,14,1984,32.43419
35631,3,14,1985,32.33711
35631,3,14,1986,32.28577
35631,3,14,1987,32.28499
35631,3,14,1988,32.45907
35631,3,14,1989,31.95563
35631,3,14,1990,32.12393
35631,3,14,1991,31.92978
35631,3,14,1992,31.66183
35631,3,14,1993,31.45826
35631,3,14,1994,31.51474
35631,3,14,1995,31.08882
35631,3,14,1996,30.91771
35631,3,14,1997,30.56777
35631,3,14,1998,30.34734
35631,3,14,1999,30.29459
35631,3,14,2000,29.94813
35631,3,14,2001,29.82197
35631,3,14,2002,29.56991
35631,3,14,2003,29.25604
35631,3,14,2004,29.00855
35631,3,14,2005,28.97462
35631,3,14,2006,29.06892
35631,3,14,2007,29.38679
35631,3,14,2008,29.58141
35631,3,14,2009,29.92378
35631,3,14,2010,30.12356
35631,3,14,2011,30.243
35631,3,14,2012,30.74152
35631,3,14,2013,31.15273
35631,3,14,2014,31.08486
35631,3,14,2015,31.06751
35631,3,14,2016,31.29642
35631,3,14,2017,31.47826
35631,3,14,2018,31.57479
35631,3,14,2019,31.94146
35632,1,14,1950,25.66742
35632,1,14,1951,25.87597
35632,1,14,1952,25.85158
35632,1,14,1953,26.06911
35632,1,14,1954,26.03361
35632,1,14,1955,26.37146
35632,1,14,1956,26.33925
35632,1,14,1957,26.97573
35632,1,14,1958,27.39619
35632,1,14,1959,27.32054
35632,1,14,1960,27.43268
35632,1,14,1961,27.42615
35632,1,14,1962,27.75658
35632,1,14,1963,27.87975
35632,1,14,1964,28.12663
35632,1,14,1965,28.07286
35632,1,14,1966,28.75925
35632,1,14,1967,28.65609
35632,1,14,1968,28.87085
35632,1,14,1969,29.18819
35632,1,14,1970,29.46358
35632,1,14,1971,29.53255
35632,1,14,1972,29.76579
35632,1,14,1973,29.7931
35632,1,14,1974,30.14909
35632,1,14,1975,30.08163
35632,1,14,1976,30.42742
35632,1,14,1977,30.36447
35632,1,14,1978,30.37112
35632,1,14,1979,30.57439
35632,1,14,1980,30.93901
35632,1,14,1981,30.87477
35632,1,14,1982,30.79318
35632,1,14,1983,30.56789
35632,1,14,1984,30.97015
35632,1,14,1985,30.49912
35632,1,14,1986,30.4129
35632,1,14,1987,30.04249
35632,1,14,1988,30.04256
35632,1,14,1989,29.56334
35632,1,14,1990,29.65842
35632,1,14,1991,29.06826
35632,1,14,1992,29.13657
35632,1,14,1993,28.62783
35632,1,14,1994,27.41399
35632,1,14,1995,27.92925
35632,1,14,1996,27.52351
35632,1,14,1997,27.16255
35632,1,14,1998,26.55989
35632,1,14,1999,25.48511
35632,1,14,2000,25.99417
35632,1,14,2001,25.68493
35632,1,14,2002,25.66172
35632,1,14,2003,25.46197
35632,1,14,2004,25.59489
35632,1,14,2005,26.33122
35632,1,14,2006,26.63952
35632,1,14,2007,27.40164
35632,1,14,2008,27.57192
35632,1,14,2009,27.80734
35632,1,14,2010,28.11458
35632,1,14,2011,28.40032
35632,1,14,2012,28.60221
35632,1,14,2013,28.79587
35632,1,14,2014,28.99115
35632,1,14,2015,29.59254
35632,1,14,2016,30.16337
35632,1,14,2017,30.16608
35632,1,14,2018,30.67532
35632,1,14,2019,31.14613
35632,2,14,1950,26.27286
35632,2,14,1951,26.359
35632,2,14,1952,26.35789
35632,2,14,1953,26.47415
35632,2,14,1954,26.47884
35632,2,14,1955,26.81579
35632,2,14,1956,27.02143
35632,2,14,1957,27.00316
35632,2,14,1958,27.16153
35632,2,14,1959,27.50954
35632,2,14,1960,27.34736
35632,2,14,1961,27.50306
35632,2,14,1962,27.57134
35632,2,14,1963,27.59207
35632,2,14,1964,27.6679
35632,2,14,1965,27.91306
35632,2,14,1966,28.00201
35632,2,14,1967,27.85615
35632,2,14,1968,28.14451
35632,2,14,1969,28.20981
35632,2,14,1970,28.34872
35632,2,14,1971,28.46351
35632,2,14,1972,28.5392
35632,2,14,1973,28.71113
35632,2,14,1974,28.89976
35632,2,14,1975,28.86953
35632,2,14,1976,28.98058
35632,2,14,1977,29.02969
35632,2,14,1978,29.17098
35632,2,14,1979,28.98507
35632,2,14,1980,29.07062
35632,2,14,1981,29.05963
35632,2,14,1982,29.10221
35632,2,14,1983,29.04167
35632,2,14,1984,29.18481
35632,2,14,1985,29.14923
35632,2,14,1986,29.14266
35632,2,14,1987,29.15028
35632,2,14,1988,29.33261
35632,2,14,1989,29.10351
35632,2,14,1990,29.19502
35632,2,14,1991,29.35984
35632,2,14,1992,29.03141
35632,2,14,1993,29.19342
35632,2,14,1994,28.42888
35632,2,14,1995,28.75057
35632,2,14,1996,28.75877
35632,2,14,1997,28.01399
35632,2,14,1998,27.46483
35632,2,14,1999,26.71507
35632,2,14,2000,26.93371
35632,2,14,2001,26.37725
35632,2,14,2002,26.06353
35632,2,14,2003,26.25026
35632,2,14,2004,26.60974
35632,2,14,2005,26.85865
35632,2,14,2006,27.56569
35632,2,14,2007,28.07531
35632,2,14,2008,28.23553
35632,2,14,2009,28.24804
35632,2,14,2010,28.14146
35632,2,14,2011,28.17973
35632,2,14,2012,28.66202
35632,2,14,2013,29.01503
35632,2,14,2014,29.40255
35632,2,14,2015,29.67004
35632,2,14,2016,30.06066
35632,2,14,2017,30.45872
35632,2,14,2018,30.62884
35632,2,14,2019,30.94231
35632,3,14,1950,24.805
35632,3,14,1951,25.21738
35632,3,14,1952,25.04081
35632,3,14,1953,25.33166
35632,3,14,1954,25.21754
35632,3,14,1955,25.54296
35632,3,14,1956,25.52016
35632,3,14,1957,25.91599
35632,3,14,1958,26.18233
35632,3,14,1959,26.08914
35632,3,14,1960,26.4853
35632,3,14,1961,26.31983
35632,3,14,1962,26.55768
35632,3,14,1963,26.6166
35632,3,14,1964,26.99622
35632,3,14,1965,26.87649
35632,3,14,1966,27.09325
35632,3,14,1967,27.1902
35632,3,14,1968,27.32212
35632,3,14,1969,27.6756
35632,3,14,1970,27.96422
35632,3,14,1971,27.90887
35632,3,14,1972,28.08339
35632,3,14,1973,28.26993
35632,3,14,1974,28.44602
35632,3,14,1975,28.28002
35632,3,14,1976,28.58678
35632,3,14,1977,28.46349
35632,3,14,1978,28.79674
35632,3,14,1979,28.69024
35632,3,14,1980,29.00066
35632,3,14,1981,28.77058
35632,3,14,1982,28.82848
35632,3,14,1983,28.83175
35632,3,14,1984,28.94879
35632,3,14,1985,28.91196
35632,3,14,1986,28.82585
35632,3,14,1987,28.73284
35632,3,14,1988,28.75501
35632,3,14,1989,28.44384
35632,3,14,1990,28.50911
35632,3,14,1991,28.27217
35632,3,14,1992,27.89462
35632,3,14,1993,27.83002
35632,3,14,1994,26.79728
35632,3,14,1995,27.23883
35632,3,14,1996,26.77881
35632,3,14,1997,26.37108
35632,3,14,1998,26.07316
35632,3,14,1999,25.20387
35632,3,14,2000,25.6105
35632,3,14,2001,25.25788
35632,3,14,2002,25.17495
35632,3,14,2003,24.90695
35632,3,14,2004,25.32374
35632,3,14,2005,25.6573
35632,3,14,2006,26.38195
35632,3,14,2007,26.90281
35632,3,14,2008,27.08141
35632,3,14,2009,27.17591
35632,3,14,2010,27.37043
35632,3,14,2011,27.52155
35632,3,14,2012,27.79603
35632,3,14,2013,28.041
35632,3,14,2014,28.3306
35632,3,14,2015,28.62147
35632,3,14,2016,28.85962
35632,3,14,2017,29.07721
35632,3,14,2018,29.14551
35632,3,14,2019,29.57387
35633,1,14,1950,23.80646
35633,1,14,1951,23.87341
35633,1,14,1952,23.95423
35633,1,14,1953,24.22144
35633,1,14,1954,24.18138
35633,1,14,1955,24.67333
35633,1,14,1956,24.43617
35633,1,14,1957,24.95533
35633,1,14,1958,25.12165
35633,1,14,1959,25.13104
35633,1,14,1960,25.25463
35633,1,14,1961,25.43955
35633,1,14,1962,25.55126
35633,1,14,1963,25.86615
35633,1,14,1964,25.86524
35633,1,14,1965,25.92216
35633,1,14,1966,25.9382
35633,1,14,1967,25.99012
35633,1,14,1968,26.29942
35633,1,14,1969,26.48991
35633,1,14,1970,26.84032
35633,1,14,1971,26.46527
35633,1,14,1972,26.8837
35633,1,14,1973,26.76829
35633,1,14,1974,27.35518
35633,1,14,1975,27.11999
35633,1,14,1976,27.27573
35633,1,14,1977,27.26548
35633,1,14,1978,27.2535
35633,1,14,1979,27.48065
35633,1,14,1980,27.55607
35633,1,14,1981,27.23454
35633,1,14,1982,27.3447
35633,1,14,1983,27.37828
35633,1,14,1984,27.35548
35633,1,14,1985,27.14362
35633,1,14,1986,27.01305
35633,1,14,1987,26.70178
35633,1,14,1988,26.33224
35633,1,14,1989,26.00603
35633,1,14,1990,25.42556
35633,1,14,1991,24.47212
35633,1,14,1992,23.75761
35633,1,14,1993,22.64652
35633,1,14,1994,21.72018
35633,1,14,1995,20.95257
35633,1,14,1996,20.00109
35633,1,14,1997,19.11402
35633,1,14,1998,18.34875
35633,1,14,1999,17.55486
35633,1,14,2000,16.71355
35633,1,14,2001,16.07566
35633,1,14,2002,15.90897
35633,1,14,2003,15.44389
35633,1,14,2004,15.39705
35633,1,14,2005,15.66511
35633,1,14,2006,16.45943
35633,1,14,2007,17.37536
35633,1,14,2008,18.40662
35633,1,14,2009,19.19682
35633,1,14,2010,19.86794
35633,1,14,2011,19.77071
35633,1,14,2012,19.33587
35633,1,14,2013,19.31902
35633,1,14,2014,19.8559
35633,1,14,2015,20.55115
35633,1,14,2016,21.57203
35633,1,14,2017,22.14081
35633,1,14,2018,23.03079
35633,1,14,2019,23.39493
35633,2,14,1950,30.58637
35633,2,14,1951,30.87929
35633,2,14,1952,30.65368
35633,2,14,1953,30.77415
35633,2,14,1954,30.78251
35633,2,14,1955,31.10515
35633,2,14,1956,31.38151
35633,2,14,1957,31.41721
35633,2,14,1958,31.57887
35633,2,14,1959,31.57306
35633,2,14,1960,31.74896
35633,2,14,1961,31.55186
35633,2,14,1962,31.79617
35633,2,14,1963,31.79194
35633,2,14,1964,31.94435
35633,2,14,1965,32.21778
35633,2,14,1966,32.20489
35633,2,14,1967,32.32089
35633,2,14,1968,32.61843
35633,2,14,1969,32.72741
35633,2,14,1970,32.5727
35633,2,14,1971,32.81132
35633,2,14,1972,32.83264
35633,2,14,1973,32.71966
35633,2,14,1974,33.04029
35633,2,14,1975,33.21069
35633,2,14,1976,33.20085
35633,2,14,1977,33.10854
35633,2,14,1978,33.44992
35633,2,14,1979,33.3256
35633,2,14,1980,33.40612
35633,2,14,1981,33.31371
35633,2,14,1982,33.60941
35633,2,14,1983,33.73857
35633,2,14,1984,33.73478
35633,2,14,1985,33.65691
35633,2,14,1986,33.89224
35633,2,14,1987,33.99088
35633,2,14,1988,34.30745
35633,2,14,1989,34.23104
35633,2,14,1990,34.0513
35633,2,14,1991,33.82886
35633,2,14,1992,33.27621
35633,2,14,1993,33.02993
35633,2,14,1994,32.73266
35633,2,14,1995,31.64599
35633,2,14,1996,30.93642
35633,2,14,1997,29.88588
35633,2,14,1998,29.08148
35633,2,14,1999,28.72008
35633,2,14,2000,28.27848
35633,2,14,2001,27.70384
35633,2,14,2002,27.39691
35633,2,14,2003,26.67119
35633,2,14,2004,26.97536
35633,2,14,2005,27.28362
35633,2,14,2006,28.07766
35633,2,14,2007,28.78837
35633,2,14,2008,29.35333
35633,2,14,2009,29.48084
35633,2,14,2010,29.99545
35633,2,14,2011,30.82189
35633,2,14,2012,31.48049
35633,2,14,2013,31.85666
35633,2,14,2014,32.41107
35633,2,14,2015,32.57828
35633,2,14,2016,33.1571
35633,2,14,2017,33.23541
35633,2,14,2018,33.50839
35633,2,14,2019,33.63727
35633,3,14,1950,25.18316
35633,3,14,1951,25.30467
35633,3,14,1952,25.30807
35633,3,14,1953,25.4913
35633,3,14,1954,25.76921
35633,3,14,1955,25.96568
35633,3,14,1956,25.83734
35633,3,14,1957,26.42757
35633,3,14,1958,26.4715
35633,3,14,1959,26.58435
35633,3,14,1960,26.79773
35633,3,14,1961,26.82644
35633,3,14,1962,27.08107
35633,3,14,1963,27.31617
35633,3,14,1964,27.5036
35633,3,14,1965,27.32759
35633,3,14,1966,27.56324
35633,3,14,1967,27.63684
35633,3,14,1968,27.99087
35633,3,14,1969,28.03494
35633,3,14,1970,28.19907
35633,3,14,1971,28.14536
35633,3,14,1972,28.50522
35633,3,14,1973,28.31722
35633,3,14,1974,28.74913
35633,3,14,1975,28.51268
35633,3,14,1976,28.82882
35633,3,14,1977,28.82588
35633,3,14,1978,28.84066
35633,3,14,1979,29.02618
35633,3,14,1980,29.16654
35633,3,14,1981,28.99157
35633,3,14,1982,29.09764
35633,3,14,1983,29.212
35633,3,14,1984,29.2122
35633,3,14,1985,29.17221
35633,3,14,1986,29.16907
35633,3,14,1987,29.01318
35633,3,14,1988,28.96542
35633,3,14,1989,28.57707
35633,3,14,1990,28.12479
35633,3,14,1991,27.29884
35633,3,14,1992,27.01207
35633,3,14,1993,25.79939
35633,3,14,1994,25.10704
35633,3,14,1995,24.10117
35633,3,14,1996,23.37417
35633,3,14,1997,22.54891
35633,3,14,1998,21.81271
35633,3,14,1999,21.25383
35633,3,14,2000,20.62626
35633,3,14,2001,19.95663
35633,3,14,2002,19.72021
35633,3,14,2003,19.30578
35633,3,14,2004,19.33768
35633,3,14,2005,19.75331
35633,3,14,2006,20.69423
35633,3,14,2007,21.57328
35633,3,14,2008,22.35575
35633,3,14,2009,23.06807
35633,3,14,2010,23.81714
35633,3,14,2011,23.82767
35633,3,14,2012,23.9177
35633,3,14,2013,24.12933
35633,3,14,2014,24.49741
35633,3,14,2015,24.98162
35633,3,14,2016,25.95872
35633,3,14,2017,26.22857
35633,3,14,2018,26.88844
35633,3,14,2019,27.08424
35634,1,14,1950,25.52086
35634,1,14,1951,25.98301
35634,1,14,1952,25.80989
35634,1,14,1953,26.18148
35634,1,14,1954,26.17813
35634,1,14,1955,26.31616
35634,1,14,1956,26.46527
35634,1,14,1957,26.83781
35634,1,14,1958,27.0601
35634,1,14,1959,27.37652
35634,1,14,1960,27.60771
35634,1,14,1961,27.50404
35634,1,14,1962,27.80945
35634,1,14,1963,27.61883
35634,1,14,1964,27.99196
35634,1,14,1965,28.21456
35634,1,14,1966,28.3534
35634,1,14,1967,28.75775
35634,1,14,1968,28.83539
35634,1,14,1969,29.12403
35634,1,14,1970,29.42738
35634,1,14,1971,29.5998
35634,1,14,1972,29.53233
35634,1,14,1973,29.8189
35634,1,14,1974,30.21268
35634,1,14,1975,30.16914
35634,1,14,1976,30.39086
35634,1,14,1977,30.60485
35634,1,14,1978,30.81245
35634,1,14,1979,30.75022
35634,1,14,1980,31.19035
35634,1,14,1981,31.13649
35634,1,14,1982,31.51606
35634,1,14,1983,31.19399
35634,1,14,1984,31.06446
35634,1,14,1985,31.10006
35634,1,14,1986,31.31772
35634,1,14,1987,31.2937
35634,1,14,1988,31.28822
35634,1,14,1989,31.22057
35634,1,14,1990,31.27313
35634,1,14,1991,31.00735
35634,1,14,1992,31.05925
35634,1,14,1993,30.47952
35634,1,14,1994,30.49601
35634,1,14,1995,30.59439
35634,1,14,1996,30.47414
35634,1,14,1997,29.82699
35634,1,14,1998,29.19113
35634,1,14,1999,29.01013
35634,1,14,2000,28.59229
35634,1,14,2001,28.2567
35634,1,14,2002,27.74801
35634,1,14,2003,27.58719
35634,1,14,2004,26.74222
35634,1,14,2005,26.58238
35634,1,14,2006,26.43267
35634,1,14,2007,26.42002
35634,1,14,2008,26.50109
35634,1,14,2009,26.40786
35634,1,14,2010,26.54308
35634,1,14,2011,26.51461
35634,1,14,2012,26.67457
35634,1,14,2013,27.34342
35634,1,14,2014,27.64836
35634,1,14,2015,28.09143
35634,1,14,2016,28.56297
35634,1,14,2017,28.61112
35634,1,14,2018,29.1146
35634,1,14,2019,29.45979
35634,2,14,1950,28.62612
35634,2,14,1951,29.09722
35634,2,14,1952,28.79625
35634,2,14,1953,29.01178
35634,2,14,1954,29.11081
35634,2,14,1955,29.22808
35634,2,14,1956,29.29368
35634,2,14,1957,29.36184
35634,2,14,1958,29.76407
35634,2,14,1959,29.95816
35634,2,14,1960,29.99742
35634,2,14,1961,29.97095
35634,2,14,1962,30.01755
35634,2,14,1963,30.14761
35634,2,14,1964,30.12235
35634,2,14,1965,30.1318
35634,2,14,1966,30.68257
35634,2,14,1967,30.48942
35634,2,14,1968,30.66134
35634,2,14,1969,30.67181
35634,2,14,1970,30.90482
35634,2,14,1971,31.0859
35634,2,14,1972,31.11016
35634,2,14,1973,31.10139
35634,2,14,1974,31.21174
35634,2,14,1975,31.4791
35634,2,14,1976,31.44584
35634,2,14,1977,31.62031
35634,2,14,1978,31.61516
35634,2,14,1979,31.76353
35634,2,14,1980,31.77033
35634,2,14,1981,31.89731
35634,2,14,1982,31.99719
35634,2,14,1983,31.87992
35634,2,14,1984,31.90294
35634,2,14,1985,31.95194
35634,2,14,1986,32.17494
35634,2,14,1987,32.04125
35634,2,14,1988,32.27544
35634,2,14,1989,32.29914
35634,2,14,1990,32.78406
35634,2,14,1991,32.69082
35634,2,14,1992,32.94798
35634,2,14,1993,32.94905
35634,2,14,1994,33.55437
35634,2,14,1995,33.3982
35634,2,14,1996,33.34771
35634,2,14,1997,33.02338
35634,2,14,1998,32.8758
35634,2,14,1999,32.7273
35634,2,14,2000,32.42542
35634,2,14,2001,32.81055
35634,2,14,2002,32.79306
35634,2,14,2003,32.49819
35634,2,14,2004,32.87918
35634,2,14,2005,32.84111
35634,2,14,2006,33.22784
35634,2,14,2007,33.46413
35634,2,14,2008,33.76843
35634,2,14,2009,34.08794
35634,2,14,2010,34.23195
35634,2,14,2011,34.46392
35634,2,14,2012,34.63835
35634,2,14,2013,34.61783
35634,2,14,2014,34.62309
35634,2,14,2015,34.61175
35634,2,14,2016,34.70105
35634,2,14,2017,34.68616
35634,2,14,2018,34.72421
35634,2,14,2019,34.65117
35634,3,14,1950,25.91511
35634,3,14,1951,26.32777
35634,3,14,1952,26.23965
35634,3,14,1953,26.35662
35634,3,14,1954,26.46901
35634,3,14,1955,26.59495
35634,3,14,1956,26.80759
35634,3,14,1957,27.12859
35634,3,14,1958,27.27962
35634,3,14,1959,27.31448
35634,3,14,1960,27.56785
35634,3,14,1961,27.55418
35634,3,14,1962,27.70309
35634,3,14,1963,27.71463
35634,3,14,1964,27.8808
35634,3,14,1965,28.0319
35634,3,14,1966,28.25878
35634,3,14,1967,28.47714
35634,3,14,1968,28.643
35634,3,14,1969,28.72764
35634,3,14,1970,28.94923
35634,3,14,1971,29.09528
35634,3,14,1972,29.25725
35634,3,14,1973,29.18984
35634,3,14,1974,29.52981
35634,3,14,1975,29.6027
35634,3,14,1976,29.78344
35634,3,14,1977,29.86875
35634,3,14,1978,30.14536
35634,3,14,1979,30.23229
35634,3,14,1980,30.48385
35634,3,14,1981,30.40448
35634,3,14,1982,30.5939
35634,3,14,1983,30.56163
35634,3,14,1984,30.63728
35634,3,14,1985,30.63611
35634,3,14,1986,30.65522
35634,3,14,1987,30.7994
35634,3,14,1988,30.83995
35634,3,14,1989,30.81666
35634,3,14,1990,30.88226
35634,3,14,1991,30.70419
35634,3,14,1992,30.79938
35634,3,14,1993,30.64198
35634,3,14,1994,30.82964
35634,3,14,1995,30.45469
35634,3,14,1996,30.38872
35634,3,14,1997,30.21618
35634,3,14,1998,29.93957
35634,3,14,1999,29.80701
35634,3,14,2000,29.4941
35634,3,14,2001,29.53395
35634,3,14,2002,29.1068
35634,3,14,2003,29.1194
35634,3,14,2004,29.00074
35634,3,14,2005,28.94626
35634,3,14,2006,28.8711
35634,3,14,2007,29.14776
35634,3,14,2008,29.48018
35634,3,14,2009,29.56572
35634,3,14,2010,29.69242
35634,3,14,2011,29.94166
35634,3,14,2012,30.10166
35634,3,14,2013,30.41685
35634,3,14,2014,30.5649
35634,3,14,2015,30.74485
35634,3,14,2016,31.05449
35634,3,14,2017,31.08201
35634,3,14,2018,31.39025
35634,3,14,2019,31.5724
35635,1,14,1950,24.34047
35635,1,14,1951,25.17818
35635,1,14,1952,25.1013
35635,1,14,1953,25.30197
35635,1,14,1954,25.71945
35635,1,14,1955,25.88632
35635,1,14,1956,26.19331
35635,1,14,1957,26.51903
35635,1,14,1958,26.81429
35635,1,14,1959,27.05852
35635,1,14,1960,26.9247
35635,1,14,1961,27.23038
35635,1,14,1962,27.70376
35635,1,14,1963,27.87159
35635,1,14,1964,27.95671
35635,1,14,1965,28.24108
35635,1,14,1966,28.20147
35635,1,14,1967,28.80245
35635,1,14,1968,28.97776
35635,1,14,1969,28.84294
35635,1,14,1970,29.52031
35635,1,14,1971,29.82725
35635,1,14,1972,30.07819
35635,1,14,1973,29.93775
35635,1,14,1974,30.0973
35635,1,14,1975,30.67065
35635,1,14,1976,30.61468
35635,1,14,1977,30.77197
35635,1,14,1978,31.04813
35635,1,14,1979,31.18534
35635,1,14,1980,31.52421
35635,1,14,1981,31.44207
35635,1,14,1982,31.94442
35635,1,14,1983,31.96717
35635,1,14,1984,32.03702
35635,1,14,1985,32.1444
35635,1,14,1986,32.31665
35635,1,14,1987,32.27696
35635,1,14,1988,32.5336
35635,1,14,1989,32.63384
35635,1,14,1990,32.71095
35635,1,14,1991,32.8835
35635,1,14,1992,32.66453
35635,1,14,1993,32.64087
35635,1,14,1994,32.45785
35635,1,14,1995,32.01781
35635,1,14,1996,31.8011
35635,1,14,1997,31.52075
35635,1,14,1998,31.2117
35635,1,14,1999,31.08096
35635,1,14,2000,30.84374
35635,1,14,2001,30.38556
35635,1,14,2002,29.97058
35635,1,14,2003,29.15765
35635,1,14,2004,28.94077
35635,1,14,2005,28.47713
35635,1,14,2006,28.31187
35635,1,14,2007,28.15041
35635,1,14,2008,27.72522
35635,1,14,2009,27.5344
35635,1,14,2010,27.39402
35635,1,14,2011,27.33205
35635,1,14,2012,27.48728
35635,1,14,2013,28.05795
35635,1,14,2014,28.09848
35635,1,14,2015,28.61865
35635,1,14,2016,29.16792
35635,1,14,2017,29.59027
35635,1,14,2018,29.92938
35635,1,14,2019,30.62356
35635,2,14,1950,26.11939
35635,2,14,1951,26.36853
35635,2,14,1952,26.22992
35635,2,14,1953,26.50955
35635,2,14,1954,26.61773
35635,2,14,1955,26.88278
35635,2,14,1956,27.10765
35635,2,14,1957,27.1933
35635,2,14,1958,27.42882
35635,2,14,1959,27.60886
35635,2,14,1960,27.59126
35635,2,14,1961,27.63732
35635,2,14,1962,27.81527
35635,2,14,1963,27.92168
35635,2,14,1964,27.95786
35635,2,14,1965,28.1702
35635,2,14,1966,28.21821
35635,2,14,1967,28.51425
35635,2,14,1968,28.27092
35635,2,14,1969,28.65408
35635,2,14,1970,28.67034
35635,2,14,1971,28.65935
35635,2,14,1972,28.93814
35635,2,14,1973,28.97078
35635,2,14,1974,29.08157
35635,2,14,1975,29.24225
35635,2,14,1976,29.40235
35635,2,14,1977,29.34883
35635,2,14,1978,29.46842
35635,2,14,1979,29.61748
35635,2,14,1980,29.8109
35635,2,14,1981,29.62595
35635,2,14,1982,29.67255
35635,2,14,1983,29.76526
35635,2,14,1984,29.78385
35635,2,14,1985,30.00451
35635,2,14,1986,30.12484
35635,2,14,1987,30.0192
35635,2,14,1988,30.10306
35635,2,14,1989,30.05542
35635,2,14,1990,30.14023
35635,2,14,1991,29.96971
35635,2,14,1992,29.93592
35635,2,14,1993,29.76871
35635,2,14,1994,29.63756
35635,2,14,1995,29.56335
35635,2,14,1996,29.44754
35635,2,14,1997,28.95476
35635,2,14,1998,28.69189
35635,2,14,1999,29.00598
35635,2,14,2000,28.74798
35635,2,14,2001,28.60091
35635,2,14,2002,28.78687
35635,2,14,2003,28.7514
35635,2,14,2004,28.83401
35635,2,14,2005,29.18762
35635,2,14,2006,29.60296
35635,2,14,2007,29.84867
35635,2,14,2008,30.16502
35635,2,14,2009,30.29219
35635,2,14,2010,30.67452
35635,2,14,2011,31.42855
35635,2,14,2012,31.71208
35635,2,14,2013,32.05012
35635,2,14,2014,32.10463
35635,2,14,2015,32.50508
35635,2,14,2016,32.62193
35635,2,14,2017,33.09323
35635,2,14,2018,33.49738
35635,2,14,2019,33.38242
35635,3,14,1950,24.12197
35635,3,14,1951,24.70273
35635,3,14,1952,24.639
35635,3,14,1953,24.61223
35635,3,14,1954,25.13533
35635,3,14,1955,25.37675
35635,3,14,1956,25.44431
35635,3,14,1957,25.72651
35635,3,14,1958,25.86736
35635,3,14,1959,26.15675
35635,3,14,1960,26.30004
35635,3,14,1961,26.4031
35635,3,14,1962,26.82241
35635,3,14,1963,26.82245
35635,3,14,1964,26.66348
35635,3,14,1965,26.97651
35635,3,14,1966,27.13438
35635,3,14,1967,27.33297
35635,3,14,1968,27.51617
35635,3,14,1969,27.58405
35635,3,14,1970,27.89587
35635,3,14,1971,28.21152
35635,3,14,1972,28.09121
35635,3,14,1973,28.37265
35635,3,14,1974,28.52888
35635,3,14,1975,28.67807
35635,3,14,1976,28.89355
35635,3,14,1977,29.01015
35635,3,14,1978,29.20534
35635,3,14,1979,29.33421
35635,3,14,1980,29.41821
35635,3,14,1981,29.67383
35635,3,14,1982,29.727
35635,3,14,1983,29.89998
35635,3,14,1984,29.99268
35635,3,14,1985,30.07327
35635,3,14,1986,30.21858
35635,3,14,1987,30.18548
35635,3,14,1988,30.1789
35635,3,14,1989,30.38371
35635,3,14,1990,30.20705
35635,3,14,1991,30.15691
35635,3,14,1992,29.93698
35635,3,14,1993,29.81598
35635,3,14,1994,29.61078
35635,3,14,1995,29.63547
35635,3,14,1996,29.51669
35635,3,14,1997,29.1453
35635,3,14,1998,28.87227
35635,3,14,1999,28.87123
35635,3,14,2000,28.68242
35635,3,14,2001,28.33833
35635,3,14,2002,27.98878
35635,3,14,2003,27.909
35635,3,14,2004,27.84762
35635,3,14,2005,27.80878
35635,3,14,2006,27.99571
35635,3,14,2007,28.03123
35635,3,14,2008,27.91599
35635,3,14,2009,27.93008
35635,3,14,2010,27.98877
35635,3,14,2011,28.37306
35635,3,14,2012,28.61443
35635,3,14,2013,28.95839
35635,3,14,2014,29.10214
35635,3,14,2015,29.41368
35635,3,14,2016,29.91516
35635,3,14,2017,30.04441
35635,3,14,2018,30.31539
35635,3,14,2019,30.55205
35636,1,14,1950,31.98881
35636,1,14,1951,31.86068
35636,1,14,1952,31.95094
35636,1,14,1953,32.33605
35636,1,14,1954,32.25613
35636,1,14,1955,32.4749
35636,1,14,1956,32.36201
35636,1,14,1957,32.89006
35636,1,14,1958,33.24463
35636,1,14,1959,33.05987
35636,1,14,1960,33.06488
35636,1,14,1961,33.27833
35636,1,14,1962,33.04932
35636,1,14,1963,33.20209
35636,1,14,1964,33.48057
35636,1,14,1965,33.49513
35636,1,14,1966,33.53663
35636,1,14,1967,33.65707
35636,1,14,1968,34.12544
35636,1,14,1969,34.08739
35636,1,14,1970,34.13039
35636,1,14,1971,34.24982
35636,1,14,1972,34.57728
35636,1,14,1973,34.70495
35636,1,14,1974,34.60284
35636,1,14,1975,34.77135
35636,1,14,1976,34.92191
35636,1,14,1977,34.85943
35636,1,14,1978,35.0975
35636,1,14,1979,35.50225
35636,1,14,1980,35.03084
35636,1,14,1981,35.36363
35636,1,14,1982,35.33215
35636,1,14,1983,35.26145
35636,1,14,1984,35.33481
35636,1,14,1985,35.14588
35636,1,14,1986,34.52529
35636,1,14,1987,33.99476
35636,1,14,1988,33.65898
35636,1,14,1989,33.24128
35636,1,14,1990,32.77182
35636,1,14,1991,32.23174
35636,1,14,1992,31.83576
35636,1,14,1993,31.50013
35636,1,14,1994,31.11897
35636,1,14,1995,30.56046
35636,1,14,1996,29.89745
35636,1,14,1997,29.74047
35636,1,14,1998,28.85175
35636,1,14,1999,28.60845
35636,1,14,2000,28.23809
35636,1,14,2001,27.9532
35636,1,14,2002,27.83606
35636,1,14,2003,27.51466
35636,1,14,2004,27.32422
35636,1,14,2005,27.46817
35636,1,14,2006,27.34296
35636,1,14,2007,27.72126
35636,1,14,2008,27.69288
35636,1,14,2009,28.14497
35636,1,14,2010,28.28597
35636,1,14,2011,28.42584
35636,1,14,2012,28.86537
35636,1,14,2013,28.97272
35636,1,14,2014,29.17887
35636,1,14,2015,29.55968
35636,1,14,2016,29.82958
35636,1,14,2017,29.92334
35636,1,14,2018,29.9788
35636,1,14,2019,30.15914
35636,2,14,1950,32.28373
35636,2,14,1951,32.46019
35636,2,14,1952,32.29292
35636,2,14,1953,32.43216
35636,2,14,1954,32.2472
35636,2,14,1955,32.31947
35636,2,14,1956,32.3911
35636,2,14,1957,32.57277
35636,2,14,1958,32.5851
35636,2,14,1959,32.85684
35636,2,14,1960,32.83435
35636,2,14,1961,32.67176
35636,2,14,1962,32.8562
35636,2,14,1963,33.12652
35636,2,14,1964,32.96491
35636,2,14,1965,33.10113
35636,2,14,1966,33.06942
35636,2,14,1967,33.3181
35636,2,14,1968,33.1466
35636,2,14,1969,33.59996
35636,2,14,1970,33.52731
35636,2,14,1971,33.58009
35636,2,14,1972,33.75413
35636,2,14,1973,33.94172
35636,2,14,1974,34.06673
35636,2,14,1975,34.13099
35636,2,14,1976,34.27125
35636,2,14,1977,34.30928
35636,2,14,1978,34.33411
35636,2,14,1979,34.22126
35636,2,14,1980,34.36688
35636,2,14,1981,34.48509
35636,2,14,1982,34.47536
35636,2,14,1983,34.93206
35636,2,14,1984,34.52088
35636,2,14,1985,34.63218
35636,2,14,1986,34.72073
35636,2,14,1987,34.55246
35636,2,14,1988,34.67704
35636,2,14,1989,34.7214
35636,2,14,1990,34.50443
35636,2,14,1991,34.48407
35636,2,14,1992,34.26989
35636,2,14,1993,33.9374
35636,2,14,1994,33.53504
35636,2,14,1995,33.39918
35636,2,14,1996,32.90187
35636,2,14,1997,32.62563
35636,2,14,1998,32.33366
35636,2,14,1999,31.93939
35636,2,14,2000,32.07729
35636,2,14,2001,32.0006
35636,2,14,2002,31.95513
35636,2,14,2003,31.59392
35636,2,14,2004,31.92297
35636,2,14,2005,32.16356
35636,2,14,2006,32.03327
35636,2,14,2007,32.47454
35636,2,14,2008,32.64008
35636,2,14,2009,32.80251
35636,2,14,2010,33.04408
35636,2,14,2011,33.23709
35636,2,14,2012,33.27714
35636,2,14,2013,33.70335
35636,2,14,2014,33.65316
35636,2,14,2015,33.77121
35636,2,14,2016,33.93172
35636,2,14,2017,34.20609
35636,2,14,2018,34.21526
35636,2,14,2019,34.31092
35636,3,14,1950,31.1676
35636,3,14,1951,31.34911
35636,3,14,1952,31.18265
35636,3,14,1953,31.2545
35636,3,14,1954,31.28147
35636,3,14,1955,31.34692
35636,3,14,1956,31.39589
35636,3,14,1957,31.64791
35636,3,14,1958,31.76029
35636,3,14,1959,31.85555
35636,3,14,1960,31.70392
35636,3,14,1961,31.91744
35636,3,14,1962,31.90618
35636,3,14,1963,32.13143
35636,3,14,1964,32.21147
35636,3,14,1965,32.18767
35636,3,14,1966,32.45618
35636,3,14,1967,32.50773
35636,3,14,1968,32.6983
35636,3,14,1969,32.6552
35636,3,14,1970,32.61182
35636,3,14,1971,32.84436
35636,3,14,1972,33.12652
35636,3,14,1973,33.2418
35636,3,14,1974,33.15426
35636,3,14,1975,33.43097
35636,3,14,1976,33.48883
35636,3,14,1977,33.61491
35636,3,14,1978,33.7459
35636,3,14,1979,33.80589
35636,3,14,1980,33.79124
35636,3,14,1981,33.93016
35636,3,14,1982,33.92907
35636,3,14,1983,33.9596
35636,3,14,1984,34.02075
35636,3,14,1985,33.89656
35636,3,14,1986,33.75157
35636,3,14,1987,33.45701
35636,3,14,1988,33.18721
35636,3,14,1989,32.85759
35636,3,14,1990,32.50125
35636,3,14,1991,32.21298
35636,3,14,1992,31.92704
35636,3,14,1993,31.51229
35636,3,14,1994,30.97466
35636,3,14,1995,30.55212
35636,3,14,1996,30.16449
35636,3,14,1997,29.74698
35636,3,14,1998,29.42217
35636,3,14,1999,29.1652
35636,3,14,2000,28.71039
35636,3,14,2001,28.85714
35636,3,14,2002,28.3058
35636,3,14,2003,28.33879
35636,3,14,2004,28.24873
35636,3,14,2005,28.43494
35636,3,14,2006,28.56099
35636,3,14,2007,28.70474
35636,3,14,2008,28.95384
35636,3,14,2009,29.33567
35636,3,14,2010,29.61576
35636,3,14,2011,29.81289
35636,3,14,2012,30.27479
35636,3,14,2013,30.4143
35636,3,14,2014,30.75854
35636,3,14,2015,31.01328
35636,3,14,2016,31.19536
35636,3,14,2017,31.47302
35636,3,14,2018,31.50279
35636,3,14,2019,31.65474
35637,1,14,1950,24.75193
35637,1,14,1951,25.37255
35637,1,14,1952,25.55459
35637,1,14,1953,25.53925
35637,1,14,1954,26.51107
35637,1,14,1955,26.27822
35637,1,14,1956,26.73185
35637,1,14,1957,27.22342
35637,1,14,1958,27.27769
35637,1,14,1959,27.61083
35637,1,14,1960,28.43464
35637,1,14,1961,28.21206
35637,1,14,1962,28.61647
35637,1,14,1963,29.04218
35637,1,14,1964,29.2386
35637,1,14,1965,29.31866
35637,1,14,1966,29.59119
35637,1,14,1967,30.13161
35637,1,14,1968,30.38177
35637,1,14,1969,30.4246
35637,1,14,1970,30.99746
35637,1,14,1971,31.70315
35637,1,14,1972,31.7209
35637,1,14,1973,32.48218
35637,1,14,1974,33.03546
35637,1,14,1975,33.40332
35637,1,14,1976,33.62715
35637,1,14,1977,34.08328
35637,1,14,1978,34.37795
35637,1,14,1979,34.52487
35637,1,14,1980,34.96005
35637,1,14,1981,35.17332
35637,1,14,1982,35.13391
35637,1,14,1983,35.16065
35637,1,14,1984,35.28522
35637,1,14,1985,34.81578
35637,1,14,1986,34.54927
35637,1,14,1987,34.30088
35637,1,14,1988,34.49993
35637,1,14,1989,34.21443
35637,1,14,1990,33.86089
35637,1,14,1991,33.85181
35637,1,14,1992,33.49733
35637,1,14,1993,33.40545
35637,1,14,1994,33.11357
35637,1,14,1995,32.68661
35637,1,14,1996,32.76236
35637,1,14,1997,32.407
35637,1,14,1998,32.14683
35637,1,14,1999,32.116
35637,1,14,2000,31.84585
35637,1,14,2001,31.79083
35637,1,14,2002,31.55243
35637,1,14,2003,31.40938
35637,1,14,2004,31.12978
35637,1,14,2005,31.18517
35637,1,14,2006,31.13418
35637,1,14,2007,31.09722
35637,1,14,2008,31.15425
35637,1,14,2009,30.87802
35637,1,14,2010,30.56316
35637,1,14,2011,31.11297
35637,1,14,2012,31.01476
35637,1,14,2013,31.37619
35637,1,14,2014,31.16585
35637,1,14,2015,31.63618
35637,1,14,2016,32.15317
35637,1,14,2017,32.17972
35637,1,14,2018,32.16779
35637,1,14,2019,32.55314
35637,2,14,1950,25.27858
35637,2,14,1951,25.57211
35637,2,14,1952,25.43424
35637,2,14,1953,25.75474
35637,2,14,1954,25.83921
35637,2,14,1955,25.9636
35637,2,14,1956,26.48685
35637,2,14,1957,26.67782
35637,2,14,1958,26.67565
35637,2,14,1959,26.82319
35637,2,14,1960,27.1245
35637,2,14,1961,27.45145
35637,2,14,1962,27.64971
35637,2,14,1963,27.81639
35637,2,14,1964,27.85744
35637,2,14,1965,28.12641
35637,2,14,1966,28.09118
35637,2,14,1967,28.64761
35637,2,14,1968,28.61253
35637,2,14,1969,28.9641
35637,2,14,1970,29.2169
35637,2,14,1971,29.67165
35637,2,14,1972,30.21082
35637,2,14,1973,30.15078
35637,2,14,1974,30.49178
35637,2,14,1975,30.967
35637,2,14,1976,31.27311
35637,2,14,1977,31.33363
35637,2,14,1978,31.42827
35637,2,14,1979,31.88075
35637,2,14,1980,32.09994
35637,2,14,1981,32.08119
35637,2,14,1982,32.12749
35637,2,14,1983,32.15134
35637,2,14,1984,31.95738
35637,2,14,1985,31.97679
35637,2,14,1986,32.39552
35637,2,14,1987,32.19012
35637,2,14,1988,32.47303
35637,2,14,1989,32.29216
35637,2,14,1990,32.71821
35637,2,14,1991,33.12628
35637,2,14,1992,33.29656
35637,2,14,1993,33.35845
35637,2,14,1994,33.55342
35637,2,14,1995,33.30223
35637,2,14,1996,33.28188
35637,2,14,1997,32.80951
35637,2,14,1998,32.47249
35637,2,14,1999,32.74543
35637,2,14,2000,32.73578
35637,2,14,2001,32.39726
35637,2,14,2002,32.57504
35637,2,14,2003,32.61964
35637,2,14,2004,33.09483
35637,2,14,2005,33.38143
35637,2,14,2006,33.90471
35637,2,14,2007,34.0931
35637,2,14,2008,34.52575
35637,2,14,2009,34.42259
35637,2,14,2010,34.54422
35637,2,14,2011,34.74081
35637,2,14,2012,34.87189
35637,2,14,2013,35.14613
35637,2,14,2014,34.70009
35637,2,14,2015,34.97778
35637,2,14,2016,35.08951
35637,2,14,2017,35.13449
35637,2,14,2018,35.41314
35637,2,14,2019,35.38536
35637,3,14,1950,23.67625
35637,3,14,1951,24.2986
35637,3,14,1952,24.2696
35637,3,14,1953,24.54185
35637,3,14,1954,25.09626
35637,3,14,1955,25.07763
35637,3,14,1956,25.50973
35637,3,14,1957,25.65924
35637,3,14,1958,25.91694
35637,3,14,1959,26.17163
35637,3,14,1960,26.48067
35637,3,14,1961,26.54837
35637,3,14,1962,26.7287
35637,3,14,1963,26.94437
35637,3,14,1964,27.1984
35637,3,14,1965,27.3807
35637,3,14,1966,27.68662
35637,3,14,1967,27.75231
35637,3,14,1968,28.14487
35637,3,14,1969,28.46582
35637,3,14,1970,28.76649
35637,3,14,1971,29.19092
35637,3,14,1972,29.35852
35637,3,14,1973,29.99829
35637,3,14,1974,30.30403
35637,3,14,1975,30.46647
35637,3,14,1976,30.95894
35637,3,14,1977,31.24647
35637,3,14,1978,31.64549
35637,3,14,1979,31.94451
35637,3,14,1980,32.15659
35637,3,14,1981,32.15111
35637,3,14,1982,32.3166
35637,3,14,1983,32.18902
35637,3,14,1984,32.40973
35637,3,14,1985,32.23154
35637,3,14,1986,32.27143
35637,3,14,1987,32.24108
35637,3,14,1988,32.2805
35637,3,14,1989,32.17416
35637,3,14,1990,32.01914
35637,3,14,1991,32.18308
35637,3,14,1992,31.99319
35637,3,14,1993,32.03189
35637,3,14,1994,31.9627
35637,3,14,1995,31.76611
35637,3,14,1996,31.80621
35637,3,14,1997,31.53616
35637,3,14,1998,31.27809
35637,3,14,1999,31.30025
35637,3,14,2000,30.99935
35637,3,14,2001,30.90003
35637,3,14,2002,31.06407
35637,3,14,2003,30.80124
35637,3,14,2004,30.71612
35637,3,14,2005,30.87333
35637,3,14,2006,31.07425
35637,3,14,2007,31.15476
35637,3,14,2008,31.15825
35637,3,14,2009,31.28814
35637,3,14,2010,31.29392
35637,3,14,2011,31.30961
35637,3,14,2012,31.36332
35637,3,14,2013,31.57943
35637,3,14,2014,31.60221
35637,3,14,2015,32.06443
35637,3,14,2016,32.26756
35637,3,14,2017,32.4327
35637,3,14,2018,32.44014
35637,3,14,2019,32.77233
35638,1,14,1950,29.75696
35638,1,14,1951,30.14376
35638,1,14,1952,29.78284
35638,1,14,1953,29.88253
35638,1,14,1954,30.24522
35638,1,14,1955,30.29691
35638,1,14,1956,30.35477
35638,1,14,1957,31.12845
35638,1,14,1958,31.03392
35638,1,14,1959,31.00127
35638,1,14,1960,31.38876
35638,1,14,1961,31.20556
35638,1,14,1962,31.54025
35638,1,14,1963,31.75374
35638,1,14,1964,31.87585
35638,1,14,1965,31.9352
35638,1,14,1966,31.98444
35638,1,14,1967,32.31514
35638,1,14,1968,32.29745
35638,1,14,1969,32.78688
35638,1,14,1970,32.65859
35638,1,14,1971,32.83798
35638,1,14,1972,32.86219
35638,1,14,1973,33.12043
35638,1,14,1974,33.38626
35638,1,14,1975,33.36057
35638,1,14,1976,33.68262
35638,1,14,1977,33.76039
35638,1,14,1978,34.02293
35638,1,14,1979,34.17689
35638,1,14,1980,34.10482
35638,1,14,1981,34.47447
35638,1,14,1982,34.43087
35638,1,14,1983,34.41012
35638,1,14,1984,34.52199
35638,1,14,1985,34.22785
35638,1,14,1986,34.36176
35638,1,14,1987,34.22641
35638,1,14,1988,34.04397
35638,1,14,1989,34.00625
35638,1,14,1990,33.75856
35638,1,14,1991,33.13508
35638,1,14,1992,33.05243
35638,1,14,1993,32.77344
35638,1,14,1994,32.43612
35638,1,14,1995,32.21141
35638,1,14,1996,31.7398
35638,1,14,1997,31.38485
35638,1,14,1998,31.20471
35638,1,14,1999,30.63177
35638,1,14,2000,30.26981
35638,1,14,2001,29.89578
35638,1,14,2002,29.6907
35638,1,14,2003,29.58835
35638,1,14,2004,29.45344
35638,1,14,2005,29.16168
35638,1,14,2006,28.81119
35638,1,14,2007,28.93495
35638,1,14,2008,29.085
35638,1,14,2009,29.28642
35638,1,14,2010,28.83929
35638,1,14,2011,28.75606
35638,1,14,2012,28.87673
35638,1,14,2013,29.05294
35638,1,14,2014,29.14347
35638,1,14,2015,29.63555
35638,1,14,2016,29.95999
35638,1,14,2017,30.26671
35638,1,14,2018,30.64535
35638,1,14,2019,30.63365
35638,2,14,1950,31.41461
35638,2,14,1951,31.80091
35638,2,14,1952,31.55866
35638,2,14,1953,31.3575
35638,2,14,1954,31.54367
35638,2,14,1955,31.58694
35638,2,14,1956,31.6247
35638,2,14,1957,31.98733
35638,2,14,1958,32.02973
35638,2,14,1959,32.3198
35638,2,14,1960,32.32473
35638,2,14,1961,32.56593
35638,2,14,1962,32.26265
35638,2,14,1963,32.57924
35638,2,14,1964,32.63699
35638,2,14,1965,32.59183
35638,2,14,1966,32.81027
35638,2,14,1967,32.81756
35638,2,14,1968,33.01865
35638,2,14,1969,32.93809
35638,2,14,1970,32.97654
35638,2,14,1971,32.82548
35638,2,14,1972,33.33657
35638,2,14,1973,33.20144
35638,2,14,1974,33.14883
35638,2,14,1975,33.35014
35638,2,14,1976,33.33915
35638,2,14,1977,33.37847
35638,2,14,1978,33.53695
35638,2,14,1979,33.58788
35638,2,14,1980,33.59293
35638,2,14,1981,33.77549
35638,2,14,1982,33.56488
35638,2,14,1983,33.74033
35638,2,14,1984,33.8181
35638,2,14,1985,33.7816
35638,2,14,1986,33.86898
35638,2,14,1987,34.18515
35638,2,14,1988,34.2101
35638,2,14,1989,34.23331
35638,2,14,1990,34.60493
35638,2,14,1991,34.88399
35638,2,14,1992,34.86481
35638,2,14,1993,34.56558
35638,2,14,1994,34.41249
35638,2,14,1995,34.12647
35638,2,14,1996,34.09008
35638,2,14,1997,33.75486
35638,2,14,1998,33.22222
35638,2,14,1999,33.13158
35638,2,14,2000,32.89664
35638,2,14,2001,32.71497
35638,2,14,2002,32.4677
35638,2,14,2003,32.01935
35638,2,14,2004,31.98289
35638,2,14,2005,32.04423
35638,2,14,2006,32.31231
35638,2,14,2007,32.62526
35638,2,14,2008,32.84574
35638,2,14,2009,33.2157
35638,2,14,2010,33.42752
35638,2,14,2011,33.68696
35638,2,14,2012,33.86811
35638,2,14,2013,33.98299
35638,2,14,2014,34.04872
35638,2,14,2015,34.14278
35638,2,14,2016,34.286
35638,2,14,2017,34.29472
35638,2,14,2018,34.28691
35638,2,14,2019,34.36235
35638,3,14,1950,29.22778
35638,3,14,1951,29.60527
35638,3,14,1952,29.3707
35638,3,14,1953,29.33271
35638,3,14,1954,29.68897
35638,3,14,1955,29.63534
35638,3,14,1956,29.96101
35638,3,14,1957,30.46944
35638,3,14,1958,30.32851
35638,3,14,1959,30.37011
35638,3,14,1960,30.60588
35638,3,14,1961,30.5202
35638,3,14,1962,30.74252
35638,3,14,1963,30.98106
35638,3,14,1964,31.07448
35638,3,14,1965,31.25282
35638,3,14,1966,31.27675
35638,3,14,1967,31.33002
35638,3,14,1968,31.41156
35638,3,14,1969,31.74166
35638,3,14,1970,31.62425
35638,3,14,1971,31.79805
35638,3,14,1972,31.84449
35638,3,14,1973,31.97733
35638,3,14,1974,32.16717
35638,3,14,1975,32.22926
35638,3,14,1976,32.28479
35638,3,14,1977,32.49425
35638,3,14,1978,32.72594
35638,3,14,1979,32.68395
35638,3,14,1980,32.86408
35638,3,14,1981,33.05007
35638,3,14,1982,32.95787
35638,3,14,1983,32.95477
35638,3,14,1984,33.03465
35638,3,14,1985,33.14867
35638,3,14,1986,33.24704
35638,3,14,1987,33.11932
35638,3,14,1988,33.17241
35638,3,14,1989,33.13291
35638,3,14,1990,33.16965
35638,3,14,1991,32.99634
35638,3,14,1992,33.10103
35638,3,14,1993,32.70137
35638,3,14,1994,32.58586
35638,3,14,1995,32.39126
35638,3,14,1996,32.11371
35638,3,14,1997,31.77301
35638,3,14,1998,31.41496
35638,3,14,1999,31.1664
35638,3,14,2000,30.92908
35638,3,14,2001,30.62931
35638,3,14,2002,30.20328
35638,3,14,2003,29.8781
35638,3,14,2004,29.65695
35638,3,14,2005,29.78242
35638,3,14,2006,29.82107
35638,3,14,2007,30.08074
35638,3,14,2008,30.20928
35638,3,14,2009,30.29718
35638,3,14,2010,30.44571
35638,3,14,2011,30.5504
35638,3,14,2012,30.75816
35638,3,14,2013,30.8454
35638,3,14,2014,30.96004
35638,3,14,2015,31.18065
35638,3,14,2016,31.50283
35638,3,14,2017,31.72808
35638,3,14,2018,31.88669
35638,3,14,2019,31.88136
35639,1,14,1950,27.92375
35639,1,14,1951,28.36881
35639,1,14,1952,28.45184
35639,1,14,1953,28.23698
35639,1,14,1954,28.9455
35639,1,14,1955,28.572
35639,1,14,1956,28.90419
35639,1,14,1957,29.46878
35639,1,14,1958,29.48546
35639,1,14,1959,29.63579
35639,1,14,1960,29.75819
35639,1,14,1961,29.61045
35639,1,14,1962,29.71081
35639,1,14,1963,30.03343
35639,1,14,1964,30.09267
35639,1,14,1965,30.14085
35639,1,14,1966,30.43387
35639,1,14,1967,30.42299
35639,1,14,1968,30.58046
35639,1,14,1969,30.74517
35639,1,14,1970,31.12449
35639,1,14,1971,31.118
35639,1,14,1972,31.40305
35639,1,14,1973,31.54506
35639,1,14,1974,31.75364
35639,1,14,1975,31.76577
35639,1,14,1976,31.90369
35639,1,14,1977,31.96617
35639,1,14,1978,32.48637
35639,1,14,1979,32.40091
35639,1,14,1980,32.5937
35639,1,14,1981,32.61869
35639,1,14,1982,32.90728
35639,1,14,1983,32.90317
35639,1,14,1984,32.66151
35639,1,14,1985,32.65474
35639,1,14,1986,32.85788
35639,1,14,1987,32.71731
35639,1,14,1988,32.7698
35639,1,14,1989,32.62272
35639,1,14,1990,32.51861
35639,1,14,1991,32.13348
35639,1,14,1992,31.91087
35639,1,14,1993,31.54981
35639,1,14,1994,31.17163
35639,1,14,1995,30.55484
35639,1,14,1996,29.83184
35639,1,14,1997,29.22408
35639,1,14,1998,28.59782
35639,1,14,1999,28.14179
35639,1,14,2000,27.46847
35639,1,14,2001,26.79464
35639,1,14,2002,26.45923
35639,1,14,2003,26.05152
35639,1,14,2004,25.69136
35639,1,14,2005,25.80037
35639,1,14,2006,25.62508
35639,1,14,2007,25.90155
35639,1,14,2008,25.72191
35639,1,14,2009,26.39125
35639,1,14,2010,26.5264
35639,1,14,2011,26.61811
35639,1,14,2012,26.83165
35639,1,14,2013,27.12449
35639,1,14,2014,27.32123
35639,1,14,2015,27.76989
35639,1,14,2016,28.19076
35639,1,14,2017,28.45317
35639,1,14,2018,28.61154
35639,1,14,2019,28.70414
35639,2,14,1950,32.34037
35639,2,14,1951,32.55993
35639,2,14,1952,32.35788
35639,2,14,1953,32.67986
35639,2,14,1954,32.52801
35639,2,14,1955,32.82851
35639,2,14,1956,32.75289
35639,2,14,1957,32.94849
35639,2,14,1958,33.19258
35639,2,14,1959,33.19477
35639,2,14,1960,33.48736
35639,2,14,1961,33.63583
35639,2,14,1962,33.65169
35639,2,14,1963,33.65872
35639,2,14,1964,33.53261
35639,2,14,1965,33.75013
35639,2,14,1966,33.72223
35639,2,14,1967,33.83859
35639,2,14,1968,34.07774
35639,2,14,1969,33.80305
35639,2,14,1970,34.24786
35639,2,14,1971,33.934
35639,2,14,1972,34.52955
35639,2,14,1973,34.27568
35639,2,14,1974,34.31622
35639,2,14,1975,34.6171
35639,2,14,1976,34.71483
35639,2,14,1977,34.60491
35639,2,14,1978,34.7966
35639,2,14,1979,34.81914
35639,2,14,1980,34.71364
35639,2,14,1981,35.0065
35639,2,14,1982,35.18213
35639,2,14,1983,34.94874
35639,2,14,1984,35.07524
35639,2,14,1985,35.32061
35639,2,14,1986,35.28809
35639,2,14,1987,35.38048
35639,2,14,1988,35.22568
35639,2,14,1989,35.14521
35639,2,14,1990,35.15565
35639,2,14,1991,34.84866
35639,2,14,1992,34.55386
35639,2,14,1993,33.92953
35639,2,14,1994,33.41291
35639,2,14,1995,32.58784
35639,2,14,1996,32.07806
35639,2,14,1997,31.41926
35639,2,14,1998,30.59133
35639,2,14,1999,30.24363
35639,2,14,2000,29.67501
35639,2,14,2001,29.48131
35639,2,14,2002,29.38169
35639,2,14,2003,29.01319
35639,2,14,2004,29.0382
35639,2,14,2005,29.11653
35639,2,14,2006,29.14149
35639,2,14,2007,29.65568
35639,2,14,2008,29.79739
35639,2,14,2009,30.13554
35639,2,14,2010,30.26261
35639,2,14,2011,30.98344
35639,2,14,2012,31.05714
35639,2,14,2013,31.10286
35639,2,14,2014,31.41773
35639,2,14,2015,31.70754
35639,2,14,2016,31.96029
35639,2,14,2017,31.81567
35639,2,14,2018,32.03736
35639,2,14,2019,32.23935
35639,3,14,1950,28.84097
35639,3,14,1951,29.31733
35639,3,14,1952,29.10831
35639,3,14,1953,29.2372
35639,3,14,1954,29.34312
35639,3,14,1955,29.42846
35639,3,14,1956,29.60573
35639,3,14,1957,30.07024
35639,3,14,1958,30.04845
35639,3,14,1959,30.06386
35639,3,14,1960,30.2867
35639,3,14,1961,30.14321
35639,3,14,1962,30.39111
35639,3,14,1963,30.49659
35639,3,14,1964,30.6454
35639,3,14,1965,30.78937
35639,3,14,1966,30.97926
35639,3,14,1967,31.01776
35639,3,14,1968,31.19896
35639,3,14,1969,31.44304
35639,3,14,1970,31.57307
35639,3,14,1971,31.65063
35639,3,14,1972,31.75789
35639,3,14,1973,31.7742
35639,3,14,1974,31.76792
35639,3,14,1975,32.03061
35639,3,14,1976,32.13137
35639,3,14,1977,32.31831
35639,3,14,1978,32.49344
35639,3,14,1979,32.48855
35639,3,14,1980,32.76464
35639,3,14,1981,32.83134
35639,3,14,1982,32.82736
35639,3,14,1983,32.99356
35639,3,14,1984,32.9572
35639,3,14,1985,32.98681
35639,3,14,1986,33.13383
35639,3,14,1987,33.08767
35639,3,14,1988,33.03632
35639,3,14,1989,33.08755
35639,3,14,1990,32.91503
35639,3,14,1991,32.67895
35639,3,14,1992,32.66532
35639,3,14,1993,32.07451
35639,3,14,1994,31.54876
35639,3,14,1995,30.79104
35639,3,14,1996,30.16467
35639,3,14,1997,29.53447
35639,3,14,1998,28.80187
35639,3,14,1999,28.33354
35639,3,14,2000,27.79557
35639,3,14,2001,27.60655
35639,3,14,2002,27.08169
35639,3,14,2003,26.63417
35639,3,14,2004,26.36733
35639,3,14,2005,26.44851
35639,3,14,2006,26.41451
35639,3,14,2007,26.92529
35639,3,14,2008,27.16316
35639,3,14,2009,27.49628
35639,3,14,2010,27.77916
35639,3,14,2011,27.99129
35639,3,14,2012,28.52716
35639,3,14,2013,28.55793
35639,3,14,2014,28.85049
35639,3,14,2015,29.242
35639,3,14,2016,29.54961
35639,3,14,2017,29.66903
35639,3,14,2018,29.8747
35639,3,14,2019,29.97399
35640,1,14,1950,26.93072
35640,1,14,1951,27.51385
35640,1,14,1952,26.88799
35640,1,14,1953,26.98265
35640,1,14,1954,27.09809
35640,1,14,1955,27.12894
35640,1,14,1956,27.12916
35640,1,14,1957,27.63451
35640,1,14,1958,27.85623
35640,1,14,1959,27.7507
35640,1,14,1960,27.71335
35640,1,14,1961,28.13055
35640,1,14,1962,28.18217
35640,1,14,1963,28.08111
35640,1,14,1964,28.02879
35640,1,14,1965,28.19432
35640,1,14,1966,28.48241
35640,1,14,1967,28.6127
35640,1,14,1968,28.43354
35640,1,14,1969,28.61111
35640,1,14,1970,28.51734
35640,1,14,1971,28.90589
35640,1,14,1972,28.75962
35640,1,14,1973,29.14698
35640,1,14,1974,29.16873
35640,1,14,1975,29.22129
35640,1,14,1976,29.15597
35640,1,14,1977,29.55548
35640,1,14,1978,29.24605
35640,1,14,1979,29.5215
35640,1,14,1980,29.66367
35640,1,14,1981,29.4058
35640,1,14,1982,29.62514
35640,1,14,1983,29.59782
35640,1,14,1984,29.62924
35640,1,14,1985,29.53698
35640,1,14,1986,29.23425
35640,1,14,1987,29.19109
35640,1,14,1988,29.14285
35640,1,14,1989,28.81312
35640,1,14,1990,28.65833
35640,1,14,1991,28.25967
35640,1,14,1992,28.48661
35640,1,14,1993,28.24083
35640,1,14,1994,27.81085
35640,1,14,1995,27.87704
35640,1,14,1996,27.90226
35640,1,14,1997,27.4416
35640,1,14,1998,27.06123
35640,1,14,1999,26.88033
35640,1,14,2000,26.90167
35640,1,14,2001,26.57558
35640,1,14,2002,26.06107
35640,1,14,2003,26.33482
35640,1,14,2004,26.04368
35640,1,14,2005,25.6081
35640,1,14,2006,25.73863
35640,1,14,2007,25.79214
35640,1,14,2008,25.91687
35640,1,14,2009,25.94782
35640,1,14,2010,26.44316
35640,1,14,2011,26.70865
35640,1,14,2012,26.93001
35640,1,14,2013,27.52785
35640,1,14,2014,27.86178
35640,1,14,2015,28.2505
35640,1,14,2016,28.30912
35640,1,14,2017,28.8241
35640,1,14,2018,29.04013
35640,1,14,2019,29.50548
35640,2,14,1950,28.48503
35640,2,14,1951,28.83901
35640,2,14,1952,28.6958
35640,2,14,1953,28.93712
35640,2,14,1954,28.91855
35640,2,14,1955,28.78824
35640,2,14,1956,28.99722
35640,2,14,1957,29.2024
35640,2,14,1958,29.30195
35640,2,14,1959,29.46279
35640,2,14,1960,29.4514
35640,2,14,1961,29.4649
35640,2,14,1962,29.55158
35640,2,14,1963,29.54398
35640,2,14,1964,29.52097
35640,2,14,1965,29.64302
35640,2,14,1966,29.8261
35640,2,14,1967,29.79193
35640,2,14,1968,29.93625
35640,2,14,1969,29.99172
35640,2,14,1970,29.88511
35640,2,14,1971,30.05036
35640,2,14,1972,30.20567
35640,2,14,1973,30.14338
35640,2,14,1974,30.32945
35640,2,14,1975,30.22043
35640,2,14,1976,30.22385
35640,2,14,1977,30.42239
35640,2,14,1978,30.32038
35640,2,14,1979,30.27658
35640,2,14,1980,30.39166
35640,2,14,1981,30.4319
35640,2,14,1982,30.5525
35640,2,14,1983,30.25303
35640,2,14,1984,30.35168
35640,2,14,1985,30.18007
35640,2,14,1986,30.16694
35640,2,14,1987,30.32381
35640,2,14,1988,30.45452
35640,2,14,1989,30.27929
35640,2,14,1990,30.49736
35640,2,14,1991,30.58394
35640,2,14,1992,30.36642
35640,2,14,1993,30.48216
35640,2,14,1994,30.34152
35640,2,14,1995,30.47125
35640,2,14,1996,30.54165
35640,2,14,1997,30.31359
35640,2,14,1998,30.59417
35640,2,14,1999,30.19101
35640,2,14,2000,30.07854
35640,2,14,2001,30.18884
35640,2,14,2002,29.7923
35640,2,14,2003,29.91017
35640,2,14,2004,29.97765
35640,2,14,2005,29.61786
35640,2,14,2006,29.83937
35640,2,14,2007,30.05745
35640,2,14,2008,29.63994
35640,2,14,2009,29.49825
35640,2,14,2010,29.42068
35640,2,14,2011,29.40351
35640,2,14,2012,29.27737
35640,2,14,2013,29.21548
35640,2,14,2014,29.3526
35640,2,14,2015,29.67173
35640,2,14,2016,29.92236
35640,2,14,2017,30.24097
35640,2,14,2018,30.60375
35640,2,14,2019,30.86404
35640,3,14,1950,26.84349
35640,3,14,1951,27.29604
35640,3,14,1952,26.85633
35640,3,14,1953,26.98434
35640,3,14,1954,26.9539
35640,3,14,1955,27.08089
35640,3,14,1956,27.19534
35640,3,14,1957,27.42262
35640,3,14,1958,27.49984
35640,3,14,1959,27.49591
35640,3,14,1960,27.76144
35640,3,14,1961,27.6975
35640,3,14,1962,27.7536
35640,3,14,1963,27.67157
35640,3,14,1964,27.95947
35640,3,14,1965,27.86832
35640,3,14,1966,27.96279
35640,3,14,1967,27.98624
35640,3,14,1968,28.08648
35640,3,14,1969,28.17935
35640,3,14,1970,28.24459
35640,3,14,1971,28.22252
35640,3,14,1972,28.29986
35640,3,14,1973,28.5921
35640,3,14,1974,28.62763
35640,3,14,1975,28.68436
35640,3,14,1976,28.88151
35640,3,14,1977,28.8872
35640,3,14,1978,28.89429
35640,3,14,1979,29.02724
35640,3,14,1980,28.89102
35640,3,14,1981,28.77138
35640,3,14,1982,28.99041
35640,3,14,1983,28.88255
35640,3,14,1984,28.99966
35640,3,14,1985,28.80062
35640,3,14,1986,28.63572
35640,3,14,1987,28.61013
35640,3,14,1988,28.60247
35640,3,14,1989,28.52232
35640,3,14,1990,28.57742
35640,3,14,1991,28.362
35640,3,14,1992,28.13999
35640,3,14,1993,28.16243
35640,3,14,1994,28.05123
35640,3,14,1995,27.96833
35640,3,14,1996,27.96273
35640,3,14,1997,27.7515
35640,3,14,1998,27.46613
35640,3,14,1999,27.2948
35640,3,14,2000,27.09961
35640,3,14,2001,27.05958
35640,3,14,2002,26.76748
35640,3,14,2003,26.6414
35640,3,14,2004,26.65244
35640,3,14,2005,26.26328
35640,3,14,2006,26.3643
35640,3,14,2007,26.36821
35640,3,14,2008,26.32614
35640,3,14,2009,26.36621
35640,3,14,2010,26.64636
35640,3,14,2011,26.90989
35640,3,14,2012,26.98862
35640,3,14,2013,27.41678
35640,3,14,2014,27.48174
35640,3,14,2015,27.85808
35640,3,14,2016,28.00448
35640,3,14,2017,28.39744
35640,3,14,2018,28.69622
35640,3,14,2019,28.97886
35641,1,14,1950,28.17455
35641,1,14,1951,28.42732
35641,1,14,1952,28.58906
35641,1,14,1953,28.62303
35641,1,14,1954,28.78724
35641,1,14,1955,28.73705
35641,1,14,1956,29.14412
35641,1,14,1957,29.60524
35641,1,14,1958,29.46655
35641,1,14,1959,29.72417
35641,1,14,1960,29.97472
35641,1,14,1961,29.99088
35641,1,14,1962,30.13121
35641,1,14,1963,30.17766
35641,1,14,1964,30.52312
35641,1,14,1965,30.41971
35641,1,14,1966,30.40251
35641,1,14,1967,30.91585
35641,1,14,1968,30.80577
35641,1,14,1969,30.92728
35641,1,14,1970,31.29951
35641,1,14,1971,31.42899
35641,1,14,1972,31.58388
35641,1,14,1973,31.65223
35641,1,14,1974,32.22511
35641,1,14,1975,32.36228
35641,1,14,1976,32.10245
35641,1,14,1977,32.24058
35641,1,14,1978,32.5903
35641,1,14,1979,32.82247
35641,1,14,1980,32.72952
35641,1,14,1981,32.79436
35641,1,14,1982,32.8068
35641,1,14,1983,33.03547
35641,1,14,1984,33.02673
35641,1,14,1985,33.1247
35641,1,14,1986,32.70913
35641,1,14,1987,32.55013
35641,1,14,1988,32.70891
35641,1,14,1989,32.74764
35641,1,14,1990,32.87228
35641,1,14,1991,32.56867
35641,1,14,1992,32.65233
35641,1,14,1993,32.51913
35641,1,14,1994,32.34682
35641,1,14,1995,32.26396
35641,1,14,1996,31.80235
35641,1,14,1997,31.11764
35641,1,14,1998,31.30335
35641,1,14,1999,31.24332
35641,1,14,2000,30.74046
35641,1,14,2001,30.49583
35641,1,14,2002,30.2784
35641,1,14,2003,30.12157
35641,1,14,2004,29.85497
35641,1,14,2005,29.32066
35641,1,14,2006,28.84842
35641,1,14,2007,28.8771
35641,1,14,2008,28.65801
35641,1,14,2009,28.72589
35641,1,14,2010,28.63207
35641,1,14,2011,28.56956
35641,1,14,2012,28.60645
35641,1,14,2013,29.3834
35641,1,14,2014,29.54187
35641,1,14,2015,29.71232
35641,1,14,2016,30.03367
35641,1,14,2017,30.81045
35641,1,14,2018,30.86597
35641,1,14,2019,31.1852
35641,2,14,1950,28.81845
35641,2,14,1951,29.21119
35641,2,14,1952,28.86034
35641,2,14,1953,28.68115
35641,2,14,1954,28.87028
35641,2,14,1955,29.08045
35641,2,14,1956,28.91858
35641,2,14,1957,29.26173
35641,2,14,1958,29.7083
35641,2,14,1959,29.54967
35641,2,14,1960,29.59255
35641,2,14,1961,29.98854
35641,2,14,1962,29.77056
35641,2,14,1963,30.05486
35641,2,14,1964,30.27792
35641,2,14,1965,30.38052
35641,2,14,1966,30.28655
35641,2,14,1967,30.41552
35641,2,14,1968,30.53306
35641,2,14,1969,30.55481
35641,2,14,1970,31.03488
35641,2,14,1971,30.76857
35641,2,14,1972,31.42093
35641,2,14,1973,31.1361
35641,2,14,1974,31.45946
35641,2,14,1975,31.75723
35641,2,14,1976,31.72418
35641,2,14,1977,31.82761
35641,2,14,1978,32.11304
35641,2,14,1979,32.18148
35641,2,14,1980,31.95475
35641,2,14,1981,32.26371
35641,2,14,1982,32.42418
35641,2,14,1983,32.22494
35641,2,14,1984,32.34894
35641,2,14,1985,32.26397
35641,2,14,1986,32.55643
35641,2,14,1987,32.65737
35641,2,14,1988,33.00224
35641,2,14,1989,33.0725
35641,2,14,1990,33.38009
35641,2,14,1991,34.02252
35641,2,14,1992,34.58799
35641,2,14,1993,34.84082
35641,2,14,1994,34.75662
35641,2,14,1995,34.51374
35641,2,14,1996,34.28109
35641,2,14,1997,34.09613
35641,2,14,1998,34.03745
35641,2,14,1999,33.76486
35641,2,14,2000,33.60354
35641,2,14,2001,33.46598
35641,2,14,2002,33.46896
35641,2,14,2003,33.26711
35641,2,14,2004,33.50593
35641,2,14,2005,33.14291
35641,2,14,2006,33.13331
35641,2,14,2007,33.3265
35641,2,14,2008,33.35127
35641,2,14,2009,33.60861
35641,2,14,2010,33.68437
35641,2,14,2011,33.54598
35641,2,14,2012,33.77318
35641,2,14,2013,33.79551
35641,2,14,2014,34.00332
35641,2,14,2015,34.11902
35641,2,14,2016,34.0678
35641,2,14,2017,34.22368
35641,2,14,2018,34.23664
35641,2,14,2019,34.29463
35641,3,14,1950,27.34078
35641,3,14,1951,27.71476
35641,3,14,1952,27.52931
35641,3,14,1953,27.72284
35641,3,14,1954,27.75246
35641,3,14,1955,27.94867
35641,3,14,1956,28.11384
35641,3,14,1957,28.46972
35641,3,14,1958,28.32641
35641,3,14,1959,28.51303
35641,3,14,1960,28.5961
35641,3,14,1961,28.82829
35641,3,14,1962,28.81894
35641,3,14,1963,28.94514
35641,3,14,1964,29.2722
35641,3,14,1965,29.23925
35641,3,14,1966,29.30763
35641,3,14,1967,29.33236
35641,3,14,1968,29.52777
35641,3,14,1969,29.64364
35641,3,14,1970,29.72236
35641,3,14,1971,30.02891
35641,3,14,1972,30.00772
35641,3,14,1973,30.08821
35641,3,14,1974,30.3989
35641,3,14,1975,30.60454
35641,3,14,1976,30.6884
35641,3,14,1977,30.76674
35641,3,14,1978,31.10338
35641,3,14,1979,31.25681
35641,3,14,1980,31.22322
35641,3,14,1981,31.24293
35641,3,14,1982,31.42982
35641,3,14,1983,31.41825
35641,3,14,1984,31.42498
35641,3,14,1985,31.45936
35641,3,14,1986,31.40379
35641,3,14,1987,31.38404
35641,3,14,1988,31.47317
35641,3,14,1989,31.45238
35641,3,14,1990,31.71051
35641,3,14,1991,31.89279
35641,3,14,1992,32.00681
35641,3,14,1993,32.21694
35641,3,14,1994,31.89772
35641,3,14,1995,31.94476
35641,3,14,1996,31.94027
35641,3,14,1997,31.40965
35641,3,14,1998,31.81608
35641,3,14,1999,31.51095
35641,3,14,2000,30.98004
35641,3,14,2001,31.07205
35641,3,14,2002,30.82872
35641,3,14,2003,30.61022
35641,3,14,2004,30.1878
35641,3,14,2005,29.96216
35641,3,14,2006,29.74149
35641,3,14,2007,29.82859
35641,3,14,2008,29.68256
35641,3,14,2009,29.77584
35641,3,14,2010,29.70916
35641,3,14,2011,29.7231
35641,3,14,2012,29.80236
35641,3,14,2013,30.15481
35641,3,14,2014,30.33753
35641,3,14,2015,30.6438
35641,3,14,2016,30.76448
35641,3,14,2017,31.2436
35641,3,14,2018,31.32628
35641,3,14,2019,31.4251
35642,1,14,1950,29.99048
35642,1,14,1951,30.28891
35642,1,14,1952,29.95282
35642,1,14,1953,30.18607
35642,1,14,1954,30.68894
35642,1,14,1955,30.67669
35642,1,14,1956,30.72397
35642,1,14,1957,31.29081
35642,1,14,1958,31.25812
35642,1,14,1959,31.25184
35642,1,14,1960,31.79342
35642,1,14,1961,31.59175
35642,1,14,1962,31.67123
35642,1,14,1963,31.86707
35642,1,14,1964,32.2511
35642,1,14,1965,32.25233
35642,1,14,1966,32.51373
35642,1,14,1967,32.69336
35642,1,14,1968,32.78969
35642,1,14,1969,33.25568
35642,1,14,1970,33.57025
35642,1,14,1971,33.71203
35642,1,14,1972,33.87402
35642,1,14,1973,33.82282
35642,1,14,1974,34.29405
35642,1,14,1975,34.35549
35642,1,14,1976,34.47949
35642,1,14,1977,34.80129
35642,1,14,1978,34.90425
35642,1,14,1979,35.14608
35642,1,14,1980,35.16954
35642,1,14,1981,35.13262
35642,1,14,1982,35.17517
35642,1,14,1983,35.25989
35642,1,14,1984,35.13568
35642,1,14,1985,35.05875
35642,1,14,1986,35.00698
35642,1,14,1987,34.45712
35642,1,14,1988,34.67758
35642,1,14,1989,34.19974
35642,1,14,1990,33.68281
35642,1,14,1991,33.29253
35642,1,14,1992,32.90952
35642,1,14,1993,32.63848
35642,1,14,1994,32.60681
35642,1,14,1995,32.24315
35642,1,14,1996,31.82821
35642,1,14,1997,31.3995
35642,1,14,1998,31.15905
35642,1,14,1999,30.68945
35642,1,14,2000,30.62216
35642,1,14,2001,30.28913
35642,1,14,2002,30.03536
35642,1,14,2003,29.86938
35642,1,14,2004,29.7174
35642,1,14,2005,29.53411
35642,1,14,2006,29.5622
35642,1,14,2007,29.41856
35642,1,14,2008,29.38218
35642,1,14,2009,29.3603
35642,1,14,2010,29.59701
35642,1,14,2011,29.44783
35642,1,14,2012,29.70793
35642,1,14,2013,29.76196
35642,1,14,2014,29.96974
35642,1,14,2015,30.54266
35642,1,14,2016,30.6374
35642,1,14,2017,30.86042
35642,1,14,2018,31.24254
35642,1,14,2019,31.17138
35642,2,14,1950,30.70393
35642,2,14,1951,30.86551
35642,2,14,1952,30.56372
35642,2,14,1953,30.59618
35642,2,14,1954,30.68662
35642,2,14,1955,30.75982
35642,2,14,1956,30.83084
35642,2,14,1957,31.04918
35642,2,14,1958,31.36021
35642,2,14,1959,31.49957
35642,2,14,1960,31.44433
35642,2,14,1961,31.56515
35642,2,14,1962,31.31381
35642,2,14,1963,31.71555
35642,2,14,1964,31.7234
35642,2,14,1965,31.50674
35642,2,14,1966,31.58666
35642,2,14,1967,31.58214
35642,2,14,1968,31.7889
35642,2,14,1969,31.87963
35642,2,14,1970,32.14798
35642,2,14,1971,31.93683
35642,2,14,1972,32.19308
35642,2,14,1973,32.12278
35642,2,14,1974,32.25493
35642,2,14,1975,32.46598
35642,2,14,1976,32.37485
35642,2,14,1977,32.56685
35642,2,14,1978,32.58762
35642,2,14,1979,32.60395
35642,2,14,1980,32.61191
35642,2,14,1981,32.60882
35642,2,14,1982,32.85465
35642,2,14,1983,32.4677
35642,2,14,1984,32.52304
35642,2,14,1985,32.65245
35642,2,14,1986,32.69988
35642,2,14,1987,32.79045
35642,2,14,1988,33.09739
35642,2,14,1989,32.95738
35642,2,14,1990,33.37055
35642,2,14,1991,33.54792
35642,2,14,1992,34.11038
35642,2,14,1993,33.92125
35642,2,14,1994,33.93682
35642,2,14,1995,33.69205
35642,2,14,1996,33.26659
35642,2,14,1997,33.00245
35642,2,14,1998,32.87962
35642,2,14,1999,32.63029
35642,2,14,2000,32.49877
35642,2,14,2001,32.27419
35642,2,14,2002,32.05983
35642,2,14,2003,31.98588
35642,2,14,2004,31.73535
35642,2,14,2005,31.84829
35642,2,14,2006,32.10908
35642,2,14,2007,32.12954
35642,2,14,2008,32.31671
35642,2,14,2009,32.46416
35642,2,14,2010,32.74215
35642,2,14,2011,32.76941
35642,2,14,2012,32.90648
35642,2,14,2013,33.17134
35642,2,14,2014,33.40099
35642,2,14,2015,33.48718
35642,2,14,2016,33.60227
35642,2,14,2017,33.65007
35642,2,14,2018,33.79432
35642,2,14,2019,33.75423
35642,3,14,1950,29.06077
35642,3,14,1951,29.37411
35642,3,14,1952,29.13496
35642,3,14,1953,29.25923
35642,3,14,1954,29.53847
35642,3,14,1955,29.55119
35642,3,14,1956,29.48047
35642,3,14,1957,29.97132
35642,3,14,1958,30.15448
35642,3,14,1959,30.20603
35642,3,14,1960,30.23403
35642,3,14,1961,30.24367
35642,3,14,1962,30.40234
35642,3,14,1963,30.54686
35642,3,14,1964,30.78463
35642,3,14,1965,30.7942
35642,3,14,1966,30.84986
35642,3,14,1967,30.9961
35642,3,14,1968,31.15905
35642,3,14,1969,31.27474
35642,3,14,1970,31.51566
35642,3,14,1971,31.69278
35642,3,14,1972,31.72776
35642,3,14,1973,31.78209
35642,3,14,1974,31.99557
35642,3,14,1975,32.07981
35642,3,14,1976,32.11399
35642,3,14,1977,32.26681
35642,3,14,1978,32.47269
35642,3,14,1979,32.5372
35642,3,14,1980,32.77201
35642,3,14,1981,32.72116
35642,3,14,1982,32.84467
35642,3,14,1983,32.83586
35642,3,14,1984,32.83579
35642,3,14,1985,32.89641
35642,3,14,1986,32.76493
35642,3,14,1987,32.58113
35642,3,14,1988,32.8309
35642,3,14,1989,32.52133
35642,3,14,1990,32.45957
35642,3,14,1991,32.34502
35642,3,14,1992,32.44869
35642,3,14,1993,32.31102
35642,3,14,1994,32.24775
35642,3,14,1995,31.98197
35642,3,14,1996,31.70697
35642,3,14,1997,31.42946
35642,3,14,1998,31.14915
35642,3,14,1999,30.92097
35642,3,14,2000,30.69533
35642,3,14,2001,30.39475
35642,3,14,2002,30.20307
35642,3,14,2003,30.08834
35642,3,14,2004,29.73598
35642,3,14,2005,29.68706
35642,3,14,2006,29.81977
35642,3,14,2007,29.74181
35642,3,14,2008,29.72599
35642,3,14,2009,30.03974
35642,3,14,2010,29.92534
35642,3,14,2011,29.89423
35642,3,14,2012,30.18031
35642,3,14,2013,30.65789
35642,3,14,2014,30.71531
35642,3,14,2015,31.0034
35642,3,14,2016,31.24663
35642,3,14,2017,31.43752
35642,3,14,2018,31.70462
35642,3,14,2019,31.6406
35643,1,14,1950,23.73265
35643,1,14,1951,24.04358
35643,1,14,1952,23.92896
35643,1,14,1953,24.19557
35643,1,14,1954,24.34088
35643,1,14,1955,24.62109
35643,1,14,1956,24.78506
35643,1,14,1957,25.41483
35643,1,14,1958,25.74857
35643,1,14,1959,25.58333
35643,1,14,1960,25.73049
35643,1,14,1961,25.87015
35643,1,14,1962,26.24845
35643,1,14,1963,26.59737
35643,1,14,1964,26.41742
35643,1,14,1965,26.56965
35643,1,14,1966,27.06811
35643,1,14,1967,26.91279
35643,1,14,1968,27.14951
35643,1,14,1969,27.65501
35643,1,14,1970,27.86542
35643,1,14,1971,27.81323
35643,1,14,1972,28.07076
35643,1,14,1973,28.25106
35643,1,14,1974,28.45635
35643,1,14,1975,28.12818
35643,1,14,1976,28.60067
35643,1,14,1977,28.63342
35643,1,14,1978,28.83415
35643,1,14,1979,28.81867
35643,1,14,1980,28.94986
35643,1,14,1981,28.99846
35643,1,14,1982,29.10106
35643,1,14,1983,29.07287
35643,1,14,1984,29.45998
35643,1,14,1985,29.3637
35643,1,14,1986,29.10617
35643,1,14,1987,29.04658
35643,1,14,1988,29.22037
35643,1,14,1989,28.90031
35643,1,14,1990,29.19091
35643,1,14,1991,28.60286
35643,1,14,1992,28.41444
35643,1,14,1993,28.12362
35643,1,14,1994,27.30207
35643,1,14,1995,27.03937
35643,1,14,1996,26.10842
35643,1,14,1997,25.05938
35643,1,14,1998,24.17967
35643,1,14,1999,23.00088
35643,1,14,2000,22.24983
35643,1,14,2001,21.39412
35643,1,14,2002,20.74717
35643,1,14,2003,20.72178
35643,1,14,2004,20.26356
35643,1,14,2005,20.39063
35643,1,14,2006,20.43824
35643,1,14,2007,20.75166
35643,1,14,2008,21.06031
35643,1,14,2009,21.80258
35643,1,14,2010,22.15861
35643,1,14,2011,22.00803
35643,1,14,2012,21.87377
35643,1,14,2013,22.479
35643,1,14,2014,23.09379
35643,1,14,2015,23.80117
35643,1,14,2016,24.85537
35643,1,14,2017,25.78568
35643,1,14,2018,26.61411
35643,1,14,2019,27.47064
35643,2,14,1950,27.13049
35643,2,14,1951,27.29037
35643,2,14,1952,27.41022
35643,2,14,1953,27.3868
35643,2,14,1954,27.57534
35643,2,14,1955,27.76182
35643,2,14,1956,28.01127
35643,2,14,1957,28.08543
35643,2,14,1958,28.24416
35643,2,14,1959,28.3759
35643,2,14,1960,28.58113
35643,2,14,1961,28.4901
35643,2,14,1962,28.57167
35643,2,14,1963,28.68761
35643,2,14,1964,29.0007
35643,2,14,1965,28.98648
35643,2,14,1966,29.13482
35643,2,14,1967,29.11614
35643,2,14,1968,29.44897
35643,2,14,1969,29.54703
35643,2,14,1970,29.66133
35643,2,14,1971,29.82959
35643,2,14,1972,29.83505
35643,2,14,1973,30.15093
35643,2,14,1974,30.07791
35643,2,14,1975,30.21605
35643,2,14,1976,30.21356
35643,2,14,1977,30.24213
35643,2,14,1978,30.41567
35643,2,14,1979,30.34465
35643,2,14,1980,30.46622
35643,2,14,1981,30.51546
35643,2,14,1982,30.53412
35643,2,14,1983,30.75126
35643,2,14,1984,30.57966
35643,2,14,1985,30.79102
35643,2,14,1986,30.96454
35643,2,14,1987,31.18649
35643,2,14,1988,31.3034
35643,2,14,1989,31.67181
35643,2,14,1990,32.00808
35643,2,14,1991,32.17096
35643,2,14,1992,32.76598
35643,2,14,1993,32.64555
35643,2,14,1994,32.44806
35643,2,14,1995,31.66952
35643,2,14,1996,30.84493
35643,2,14,1997,30.26841
35643,2,14,1998,29.18756
35643,2,14,1999,28.6349
35643,2,14,2000,28.02893
35643,2,14,2001,27.60104
35643,2,14,2002,26.91285
35643,2,14,2003,26.47151
35643,2,14,2004,26.4144
35643,2,14,2005,26.98386
35643,2,14,2006,27.58262
35643,2,14,2007,27.58491
35643,2,14,2008,28.54528
35643,2,14,2009,28.79312
35643,2,14,2010,28.83514
35643,2,14,2011,29.60984
35643,2,14,2012,30.28832
35643,2,14,2013,30.60154
35643,2,14,2014,31.09772
35643,2,14,2015,31.32437
35643,2,14,2016,32.11614
35643,2,14,2017,32.41988
35643,2,14,2018,32.87226
35643,2,14,2019,32.75537
35643,3,14,1950,24.15636
35643,3,14,1951,24.32398
35643,3,14,1952,24.35994
35643,3,14,1953,24.53077
35643,3,14,1954,24.72311
35643,3,14,1955,25.01409
35643,3,14,1956,25.07529
35643,3,14,1957,25.43464
35643,3,14,1958,25.69641
35643,3,14,1959,25.83598
35643,3,14,1960,26.19267
35643,3,14,1961,26.03643
35643,3,14,1962,26.3946
35643,3,14,1963,26.36078
35643,3,14,1964,26.59642
35643,3,14,1965,26.62671
35643,3,14,1966,26.87039
35643,3,14,1967,27.05036
35643,3,14,1968,27.33913
35643,3,14,1969,27.38727
35643,3,14,1970,27.55683
35643,3,14,1971,27.72319
35643,3,14,1972,27.98468
35643,3,14,1973,28.01659
35643,3,14,1974,28.13533
35643,3,14,1975,28.07781
35643,3,14,1976,28.22883
35643,3,14,1977,28.40617
35643,3,14,1978,28.27031
35643,3,14,1979,28.54502
35643,3,14,1980,28.70937
35643,3,14,1981,28.63651
35643,3,14,1982,28.81442
35643,3,14,1983,28.84749
35643,3,14,1984,28.92823
35643,3,14,1985,28.97774
35643,3,14,1986,29.03874
35643,3,14,1987,29.07362
35643,3,14,1988,29.20235
35643,3,14,1989,29.36285
35643,3,14,1990,29.24464
35643,3,14,1991,28.86839
35643,3,14,1992,28.95407
35643,3,14,1993,28.9139
35643,3,14,1994,28.22128
35643,3,14,1995,27.71847
35643,3,14,1996,27.3577
35643,3,14,1997,26.33251
35643,3,14,1998,25.39918
35643,3,14,1999,24.7734
35643,3,14,2000,24.02944
35643,3,14,2001,23.39572
35643,3,14,2002,22.48447
35643,3,14,2003,22.33584
35643,3,14,2004,22.11817
35643,3,14,2005,22.53
35643,3,14,2006,22.78751
35643,3,14,2007,23.07545
35643,3,14,2008,23.68224
35643,3,14,2009,24.16601
35643,3,14,2010,24.56347
35643,3,14,2011,24.78252
35643,3,14,2012,25.04681
35643,3,14,2013,25.53127
35643,3,14,2014,25.99651
35643,3,14,2015,26.35147
35643,3,14,2016,27.12151
35643,3,14,2017,27.81694
35643,3,14,2018,28.16612
35643,3,14,2019,28.56554
35644,1,14,1950,28.37815
35644,1,14,1951,29.12429
35644,1,14,1952,28.83931
35644,1,14,1953,28.64332
35644,1,14,1954,29.29591
35644,1,14,1955,29.90338
35644,1,14,1956,30.06501
35644,1,14,1957,30.70805
35644,1,14,1958,30.92871
35644,1,14,1959,31.07799
35644,1,14,1960,31.3069
35644,1,14,1961,31.50892
35644,1,14,1962,31.92449
35644,1,14,1963,32.25321
35644,1,14,1964,32.37569
35644,1,14,1965,32.35687
35644,1,14,1966,32.58232
35644,1,14,1967,33.01968
35644,1,14,1968,33.04714
35644,1,14,1969,33.50775
35644,1,14,1970,33.99985
35644,1,14,1971,34.05391
35644,1,14,1972,34.18788
35644,1,14,1973,34.8257
35644,1,14,1974,34.75891
35644,1,14,1975,34.97942
35644,1,14,1976,35.08054
35644,1,14,1977,35.26016
35644,1,14,1978,35.93265
35644,1,14,1979,35.96421
35644,1,14,1980,36.17288
35644,1,14,1981,36.36244
35644,1,14,1982,36.44733
35644,1,14,1983,36.45176
35644,1,14,1984,36.36537
35644,1,14,1985,36.21831
35644,1,14,1986,35.73231
35644,1,14,1987,35.33666
35644,1,14,1988,34.93913
35644,1,14,1989,34.18006
35644,1,14,1990,33.92977
35644,1,14,1991,33.53016
35644,1,14,1992,33.20929
35644,1,14,1993,32.49327
35644,1,14,1994,32.23049
35644,1,14,1995,31.65345
35644,1,14,1996,31.06141
35644,1,14,1997,30.7682
35644,1,14,1998,30.42554
35644,1,14,1999,29.71666
35644,1,14,2000,29.70371
35644,1,14,2001,29.14044
35644,1,14,2002,29.02882
35644,1,14,2003,28.60207
35644,1,14,2004,28.79718
35644,1,14,2005,28.29813
35644,1,14,2006,28.88137
35644,1,14,2007,28.47008
35644,1,14,2008,28.47777
35644,1,14,2009,28.65012
35644,1,14,2010,28.60468
35644,1,14,2011,29.01025
35644,1,14,2012,28.90943
35644,1,14,2013,29.2618
35644,1,14,2014,29.8447
35644,1,14,2015,30.08434
35644,1,14,2016,30.38955
35644,1,14,2017,30.55255
35644,1,14,2018,30.7166
35644,1,14,2019,30.81538
35644,2,14,1950,27.65561
35644,2,14,1951,28.12691
35644,2,14,1952,27.80635
35644,2,14,1953,28.10898
35644,2,14,1954,28.22272
35644,2,14,1955,28.56791
35644,2,14,1956,28.75284
35644,2,14,1957,29.00613
35644,2,14,1958,29.12541
35644,2,14,1959,29.27359
35644,2,14,1960,29.2685
35644,2,14,1961,29.67955
35644,2,14,1962,30.00568
35644,2,14,1963,30.03316
35644,2,14,1964,30.28801
35644,2,14,1965,30.46059
35644,2,14,1966,30.44655
35644,2,14,1967,30.86279
35644,2,14,1968,30.99721
35644,2,14,1969,31.06984
35644,2,14,1970,31.15423
35644,2,14,1971,31.63437
35644,2,14,1972,31.67012
35644,2,14,1973,32.02272
35644,2,14,1974,32.23186
35644,2,14,1975,32.31582
35644,2,14,1976,32.68434
35644,2,14,1977,32.72676
35644,2,14,1978,32.7471
35644,2,14,1979,32.99164
35644,2,14,1980,33.17296
35644,2,14,1981,33.2022
35644,2,14,1982,33.34773
35644,2,14,1983,33.18381
35644,2,14,1984,33.262
35644,2,14,1985,33.23142
35644,2,14,1986,33.53331
35644,2,14,1987,33.53479
35644,2,14,1988,33.89387
35644,2,14,1989,33.64173
35644,2,14,1990,33.68915
35644,2,14,1991,33.7051
35644,2,14,1992,33.03849
35644,2,14,1993,32.618
35644,2,14,1994,32.23123
35644,2,14,1995,31.80131
35644,2,14,1996,31.25041
35644,2,14,1997,30.43114
35644,2,14,1998,30.00825
35644,2,14,1999,29.82227
35644,2,14,2000,29.94951
35644,2,14,2001,29.81843
35644,2,14,2002,29.38137
35644,2,14,2003,29.74898
35644,2,14,2004,29.92118
35644,2,14,2005,30.43499
35644,2,14,2006,30.92076
35644,2,14,2007,31.27165
35644,2,14,2008,32.02147
35644,2,14,2009,32.27844
35644,2,14,2010,32.43155
35644,2,14,2011,33.02947
35644,2,14,2012,33.29604
35644,2,14,2013,33.38636
35644,2,14,2014,33.5639
35644,2,14,2015,33.68901
35644,2,14,2016,33.57921
35644,2,14,2017,33.75636
35644,2,14,2018,33.70996
35644,2,14,2019,33.69375
35644,3,14,1950,27.2352
35644,3,14,1951,27.5648
35644,3,14,1952,27.36958
35644,3,14,1953,27.43146
35644,3,14,1954,27.82815
35644,3,14,1955,28.14724
35644,3,14,1956,28.51297
35644,3,14,1957,28.92935
35644,3,14,1958,29.03439
35644,3,14,1959,29.10838
35644,3,14,1960,29.55497
35644,3,14,1961,29.59827
35644,3,14,1962,29.83967
35644,3,14,1963,30.13614
35644,3,14,1964,30.14344
35644,3,14,1965,30.34285
35644,3,14,1966,30.56706
35644,3,14,1967,30.76577
35644,3,14,1968,31.11112
35644,3,14,1969,31.28893
35644,3,14,1970,31.29065
35644,3,14,1971,31.63292
35644,3,14,1972,32.04867
35644,3,14,1973,32.27557
35644,3,14,1974,32.36563
35644,3,14,1975,32.60752
35644,3,14,1976,32.73786
35644,3,14,1977,32.97165
35644,3,14,1978,33.16463
35644,3,14,1979,33.54964
35644,3,14,1980,33.62015
35644,3,14,1981,33.76741
35644,3,14,1982,33.79892
35644,3,14,1983,33.59833
35644,3,14,1984,33.68984
35644,3,14,1985,33.76749
35644,3,14,1986,33.57973
35644,3,14,1987,33.35615
35644,3,14,1988,33.17061
35644,3,14,1989,32.95085
35644,3,14,1990,32.55367
35644,3,14,1991,32.36597
35644,3,14,1992,31.83243
35644,3,14,1993,31.19637
35644,3,14,1994,30.86139
35644,3,14,1995,30.46006
35644,3,14,1996,29.97546
35644,3,14,1997,29.53917
35644,3,14,1998,28.91461
35644,3,14,1999,28.62202
35644,3,14,2000,28.37855
35644,3,14,2001,27.93951
35644,3,14,2002,27.79658
35644,3,14,2003,27.8361
35644,3,14,2004,27.71734
35644,3,14,2005,27.79273
35644,3,14,2006,28.72832
35644,3,14,2007,28.54215
35644,3,14,2008,28.97161
35644,3,14,2009,29.16497
35644,3,14,2010,29.24227
35644,3,14,2011,29.44077
35644,3,14,2012,29.68632
35644,3,14,2013,30.16888
35644,3,14,2014,30.23017
35644,3,14,2015,30.70104
35644,3,14,2016,31.01778
35644,3,14,2017,31.0898
35644,3,14,2018,31.20389
35644,3,14,2019,31.37905
35645,1,14,1950,27.20954
35645,1,14,1951,27.53109
35645,1,14,1952,27.75442
35645,1,14,1953,27.42951
35645,1,14,1954,27.94442
35645,1,14,1955,27.89494
35645,1,14,1956,28.18674
35645,1,14,1957,28.50636
35645,1,14,1958,28.61303
35645,1,14,1959,28.95484
35645,1,14,1960,28.96452
35645,1,14,1961,29.488
35645,1,14,1962,29.35755
35645,1,14,1963,29.54769
35645,1,14,1964,29.85233
35645,1,14,1965,30.20554
35645,1,14,1966,29.97422
35645,1,14,1967,30.41985
35645,1,14,1968,30.5699
35645,1,14,1969,30.69944
35645,1,14,1970,30.90444
35645,1,14,1971,31.12032
35645,1,14,1972,31.29927
35645,1,14,1973,31.72013
35645,1,14,1974,31.67436
35645,1,14,1975,31.84103
35645,1,14,1976,31.88935
35645,1,14,1977,31.94477
35645,1,14,1978,32.48116
35645,1,14,1979,32.16778
35645,1,14,1980,32.4812
35645,1,14,1981,32.46023
35645,1,14,1982,32.55277
35645,1,14,1983,32.45458
35645,1,14,1984,32.47269
35645,1,14,1985,32.18725
35645,1,14,1986,32.09977
35645,1,14,1987,31.76906
35645,1,14,1988,31.78075
35645,1,14,1989,31.4401
35645,1,14,1990,31.14536
35645,1,14,1991,31.00953
35645,1,14,1992,30.48003
35645,1,14,1993,30.11998
35645,1,14,1994,29.92801
35645,1,14,1995,29.44437
35645,1,14,1996,29.13649
35645,1,14,1997,28.73867
35645,1,14,1998,28.11835
35645,1,14,1999,27.89992
35645,1,14,2000,27.37616
35645,1,14,2001,26.54909
35645,1,14,2002,25.68101
35645,1,14,2003,24.8136
35645,1,14,2004,24.34312
35645,1,14,2005,24.09662
35645,1,14,2006,24.35796
35645,1,14,2007,24.8145
35645,1,14,2008,25.14417
35645,1,14,2009,25.81113
35645,1,14,2010,26.62027
35645,1,14,2011,27.463
35645,1,14,2012,27.93031
35645,1,14,2013,28.81097
35645,1,14,2014,29.21292
35645,1,14,2015,29.53387
35645,1,14,2016,29.65348
35645,1,14,2017,29.92701
35645,1,14,2018,30.14836
35645,1,14,2019,30.29275
35645,2,14,1950,31.061
35645,2,14,1951,30.98091
35645,2,14,1952,31.13179
35645,2,14,1953,31.1335
35645,2,14,1954,31.17408
35645,2,14,1955,31.11761
35645,2,14,1956,31.50516
35645,2,14,1957,31.69453
35645,2,14,1958,31.8865
35645,2,14,1959,31.86853
35645,2,14,1960,32.03549
35645,2,14,1961,31.85763
35645,2,14,1962,32.25379
35645,2,14,1963,32.18065
35645,2,14,1964,32.29781
35645,2,14,1965,32.19775
35645,2,14,1966,32.76526
35645,2,14,1967,32.57843
35645,2,14,1968,32.57456
35645,2,14,1969,32.99028
35645,2,14,1970,32.90043
35645,2,14,1971,32.93954
35645,2,14,1972,33.2409
35645,2,14,1973,33.18836
35645,2,14,1974,33.37404
35645,2,14,1975,33.45968
35645,2,14,1976,33.41205
35645,2,14,1977,33.66344
35645,2,14,1978,33.61458
35645,2,14,1979,33.81153
35645,2,14,1980,33.93689
35645,2,14,1981,33.87638
35645,2,14,1982,33.89349
35645,2,14,1983,34.00948
35645,2,14,1984,33.98913
35645,2,14,1985,33.86712
35645,2,14,1986,34.00274
35645,2,14,1987,34.17608
35645,2,14,1988,34.42794
35645,2,14,1989,34.39999
35645,2,14,1990,34.43135
35645,2,14,1991,34.49697
35645,2,14,1992,34.39201
35645,2,14,1993,34.35698
35645,2,14,1994,34.07499
35645,2,14,1995,33.89159
35645,2,14,1996,33.57759
35645,2,14,1997,33.70114
35645,2,14,1998,33.15538
35645,2,14,1999,33.09581
35645,2,14,2000,32.83533
35645,2,14,2001,32.798
35645,2,14,2002,32.38323
35645,2,14,2003,32.13525
35645,2,14,2004,32.00079
35645,2,14,2005,32.41393
35645,2,14,2006,32.22378
35645,2,14,2007,32.30653
35645,2,14,2008,32.46623
35645,2,14,2009,33.04312
35645,2,14,2010,33.12002
35645,2,14,2011,33.52349
35645,2,14,2012,33.58695
35645,2,14,2013,33.83577
35645,2,14,2014,33.752
35645,2,14,2015,33.9618
35645,2,14,2016,33.98102
35645,2,14,2017,34.35387
35645,2,14,2018,34.26873
35645,2,14,2019,34.31727
35645,3,14,1950,27.86291
35645,3,14,1951,28.14112
35645,3,14,1952,28.16243
35645,3,14,1953,28.18198
35645,3,14,1954,28.51896
35645,3,14,1955,28.52999
35645,3,14,1956,28.66338
35645,3,14,1957,28.99755
35645,3,14,1958,29.03114
35645,3,14,1959,29.48469
35645,3,14,1960,29.57904
35645,3,14,1961,29.59065
35645,3,14,1962,29.69234
35645,3,14,1963,30.00936
35645,3,14,1964,30.06118
35645,3,14,1965,30.09024
35645,3,14,1966,30.39874
35645,3,14,1967,30.54932
35645,3,14,1968,30.62074
35645,3,14,1969,30.75762
35645,3,14,1970,30.83278
35645,3,14,1971,31.06838
35645,3,14,1972,31.09784
35645,3,14,1973,31.31044
35645,3,14,1974,31.53437
35645,3,14,1975,31.65146
35645,3,14,1976,31.63284
35645,3,14,1977,31.8366
35645,3,14,1978,31.96444
35645,3,14,1979,32.01533
35645,3,14,1980,32.11174
35645,3,14,1981,32.0951
35645,3,14,1982,32.22244
35645,3,14,1983,32.17423
35645,3,14,1984,32.35897
35645,3,14,1985,32.22223
35645,3,14,1986,32.13177
35645,3,14,1987,32.07735
35645,3,14,1988,32.2738
35645,3,14,1989,31.9843
35645,3,14,1990,31.85122
35645,3,14,1991,31.67802
35645,3,14,1992,31.64317
35645,3,14,1993,31.33446
35645,3,14,1994,31.16047
35645,3,14,1995,30.92471
35645,3,14,1996,30.69198
35645,3,14,1997,30.37039
35645,3,14,1998,29.98634
35645,3,14,1999,29.78496
35645,3,14,2000,29.27252
35645,3,14,2001,28.82236
35645,3,14,2002,28.07658
35645,3,14,2003,27.77507
35645,3,14,2004,27.51517
35645,3,14,2005,27.45009
35645,3,14,2006,27.52203
35645,3,14,2007,27.8971
35645,3,14,2008,28.24022
35645,3,14,2009,28.67312
35645,3,14,2010,29.36493
35645,3,14,2011,29.79668
35645,3,14,2012,30.16985
35645,3,14,2013,30.69755
35645,3,14,2014,30.84997
35645,3,14,2015,30.94638
35645,3,14,2016,31.32782
35645,3,14,2017,31.45404
35645,3,14,2018,31.57579
35645,3,14,2019,31.73602
35646,1,14,1950,24.98088
35646,1,14,1951,25.55263
35646,1,14,1952,25.51997
35646,1,14,1953,25.85355
35646,1,14,1954,26.48276
35646,1,14,1955,26.94092
35646,1,14,1956,27.37077
35646,1,14,1957,28.2228
35646,1,14,1958,28.438
35646,1,14,1959,28.61703
35646,1,14,1960,29.16035
35646,1,14,1961,29.30649
35646,1,14,1962,29.26552
35646,1,14,1963,29.80864
35646,1,14,1964,30.1959
35646,1,14,1965,30.49391
35646,1,14,1966,30.60748
35646,1,14,1967,30.74183
35646,1,14,1968,31.07493
35646,1,14,1969,31.49472
35646,1,14,1970,31.23732
35646,1,14,1971,31.92389
35646,1,14,1972,32.00091
35646,1,14,1973,32.34752
35646,1,14,1974,32.41174
35646,1,14,1975,32.7693
35646,1,14,1976,33.06652
35646,1,14,1977,33.0416
35646,1,14,1978,33.09901
35646,1,14,1979,33.23108
35646,1,14,1980,33.42239
35646,1,14,1981,33.35999
35646,1,14,1982,33.42555
35646,1,14,1983,33.47318
35646,1,14,1984,33.24682
35646,1,14,1985,33.29409
35646,1,14,1986,33.15595
35646,1,14,1987,33.16031
35646,1,14,1988,32.80222
35646,1,14,1989,32.44055
35646,1,14,1990,32.28096
35646,1,14,1991,31.92784
35646,1,14,1992,31.53576
35646,1,14,1993,30.80725
35646,1,14,1994,30.27271
35646,1,14,1995,29.86175
35646,1,14,1996,29.42747
35646,1,14,1997,28.81375
35646,1,14,1998,27.91075
35646,1,14,1999,27.35531
35646,1,14,2000,26.79121
35646,1,14,2001,25.22074
35646,1,14,2002,24.99871
35646,1,14,2003,24.33778
35646,1,14,2004,24.29904
35646,1,14,2005,24.62418
35646,1,14,2006,25.15508
35646,1,14,2007,25.6125
35646,1,14,2008,25.93862
35646,1,14,2009,26.12529
35646,1,14,2010,26.49469
35646,1,14,2011,26.59306
35646,1,14,2012,26.961
35646,1,14,2013,27.32046
35646,1,14,2014,27.55095
35646,1,14,2015,27.97987
35646,1,14,2016,28.34796
35646,1,14,2017,28.80577
35646,1,14,2018,28.86628
35646,1,14,2019,29.35513
35646,2,14,1950,27.15543
35646,2,14,1951,27.4223
35646,2,14,1952,27.37881
35646,2,14,1953,27.47966
35646,2,14,1954,27.823
35646,2,14,1955,28.35225
35646,2,14,1956,28.57214
35646,2,14,1957,29.21165
35646,2,14,1958,29.63287
35646,2,14,1959,29.60407
35646,2,14,1960,29.91858
35646,2,14,1961,30.04023
35646,2,14,1962,30.47148
35646,2,14,1963,30.47388
35646,2,14,1964,30.79307
35646,2,14,1965,30.9182
35646,2,14,1966,31.03526
35646,2,14,1967,31.29621
35646,2,14,1968,31.3467
35646,2,14,1969,31.72842
35646,2,14,1970,31.70696
35646,2,14,1971,32.05343
35646,2,14,1972,32.09974
35646,2,14,1973,32.33969
35646,2,14,1974,32.20373
35646,2,14,1975,32.6315
35646,2,14,1976,32.39294
35646,2,14,1977,32.6749
35646,2,14,1978,32.73991
35646,2,14,1979,32.63354
35646,2,14,1980,32.56087
35646,2,14,1981,32.77253
35646,2,14,1982,32.70953
35646,2,14,1983,32.69161
35646,2,14,1984,32.77386
35646,2,14,1985,32.75548
35646,2,14,1986,32.68284
35646,2,14,1987,32.76724
35646,2,14,1988,32.67199
35646,2,14,1989,32.39927
35646,2,14,1990,32.29804
35646,2,14,1991,32.00334
35646,2,14,1992,31.61947
35646,2,14,1993,31.1889
35646,2,14,1994,30.70532
35646,2,14,1995,30.41561
35646,2,14,1996,29.4978
35646,2,14,1997,29.07916
35646,2,14,1998,28.41745
35646,2,14,1999,28.25456
35646,2,14,2000,27.90634
35646,2,14,2001,27.78829
35646,2,14,2002,27.32903
35646,2,14,2003,27.01737
35646,2,14,2004,26.93087
35646,2,14,2005,27.20682
35646,2,14,2006,27.51394
35646,2,14,2007,28.1347
35646,2,14,2008,28.31224
35646,2,14,2009,28.54925
35646,2,14,2010,28.70705
35646,2,14,2011,29.14834
35646,2,14,2012,29.32327
35646,2,14,2013,29.70633
35646,2,14,2014,29.79979
35646,2,14,2015,30.08799
35646,2,14,2016,30.32775
35646,2,14,2017,30.73418
35646,2,14,2018,30.99592
35646,2,14,2019,31.31149
35646,3,14,1950,24.90216
35646,3,14,1951,25.55158
35646,3,14,1952,25.28099
35646,3,14,1953,25.6623
35646,3,14,1954,26.13881
35646,3,14,1955,26.45097
35646,3,14,1956,26.88289
35646,3,14,1957,27.7233
35646,3,14,1958,27.83619
35646,3,14,1959,28.19678
35646,3,14,1960,28.52582
35646,3,14,1961,28.69586
35646,3,14,1962,28.8894
35646,3,14,1963,29.1968
35646,3,14,1964,29.38428
35646,3,14,1965,29.76073
35646,3,14,1966,30.04251
35646,3,14,1967,30.11021
35646,3,14,1968,30.24486
35646,3,14,1969,30.68968
35646,3,14,1970,30.58164
35646,3,14,1971,30.96885
35646,3,14,1972,31.18186
35646,3,14,1973,31.32838
35646,3,14,1974,31.31009
35646,3,14,1975,31.65186
35646,3,14,1976,31.77215
35646,3,14,1977,31.79261
35646,3,14,1978,31.92533
35646,3,14,1979,32.00813
35646,3,14,1980,32.1087
35646,3,14,1981,32.24395
35646,3,14,1982,32.15608
35646,3,14,1983,32.2003
35646,3,14,1984,32.14549
35646,3,14,1985,32.10782
35646,3,14,1986,32.08563
35646,3,14,1987,32.03271
35646,3,14,1988,31.78149
35646,3,14,1989,31.63877
35646,3,14,1990,31.33644
35646,3,14,1991,30.89332
35646,3,14,1992,30.49013
35646,3,14,1993,29.82143
35646,3,14,1994,29.30763
35646,3,14,1995,28.70088
35646,3,14,1996,28.2141
35646,3,14,1997,27.57072
35646,3,14,1998,27.18628
35646,3,14,1999,26.62408
35646,3,14,2000,26.1491
35646,3,14,2001,25.11494
35646,3,14,2002,24.76056
35646,3,14,2003,24.41359
35646,3,14,2004,24.43842
35646,3,14,2005,24.68258
35646,3,14,2006,25.33439
35646,3,14,2007,25.76331
35646,3,14,2008,26.09733
35646,3,14,2009,26.2783
35646,3,14,2010,26.68214
35646,3,14,2011,26.91752
35646,3,14,2012,27.24056
35646,3,14,2013,27.53323
35646,3,14,2014,27.69643
35646,3,14,2015,27.96605
35646,3,14,2016,28.3416
35646,3,14,2017,28.61733
35646,3,14,2018,28.77014
35646,3,14,2019,29.00291
35647,1,14,1950,29.45298
35647,1,14,1951,29.74383
35647,1,14,1952,29.43734
35647,1,14,1953,29.40664
35647,1,14,1954,29.66603
35647,1,14,1955,29.52435
35647,1,14,1956,29.62349
35647,1,14,1957,30.19535
35647,1,14,1958,30.0994
35647,1,14,1959,30.1038
35647,1,14,1960,30.1137
35647,1,14,1961,30.20993
35647,1,14,1962,30.0203
35647,1,14,1963,30.15566
35647,1,14,1964,30.35766
35647,1,14,1965,30.40547
35647,1,14,1966,30.40727
35647,1,14,1967,30.60996
35647,1,14,1968,30.75346
35647,1,14,1969,30.66994
35647,1,14,1970,30.72628
35647,1,14,1971,30.48492
35647,1,14,1972,30.98528
35647,1,14,1973,31.05392
35647,1,14,1974,31.03582
35647,1,14,1975,31.0829
35647,1,14,1976,30.99296
35647,1,14,1977,31.42641
35647,1,14,1978,31.09827
35647,1,14,1979,31.39109
35647,1,14,1980,31.46603
35647,1,14,1981,31.68386
35647,1,14,1982,31.42301
35647,1,14,1983,31.44083
35647,1,14,1984,31.10394
35647,1,14,1985,31.28745
35647,1,14,1986,31.04084
35647,1,14,1987,31.10241
35647,1,14,1988,30.74262
35647,1,14,1989,30.81465
35647,1,14,1990,30.15139
35647,1,14,1991,30.04917
35647,1,14,1992,29.84998
35647,1,14,1993,29.35077
35647,1,14,1994,29.00437
35647,1,14,1995,27.91769
35647,1,14,1996,27.5743
35647,1,14,1997,27.08676
35647,1,14,1998,26.46242
35647,1,14,1999,25.69659
35647,1,14,2000,25.46295
35647,1,14,2001,24.94155
35647,1,14,2002,24.66242
35647,1,14,2003,24.63113
35647,1,14,2004,24.23383
35647,1,14,2005,24.46768
35647,1,14,2006,25.12436
35647,1,14,2007,25.65439
35647,1,14,2008,26.53041
35647,1,14,2009,27.27996
35647,1,14,2010,27.78756
35647,1,14,2011,28.94247
35647,1,14,2012,29.14111
35647,1,14,2013,29.52333
35647,1,14,2014,30.01006
35647,1,14,2015,30.43185
35647,1,14,2016,30.72049
35647,1,14,2017,30.92532
35647,1,14,2018,31.10805
35647,1,14,2019,31.07458
35647,2,14,1950,33.9196
35647,2,14,1951,34.25768
35647,2,14,1952,33.92633
35647,2,14,1953,33.8216
35647,2,14,1954,33.90361
35647,2,14,1955,33.95503
35647,2,14,1956,34.00693
35647,2,14,1957,34.37594
35647,2,14,1958,34.36315
35647,2,14,1959,34.44137
35647,2,14,1960,34.37473
35647,2,14,1961,34.35396
35647,2,14,1962,34.24856
35647,2,14,1963,34.59714
35647,2,14,1964,34.36089
35647,2,14,1965,34.43952
35647,2,14,1966,34.37547
35647,2,14,1967,34.31112
35647,2,14,1968,34.3677
35647,2,14,1969,34.45043
35647,2,14,1970,34.47206
35647,2,14,1971,34.61679
35647,2,14,1972,34.46296
35647,2,14,1973,34.71947
35647,2,14,1974,34.79239
35647,2,14,1975,34.4899
35647,2,14,1976,34.67905
35647,2,14,1977,34.65977
35647,2,14,1978,34.94416
35647,2,14,1979,34.75247
35647,2,14,1980,34.6988
35647,2,14,1981,34.70847
35647,2,14,1982,35.09476
35647,2,14,1983,34.96188
35647,2,14,1984,34.90288
35647,2,14,1985,34.90217
35647,2,14,1986,34.98518
35647,2,14,1987,34.87775
35647,2,14,1988,34.90884
35647,2,14,1989,34.80218
35647,2,14,1990,34.83266
35647,2,14,1991,34.74549
35647,2,14,1992,34.49134
35647,2,14,1993,34.43664
35647,2,14,1994,34.00063
35647,2,14,1995,33.30179
35647,2,14,1996,33.16534
35647,2,14,1997,32.65567
35647,2,14,1998,32.42381
35647,2,14,1999,32.41807
35647,2,14,2000,32.31458
35647,2,14,2001,32.00148
35647,2,14,2002,31.82128
35647,2,14,2003,31.89447
35647,2,14,2004,32.09516
35647,2,14,2005,32.1024
35647,2,14,2006,32.26615
35647,2,14,2007,32.42931
35647,2,14,2008,32.72604
35647,2,14,2009,32.71222
35647,2,14,2010,33.07949
35647,2,14,2011,33.39253
35647,2,14,2012,34.08461
35647,2,14,2013,34.21416
35647,2,14,2014,34.3717
35647,2,14,2015,34.28844
35647,2,14,2016,34.46169
35647,2,14,2017,34.55791
35647,2,14,2018,34.45965
35647,2,14,2019,34.31642
35647,3,14,1950,30.13962
35647,3,14,1951,30.5612
35647,3,14,1952,30.24465
35647,3,14,1953,30.3052
35647,3,14,1954,30.31382
35647,3,14,1955,30.29895
35647,3,14,1956,30.31226
35647,3,14,1957,30.77228
35647,3,14,1958,30.7286
35647,3,14,1959,30.7928
35647,3,14,1960,30.83893
35647,3,14,1961,30.84295
35647,3,14,1962,30.88693
35647,3,14,1963,30.77609
35647,3,14,1964,30.88167
35647,3,14,1965,30.84058
35647,3,14,1966,30.89645
35647,3,14,1967,31.02071
35647,3,14,1968,31.2363
35647,3,14,1969,31.37571
35647,3,14,1970,31.16737
35647,3,14,1971,31.18601
35647,3,14,1972,31.30517
35647,3,14,1973,31.62407
35647,3,14,1974,31.63541
35647,3,14,1975,31.58494
35647,3,14,1976,31.56856
35647,3,14,1977,31.69751
35647,3,14,1978,31.67863
35647,3,14,1979,31.81898
35647,3,14,1980,31.83368
35647,3,14,1981,32.16456
35647,3,14,1982,31.95007
35647,3,14,1983,31.9936
35647,3,14,1984,31.90031
35647,3,14,1985,32.0483
35647,3,14,1986,32.05765
35647,3,14,1987,31.86559
35647,3,14,1988,31.77719
35647,3,14,1989,31.6957
35647,3,14,1990,31.42433
35647,3,14,1991,31.18455
35647,3,14,1992,30.71571
35647,3,14,1993,30.29584
35647,3,14,1994,29.92831
35647,3,14,1995,29.19115
35647,3,14,1996,28.86902
35647,3,14,1997,28.47576
35647,3,14,1998,28.29185
35647,3,14,1999,27.74863
35647,3,14,2000,27.38375
35647,3,14,2001,27.12223
35647,3,14,2002,26.96539
35647,3,14,2003,27.02197
35647,3,14,2004,26.86983
35647,3,14,2005,27.21191
35647,3,14,2006,27.66429
35647,3,14,2007,28.0535
35647,3,14,2008,28.8499
35647,3,14,2009,29.19749
35647,3,14,2010,29.59647
35647,3,14,2011,30.33319
35647,3,14,2012,30.64053
35647,3,14,2013,31.20879
35647,3,14,2014,31.46067
35647,3,14,2015,31.68191
35647,3,14,2016,31.99552
35647,3,14,2017,32.10425
35647,3,14,2018,32.14039
35647,3,14,2019,32.18363
35648,1,14,1950,26.64683
35648,1,14,1951,27.0207
35648,1,14,1952,26.7201
35648,1,14,1953,26.79263
35648,1,14,1954,27.02646
35648,1,14,1955,27.13446
35648,1,14,1956,26.97773
35648,1,14,1957,27.49491
35648,1,14,1958,27.48888
35648,1,14,1959,27.30184
35648,1,14,1960,27.41613
35648,1,14,1961,27.61522
35648,1,14,1962,27.48168
35648,1,14,1963,27.56588
35648,1,14,1964,27.61489
35648,1,14,1965,27.86462
35648,1,14,1966,27.98376
35648,1,14,1967,28.14849
35648,1,14,1968,27.89405
35648,1,14,1969,28.17345
35648,1,14,1970,27.70116
35648,1,14,1971,28.15459
35648,1,14,1972,28.22423
35648,1,14,1973,28.39728
35648,1,14,1974,28.31824
35648,1,14,1975,28.33914
35648,1,14,1976,28.04471
35648,1,14,1977,28.54219
35648,1,14,1978,28.46744
35648,1,14,1979,28.55113
35648,1,14,1980,28.37203
35648,1,14,1981,28.90568
35648,1,14,1982,28.57239
35648,1,14,1983,28.64628
35648,1,14,1984,28.63178
35648,1,14,1985,28.42029
35648,1,14,1986,28.2529
35648,1,14,1987,27.9042
35648,1,14,1988,28.19043
35648,1,14,1989,27.87431
35648,1,14,1990,27.51548
35648,1,14,1991,27.08047
35648,1,14,1992,26.47975
35648,1,14,1993,25.86325
35648,1,14,1994,25.77193
35648,1,14,1995,25.0089
35648,1,14,1996,24.32071
35648,1,14,1997,24.02843
35648,1,14,1998,23.19322
35648,1,14,1999,23.03732
35648,1,14,2000,22.65544
35648,1,14,2001,22.37276
35648,1,14,2002,22.29428
35648,1,14,2003,22.21424
35648,1,14,2004,22.48774
35648,1,14,2005,22.31853
35648,1,14,2006,22.39104
35648,1,14,2007,22.76001
35648,1,14,2008,22.7958
35648,1,14,2009,23.18211
35648,1,14,2010,23.78254
35648,1,14,2011,24.23781
35648,1,14,2012,24.77961
35648,1,14,2013,25.25013
35648,1,14,2014,26.02372
35648,1,14,2015,26.29928
35648,1,14,2016,26.79743
35648,1,14,2017,27.4642
35648,1,14,2018,28.1227
35648,1,14,2019,28.12564
35648,2,14,1950,33.68791
35648,2,14,1951,33.85207
35648,2,14,1952,33.56709
35648,2,14,1953,33.63549
35648,2,14,1954,33.87922
35648,2,14,1955,33.82213
35648,2,14,1956,34.10163
35648,2,14,1957,34.27842
35648,2,14,1958,34.17338
35648,2,14,1959,34.08803
35648,2,14,1960,34.19865
35648,2,14,1961,34.21929
35648,2,14,1962,34.18595
35648,2,14,1963,34.36177
35648,2,14,1964,34.19717
35648,2,14,1965,34.56503
35648,2,14,1966,34.19088
35648,2,14,1967,34.45833
35648,2,14,1968,34.39718
35648,2,14,1969,34.64219
35648,2,14,1970,34.36196
35648,2,14,1971,34.45762
35648,2,14,1972,34.50931
35648,2,14,1973,34.64855
35648,2,14,1974,34.62222
35648,2,14,1975,34.58276
35648,2,14,1976,34.63619
35648,2,14,1977,34.56608
35648,2,14,1978,34.79701
35648,2,14,1979,34.55581
35648,2,14,1980,34.85185
35648,2,14,1981,34.8763
35648,2,14,1982,34.78341
35648,2,14,1983,34.87018
35648,2,14,1984,34.65367
35648,2,14,1985,34.89268
35648,2,14,1986,34.91418
35648,2,14,1987,34.9889
35648,2,14,1988,35.10545
35648,2,14,1989,35.06259
35648,2,14,1990,35.00611
35648,2,14,1991,35.25452
35648,2,14,1992,34.83058
35648,2,14,1993,35.08975
35648,2,14,1994,34.74131
35648,2,14,1995,34.08325
35648,2,14,1996,33.82042
35648,2,14,1997,33.52352
35648,2,14,1998,33.49263
35648,2,14,1999,33.43896
35648,2,14,2000,33.22402
35648,2,14,2001,33.42621
35648,2,14,2002,33.05794
35648,2,14,2003,32.85733
35648,2,14,2004,33.11987
35648,2,14,2005,33.88638
35648,2,14,2006,34.33976
35648,2,14,2007,34.49935
35648,2,14,2008,34.72736
35648,2,14,2009,34.86848
35648,2,14,2010,34.96558
35648,2,14,2011,35.11491
35648,2,14,2012,34.84108
35648,2,14,2013,34.92476
35648,2,14,2014,34.90445
35648,2,14,2015,34.89886
35648,2,14,2016,35.05602
35648,2,14,2017,35.22719
35648,2,14,2018,35.20025
35648,2,14,2019,35.37144
35648,3,14,1950,28.16567
35648,3,14,1951,28.50742
35648,3,14,1952,28.27822
35648,3,14,1953,28.473
35648,3,14,1954,28.67852
35648,3,14,1955,28.63893
35648,3,14,1956,28.60881
35648,3,14,1957,29.12445
35648,3,14,1958,28.86317
35648,3,14,1959,28.93338
35648,3,14,1960,28.96187
35648,3,14,1961,29.14626
35648,3,14,1962,29.06034
35648,3,14,1963,29.23222
35648,3,14,1964,29.48539
35648,3,14,1965,29.52276
35648,3,14,1966,29.53955
35648,3,14,1967,29.47458
35648,3,14,1968,29.61309
35648,3,14,1969,29.71693
35648,3,14,1970,29.80565
35648,3,14,1971,29.76966
35648,3,14,1972,29.91464
35648,3,14,1973,30.06591
35648,3,14,1974,30.02297
35648,3,14,1975,29.90974
35648,3,14,1976,30.04197
35648,3,14,1977,30.19694
35648,3,14,1978,30.19687
35648,3,14,1979,30.32354
35648,3,14,1980,30.25174
35648,3,14,1981,30.62851
35648,3,14,1982,30.38423
35648,3,14,1983,30.34036
35648,3,14,1984,30.4561
35648,3,14,1985,30.34596
35648,3,14,1986,30.39276
35648,3,14,1987,30.29871
35648,3,14,1988,30.27373
35648,3,14,1989,30.05295
35648,3,14,1990,29.81786
35648,3,14,1991,29.53449
35648,3,14,1992,29.07568
35648,3,14,1993,28.75134
35648,3,14,1994,28.4805
35648,3,14,1995,27.97017
35648,3,14,1996,27.43418
35648,3,14,1997,26.9659
35648,3,14,1998,26.50367
35648,3,14,1999,26.37661
35648,3,14,2000,25.99497
35648,3,14,2001,25.895
35648,3,14,2002,25.93723
35648,3,14,2003,25.91174
35648,3,14,2004,26.06475
35648,3,14,2005,26.11998
35648,3,14,2006,26.53261
35648,3,14,2007,26.91216
35648,3,14,2008,27.29325
35648,3,14,2009,27.53692
35648,3,14,2010,28.01897
35648,3,14,2011,28.50582
35648,3,14,2012,28.73521
35648,3,14,2013,29.01401
35648,3,14,2014,29.67897
35648,3,14,2015,29.80124
35648,3,14,2016,30.18194
35648,3,14,2017,30.61018
35648,3,14,2018,31.06856
35648,3,14,2019,31.15679
35649,1,14,1950,28.08144
35649,1,14,1951,28.39791
35649,1,14,1952,28.077
35649,1,14,1953,28.12304
35649,1,14,1954,28.33948
35649,1,14,1955,28.59867
35649,1,14,1956,28.18387
35649,1,14,1957,28.35949
35649,1,14,1958,28.34986
35649,1,14,1959,28.70186
35649,1,14,1960,28.16157
35649,1,14,1961,28.64489
35649,1,14,1962,28.31331
35649,1,14,1963,28.46725
35649,1,14,1964,28.61396
35649,1,14,1965,28.68906
35649,1,14,1966,28.68712
35649,1,14,1967,28.83553
35649,1,14,1968,28.77697
35649,1,14,1969,28.48118
35649,1,14,1970,29.11806
35649,1,14,1971,28.68944
35649,1,14,1972,28.84329
35649,1,14,1973,28.85526
35649,1,14,1974,29.02208
35649,1,14,1975,28.69952
35649,1,14,1976,28.76421
35649,1,14,1977,28.88676
35649,1,14,1978,28.64383
35649,1,14,1979,28.96314
35649,1,14,1980,28.82164
35649,1,14,1981,29.01389
35649,1,14,1982,28.90456
35649,1,14,1983,28.78861
35649,1,14,1984,28.73393
35649,1,14,1985,28.82037
35649,1,14,1986,28.5958
35649,1,14,1987,28.36545
35649,1,14,1988,28.26432
35649,1,14,1989,28.27927
35649,1,14,1990,27.90167
35649,1,14,1991,27.93614
35649,1,14,1992,27.16741
35649,1,14,1993,27.30152
35649,1,14,1994,25.90818
35649,1,14,1995,25.98848
35649,1,14,1996,25.69946
35649,1,14,1997,25.30118
35649,1,14,1998,24.76627
35649,1,14,1999,24.35261
35649,1,14,2000,24.13625
35649,1,14,2001,24.01964
35649,1,14,2002,24.08246
35649,1,14,2003,23.98977
35649,1,14,2004,24.24839
35649,1,14,2005,24.13763
35649,1,14,2006,24.72943
35649,1,14,2007,24.89348
35649,1,14,2008,24.92199
35649,1,14,2009,25.21132
35649,1,14,2010,25.61251
35649,1,14,2011,25.83039
35649,1,14,2012,26.07686
35649,1,14,2013,26.24901
35649,1,14,2014,26.35813
35649,1,14,2015,27.03162
35649,1,14,2016,27.35019
35649,1,14,2017,27.66192
35649,1,14,2018,27.81052
35649,1,14,2019,28.1814
35649,2,14,1950,30.4195
35649,2,14,1951,30.32941
35649,2,14,1952,30.46338
35649,2,14,1953,30.27678
35649,2,14,1954,30.56183
35649,2,14,1955,30.36301
35649,2,14,1956,30.5885
35649,2,14,1957,30.60382
35649,2,14,1958,30.65561
35649,2,14,1959,30.73118
35649,2,14,1960,30.44683
35649,2,14,1961,30.46204
35649,2,14,1962,30.44181
35649,2,14,1963,30.44494
35649,2,14,1964,30.6693
35649,2,14,1965,30.60561
35649,2,14,1966,30.70303
35649,2,14,1967,30.60757
35649,2,14,1968,30.65707
35649,2,14,1969,30.8301
35649,2,14,1970,30.63792
35649,2,14,1971,30.60006
35649,2,14,1972,30.47308
35649,2,14,1973,30.42318
35649,2,14,1974,30.5392
35649,2,14,1975,30.55861
35649,2,14,1976,30.35746
35649,2,14,1977,30.38228
35649,2,14,1978,30.24494
35649,2,14,1979,30.31121
35649,2,14,1980,30.09424
35649,2,14,1981,30.20771
35649,2,14,1982,30.1192
35649,2,14,1983,30.21555
35649,2,14,1984,30.18491
35649,2,14,1985,30.40648
35649,2,14,1986,30.4104
35649,2,14,1987,30.20282
35649,2,14,1988,30.39962
35649,2,14,1989,30.42269
35649,2,14,1990,30.53739
35649,2,14,1991,30.62231
35649,2,14,1992,30.71658
35649,2,14,1993,30.4136
35649,2,14,1994,29.58583
35649,2,14,1995,30.23031
35649,2,14,1996,29.50912
35649,2,14,1997,29.32254
35649,2,14,1998,29.12238
35649,2,14,1999,28.91625
35649,2,14,2000,28.7701
35649,2,14,2001,28.76569
35649,2,14,2002,28.37283
35649,2,14,2003,28.24525
35649,2,14,2004,28.17546
35649,2,14,2005,28.33132
35649,2,14,2006,28.87859
35649,2,14,2007,29.35883
35649,2,14,2008,29.6544
35649,2,14,2009,30.18024
35649,2,14,2010,30.53249
35649,2,14,2011,30.85447
35649,2,14,2012,30.98844
35649,2,14,2013,31.22938
35649,2,14,2014,31.17126
35649,2,14,2015,31.35603
35649,2,14,2016,31.5387
35649,2,14,2017,31.81742
35649,2,14,2018,31.85948
35649,2,14,2019,32.21542
35649,3,14,1950,27.94209
35649,3,14,1951,28.16541
35649,3,14,1952,28.10493
35649,3,14,1953,27.99766
35649,3,14,1954,28.21108
35649,3,14,1955,28.12088
35649,3,14,1956,28.00906
35649,3,14,1957,28.13927
35649,3,14,1958,28.13818
35649,3,14,1959,28.34086
35649,3,14,1960,28.24378
35649,3,14,1961,28.18139
35649,3,14,1962,28.04546
35649,3,14,1963,28.26392
35649,3,14,1964,28.28393
35649,3,14,1965,28.42003
35649,3,14,1966,28.36296
35649,3,14,1967,28.5504
35649,3,14,1968,28.51492
35649,3,14,1969,28.52075
35649,3,14,1970,28.49637
35649,3,14,1971,28.37378
35649,3,14,1972,28.46141
35649,3,14,1973,28.60102
35649,3,14,1974,28.64435
35649,3,14,1975,28.44832
35649,3,14,1976,28.29567
35649,3,14,1977,28.52797
35649,3,14,1978,28.29859
35649,3,14,1979,28.23084
35649,3,14,1980,28.28434
35649,3,14,1981,28.40496
35649,3,14,1982,28.22133
35649,3,14,1983,28.34269
35649,3,14,1984,28.37709
35649,3,14,1985,28.42889
35649,3,14,1986,28.32627
35649,3,14,1987,28.10844
35649,3,14,1988,28.29395
35649,3,14,1989,28.31849
35649,3,14,1990,28.10699
35649,3,14,1991,27.97274
35649,3,14,1992,27.65658
35649,3,14,1993,27.43878
35649,3,14,1994,26.23484
35649,3,14,1995,26.42092
35649,3,14,1996,26.20654
35649,3,14,1997,25.82061
35649,3,14,1998,25.44392
35649,3,14,1999,25.2495
35649,3,14,2000,25.07275
35649,3,14,2001,25.14673
35649,3,14,2002,25.05263
35649,3,14,2003,25.01961
35649,3,14,2004,25.30051
35649,3,14,2005,25.35999
35649,3,14,2006,25.80791
35649,3,14,2007,26.21225
35649,3,14,2008,26.39832
35649,3,14,2009,26.73846
35649,3,14,2010,26.8843
35649,3,14,2011,27.21366
35649,3,14,2012,27.38728
35649,3,14,2013,27.63306
35649,3,14,2014,27.86393
35649,3,14,2015,28.04262
35649,3,14,2016,28.27904
35649,3,14,2017,28.53895
35649,3,14,2018,28.83461
35649,3,14,2019,28.96458
35650,1,14,1950,27.22588
35650,1,14,1951,27.56226
35650,1,14,1952,27.21999
35650,1,14,1953,27.50563
35650,1,14,1954,27.35796
35650,1,14,1955,27.76865
35650,1,14,1956,27.52393
35650,1,14,1957,27.93672
35650,1,14,1958,28.52077
35650,1,14,1959,28.37195
35650,1,14,1960,28.0393
35650,1,14,1961,28.40948
35650,1,14,1962,28.56464
35650,1,14,1963,28.45192
35650,1,14,1964,28.53122
35650,1,14,1965,28.79729
35650,1,14,1966,28.75944
35650,1,14,1967,29.17623
35650,1,14,1968,29.17462
35650,1,14,1969,29.58318
35650,1,14,1970,29.68958
35650,1,14,1971,29.75411
35650,1,14,1972,29.71935
35650,1,14,1973,30.14235
35650,1,14,1974,30.00288
35650,1,14,1975,29.82665
35650,1,14,1976,30.15678
35650,1,14,1977,30.31519
35650,1,14,1978,30.28765
35650,1,14,1979,30.49073
35650,1,14,1980,30.30444
35650,1,14,1981,30.25082
35650,1,14,1982,30.24059
35650,1,14,1983,30.16431
35650,1,14,1984,30.19423
35650,1,14,1985,29.98712
35650,1,14,1986,29.75699
35650,1,14,1987,29.49585
35650,1,14,1988,29.48286
35650,1,14,1989,29.10075
35650,1,14,1990,28.80967
35650,1,14,1991,28.05788
35650,1,14,1992,27.63661
35650,1,14,1993,27.31249
35650,1,14,1994,26.11399
35650,1,14,1995,26.06319
35650,1,14,1996,25.47583
35650,1,14,1997,25.07234
35650,1,14,1998,24.30832
35650,1,14,1999,23.68467
35650,1,14,2000,22.99214
35650,1,14,2001,22.79453
35650,1,14,2002,22.23341
35650,1,14,2003,21.62341
35650,1,14,2004,21.33685
35650,1,14,2005,21.76517
35650,1,14,2006,21.89998
35650,1,14,2007,22.23914
35650,1,14,2008,22.50228
35650,1,14,2009,22.97665
35650,1,14,2010,23.54467
35650,1,14,2011,23.6659
35650,1,14,2012,23.83707
35650,1,14,2013,24.12788
35650,1,14,2014,24.55623
35650,1,14,2015,25.29292
35650,1,14,2016,26.09943
35650,1,14,2017,26.68873
35650,1,14,2018,27.04305
35650,1,14,2019,27.73722
35650,2,14,1950,30.10608
35650,2,14,1951,29.91429
35650,2,14,1952,30.01614
35650,2,14,1953,30.06719
35650,2,14,1954,30.14705
35650,2,14,1955,30.19426
35650,2,14,1956,30.34938
35650,2,14,1957,30.47836
35650,2,14,1958,30.49534
35650,2,14,1959,30.54059
35650,2,14,1960,30.44821
35650,2,14,1961,30.55649
35650,2,14,1962,30.61498
35650,2,14,1963,30.70646
35650,2,14,1964,30.75059
35650,2,14,1965,30.74308
35650,2,14,1966,30.87972
35650,2,14,1967,30.89668
35650,2,14,1968,30.90626
35650,2,14,1969,30.95091
35650,2,14,1970,31.05024
35650,2,14,1971,31.35646
35650,2,14,1972,31.31923
35650,2,14,1973,31.2055
35650,2,14,1974,31.47099
35650,2,14,1975,31.55104
35650,2,14,1976,31.60183
35650,2,14,1977,31.44086
35650,2,14,1978,31.63494
35650,2,14,1979,31.59459
35650,2,14,1980,31.65495
35650,2,14,1981,31.49586
35650,2,14,1982,31.60304
35650,2,14,1983,31.7362
35650,2,14,1984,31.566
35650,2,14,1985,31.5151
35650,2,14,1986,31.87486
35650,2,14,1987,31.84103
35650,2,14,1988,31.80688
35650,2,14,1989,31.93413
35650,2,14,1990,31.72155
35650,2,14,1991,31.50797
35650,2,14,1992,31.35161
35650,2,14,1993,30.94992
35650,2,14,1994,30.63334
35650,2,14,1995,30.23126
35650,2,14,1996,29.8728
35650,2,14,1997,29.34783
35650,2,14,1998,28.32272
35650,2,14,1999,27.88915
35650,2,14,2000,27.52496
35650,2,14,2001,27.49323
35650,2,14,2002,26.97222
35650,2,14,2003,26.28491
35650,2,14,2004,26.58026
35650,2,14,2005,27.08766
35650,2,14,2006,26.91796
35650,2,14,2007,26.76065
35650,2,14,2008,26.44774
35650,2,14,2009,26.34018
35650,2,14,2010,26.34404
35650,2,14,2011,26.63776
35650,2,14,2012,26.94049
35650,2,14,2013,27.21998
35650,2,14,2014,27.55817
35650,2,14,2015,27.96539
35650,2,14,2016,28.74012
35650,2,14,2017,29.10622
35650,2,14,2018,29.58724
35650,2,14,2019,30.06359
35650,3,14,1950,27.6721
35650,3,14,1951,27.84679
35650,3,14,1952,27.78499
35650,3,14,1953,27.82517
35650,3,14,1954,27.92792
35650,3,14,1955,28.17808
35650,3,14,1956,28.08634
35650,3,14,1957,28.24591
35650,3,14,1958,28.4095
35650,3,14,1959,28.39968
35650,3,14,1960,28.43135
35650,3,14,1961,28.4955
35650,3,14,1962,28.71372
35650,3,14,1963,28.65698
35650,3,14,1964,28.86005
35650,3,14,1965,28.74951
35650,3,14,1966,28.88247
35650,3,14,1967,29.10007
35650,3,14,1968,29.13523
35650,3,14,1969,29.29125
35650,3,14,1970,29.4831
35650,3,14,1971,29.5582
35650,3,14,1972,29.62165
35650,3,14,1973,29.74599
35650,3,14,1974,29.82364
35650,3,14,1975,29.74399
35650,3,14,1976,29.71055
35650,3,14,1977,29.79872
35650,3,14,1978,29.89133
35650,3,14,1979,30.01198
35650,3,14,1980,30.07687
35650,3,14,1981,30.0221
35650,3,14,1982,30.17113
35650,3,14,1983,30.0265
35650,3,14,1984,30.07387
35650,3,14,1985,30.04987
35650,3,14,1986,29.87834
35650,3,14,1987,29.76117
35650,3,14,1988,29.72082
35650,3,14,1989,29.58075
35650,3,14,1990,29.39317
35650,3,14,1991,28.99192
35650,3,14,1992,28.52733
35650,3,14,1993,28.10711
35650,3,14,1994,27.30392
35650,3,14,1995,27.08226
35650,3,14,1996,26.54035
35650,3,14,1997,25.89356
35650,3,14,1998,25.25245
35650,3,14,1999,24.87653
35650,3,14,2000,24.47386
35650,3,14,2001,24.26123
35650,3,14,2002,23.67335
35650,3,14,2003,23.13724
35650,3,14,2004,23.3858
35650,3,14,2005,23.5242
35650,3,14,2006,23.43402
35650,3,14,2007,23.71201
35650,3,14,2008,23.79381
35650,3,14,2009,23.92417
35650,3,14,2010,24.13723
35650,3,14,2011,24.38805
35650,3,14,2012,24.60663
35650,3,14,2013,24.93909
35650,3,14,2014,25.37842
35650,3,14,2015,25.74607
35650,3,14,2016,26.26117
35650,3,14,2017,26.65088
35650,3,14,2018,26.96555
35650,3,14,2019,27.46635
35651,1,14,1950,25.08606
35651,1,14,1951,25.40377
35651,1,14,1952,25.52769
35651,1,14,1953,25.29476
35651,1,14,1954,25.33023
35651,1,14,1955,25.68898
35651,1,14,1956,25.75791
35651,1,14,1957,25.99739
35651,1,14,1958,26.22224
35651,1,14,1959,26.45184
35651,1,14,1960,26.40605
35651,1,14,1961,27.5105
35651,1,14,1962,27.01943
35651,1,14,1963,27.23512
35651,1,14,1964,27.64068
35651,1,14,1965,27.24259
35651,1,14,1966,27.80575
35651,1,14,1967,28.05332
35651,1,14,1968,28.36936
35651,1,14,1969,28.1849
35651,1,14,1970,28.30013
35651,1,14,1971,28.50768
35651,1,14,1972,28.6582
35651,1,14,1973,29.04655
35651,1,14,1974,29.18811
35651,1,14,1975,29.46568
35651,1,14,1976,29.12058
35651,1,14,1977,29.41132
35651,1,14,1978,29.746
35651,1,14,1979,29.66762
35651,1,14,1980,29.46764
35651,1,14,1981,29.62079
35651,1,14,1982,29.53952
35651,1,14,1983,29.32683
35651,1,14,1984,29.64847
35651,1,14,1985,29.56309
35651,1,14,1986,29.14202
35651,1,14,1987,28.88704
35651,1,14,1988,28.9614
35651,1,14,1989,28.59006
35651,1,14,1990,28.40087
35651,1,14,1991,28.00163
35651,1,14,1992,27.47703
35651,1,14,1993,27.04936
35651,1,14,1994,26.61334
35651,1,14,1995,26.23036
35651,1,14,1996,25.75653
35651,1,14,1997,25.08974
35651,1,14,1998,24.61865
35651,1,14,1999,24.12524
35651,1,14,2000,23.81024
35651,1,14,2001,23.59088
35651,1,14,2002,23.03041
35651,1,14,2003,22.49619
35651,1,14,2004,22.39137
35651,1,14,2005,22.47154
35651,1,14,2006,22.61683
35651,1,14,2007,22.80586
35651,1,14,2008,22.57651
35651,1,14,2009,22.68136
35651,1,14,2010,22.94314
35651,1,14,2011,23.06433
35651,1,14,2012,23.17253
35651,1,14,2013,23.44743
35651,1,14,2014,24.0534
35651,1,14,2015,24.28773
35651,1,14,2016,24.51339
35651,1,14,2017,24.92875
35651,1,14,2018,25.28215
35651,1,14,2019,25.85685
35651,2,14,1950,29.82995
35651,2,14,1951,29.94884
35651,2,14,1952,30.04219
35651,2,14,1953,30.06362
35651,2,14,1954,30.09451
35651,2,14,1955,30.26
35651,2,14,1956,30.53149
35651,2,14,1957,30.66957
35651,2,14,1958,30.86483
35651,2,14,1959,30.78525
35651,2,14,1960,30.93917
35651,2,14,1961,31.00493
35651,2,14,1962,31.09706
35651,2,14,1963,31.08616
35651,2,14,1964,31.25749
35651,2,14,1965,31.29547
35651,2,14,1966,31.38186
35651,2,14,1967,31.5029
35651,2,14,1968,31.63007
35651,2,14,1969,31.85787
35651,2,14,1970,31.74254
35651,2,14,1971,31.86438
35651,2,14,1972,31.98855
35651,2,14,1973,32.12602
35651,2,14,1974,32.13699
35651,2,14,1975,31.97316
35651,2,14,1976,32.38011
35651,2,14,1977,32.24765
35651,2,14,1978,32.18007
35651,2,14,1979,32.40555
35651,2,14,1980,32.50514
35651,2,14,1981,32.46522
35651,2,14,1982,32.51211
35651,2,14,1983,32.60483
35651,2,14,1984,32.43801
35651,2,14,1985,32.4638
35651,2,14,1986,32.68362
35651,2,14,1987,32.74976
35651,2,14,1988,32.53063
35651,2,14,1989,32.37917
35651,2,14,1990,32.73338
35651,2,14,1991,32.94433
35651,2,14,1992,32.86541
35651,2,14,1993,33.14991
35651,2,14,1994,32.65597
35651,2,14,1995,32.37809
35651,2,14,1996,32.27669
35651,2,14,1997,31.97213
35651,2,14,1998,31.22428
35651,2,14,1999,30.82595
35651,2,14,2000,30.48887
35651,2,14,2001,30.41233
35651,2,14,2002,30.02291
35651,2,14,2003,29.50954
35651,2,14,2004,29.33993
35651,2,14,2005,29.17891
35651,2,14,2006,29.4258
35651,2,14,2007,29.36274
35651,2,14,2008,29.55851
35651,2,14,2009,29.77298
35651,2,14,2010,30.19717
35651,2,14,2011,30.90913
35651,2,14,2012,31.58232
35651,2,14,2013,31.71382
35651,2,14,2014,31.89454
35651,2,14,2015,32.39655
35651,2,14,2016,32.84791
35651,2,14,2017,33.62341
35651,2,14,2018,33.38164
35651,2,14,2019,33.83015
35651,3,14,1950,25.8223
35651,3,14,1951,26.22355
35651,3,14,1952,26.12243
35651,3,14,1953,26.01106
35651,3,14,1954,26.39467
35651,3,14,1955,26.72779
35651,3,14,1956,26.74978
35651,3,14,1957,27.02181
35651,3,14,1958,27.29214
35651,3,14,1959,27.40857
35651,3,14,1960,27.32669
35651,3,14,1961,27.75902
35651,3,14,1962,27.98652
35651,3,14,1963,28.00876
35651,3,14,1964,28.07126
35651,3,14,1965,28.05662
35651,3,14,1966,28.34176
35651,3,14,1967,28.39629
35651,3,14,1968,28.67277
35651,3,14,1969,28.68282
35651,3,14,1970,28.6988
35651,3,14,1971,29.17474
35651,3,14,1972,29.20372
35651,3,14,1973,29.33177
35651,3,14,1974,29.57286
35651,3,14,1975,29.78886
35651,3,14,1976,29.6488
35651,3,14,1977,29.785
35651,3,14,1978,29.83215
35651,3,14,1979,29.91792
35651,3,14,1980,29.92881
35651,3,14,1981,30.02816
35651,3,14,1982,30.03427
35651,3,14,1983,29.9696
35651,3,14,1984,30.0697
35651,3,14,1985,30.1838
35651,3,14,1986,29.70243
35651,3,14,1987,29.69506
35651,3,14,1988,29.70091
35651,3,14,1989,29.50024
35651,3,14,1990,29.17917
35651,3,14,1991,28.97446
35651,3,14,1992,28.95675
35651,3,14,1993,28.46139
35651,3,14,1994,28.3672
35651,3,14,1995,27.81437
35651,3,14,1996,27.66186
35651,3,14,1997,27.30105
35651,3,14,1998,26.6937
35651,3,14,1999,26.54895
35651,3,14,2000,26.21047
35651,3,14,2001,25.77994
35651,3,14,2002,25.43989
35651,3,14,2003,25.06432
35651,3,14,2004,24.79197
35651,3,14,2005,24.90207
35651,3,14,2006,25.25409
35651,3,14,2007,25.31742
35651,3,14,2008,25.29295
35651,3,14,2009,25.49139
35651,3,14,2010,25.83084
35651,3,14,2011,26.27772
35651,3,14,2012,26.53402
35651,3,14,2013,26.81846
35651,3,14,2014,27.10939
35651,3,14,2015,27.34968
35651,3,14,2016,27.55399
35651,3,14,2017,28.0938
35651,3,14,2018,28.32744
35651,3,14,2019,28.75403
35652,1,14,1950,28.05279
35652,1,14,1951,28.37963
35652,1,14,1952,28.15479
35652,1,14,1953,28.48997
35652,1,14,1954,28.51967
35652,1,14,1955,28.80135
35652,1,14,1956,29.10111
35652,1,14,1957,29.17442
35652,1,14,1958,29.17407
35652,1,14,1959,29.79555
35652,1,14,1960,30.0931
35652,1,14,1961,29.95633
35652,1,14,1962,30.29897
35652,1,14,1963,30.41653
35652,1,14,1964,30.64468
35652,1,14,1965,30.88313
35652,1,14,1966,30.86296
35652,1,14,1967,31.15947
35652,1,14,1968,31.4033
35652,1,14,1969,31.79976
35652,1,14,1970,31.81362
35652,1,14,1971,31.94431
35652,1,14,1972,32.01463
35652,1,14,1973,32.30921
35652,1,14,1974,32.50673
35652,1,14,1975,32.5335
35652,1,14,1976,32.74206
35652,1,14,1977,32.79228
35652,1,14,1978,33.07047
35652,1,14,1979,32.924
35652,1,14,1980,33.06174
35652,1,14,1981,33.05216
35652,1,14,1982,32.9288
35652,1,14,1983,32.89548
35652,1,14,1984,32.98367
35652,1,14,1985,32.69586
35652,1,14,1986,32.94209
35652,1,14,1987,32.50607
35652,1,14,1988,32.39113
35652,1,14,1989,32.06787
35652,1,14,1990,32.00762
35652,1,14,1991,31.56339
35652,1,14,1992,31.33697
35652,1,14,1993,30.98714
35652,1,14,1994,30.58316
35652,1,14,1995,30.24493
35652,1,14,1996,29.80904
35652,1,14,1997,29.5484
35652,1,14,1998,29.27013
35652,1,14,1999,28.94495
35652,1,14,2000,28.70101
35652,1,14,2001,28.37735
35652,1,14,2002,28.26704
35652,1,14,2003,27.99053
35652,1,14,2004,27.6388
35652,1,14,2005,27.95466
35652,1,14,2006,28.18671
35652,1,14,2007,28.25364
35652,1,14,2008,28.77282
35652,1,14,2009,28.82852
35652,1,14,2010,29.32174
35652,1,14,2011,29.21836
35652,1,14,2012,29.7949
35652,1,14,2013,30.12178
35652,1,14,2014,30.26543
35652,1,14,2015,30.35878
35652,1,14,2016,30.4289
35652,1,14,2017,30.5425
35652,1,14,2018,30.59849
35652,1,14,2019,30.69097
35652,2,14,1950,28.67295
35652,2,14,1951,28.73739
35652,2,14,1952,28.85701
35652,2,14,1953,28.77239
35652,2,14,1954,28.94772
35652,2,14,1955,29.03199
35652,2,14,1956,29.10836
35652,2,14,1957,29.23848
35652,2,14,1958,29.39756
35652,2,14,1959,29.35155
35652,2,14,1960,29.54162
35652,2,14,1961,29.57277
35652,2,14,1962,29.77463
35652,2,14,1963,29.85215
35652,2,14,1964,30.09687
35652,2,14,1965,30.00368
35652,2,14,1966,30.10748
35652,2,14,1967,30.31941
35652,2,14,1968,30.27888
35652,2,14,1969,30.46998
35652,2,14,1970,30.36107
35652,2,14,1971,30.45417
35652,2,14,1972,30.55602
35652,2,14,1973,30.75903
35652,2,14,1974,30.68126
35652,2,14,1975,30.84297
35652,2,14,1976,30.9481
35652,2,14,1977,30.94584
35652,2,14,1978,30.85868
35652,2,14,1979,30.81325
35652,2,14,1980,30.74979
35652,2,14,1981,31.0406
35652,2,14,1982,30.76227
35652,2,14,1983,30.84755
35652,2,14,1984,30.75159
35652,2,14,1985,30.84462
35652,2,14,1986,30.84102
35652,2,14,1987,30.87978
35652,2,14,1988,30.62304
35652,2,14,1989,30.81808
35652,2,14,1990,30.76088
35652,2,14,1991,30.68455
35652,2,14,1992,30.63055
35652,2,14,1993,30.20625
35652,2,14,1994,29.651
35652,2,14,1995,29.29972
35652,2,14,1996,28.64824
35652,2,14,1997,28.34768
35652,2,14,1998,27.55026
35652,2,14,1999,27.24022
35652,2,14,2000,26.86097
35652,2,14,2001,26.59347
35652,2,14,2002,26.42388
35652,2,14,2003,26.28533
35652,2,14,2004,26.47634
35652,2,14,2005,26.94451
35652,2,14,2006,27.58155
35652,2,14,2007,28.02736
35652,2,14,2008,28.4426
35652,2,14,2009,29.12103
35652,2,14,2010,29.65596
35652,2,14,2011,30.65717
35652,2,14,2012,31.01946
35652,2,14,2013,31.0065
35652,2,14,2014,31.16998
35652,2,14,2015,31.48989
35652,2,14,2016,31.94826
35652,2,14,2017,32.49661
35652,2,14,2018,32.69921
35652,2,14,2019,32.8843
35652,3,14,1950,27.22088
35652,3,14,1951,27.61065
35652,3,14,1952,27.34686
35652,3,14,1953,27.60943
35652,3,14,1954,27.79251
35652,3,14,1955,27.90303
35652,3,14,1956,27.97272
35652,3,14,1957,28.14336
35652,3,14,1958,28.19985
35652,3,14,1959,28.4936
35652,3,14,1960,28.62255
35652,3,14,1961,28.70831
35652,3,14,1962,28.8462
35652,3,14,1963,29.10309
35652,3,14,1964,28.9598
35652,3,14,1965,29.17528
35652,3,14,1966,29.27319
35652,3,14,1967,29.70368
35652,3,14,1968,29.60477
35652,3,14,1969,29.85649
35652,3,14,1970,29.84077
35652,3,14,1971,29.82091
35652,3,14,1972,30.07293
35652,3,14,1973,30.39976
35652,3,14,1974,30.47486
35652,3,14,1975,30.51089
35652,3,14,1976,30.64372
35652,3,14,1977,30.57217
35652,3,14,1978,30.68472
35652,3,14,1979,30.7892
35652,3,14,1980,30.88611
35652,3,14,1981,30.80408
35652,3,14,1982,30.96756
35652,3,14,1983,30.85947
35652,3,14,1984,30.85053
35652,3,14,1985,30.73758
35652,3,14,1986,30.72891
35652,3,14,1987,30.61878
35652,3,14,1988,30.65146
35652,3,14,1989,30.21536
35652,3,14,1990,30.07596
35652,3,14,1991,29.78388
35652,3,14,1992,29.67451
35652,3,14,1993,29.21565
35652,3,14,1994,28.93019
35652,3,14,1995,28.44421
35652,3,14,1996,28.00535
35652,3,14,1997,27.59469
35652,3,14,1998,27.29921
35652,3,14,1999,26.89888
35652,3,14,2000,26.73151
35652,3,14,2001,26.69608
35652,3,14,2002,26.38623
35652,3,14,2003,26.13271
35652,3,14,2004,26.19754
35652,3,14,2005,26.67516
35652,3,14,2006,26.94315
35652,3,14,2007,27.25004
35652,3,14,2008,27.62334
35652,3,14,2009,28.06105
35652,3,14,2010,28.49463
35652,3,14,2011,28.9452
35652,3,14,2012,29.50641
35652,3,14,2013,29.49723
35652,3,14,2014,29.74372
35652,3,14,2015,29.87947
35652,3,14,2016,30.26049
35652,3,14,2017,30.40506
35652,3,14,2018,30.58386
35652,3,14,2019,30.58886
35653,1,14,1950,30.77027
35653,1,14,1951,31.04422
35653,1,14,1952,30.54804
35653,1,14,1953,30.49585
35653,1,14,1954,30.56002
35653,1,14,1955,30.66156
35653,1,14,1956,30.53417
35653,1,14,1957,30.78146
35653,1,14,1958,31.01351
35653,1,14,1959,31.00194
35653,1,14,1960,31.33172
35653,1,14,1961,31.37748
35653,1,14,1962,31.0969
35653,1,14,1963,31.41968
35653,1,14,1964,31.43702
35653,1,14,1965,31.59618
35653,1,14,1966,31.61099
35653,1,14,1967,31.54389
35653,1,14,1968,31.79291
35653,1,14,1969,31.83787
35653,1,14,1970,31.76118
35653,1,14,1971,32.01198
35653,1,14,1972,32.2593
35653,1,14,1973,32.06518
35653,1,14,1974,32.32635
35653,1,14,1975,32.48743
35653,1,14,1976,32.71238
35653,1,14,1977,32.65703
35653,1,14,1978,32.63925
35653,1,14,1979,32.88585
35653,1,14,1980,32.75937
35653,1,14,1981,32.83575
35653,1,14,1982,32.76007
35653,1,14,1983,32.68315
35653,1,14,1984,33.04956
35653,1,14,1985,32.84766
35653,1,14,1986,32.55057
35653,1,14,1987,32.4388
35653,1,14,1988,32.51436
35653,1,14,1989,32.18297
35653,1,14,1990,31.98332
35653,1,14,1991,31.78017
35653,1,14,1992,31.32917
35653,1,14,1993,31.18286
35653,1,14,1994,30.68735
35653,1,14,1995,30.16388
35653,1,14,1996,29.31709
35653,1,14,1997,29.03623
35653,1,14,1998,28.6655
35653,1,14,1999,28.31864
35653,1,14,2000,27.17809
35653,1,14,2001,27.11322
35653,1,14,2002,27.1973
35653,1,14,2003,26.39417
35653,1,14,2004,26.37145
35653,1,14,2005,26.07357
35653,1,14,2006,25.78376
35653,1,14,2007,25.96308
35653,1,14,2008,26.00398
35653,1,14,2009,26.23103
35653,1,14,2010,26.56907
35653,1,14,2011,27.01592
35653,1,14,2012,27.45618
35653,1,14,2013,27.23323
35653,1,14,2014,28.38053
35653,1,14,2015,28.68328
35653,1,14,2016,29.3174
35653,1,14,2017,29.54455
35653,1,14,2018,29.82524
35653,1,14,2019,29.92762
35653,2,14,1950,31.07049
35653,2,14,1951,31.34909
35653,2,14,1952,31.06831
35653,2,14,1953,31.0214
35653,2,14,1954,31.00067
35653,2,14,1955,31.24774
35653,2,14,1956,31.27399
35653,2,14,1957,31.3903
35653,2,14,1958,31.34124
35653,2,14,1959,31.44402
35653,2,14,1960,31.27515
35653,2,14,1961,31.30685
35653,2,14,1962,31.57207
35653,2,14,1963,31.71927
35653,2,14,1964,31.57109
35653,2,14,1965,31.74527
35653,2,14,1966,31.54055
35653,2,14,1967,31.80105
35653,2,14,1968,31.7324
35653,2,14,1969,31.93017
35653,2,14,1970,31.96224
35653,2,14,1971,32.17121
35653,2,14,1972,32.30381
35653,2,14,1973,32.32699
35653,2,14,1974,32.67655
35653,2,14,1975,32.63194
35653,2,14,1976,32.47655
35653,2,14,1977,32.63995
35653,2,14,1978,32.55314
35653,2,14,1979,32.72478
35653,2,14,1980,32.51572
35653,2,14,1981,32.63688
35653,2,14,1982,32.75581
35653,2,14,1983,32.6648
35653,2,14,1984,32.7169
35653,2,14,1985,32.85074
35653,2,14,1986,32.79162
35653,2,14,1987,33.14707
35653,2,14,1988,33.33051
35653,2,14,1989,33.60214
35653,2,14,1990,34.33647
35653,2,14,1991,34.79676
35653,2,14,1992,34.5491
35653,2,14,1993,34.6367
35653,2,14,1994,34.27789
35653,2,14,1995,34.16376
35653,2,14,1996,33.69934
35653,2,14,1997,33.52124
35653,2,14,1998,33.40539
35653,2,14,1999,33.20551
35653,2,14,2000,32.9085
35653,2,14,2001,33.17931
35653,2,14,2002,32.95694
35653,2,14,2003,32.79045
35653,2,14,2004,32.85086
35653,2,14,2005,32.95503
35653,2,14,2006,33.09031
35653,2,14,2007,33.1175
35653,2,14,2008,33.21411
35653,2,14,2009,33.17639
35653,2,14,2010,33.27637
35653,2,14,2011,33.43865
35653,2,14,2012,33.47711
35653,2,14,2013,33.14583
35653,2,14,2014,33.63763
35653,2,14,2015,33.64585
35653,2,14,2016,33.72124
35653,2,14,2017,33.89121
35653,2,14,2018,33.88574
35653,2,14,2019,33.91133
35653,3,14,1950,29.94461
35653,3,14,1951,30.11621
35653,3,14,1952,29.86113
35653,3,14,1953,29.62985
35653,3,14,1954,29.86332
35653,3,14,1955,29.89565
35653,3,14,1956,30.08281
35653,3,14,1957,30.16161
35653,3,14,1958,30.16998
35653,3,14,1959,30.32668
35653,3,14,1960,30.24261
35653,3,14,1961,30.43851
35653,3,14,1962,30.25595
35653,3,14,1963,30.49208
35653,3,14,1964,30.6949
35653,3,14,1965,30.56813
35653,3,14,1966,30.58794
35653,3,14,1967,30.57639
35653,3,14,1968,30.79678
35653,3,14,1969,30.79079
35653,3,14,1970,30.78129
35653,3,14,1971,31.14582
35653,3,14,1972,31.02561
35653,3,14,1973,31.0642
35653,3,14,1974,31.19577
35653,3,14,1975,31.3785
35653,3,14,1976,31.28272
35653,3,14,1977,31.52843
35653,3,14,1978,31.42314
35653,3,14,1979,31.55485
35653,3,14,1980,31.62593
35653,3,14,1981,31.67552
35653,3,14,1982,31.58975
35653,3,14,1983,31.75954
35653,3,14,1984,31.60815
35653,3,14,1985,31.57319
35653,3,14,1986,31.52733
35653,3,14,1987,31.64865
35653,3,14,1988,31.64423
35653,3,14,1989,31.73043
35653,3,14,1990,31.7063
35653,3,14,1991,31.7914
35653,3,14,1992,31.59447
35653,3,14,1993,31.27038
35653,3,14,1994,31.16381
35653,3,14,1995,30.68143
35653,3,14,1996,30.31109
35653,3,14,1997,29.91339
35653,3,14,1998,29.63202
35653,3,14,1999,29.51034
35653,3,14,2000,28.99289
35653,3,14,2001,28.61936
35653,3,14,2002,28.84729
35653,3,14,2003,28.25491
35653,3,14,2004,28.18462
35653,3,14,2005,28.01829
35653,3,14,2006,27.99883
35653,3,14,2007,28.25392
35653,3,14,2008,28.45595
35653,3,14,2009,28.32806
35653,3,14,2010,28.70449
35653,3,14,2011,29.04341
35653,3,14,2012,29.36505
35653,3,14,2013,28.93975
35653,3,14,2014,29.83011
35653,3,14,2015,30.12559
35653,3,14,2016,30.37116
35653,3,14,2017,30.67923
35653,3,14,2018,30.81133
35653,3,14,2019,30.92006
35654,1,14,1950,25.74854
35654,1,14,1951,26.17337
35654,1,14,1952,26.11823
35654,1,14,1953,26.57492
35654,1,14,1954,26.50385
35654,1,14,1955,26.78346
35654,1,14,1956,27.03043
35654,1,14,1957,27.60025
35654,1,14,1958,27.81579
35654,1,14,1959,27.70076
35654,1,14,1960,28.0604
35654,1,14,1961,28.04432
35654,1,14,1962,28.43119
35654,1,14,1963,28.66144
35654,1,14,1964,28.90315
35654,1,14,1965,29.20878
35654,1,14,1966,29.19069
35654,1,14,1967,29.47578
35654,1,14,1968,29.85389
35654,1,14,1969,30.02722
35654,1,14,1970,30.27766
35654,1,14,1971,30.64719
35654,1,14,1972,30.86571
35654,1,14,1973,31.24178
35654,1,14,1974,31.48875
35654,1,14,1975,31.40106
35654,1,14,1976,31.56789
35654,1,14,1977,31.71181
35654,1,14,1978,31.35205
35654,1,14,1979,31.76071
35654,1,14,1980,32.25424
35654,1,14,1981,31.93932
35654,1,14,1982,32.12965
35654,1,14,1983,32.26859
35654,1,14,1984,32.1063
35654,1,14,1985,31.95195
35654,1,14,1986,31.68458
35654,1,14,1987,31.50548
35654,1,14,1988,31.27481
35654,1,14,1989,31.14242
35654,1,14,1990,30.95399
35654,1,14,1991,29.84459
35654,1,14,1992,29.21649
35654,1,14,1993,28.63422
35654,1,14,1994,27.35972
35654,1,14,1995,26.44964
35654,1,14,1996,25.22223
35654,1,14,1997,24.74462
35654,1,14,1998,23.84867
35654,1,14,1999,23.1019
35654,1,14,2000,21.92798
35654,1,14,2001,21.76138
35654,1,14,2002,21.33704
35654,1,14,2003,21.44547
35654,1,14,2004,21.1086
35654,1,14,2005,21.51938
35654,1,14,2006,21.78631
35654,1,14,2007,23.27948
35654,1,14,2008,24.54234
35654,1,14,2009,25.75227
35654,1,14,2010,26.21424
35654,1,14,2011,26.73551
35654,1,14,2012,26.54313
35654,1,14,2013,26.89113
35654,1,14,2014,26.91731
35654,1,14,2015,27.9464
35654,1,14,2016,28.65501
35654,1,14,2017,28.79803
35654,1,14,2018,29.21024
35654,1,14,2019,29.31078
35654,2,14,1950,27.81004
35654,2,14,1951,28.13718
35654,2,14,1952,28.01419
35654,2,14,1953,28.02202
35654,2,14,1954,28.18348
35654,2,14,1955,28.45693
35654,2,14,1956,28.79377
35654,2,14,1957,28.92171
35654,2,14,1958,29.21689
35654,2,14,1959,29.34038
35654,2,14,1960,29.37478
35654,2,14,1961,29.49534
35654,2,14,1962,29.47283
35654,2,14,1963,29.46283
35654,2,14,1964,29.69159
35654,2,14,1965,29.72906
35654,2,14,1966,29.90451
35654,2,14,1967,30.1645
35654,2,14,1968,30.48438
35654,2,14,1969,30.61738
35654,2,14,1970,30.66992
35654,2,14,1971,30.76975
35654,2,14,1972,30.92478
35654,2,14,1973,31.13085
35654,2,14,1974,31.2348
35654,2,14,1975,31.25907
35654,2,14,1976,31.39869
35654,2,14,1977,31.34506
35654,2,14,1978,31.6251
35654,2,14,1979,31.48389
35654,2,14,1980,31.65429
35654,2,14,1981,31.7474
35654,2,14,1982,31.77021
35654,2,14,1983,31.79753
35654,2,14,1984,31.73948
35654,2,14,1985,31.9647
35654,2,14,1986,31.69011
35654,2,14,1987,32.05258
35654,2,14,1988,32.11086
35654,2,14,1989,31.98995
35654,2,14,1990,31.5718
35654,2,14,1991,32.11
35654,2,14,1992,31.43398
35654,2,14,1993,31.499
35654,2,14,1994,30.67659
35654,2,14,1995,30.57057
35654,2,14,1996,29.09768
35654,2,14,1997,28.63469
35654,2,14,1998,27.63551
35654,2,14,1999,28.02089
35654,2,14,2000,27.22897
35654,2,14,2001,26.15779
35654,2,14,2002,26.4339
35654,2,14,2003,26.26651
35654,2,14,2004,26.27533
35654,2,14,2005,26.61491
35654,2,14,2006,27.58568
35654,2,14,2007,28.79159
35654,2,14,2008,29.31373
35654,2,14,2009,30.03253
35654,2,14,2010,30.385
35654,2,14,2011,31.60676
35654,2,14,2012,32.09721
35654,2,14,2013,32.32249
35654,2,14,2014,32.56365
35654,2,14,2015,32.65469
35654,2,14,2016,33.30901
35654,2,14,2017,33.36266
35654,2,14,2018,33.4361
35654,2,14,2019,33.55184
35654,3,14,1950,25.55222
35654,3,14,1951,25.97162
35654,3,14,1952,25.9388
35654,3,14,1953,26.09855
35654,3,14,1954,26.20174
35654,3,14,1955,26.35996
35654,3,14,1956,26.57082
35654,3,14,1957,26.9592
35654,3,14,1958,27.38235
35654,3,14,1959,27.36127
35654,3,14,1960,27.46356
35654,3,14,1961,27.67927
35654,3,14,1962,27.8675
35654,3,14,1963,27.96311
35654,3,14,1964,28.13153
35654,3,14,1965,28.32857
35654,3,14,1966,28.41652
35654,3,14,1967,28.6973
35654,3,14,1968,28.93632
35654,3,14,1969,29.0948
35654,3,14,1970,29.49092
35654,3,14,1971,29.62622
35654,3,14,1972,29.61337
35654,3,14,1973,30.00939
35654,3,14,1974,30.29315
35654,3,14,1975,30.19424
35654,3,14,1976,30.35533
35654,3,14,1977,30.58188
35654,3,14,1978,30.44667
35654,3,14,1979,30.61353
35654,3,14,1980,30.8553
35654,3,14,1981,30.80604
35654,3,14,1982,30.92613
35654,3,14,1983,30.9275
35654,3,14,1984,31.00804
35654,3,14,1985,30.88195
35654,3,14,1986,30.78008
35654,3,14,1987,30.66011
35654,3,14,1988,30.52917
35654,3,14,1989,30.32055
35654,3,14,1990,29.91402
35654,3,14,1991,29.48328
35654,3,14,1992,28.7786
35654,3,14,1993,28.0119
35654,3,14,1994,27.24054
35654,3,14,1995,26.60222
35654,3,14,1996,25.58432
35654,3,14,1997,25.14241
35654,3,14,1998,24.21115
35654,3,14,1999,24.1129
35654,3,14,2000,23.42524
35654,3,14,2001,22.86987
35654,3,14,2002,22.71615
35654,3,14,2003,22.63156
35654,3,14,2004,22.65983
35654,3,14,2005,22.95255
35654,3,14,2006,23.62966
35654,3,14,2007,25.22197
35654,3,14,2008,26.00088
35654,3,14,2009,27.09925
35654,3,14,2010,27.6439
35654,3,14,2011,28.12892
35654,3,14,2012,28.55762
35654,3,14,2013,28.85198
35654,3,14,2014,29.35776
35654,3,14,2015,29.68532
35654,3,14,2016,30.35457
35654,3,14,2017,30.64918
35654,3,14,2018,30.86753
35654,3,14,2019,30.97465
35655,1,14,1950,26.69483
35655,1,14,1951,26.96418
35655,1,14,1952,27.18119
35655,1,14,1953,26.95818
35655,1,14,1954,27.29777
35655,1,14,1955,27.29038
35655,1,14,1956,27.69046
35655,1,14,1957,28.03017
35655,1,14,1958,28.29849
35655,1,14,1959,28.32375
35655,1,14,1960,28.78613
35655,1,14,1961,28.6607
35655,1,14,1962,28.94358
35655,1,14,1963,29.11537
35655,1,14,1964,29.68722
35655,1,14,1965,29.2545
35655,1,14,1966,29.4777
35655,1,14,1967,29.59556
35655,1,14,1968,29.73047
35655,1,14,1969,29.59403
35655,1,14,1970,29.99075
35655,1,14,1971,30.1575
35655,1,14,1972,30.77279
35655,1,14,1973,30.64177
35655,1,14,1974,30.91576
35655,1,14,1975,31.42989
35655,1,14,1976,31.49478
35655,1,14,1977,31.59835
35655,1,14,1978,31.86886
35655,1,14,1979,32.09296
35655,1,14,1980,32.29394
35655,1,14,1981,32.28831
35655,1,14,1982,32.55054
35655,1,14,1983,32.56712
35655,1,14,1984,32.96282
35655,1,14,1985,33.15682
35655,1,14,1986,32.88115
35655,1,14,1987,33.03035
35655,1,14,1988,33.21152
35655,1,14,1989,33.24007
35655,1,14,1990,33.02157
35655,1,14,1991,32.9446
35655,1,14,1992,32.64601
35655,1,14,1993,32.29656
35655,1,14,1994,31.84252
35655,1,14,1995,31.37317
35655,1,14,1996,30.78606
35655,1,14,1997,30.728
35655,1,14,1998,30.2107
35655,1,14,1999,29.71992
35655,1,14,2000,29.57449
35655,1,14,2001,29.08462
35655,1,14,2002,28.85358
35655,1,14,2003,28.62134
35655,1,14,2004,28.51825
35655,1,14,2005,28.39636
35655,1,14,2006,28.21722
35655,1,14,2007,27.94182
35655,1,14,2008,27.47309
35655,1,14,2009,27.02476
35655,1,14,2010,27.35847
35655,1,14,2011,27.62807
35655,1,14,2012,27.71494
35655,1,14,2013,28.5153
35655,1,14,2014,28.80799
35655,1,14,2015,29.30224
35655,1,14,2016,30.012
35655,1,14,2017,30.29452
35655,1,14,2018,30.56089
35655,1,14,2019,30.44727
35655,2,14,1950,29.10875
35655,2,14,1951,29.45122
35655,2,14,1952,29.46266
35655,2,14,1953,29.45609
35655,2,14,1954,29.51727
35655,2,14,1955,29.62906
35655,2,14,1956,29.84428
35655,2,14,1957,30.0325
35655,2,14,1958,30.20861
35655,2,14,1959,30.19175
35655,2,14,1960,30.54484
35655,2,14,1961,30.24221
35655,2,14,1962,30.51393
35655,2,14,1963,30.6435
35655,2,14,1964,30.69256
35655,2,14,1965,30.98311
35655,2,14,1966,30.8653
35655,2,14,1967,30.96338
35655,2,14,1968,30.69664
35655,2,14,1969,30.95085
35655,2,14,1970,30.85458
35655,2,14,1971,30.96554
35655,2,14,1972,31.2113
35655,2,14,1973,31.12488
35655,2,14,1974,31.66233
35655,2,14,1975,31.60523
35655,2,14,1976,31.82091
35655,2,14,1977,31.96412
35655,2,14,1978,31.91279
35655,2,14,1979,32.12379
35655,2,14,1980,32.36866
35655,2,14,1981,32.38768
35655,2,14,1982,32.43543
35655,2,14,1983,32.61835
35655,2,14,1984,32.4872
35655,2,14,1985,32.62378
35655,2,14,1986,32.63125
35655,2,14,1987,32.68981
35655,2,14,1988,32.67848
35655,2,14,1989,32.62292
35655,2,14,1990,32.60234
35655,2,14,1991,32.53347
35655,2,14,1992,32.31433
35655,2,14,1993,32.0765
35655,2,14,1994,31.36016
35655,2,14,1995,31.35726
35655,2,14,1996,31.06103
35655,2,14,1997,30.26874
35655,2,14,1998,29.715
35655,2,14,1999,29.55062
35655,2,14,2000,29.28452
35655,2,14,2001,28.87058
35655,2,14,2002,28.55598
35655,2,14,2003,27.91705
35655,2,14,2004,27.75834
35655,2,14,2005,28.07128
35655,2,14,2006,28.59966
35655,2,14,2007,28.85927
35655,2,14,2008,29.07454
35655,2,14,2009,29.00736
35655,2,14,2010,28.93262
35655,2,14,2011,29.16589
35655,2,14,2012,29.86017
35655,2,14,2013,29.46948
35655,2,14,2014,30.02344
35655,2,14,2015,30.27065
35655,2,14,2016,30.41597
35655,2,14,2017,30.86986
35655,2,14,2018,31.59977
35655,2,14,2019,32.04682
35655,3,14,1950,26.64519
35655,3,14,1951,26.86904
35655,3,14,1952,26.93927
35655,3,14,1953,26.94899
35655,3,14,1954,27.26915
35655,3,14,1955,27.41512
35655,3,14,1956,27.61313
35655,3,14,1957,27.78234
35655,3,14,1958,27.90644
35655,3,14,1959,27.96824
35655,3,14,1960,28.30008
35655,3,14,1961,28.36616
35655,3,14,1962,28.45954
35655,3,14,1963,28.56401
35655,3,14,1964,28.82019
35655,3,14,1965,28.92247
35655,3,14,1966,28.94335
35655,3,14,1967,28.89946
35655,3,14,1968,28.90148
35655,3,14,1969,29.23179
35655,3,14,1970,29.09896
35655,3,14,1971,29.32592
35655,3,14,1972,29.58727
35655,3,14,1973,29.75801
35655,3,14,1974,29.95853
35655,3,14,1975,30.03594
35655,3,14,1976,30.18056
35655,3,14,1977,30.52294
35655,3,14,1978,30.71083
35655,3,14,1979,30.89558
35655,3,14,1980,31.04226
35655,3,14,1981,31.30337
35655,3,14,1982,31.29027
35655,3,14,1983,31.44383
35655,3,14,1984,31.47177
35655,3,14,1985,31.60146
35655,3,14,1986,31.71485
35655,3,14,1987,31.78826
35655,3,14,1988,31.74296
35655,3,14,1989,31.78142
35655,3,14,1990,31.41987
35655,3,14,1991,31.31207
35655,3,14,1992,31.12429
35655,3,14,1993,30.61489
35655,3,14,1994,30.40486
35655,3,14,1995,30.01968
35655,3,14,1996,29.596
35655,3,14,1997,29.13912
35655,3,14,1998,28.81972
35655,3,14,1999,28.52812
35655,3,14,2000,28.05483
35655,3,14,2001,27.6433
35655,3,14,2002,27.37022
35655,3,14,2003,27.18925
35655,3,14,2004,26.96749
35655,3,14,2005,27.05782
35655,3,14,2006,27.23569
35655,3,14,2007,27.24584
35655,3,14,2008,26.99193
35655,3,14,2009,26.97332
35655,3,14,2010,26.97636
35655,3,14,2011,27.14679
35655,3,14,2012,27.63801
35655,3,14,2013,27.90504
35655,3,14,2014,28.21307
35655,3,14,2015,28.40379
35655,3,14,2016,28.77897
35655,3,14,2017,28.90492
35655,3,14,2018,29.22274
35655,3,14,2019,29.55948
35656,1,14,1950,24.867
35656,1,14,1951,25.06223
35656,1,14,1952,25.40845
35656,1,14,1953,24.95288
35656,1,14,1954,25.38073
35656,1,14,1955,25.41769
35656,1,14,1956,25.47551
35656,1,14,1957,25.84529
35656,1,14,1958,25.99452
35656,1,14,1959,25.94365
35656,1,14,1960,26.25753
35656,1,14,1961,26.04956
35656,1,14,1962,26.23839
35656,1,14,1963,26.24696
35656,1,14,1964,26.2984
35656,1,14,1965,26.67151
35656,1,14,1966,26.64754
35656,1,14,1967,26.90297
35656,1,14,1968,26.98553
35656,1,14,1969,27.1391
35656,1,14,1970,27.39822
35656,1,14,1971,27.22468
35656,1,14,1972,27.56279
35656,1,14,1973,27.47861
35656,1,14,1974,27.68321
35656,1,14,1975,27.96818
35656,1,14,1976,27.5972
35656,1,14,1977,27.67334
35656,1,14,1978,28.28756
35656,1,14,1979,28.14958
35656,1,14,1980,28.22732
35656,1,14,1981,28.46914
35656,1,14,1982,28.55028
35656,1,14,1983,28.40392
35656,1,14,1984,28.71238
35656,1,14,1985,28.30003
35656,1,14,1986,28.55292
35656,1,14,1987,28.73771
35656,1,14,1988,28.65201
35656,1,14,1989,28.49595
35656,1,14,1990,28.1112
35656,1,14,1991,28.26997
35656,1,14,1992,27.60665
35656,1,14,1993,27.37928
35656,1,14,1994,26.98609
35656,1,14,1995,26.68751
35656,1,14,1996,26.31665
35656,1,14,1997,25.7395
35656,1,14,1998,25.00211
35656,1,14,1999,24.58922
35656,1,14,2000,24.45719
35656,1,14,2001,23.42437
35656,1,14,2002,23.62937
35656,1,14,2003,23.15999
35656,1,14,2004,22.99992
35656,1,14,2005,22.5533
35656,1,14,2006,22.71448
35656,1,14,2007,22.69234
35656,1,14,2008,22.58077
35656,1,14,2009,22.75587
35656,1,14,2010,23.31769
35656,1,14,2011,23.38917
35656,1,14,2012,22.96705
35656,1,14,2013,24.10413
35656,1,14,2014,24.55914
35656,1,14,2015,25.04255
35656,1,14,2016,25.43087
35656,1,14,2017,25.97198
35656,1,14,2018,26.45838
35656,1,14,2019,27.04038
35656,2,14,1950,28.29
35656,2,14,1951,28.32832
35656,2,14,1952,28.29896
35656,2,14,1953,28.26153
35656,2,14,1954,28.19815
35656,2,14,1955,28.51097
35656,2,14,1956,28.72954
35656,2,14,1957,28.86162
35656,2,14,1958,29.05013
35656,2,14,1959,28.98619
35656,2,14,1960,28.84198
35656,2,14,1961,29.02861
35656,2,14,1962,29.25452
35656,2,14,1963,29.06987
35656,2,14,1964,28.93305
35656,2,14,1965,29.11019
35656,2,14,1966,29.25017
35656,2,14,1967,29.37411
35656,2,14,1968,29.29866
35656,2,14,1969,29.35024
35656,2,14,1970,29.36137
35656,2,14,1971,29.43856
35656,2,14,1972,29.48167
35656,2,14,1973,29.55557
35656,2,14,1974,29.37412
35656,2,14,1975,29.51328
35656,2,14,1976,29.55776
35656,2,14,1977,29.52126
35656,2,14,1978,29.70221
35656,2,14,1979,29.68239
35656,2,14,1980,29.84569
35656,2,14,1981,29.69346
35656,2,14,1982,29.78091
35656,2,14,1983,29.85273
35656,2,14,1984,29.84684
35656,2,14,1985,29.86379
35656,2,14,1986,29.99136
35656,2,14,1987,30.03691
35656,2,14,1988,29.97196
35656,2,14,1989,29.7028
35656,2,14,1990,29.72302
35656,2,14,1991,29.40752
35656,2,14,1992,29.17071
35656,2,14,1993,28.97436
35656,2,14,1994,28.71628
35656,2,14,1995,28.51994
35656,2,14,1996,28.10695
35656,2,14,1997,27.90151
35656,2,14,1998,27.39339
35656,2,14,1999,27.63764
35656,2,14,2000,27.28273
35656,2,14,2001,27.19891
35656,2,14,2002,26.92506
35656,2,14,2003,26.82798
35656,2,14,2004,27.18961
35656,2,14,2005,27.14407
35656,2,14,2006,27.47951
35656,2,14,2007,27.79947
35656,2,14,2008,27.51591
35656,2,14,2009,27.49979
35656,2,14,2010,27.47284
35656,2,14,2011,28.12986
35656,2,14,2012,28.39183
35656,2,14,2013,28.7798
35656,2,14,2014,28.95835
35656,2,14,2015,29.68051
35656,2,14,2016,29.78352
35656,2,14,2017,30.14786
35656,2,14,2018,30.48351
35656,2,14,2019,30.89417
35656,3,14,1950,24.85459
35656,3,14,1951,25.14015
35656,3,14,1952,25.22693
35656,3,14,1953,25.15597
35656,3,14,1954,25.30584
35656,3,14,1955,25.5181
35656,3,14,1956,25.50001
35656,3,14,1957,25.96933
35656,3,14,1958,25.85665
35656,3,14,1959,25.81311
35656,3,14,1960,26.18388
35656,3,14,1961,26.17049
35656,3,14,1962,26.13618
35656,3,14,1963,26.24516
35656,3,14,1964,26.15964
35656,3,14,1965,26.4632
35656,3,14,1966,26.63784
35656,3,14,1967,26.64634
35656,3,14,1968,26.73631
35656,3,14,1969,26.91532
35656,3,14,1970,26.92995
35656,3,14,1971,26.90805
35656,3,14,1972,27.08029
35656,3,14,1973,27.20131
35656,3,14,1974,27.22276
35656,3,14,1975,27.3228
35656,3,14,1976,27.31944
35656,3,14,1977,27.3577
35656,3,14,1978,27.38785
35656,3,14,1979,27.61811
35656,3,14,1980,27.83845
35656,3,14,1981,27.75396
35656,3,14,1982,27.74121
35656,3,14,1983,27.72656
35656,3,14,1984,27.93028
35656,3,14,1985,27.81157
35656,3,14,1986,28.04537
35656,3,14,1987,28.14045
35656,3,14,1988,27.97817
35656,3,14,1989,27.85322
35656,3,14,1990,27.59562
35656,3,14,1991,27.33615
35656,3,14,1992,27.08762
35656,3,14,1993,26.74822
35656,3,14,1994,26.54482
35656,3,14,1995,26.1574
35656,3,14,1996,25.88863
35656,3,14,1997,25.64836
35656,3,14,1998,24.77455
35656,3,14,1999,25.00686
35656,3,14,2000,24.5734
35656,3,14,2001,23.79014
35656,3,14,2002,23.90515
35656,3,14,2003,23.80014
35656,3,14,2004,23.80279
35656,3,14,2005,23.72668
35656,3,14,2006,23.81396
35656,3,14,2007,23.84273
35656,3,14,2008,23.7589
35656,3,14,2009,24.10775
35656,3,14,2010,24.3108
35656,3,14,2011,24.55484
35656,3,14,2012,24.48316
35656,3,14,2013,25.1273
35656,3,14,2014,25.5466
35656,3,14,2015,26.18527
35656,3,14,2016,26.3171
35656,3,14,2017,26.76292
35656,3,14,2018,27.13925
35656,3,14,2019,27.59339
35657,1,14,1950,26.26142
35657,1,14,1951,26.84992
35657,1,14,1952,26.57354
35657,1,14,1953,26.63525
35657,1,14,1954,26.8712
35657,1,14,1955,26.81062
35657,1,14,1956,27.15722
35657,1,14,1957,27.3788
35657,1,14,1958,27.2269
35657,1,14,1959,27.75378
35657,1,14,1960,27.68823
35657,1,14,1961,27.48777
35657,1,14,1962,27.77561
35657,1,14,1963,27.52094
35657,1,14,1964,27.83122
35657,1,14,1965,27.7251
35657,1,14,1966,27.88597
35657,1,14,1967,28.15951
35657,1,14,1968,28.25889
35657,1,14,1969,28.49917
35657,1,14,1970,28.55873
35657,1,14,1971,28.60259
35657,1,14,1972,28.63959
35657,1,14,1973,28.75389
35657,1,14,1974,28.90528
35657,1,14,1975,28.95822
35657,1,14,1976,29.05658
35657,1,14,1977,28.79198
35657,1,14,1978,29.42917
35657,1,14,1979,29.41503
35657,1,14,1980,29.26894
35657,1,14,1981,29.44926
35657,1,14,1982,29.58129
35657,1,14,1983,29.27515
35657,1,14,1984,29.13179
35657,1,14,1985,29.30985
35657,1,14,1986,29.14982
35657,1,14,1987,28.68629
35657,1,14,1988,28.86659
35657,1,14,1989,28.61748
35657,1,14,1990,28.66675
35657,1,14,1991,28.60118
35657,1,14,1992,27.9536
35657,1,14,1993,27.83666
35657,1,14,1994,27.62071
35657,1,14,1995,26.94973
35657,1,14,1996,26.93512
35657,1,14,1997,26.2975
35657,1,14,1998,25.85828
35657,1,14,1999,25.65418
35657,1,14,2000,25.0764
35657,1,14,2001,24.8098
35657,1,14,2002,24.63211
35657,1,14,2003,24.4042
35657,1,14,2004,24.28649
35657,1,14,2005,24.39514
35657,1,14,2006,24.5955
35657,1,14,2007,24.8326
35657,1,14,2008,24.71479
35657,1,14,2009,24.56311
35657,1,14,2010,24.76421
35657,1,14,2011,24.85402
35657,1,14,2012,25.1991
35657,1,14,2013,25.6348
35657,1,14,2014,25.90107
35657,1,14,2015,26.38135
35657,1,14,2016,26.6838
35657,1,14,2017,27.03936
35657,1,14,2018,27.47339
35657,1,14,2019,27.51437
35657,2,14,1950,29.89579
35657,2,14,1951,30.02848
35657,2,14,1952,30.04813
35657,2,14,1953,30.01317
35657,2,14,1954,30.16994
35657,2,14,1955,30.1106
35657,2,14,1956,30.07237
35657,2,14,1957,30.20455
35657,2,14,1958,30.2744
35657,2,14,1959,30.31549
35657,2,14,1960,30.42386
35657,2,14,1961,30.544
35657,2,14,1962,30.39301
35657,2,14,1963,30.64039
35657,2,14,1964,30.61651
35657,2,14,1965,30.59971
35657,2,14,1966,30.65565
35657,2,14,1967,30.65089
35657,2,14,1968,30.67055
35657,2,14,1969,30.61258
35657,2,14,1970,30.75752
35657,2,14,1971,30.73146
35657,2,14,1972,31.03453
35657,2,14,1973,30.88507
35657,2,14,1974,31.0401
35657,2,14,1975,31.13128
35657,2,14,1976,31.10469
35657,2,14,1977,31.12843
35657,2,14,1978,31.1707
35657,2,14,1979,31.21019
35657,2,14,1980,31.09768
35657,2,14,1981,31.1096
35657,2,14,1982,31.27491
35657,2,14,1983,31.25073
35657,2,14,1984,31.17529
35657,2,14,1985,31.16613
35657,2,14,1986,31.1889
35657,2,14,1987,31.207
35657,2,14,1988,31.16384
35657,2,14,1989,31.32683
35657,2,14,1990,31.15139
35657,2,14,1991,31.18545
35657,2,14,1992,31.1816
35657,2,14,1993,31.19893
35657,2,14,1994,30.91732
35657,2,14,1995,30.8285
35657,2,14,1996,30.82304
35657,2,14,1997,30.41821
35657,2,14,1998,29.79914
35657,2,14,1999,29.62036
35657,2,14,2000,29.14199
35657,2,14,2001,29.169
35657,2,14,2002,28.94787
35657,2,14,2003,28.58048
35657,2,14,2004,29.28207
35657,2,14,2005,29.92449
35657,2,14,2006,30.38147
35657,2,14,2007,30.97475
35657,2,14,2008,30.98341
35657,2,14,2009,31.37164
35657,2,14,2010,31.50969
35657,2,14,2011,31.614
35657,2,14,2012,31.9972
35657,2,14,2013,32.10958
35657,2,14,2014,32.24486
35657,2,14,2015,32.70358
35657,2,14,2016,32.95811
35657,2,14,2017,33.04482
35657,2,14,2018,33.69212
35657,2,14,2019,33.57568
35657,3,14,1950,27.02938
35657,3,14,1951,27.52969
35657,3,14,1952,27.4049
35657,3,14,1953,27.44913
35657,3,14,1954,27.397
35657,3,14,1955,27.58797
35657,3,14,1956,27.75714
35657,3,14,1957,27.94942
35657,3,14,1958,27.99801
35657,3,14,1959,27.9488
35657,3,14,1960,28.15536
35657,3,14,1961,28.10943
35657,3,14,1962,28.06401
35657,3,14,1963,28.18229
35657,3,14,1964,28.33312
35657,3,14,1965,28.34951
35657,3,14,1966,28.45169
35657,3,14,1967,28.52393
35657,3,14,1968,28.52915
35657,3,14,1969,28.66896
35657,3,14,1970,28.60548
35657,3,14,1971,28.77705
35657,3,14,1972,28.84497
35657,3,14,1973,28.8148
35657,3,14,1974,28.92756
35657,3,14,1975,28.89899
35657,3,14,1976,29.0399
35657,3,14,1977,29.16823
35657,3,14,1978,29.21608
35657,3,14,1979,29.27107
35657,3,14,1980,29.27063
35657,3,14,1981,29.39024
35657,3,14,1982,29.26173
35657,3,14,1983,29.26265
35657,3,14,1984,29.15652
35657,3,14,1985,29.23139
35657,3,14,1986,29.22379
35657,3,14,1987,29.01905
35657,3,14,1988,29.25495
35657,3,14,1989,29.04524
35657,3,14,1990,29.05209
35657,3,14,1991,28.88726
35657,3,14,1992,28.86722
35657,3,14,1993,28.55022
35657,3,14,1994,28.29764
35657,3,14,1995,27.97217
35657,3,14,1996,27.87942
35657,3,14,1997,27.51193
35657,3,14,1998,27.07395
35657,3,14,1999,26.69329
35657,3,14,2000,26.27861
35657,3,14,2001,26.35952
35657,3,14,2002,25.98018
35657,3,14,2003,25.64175
35657,3,14,2004,25.95327
35657,3,14,2005,26.32664
35657,3,14,2006,26.78865
35657,3,14,2007,27.25093
35657,3,14,2008,27.17522
35657,3,14,2009,27.56468
35657,3,14,2010,27.68216
35657,3,14,2011,27.81186
35657,3,14,2012,28.09904
35657,3,14,2013,28.46544
35657,3,14,2014,28.67117
35657,3,14,2015,28.91446
35657,3,14,2016,29.23141
35657,3,14,2017,29.36112
35657,3,14,2018,29.77843
35657,3,14,2019,29.8193
35658,1,14,1950,30.89664
35658,1,14,1951,31.56972
35658,1,14,1952,30.72076
35658,1,14,1953,31.21853
35658,1,14,1954,31.46455
35658,1,14,1955,31.13888
35658,1,14,1956,31.54042
35658,1,14,1957,31.77949
35658,1,14,1958,32.03782
35658,1,14,1959,32.22889
35658,1,14,1960,32.05934
35658,1,14,1961,32.46466
35658,1,14,1962,32.25063
35658,1,14,1963,32.63715
35658,1,14,1964,32.69193
35658,1,14,1965,32.84284
35658,1,14,1966,32.86622
35658,1,14,1967,32.83439
35658,1,14,1968,33.17607
35658,1,14,1969,33.13144
35658,1,14,1970,33.33979
35658,1,14,1971,33.47345
35658,1,14,1972,33.55278
35658,1,14,1973,33.74537
35658,1,14,1974,33.67045
35658,1,14,1975,33.87571
35658,1,14,1976,34.12704
35658,1,14,1977,34.28393
35658,1,14,1978,34.37259
35658,1,14,1979,34.47603
35658,1,14,1980,34.60106
35658,1,14,1981,34.50707
35658,1,14,1982,34.82524
35658,1,14,1983,34.55993
35658,1,14,1984,35.03507
35658,1,14,1985,34.51985
35658,1,14,1986,34.01187
35658,1,14,1987,33.88913
35658,1,14,1988,33.64675
35658,1,14,1989,33.10242
35658,1,14,1990,32.98976
35658,1,14,1991,32.53803
35658,1,14,1992,32.25986
35658,1,14,1993,31.75255
35658,1,14,1994,31.40579
35658,1,14,1995,30.8119
35658,1,14,1996,30.26472
35658,1,14,1997,29.82311
35658,1,14,1998,29.39736
35658,1,14,1999,29.06244
35658,1,14,2000,28.86596
35658,1,14,2001,28.5743
35658,1,14,2002,28.24388
35658,1,14,2003,28.14645
35658,1,14,2004,28.06573
35658,1,14,2005,27.89666
35658,1,14,2006,28.16651
35658,1,14,2007,27.86337
35658,1,14,2008,28.14961
35658,1,14,2009,28.41797
35658,1,14,2010,28.73977
35658,1,14,2011,28.58106
35658,1,14,2012,29.27567
35658,1,14,2013,29.23472
35658,1,14,2014,29.55317
35658,1,14,2015,29.81925
35658,1,14,2016,30.15282
35658,1,14,2017,30.29946
35658,1,14,2018,30.51543
35658,1,14,2019,30.41213
35658,2,14,1950,31.52209
35658,2,14,1951,31.82985
35658,2,14,1952,31.56251
35658,2,14,1953,31.48433
35658,2,14,1954,31.42616
35658,2,14,1955,31.54767
35658,2,14,1956,31.75022
35658,2,14,1957,32.02928
35658,2,14,1958,32.14043
35658,2,14,1959,32.22899
35658,2,14,1960,32.23616
35658,2,14,1961,32.31631
35658,2,14,1962,32.73126
35658,2,14,1963,32.52584
35658,2,14,1964,32.64935
35658,2,14,1965,32.69023
35658,2,14,1966,32.63336
35658,2,14,1967,32.82826
35658,2,14,1968,32.78018
35658,2,14,1969,33.27183
35658,2,14,1970,33.14355
35658,2,14,1971,33.17439
35658,2,14,1972,33.48878
35658,2,14,1973,33.47898
35658,2,14,1974,33.61298
35658,2,14,1975,33.79083
35658,2,14,1976,33.86289
35658,2,14,1977,33.73946
35658,2,14,1978,33.97558
35658,2,14,1979,34.0575
35658,2,14,1980,33.89416
35658,2,14,1981,34.16013
35658,2,14,1982,34.15093
35658,2,14,1983,34.21156
35658,2,14,1984,34.25002
35658,2,14,1985,34.23918
35658,2,14,1986,34.49358
35658,2,14,1987,34.79445
35658,2,14,1988,34.87164
35658,2,14,1989,35.01589
35658,2,14,1990,34.95939
35658,2,14,1991,35.07346
35658,2,14,1992,35.00082
35658,2,14,1993,34.82769
35658,2,14,1994,34.35573
35658,2,14,1995,34.04626
35658,2,14,1996,33.70927
35658,2,14,1997,33.52911
35658,2,14,1998,33.23288
35658,2,14,1999,32.97188
35658,2,14,2000,32.9214
35658,2,14,2001,32.9635
35658,2,14,2002,32.96539
35658,2,14,2003,32.68088
35658,2,14,2004,32.67955
35658,2,14,2005,33.11274
35658,2,14,2006,32.87825
35658,2,14,2007,33.42714
35658,2,14,2008,33.61978
35658,2,14,2009,33.46787
35658,2,14,2010,33.70106
35658,2,14,2011,33.84045
35658,2,14,2012,33.81351
35658,2,14,2013,33.93298
35658,2,14,2014,33.91916
35658,2,14,2015,33.98307
35658,2,14,2016,34.09415
35658,2,14,2017,34.15346
35658,2,14,2018,34.24174
35658,2,14,2019,34.23441
35658,3,14,1950,30.1917
35658,3,14,1951,30.37365
35658,3,14,1952,30.11196
35658,3,14,1953,30.26821
35658,3,14,1954,30.40462
35658,3,14,1955,30.34722
35658,3,14,1956,30.5526
35658,3,14,1957,30.80168
35658,3,14,1958,31.00862
35658,3,14,1959,31.17982
35658,3,14,1960,31.12852
35658,3,14,1961,31.33526
35658,3,14,1962,31.42797
35658,3,14,1963,31.65378
35658,3,14,1964,31.68373
35658,3,14,1965,32.0053
35658,3,14,1966,31.80642
35658,3,14,1967,31.80118
35658,3,14,1968,31.91896
35658,3,14,1969,32.02177
35658,3,14,1970,32.35069
35658,3,14,1971,32.18289
35658,3,14,1972,32.45751
35658,3,14,1973,32.56682
35658,3,14,1974,32.57186
35658,3,14,1975,32.74289
35658,3,14,1976,33.11077
35658,3,14,1977,33.07123
35658,3,14,1978,33.25717
35658,3,14,1979,33.18732
35658,3,14,1980,33.29312
35658,3,14,1981,33.45483
35658,3,14,1982,33.49792
35658,3,14,1983,33.64272
35658,3,14,1984,33.50263
35658,3,14,1985,33.56943
35658,3,14,1986,33.47341
35658,3,14,1987,33.28028
35658,3,14,1988,33.21176
35658,3,14,1989,32.92791
35658,3,14,1990,32.83716
35658,3,14,1991,32.63347
35658,3,14,1992,32.43944
35658,3,14,1993,32.01689
35658,3,14,1994,31.61863
35658,3,14,1995,31.0609
35658,3,14,1996,30.74977
35658,3,14,1997,30.39194
35658,3,14,1998,30.12768
35658,3,14,1999,29.8536
35658,3,14,2000,29.51615
35658,3,14,2001,29.46117
35658,3,14,2002,29.26658
35658,3,14,2003,29.29694
35658,3,14,2004,28.98789
35658,3,14,2005,29.03382
35658,3,14,2006,29.5034
35658,3,14,2007,29.34334
35658,3,14,2008,29.78665
35658,3,14,2009,29.87925
35658,3,14,2010,29.90897
35658,3,14,2011,30.07501
35658,3,14,2012,30.56245
35658,3,14,2013,30.64383
35658,3,14,2014,31.15032
35658,3,14,2015,31.13097
35658,3,14,2016,31.50868
35658,3,14,2017,31.56929
35658,3,14,2018,31.68916
35658,3,14,2019,31.69637
35659,1,14,1950,28.02299
35659,1,14,1951,28.68932
35659,1,14,1952,28.19225
35659,1,14,1953,28.23846
35659,1,14,1954,28.5175
35659,1,14,1955,28.63786
35659,1,14,1956,28.49201
35659,1,14,1957,28.76093
35659,1,14,1958,29.01252
35659,1,14,1959,29.0807
35659,1,14,1960,28.98355
35659,1,14,1961,29.1099
35659,1,14,1962,28.79373
35659,1,14,1963,28.92562
35659,1,14,1964,28.98334
35659,1,14,1965,29.06323
35659,1,14,1966,29.20648
35659,1,14,1967,29.42139
35659,1,14,1968,29.16654
35659,1,14,1969,29.15896
35659,1,14,1970,28.91912
35659,1,14,1971,28.93781
35659,1,14,1972,29.05125
35659,1,14,1973,29.39595
35659,1,14,1974,28.77932
35659,1,14,1975,28.91054
35659,1,14,1976,28.79259
35659,1,14,1977,28.98177
35659,1,14,1978,28.9114
35659,1,14,1979,29.44658
35659,1,14,1980,28.98498
35659,1,14,1981,29.48368
35659,1,14,1982,29.20101
35659,1,14,1983,29.05051
35659,1,14,1984,29.20948
35659,1,14,1985,29.39657
35659,1,14,1986,29.23761
35659,1,14,1987,29.18637
35659,1,14,1988,29.26206
35659,1,14,1989,28.92647
35659,1,14,1990,29.17364
35659,1,14,1991,29.0938
35659,1,14,1992,27.51441
35659,1,14,1993,27.80119
35659,1,14,1994,27.76382
35659,1,14,1995,26.78769
35659,1,14,1996,26.62971
35659,1,14,1997,25.56825
35659,1,14,1998,25.07847
35659,1,14,1999,24.17547
35659,1,14,2000,23.55352
35659,1,14,2001,23.38424
35659,1,14,2002,23.08371
35659,1,14,2003,22.38197
35659,1,14,2004,22.59892
35659,1,14,2005,22.47902
35659,1,14,2006,22.84993
35659,1,14,2007,23.31575
35659,1,14,2008,23.76432
35659,1,14,2009,24.09893
35659,1,14,2010,24.35489
35659,1,14,2011,24.84665
35659,1,14,2012,25.42501
35659,1,14,2013,25.99964
35659,1,14,2014,26.67857
35659,1,14,2015,27.29736
35659,1,14,2016,28.07179
35659,1,14,2017,28.46283
35659,1,14,2018,28.90975
35659,1,14,2019,29.11214
35659,2,14,1950,30.4947
35659,2,14,1951,30.61754
35659,2,14,1952,30.42877
35659,2,14,1953,30.26023
35659,2,14,1954,30.3311
35659,2,14,1955,30.58486
35659,2,14,1956,30.74786
35659,2,14,1957,30.89395
35659,2,14,1958,30.92499
35659,2,14,1959,30.80943
35659,2,14,1960,30.8162
35659,2,14,1961,30.87302
35659,2,14,1962,31.08693
35659,2,14,1963,31.02283
35659,2,14,1964,31.11154
35659,2,14,1965,31.05874
35659,2,14,1966,31.26746
35659,2,14,1967,31.08225
35659,2,14,1968,31.32989
35659,2,14,1969,31.39612
35659,2,14,1970,31.47499
35659,2,14,1971,31.54834
35659,2,14,1972,31.38891
35659,2,14,1973,31.67189
35659,2,14,1974,32.07786
35659,2,14,1975,31.64524
35659,2,14,1976,31.85616
35659,2,14,1977,31.88929
35659,2,14,1978,31.86216
35659,2,14,1979,32.03139
35659,2,14,1980,31.8208
35659,2,14,1981,32.02775
35659,2,14,1982,32.26814
35659,2,14,1983,32.07073
35659,2,14,1984,32.18582
35659,2,14,1985,32.39428
35659,2,14,1986,32.40833
35659,2,14,1987,32.52506
35659,2,14,1988,32.85956
35659,2,14,1989,33.23949
35659,2,14,1990,33.41886
35659,2,14,1991,33.71353
35659,2,14,1992,32.2658
35659,2,14,1993,32.95964
35659,2,14,1994,32.99516
35659,2,14,1995,32.15219
35659,2,14,1996,31.74358
35659,2,14,1997,31.13228
35659,2,14,1998,31.14953
35659,2,14,1999,30.8221
35659,2,14,2000,30.2449
35659,2,14,2001,30.64916
35659,2,14,2002,30.3391
35659,2,14,2003,30.62385
35659,2,14,2004,30.60345
35659,2,14,2005,30.87864
35659,2,14,2006,31.02837
35659,2,14,2007,31.3928
35659,2,14,2008,31.64349
35659,2,14,2009,31.79035
35659,2,14,2010,31.84166
35659,2,14,2011,32.25633
35659,2,14,2012,32.40749
35659,2,14,2013,32.43401
35659,2,14,2014,32.56144
35659,2,14,2015,32.56978
35659,2,14,2016,32.97015
35659,2,14,2017,33.27236
35659,2,14,2018,33.34158
35659,2,14,2019,33.36263
35659,3,14,1950,28.2092
35659,3,14,1951,28.44021
35659,3,14,1952,28.26813
35659,3,14,1953,28.23262
35659,3,14,1954,28.26562
35659,3,14,1955,28.3617
35659,3,14,1956,28.42798
35659,3,14,1957,28.66602
35659,3,14,1958,28.66237
35659,3,14,1959,28.84432
35659,3,14,1960,28.65742
35659,3,14,1961,28.71927
35659,3,14,1962,28.71719
35659,3,14,1963,28.85178
35659,3,14,1964,28.6972
35659,3,14,1965,28.99218
35659,3,14,1966,28.98836
35659,3,14,1967,29.14499
35659,3,14,1968,29.08091
35659,3,14,1969,29.15582
35659,3,14,1970,29.00847
35659,3,14,1971,29.00122
35659,3,14,1972,28.94116
35659,3,14,1973,29.15157
35659,3,14,1974,28.98243
35659,3,14,1975,29.11658
35659,3,14,1976,29.0725
35659,3,14,1977,29.01849
35659,3,14,1978,29.06057
35659,3,14,1979,29.3053
35659,3,14,1980,29.14538
35659,3,14,1981,29.51212
35659,3,14,1982,29.31065
35659,3,14,1983,29.3832
35659,3,14,1984,29.45547
35659,3,14,1985,29.5665
35659,3,14,1986,29.61034
35659,3,14,1987,29.57948
35659,3,14,1988,29.58892
35659,3,14,1989,29.49203
35659,3,14,1990,29.46909
35659,3,14,1991,29.45146
35659,3,14,1992,28.13917
35659,3,14,1993,28.55517
35659,3,14,1994,28.48644
35659,3,14,1995,27.52605
35659,3,14,1996,27.16202
35659,3,14,1997,26.76229
35659,3,14,1998,26.17545
35659,3,14,1999,25.78238
35659,3,14,2000,25.20984
35659,3,14,2001,25.21949
35659,3,14,2002,25.22654
35659,3,14,2003,24.83795
35659,3,14,2004,24.82208
35659,3,14,2005,25.16426
35659,3,14,2006,25.2274
35659,3,14,2007,25.80204
35659,3,14,2008,26.23899
35659,3,14,2009,26.47007
35659,3,14,2010,26.79691
35659,3,14,2011,27.09768
35659,3,14,2012,27.36542
35659,3,14,2013,27.99814
35659,3,14,2014,28.32879
35659,3,14,2015,28.58693
35659,3,14,2016,29.12077
35659,3,14,2017,29.60354
35659,3,14,2018,29.76342
35659,3,14,2019,29.90947
35660,1,14,1950,32.60742
35660,1,14,1951,32.78164
35660,1,14,1952,32.42177
35660,1,14,1953,32.63978
35660,1,14,1954,32.77168
35660,1,14,1955,32.66757
35660,1,14,1956,32.52413
35660,1,14,1957,33.20442
35660,1,14,1958,33.22669
35660,1,14,1959,33.44978
35660,1,14,1960,33.06392
35660,1,14,1961,33.53529
35660,1,14,1962,33.04906
35660,1,14,1963,33.36234
35660,1,14,1964,33.61987
35660,1,14,1965,33.79264
35660,1,14,1966,33.60843
35660,1,14,1967,33.96488
35660,1,14,1968,33.80275
35660,1,14,1969,34.12051
35660,1,14,1970,34.09653
35660,1,14,1971,34.15331
35660,1,14,1972,34.46191
35660,1,14,1973,34.51387
35660,1,14,1974,34.41118
35660,1,14,1975,34.67179
35660,1,14,1976,34.42055
35660,1,14,1977,35.02871
35660,1,14,1978,34.84437
35660,1,14,1979,35.00562
35660,1,14,1980,35.08349
35660,1,14,1981,35.3085
35660,1,14,1982,35.46661
35660,1,14,1983,35.28218
35660,1,14,1984,35.44701
35660,1,14,1985,35.11181
35660,1,14,1986,34.94572
35660,1,14,1987,34.62719
35660,1,14,1988,34.41656
35660,1,14,1989,33.72013
35660,1,14,1990,33.55315
35660,1,14,1991,32.88477
35660,1,14,1992,32.16765
35660,1,14,1993,31.76612
35660,1,14,1994,31.28282
35660,1,14,1995,30.4623
35660,1,14,1996,30.11911
35660,1,14,1997,29.49089
35660,1,14,1998,28.96399
35660,1,14,1999,28.58333
35660,1,14,2000,28.14492
35660,1,14,2001,27.61757
35660,1,14,2002,27.06705
35660,1,14,2003,26.67938
35660,1,14,2004,26.81823
35660,1,14,2005,26.63711
35660,1,14,2006,26.81849
35660,1,14,2007,27.29409
35660,1,14,2008,27.3717
35660,1,14,2009,27.80219
35660,1,14,2010,28.44222
35660,1,14,2011,28.65047
35660,1,14,2012,29.25828
35660,1,14,2013,29.57253
35660,1,14,2014,30.09836
35660,1,14,2015,30.47974
35660,1,14,2016,30.83409
35660,1,14,2017,31.04892
35660,1,14,2018,31.2059
35660,1,14,2019,31.57055
35660,2,14,1950,32.33563
35660,2,14,1951,32.35852
35660,2,14,1952,32.09194
35660,2,14,1953,32.03228
35660,2,14,1954,32.09211
35660,2,14,1955,32.18246
35660,2,14,1956,32.14993
35660,2,14,1957,32.55725
35660,2,14,1958,32.51353
35660,2,14,1959,32.32893
35660,2,14,1960,32.45197
35660,2,14,1961,32.58847
35660,2,14,1962,32.54638
35660,2,14,1963,32.6002
35660,2,14,1964,32.34219
35660,2,14,1965,32.56836
35660,2,14,1966,32.58357
35660,2,14,1967,32.54962
35660,2,14,1968,32.46797
35660,2,14,1969,32.79185
35660,2,14,1970,32.62199
35660,2,14,1971,32.63068
35660,2,14,1972,32.79817
35660,2,14,1973,32.65707
35660,2,14,1974,32.67731
35660,2,14,1975,32.62212
35660,2,14,1976,32.50714
35660,2,14,1977,32.63445
35660,2,14,1978,32.74587
35660,2,14,1979,32.58809
35660,2,14,1980,32.60116
35660,2,14,1981,32.79432
35660,2,14,1982,32.82867
35660,2,14,1983,32.62371
35660,2,14,1984,32.57757
35660,2,14,1985,32.7705
35660,2,14,1986,32.67255
35660,2,14,1987,32.87005
35660,2,14,1988,33.17641
35660,2,14,1989,33.16036
35660,2,14,1990,33.3841
35660,2,14,1991,33.98186
35660,2,14,1992,34.18053
35660,2,14,1993,34.26198
35660,2,14,1994,33.56443
35660,2,14,1995,33.37452
35660,2,14,1996,33.09091
35660,2,14,1997,32.9347
35660,2,14,1998,32.65439
35660,2,14,1999,32.4416
35660,2,14,2000,32.30169
35660,2,14,2001,32.70569
35660,2,14,2002,32.29379
35660,2,14,2003,32.06797
35660,2,14,2004,32.64742
35660,2,14,2005,33.13636
35660,2,14,2006,33.22711
35660,2,14,2007,33.43155
35660,2,14,2008,33.60591
35660,2,14,2009,33.65371
35660,2,14,2010,33.6188
35660,2,14,2011,33.70819
35660,2,14,2012,33.95217
35660,2,14,2013,33.93495
35660,2,14,2014,33.80355
35660,2,14,2015,33.9992
35660,2,14,2016,34.08414
35660,2,14,2017,34.15796
35660,2,14,2018,34.09501
35660,2,14,2019,34.14989
35660,3,14,1950,31.69225
35660,3,14,1951,31.85295
35660,3,14,1952,31.36655
35660,3,14,1953,31.5908
35660,3,14,1954,31.55813
35660,3,14,1955,31.51563
35660,3,14,1956,31.51182
35660,3,14,1957,32.07395
35660,3,14,1958,32.16216
35660,3,14,1959,32.26025
35660,3,14,1960,31.99756
35660,3,14,1961,32.26438
35660,3,14,1962,31.94558
35660,3,14,1963,32.2044
35660,3,14,1964,32.40176
35660,3,14,1965,32.4676
35660,3,14,1966,32.43222
35660,3,14,1967,32.62888
35660,3,14,1968,32.52406
35660,3,14,1969,32.7408
35660,3,14,1970,32.68177
35660,3,14,1971,32.6341
35660,3,14,1972,32.76499
35660,3,14,1973,32.84671
35660,3,14,1974,32.80095
35660,3,14,1975,32.90738
35660,3,14,1976,32.8326
35660,3,14,1977,32.97375
35660,3,14,1978,32.84601
35660,3,14,1979,32.90365
35660,3,14,1980,32.98082
35660,3,14,1981,33.24506
35660,3,14,1982,33.00137
35660,3,14,1983,33.09157
35660,3,14,1984,33.02552
35660,3,14,1985,33.05926
35660,3,14,1986,32.8851
35660,3,14,1987,32.79985
35660,3,14,1988,32.79374
35660,3,14,1989,32.65568
35660,3,14,1990,32.19768
35660,3,14,1991,31.9162
35660,3,14,1992,31.6765
35660,3,14,1993,31.45104
35660,3,14,1994,31.01106
35660,3,14,1995,30.64258
35660,3,14,1996,30.2393
35660,3,14,1997,29.82147
35660,3,14,1998,29.52052
35660,3,14,1999,29.03353
35660,3,14,2000,28.72786
35660,3,14,2001,28.6311
35660,3,14,2002,28.22389
35660,3,14,2003,28.0965
35660,3,14,2004,28.43396
35660,3,14,2005,28.61648
35660,3,14,2006,28.90649
35660,3,14,2007,29.20811
35660,3,14,2008,29.45142
35660,3,14,2009,29.73541
35660,3,14,2010,29.97918
35660,3,14,2011,30.20869
35660,3,14,2012,30.6885
35660,3,14,2013,31.05159
35660,3,14,2014,31.40632
35660,3,14,2015,31.56839
35660,3,14,2016,31.77969
35660,3,14,2017,32.03688
35660,3,14,2018,32.07834
35660,3,14,2019,32.23549
35661,1,14,1950,26.94868
35661,1,14,1951,27.2099
35661,1,14,1952,27.40283
35661,1,14,1953,27.47438
35661,1,14,1954,27.19186
35661,1,14,1955,27.58856
35661,1,14,1956,27.79213
35661,1,14,1957,28.20861
35661,1,14,1958,28.10476
35661,1,14,1959,28.32093
35661,1,14,1960,28.47687
35661,1,14,1961,28.43006
35661,1,14,1962,28.73967
35661,1,14,1963,28.74286
35661,1,14,1964,28.82664
35661,1,14,1965,29.10409
35661,1,14,1966,29.3463
35661,1,14,1967,29.38554
35661,1,14,1968,29.43854
35661,1,14,1969,29.70299
35661,1,14,1970,29.89592
35661,1,14,1971,29.77511
35661,1,14,1972,30.03852
35661,1,14,1973,30.05316
35661,1,14,1974,29.96208
35661,1,14,1975,30.24985
35661,1,14,1976,30.20037
35661,1,14,1977,30.29071
35661,1,14,1978,30.60396
35661,1,14,1979,30.36546
35661,1,14,1980,30.6764
35661,1,14,1981,30.85558
35661,1,14,1982,31.02605
35661,1,14,1983,30.969
35661,1,14,1984,31.0329
35661,1,14,1985,30.90625
35661,1,14,1986,30.7361
35661,1,14,1987,30.81334
35661,1,14,1988,30.93843
35661,1,14,1989,30.86358
35661,1,14,1990,30.64903
35661,1,14,1991,30.86779
35661,1,14,1992,30.37714
35661,1,14,1993,30.01049
35661,1,14,1994,30.01647
35661,1,14,1995,29.72061
35661,1,14,1996,28.96762
35661,1,14,1997,28.21669
35661,1,14,1998,27.77217
35661,1,14,1999,27.16047
35661,1,14,2000,26.7495
35661,1,14,2001,26.51384
35661,1,14,2002,25.96362
35661,1,14,2003,25.06916
35661,1,14,2004,24.92346
35661,1,14,2005,24.95978
35661,1,14,2006,25.63549
35661,1,14,2007,26.33089
35661,1,14,2008,26.79351
35661,1,14,2009,27.43813
35661,1,14,2010,28.4085
35661,1,14,2011,28.59621
35661,1,14,2012,28.9907
35661,1,14,2013,29.49128
35661,1,14,2014,29.61011
35661,1,14,2015,29.84708
35661,1,14,2016,30.5196
35661,1,14,2017,31.15121
35661,1,14,2018,30.94582
35661,1,14,2019,31.37134
35661,2,14,1950,29.37186
35661,2,14,1951,29.31919
35661,2,14,1952,29.55737
35661,2,14,1953,29.42945
35661,2,14,1954,29.70268
35661,2,14,1955,29.89356
35661,2,14,1956,29.83649
35661,2,14,1957,29.99515
35661,2,14,1958,30.13735
35661,2,14,1959,30.06012
35661,2,14,1960,30.29909
35661,2,14,1961,30.51205
35661,2,14,1962,30.44928
35661,2,14,1963,30.50733
35661,2,14,1964,30.53865
35661,2,14,1965,30.48988
35661,2,14,1966,30.60895
35661,2,14,1967,30.69842
35661,2,14,1968,30.83743
35661,2,14,1969,30.85662
35661,2,14,1970,30.81544
35661,2,14,1971,30.85712
35661,2,14,1972,31.06501
35661,2,14,1973,31.10474
35661,2,14,1974,31.11541
35661,2,14,1975,31.17668
35661,2,14,1976,31.07578
35661,2,14,1977,31.13925
35661,2,14,1978,31.29888
35661,2,14,1979,31.45898
35661,2,14,1980,31.28825
35661,2,14,1981,31.59668
35661,2,14,1982,31.35702
35661,2,14,1983,31.28704
35661,2,14,1984,31.47555
35661,2,14,1985,31.28982
35661,2,14,1986,31.43284
35661,2,14,1987,31.45158
35661,2,14,1988,31.62294
35661,2,14,1989,31.74836
35661,2,14,1990,31.76369
35661,2,14,1991,32.10946
35661,2,14,1992,31.98522
35661,2,14,1993,32.2044
35661,2,14,1994,32.17937
35661,2,14,1995,31.36941
35661,2,14,1996,30.59009
35661,2,14,1997,29.96094
35661,2,14,1998,29.44294
35661,2,14,1999,29.26604
35661,2,14,2000,29.01234
35661,2,14,2001,29.23444
35661,2,14,2002,29.09726
35661,2,14,2003,29.38059
35661,2,14,2004,29.56402
35661,2,14,2005,29.86073
35661,2,14,2006,30.11018
35661,2,14,2007,30.43301
35661,2,14,2008,30.43413
35661,2,14,2009,30.46015
35661,2,14,2010,30.54399
35661,2,14,2011,30.58999
35661,2,14,2012,30.58609
35661,2,14,2013,30.58415
35661,2,14,2014,31.02135
35661,2,14,2015,31.12778
35661,2,14,2016,31.58645
35661,2,14,2017,31.82466
35661,2,14,2018,32.39121
35661,2,14,2019,32.61192
35661,3,14,1950,27.12097
35661,3,14,1951,27.29019
35661,3,14,1952,27.46345
35661,3,14,1953,27.33337
35661,3,14,1954,27.51489
35661,3,14,1955,27.60959
35661,3,14,1956,27.79221
35661,3,14,1957,28.08156
35661,3,14,1958,28.02194
35661,3,14,1959,28.21095
35661,3,14,1960,28.42801
35661,3,14,1961,28.40218
35661,3,14,1962,28.46949
35661,3,14,1963,28.54146
35661,3,14,1964,28.809
35661,3,14,1965,28.8384
35661,3,14,1966,28.9473
35661,3,14,1967,29.00379
35661,3,14,1968,29.06607
35661,3,14,1969,29.18907
35661,3,14,1970,29.32653
35661,3,14,1971,29.46733
35661,3,14,1972,29.34695
35661,3,14,1973,29.36253
35661,3,14,1974,29.50705
35661,3,14,1975,29.44812
35661,3,14,1976,29.6207
35661,3,14,1977,29.69523
35661,3,14,1978,29.82397
35661,3,14,1979,29.97426
35661,3,14,1980,30.04416
35661,3,14,1981,30.11472
35661,3,14,1982,30.08981
35661,3,14,1983,30.22274
35661,3,14,1984,30.11159
35661,3,14,1985,30.11691
35661,3,14,1986,30.26285
35661,3,14,1987,30.18005
35661,3,14,1988,30.15663
35661,3,14,1989,30.30373
35661,3,14,1990,30.11656
35661,3,14,1991,30.21875
35661,3,14,1992,29.7637
35661,3,14,1993,29.72349
35661,3,14,1994,29.5414
35661,3,14,1995,29.26588
35661,3,14,1996,28.68468
35661,3,14,1997,28.08914
35661,3,14,1998,27.7075
35661,3,14,1999,27.38186
35661,3,14,2000,26.93792
35661,3,14,2001,26.97081
35661,3,14,2002,26.56327
35661,3,14,2003,26.32447
35661,3,14,2004,26.34461
35661,3,14,2005,26.46349
35661,3,14,2006,26.88184
35661,3,14,2007,27.42634
35661,3,14,2008,27.77227
35661,3,14,2009,27.90824
35661,3,14,2010,28.45794
35661,3,14,2011,28.71543
35661,3,14,2012,28.96757
35661,3,14,2013,28.96534
35661,3,14,2014,29.26675
35661,3,14,2015,29.57196
35661,3,14,2016,30.0494
35661,3,14,2017,30.26819
35661,3,14,2018,30.54126
35661,3,14,2019,30.69045
35662,1,14,1950,23.01104
35662,1,14,1951,23.717
35662,1,14,1952,23.32831
35662,1,14,1953,23.83601
35662,1,14,1954,23.88221
35662,1,14,1955,24.11158
35662,1,14,1956,24.49728
35662,1,14,1957,24.50586
35662,1,14,1958,25.01133
35662,1,14,1959,25.06521
35662,1,14,1960,25.23278
35662,1,14,1961,25.44366
35662,1,14,1962,25.55604
35662,1,14,1963,25.39773
35662,1,14,1964,25.957
35662,1,14,1965,25.97932
35662,1,14,1966,25.83721
35662,1,14,1967,26.15425
35662,1,14,1968,26.17871
35662,1,14,1969,26.50391
35662,1,14,1970,26.72796
35662,1,14,1971,26.86933
35662,1,14,1972,27.27962
35662,1,14,1973,27.169
35662,1,14,1974,27.60775
35662,1,14,1975,27.6917
35662,1,14,1976,28.01252
35662,1,14,1977,28.16081
35662,1,14,1978,28.19091
35662,1,14,1979,28.08172
35662,1,14,1980,28.34261
35662,1,14,1981,28.39672
35662,1,14,1982,28.33133
35662,1,14,1983,28.34279
35662,1,14,1984,28.61257
35662,1,14,1985,28.46293
35662,1,14,1986,28.32451
35662,1,14,1987,28.08607
35662,1,14,1988,28.31038
35662,1,14,1989,28.07345
35662,1,14,1990,27.94044
35662,1,14,1991,27.54643
35662,1,14,1992,27.40847
35662,1,14,1993,26.99106
35662,1,14,1994,26.87853
35662,1,14,1995,27.0013
35662,1,14,1996,26.74756
35662,1,14,1997,26.84351
35662,1,14,1998,26.05881
35662,1,14,1999,26.29011
35662,1,14,2000,26.25514
35662,1,14,2001,25.86167
35662,1,14,2002,25.85327
35662,1,14,2003,25.41551
35662,1,14,2004,25.40935
35662,1,14,2005,25.54099
35662,1,14,2006,25.48479
35662,1,14,2007,25.44428
35662,1,14,2008,25.97537
35662,1,14,2009,26.3213
35662,1,14,2010,26.8724
35662,1,14,2011,27.30904
35662,1,14,2012,27.72506
35662,1,14,2013,28.26922
35662,1,14,2014,28.53599
35662,1,14,2015,28.80976
35662,1,14,2016,29.23406
35662,1,14,2017,29.49647
35662,1,14,2018,29.47935
35662,1,14,2019,29.79638
35662,2,14,1950,25.82688
35662,2,14,1951,26.2976
35662,2,14,1952,26.08759
35662,2,14,1953,26.38679
35662,2,14,1954,26.39284
35662,2,14,1955,26.66719
35662,2,14,1956,26.69651
35662,2,14,1957,27.17936
35662,2,14,1958,27.3566
35662,2,14,1959,27.30698
35662,2,14,1960,27.52192
35662,2,14,1961,27.54708
35662,2,14,1962,27.7471
35662,2,14,1963,27.74355
35662,2,14,1964,27.92154
35662,2,14,1965,28.20026
35662,2,14,1966,27.96861
35662,2,14,1967,28.31092
35662,2,14,1968,28.18752
35662,2,14,1969,28.24949
35662,2,14,1970,28.30961
35662,2,14,1971,28.60771
35662,2,14,1972,28.628
35662,2,14,1973,28.9684
35662,2,14,1974,28.84694
35662,2,14,1975,29.10506
35662,2,14,1976,29.10935
35662,2,14,1977,29.36797
35662,2,14,1978,29.39997
35662,2,14,1979,29.52256
35662,2,14,1980,29.29873
35662,2,14,1981,29.1692
35662,2,14,1982,29.56568
35662,2,14,1983,29.30108
35662,2,14,1984,29.32352
35662,2,14,1985,29.57861
35662,2,14,1986,29.4905
35662,2,14,1987,29.64982
35662,2,14,1988,29.8271
35662,2,14,1989,30.0006
35662,2,14,1990,29.84035
35662,2,14,1991,29.85591
35662,2,14,1992,29.90334
35662,2,14,1993,29.96085
35662,2,14,1994,29.92864
35662,2,14,1995,29.89364
35662,2,14,1996,30.06461
35662,2,14,1997,30.02839
35662,2,14,1998,29.91567
35662,2,14,1999,30.20773
35662,2,14,2000,30.02731
35662,2,14,2001,30.00204
35662,2,14,2002,30.05107
35662,2,14,2003,29.69021
35662,2,14,2004,29.99979
35662,2,14,2005,29.86099
35662,2,14,2006,29.81654
35662,2,14,2007,29.92509
35662,2,14,2008,30.0967
35662,2,14,2009,29.9473
35662,2,14,2010,29.80706
35662,2,14,2011,29.95739
35662,2,14,2012,29.92268
35662,2,14,2013,30.00649
35662,2,14,2014,30.2135
35662,2,14,2015,30.43935
35662,2,14,2016,30.61729
35662,2,14,2017,30.99049
35662,2,14,2018,31.18973
35662,2,14,2019,31.21147
35662,3,14,1950,23.15059
35662,3,14,1951,23.77322
35662,3,14,1952,23.3871
35662,3,14,1953,23.64519
35662,3,14,1954,23.79254
35662,3,14,1955,24.17859
35662,3,14,1956,24.43188
35662,3,14,1957,24.64567
35662,3,14,1958,24.95136
35662,3,14,1959,24.99512
35662,3,14,1960,25.30576
35662,3,14,1961,25.43641
35662,3,14,1962,25.37969
35662,3,14,1963,25.40436
35662,3,14,1964,25.62044
35662,3,14,1965,25.74219
35662,3,14,1966,25.83872
35662,3,14,1967,26.10194
35662,3,14,1968,26.25451
35662,3,14,1969,26.32767
35662,3,14,1970,26.51263
35662,3,14,1971,26.53074
35662,3,14,1972,26.7605
35662,3,14,1973,26.87791
35662,3,14,1974,27.1424
35662,3,14,1975,27.24707
35662,3,14,1976,27.39141
35662,3,14,1977,27.48831
35662,3,14,1978,27.58098
35662,3,14,1979,27.67735
35662,3,14,1980,27.92159
35662,3,14,1981,27.88016
35662,3,14,1982,27.89244
35662,3,14,1983,27.88548
35662,3,14,1984,27.96349
35662,3,14,1985,27.94196
35662,3,14,1986,27.78446
35662,3,14,1987,27.81716
35662,3,14,1988,27.97911
35662,3,14,1989,28.0742
35662,3,14,1990,27.77563
35662,3,14,1991,27.84452
35662,3,14,1992,27.69873
35662,3,14,1993,27.36236
35662,3,14,1994,27.54827
35662,3,14,1995,27.49889
35662,3,14,1996,27.3532
35662,3,14,1997,27.14261
35662,3,14,1998,26.678
35662,3,14,1999,27.0689
35662,3,14,2000,26.71336
35662,3,14,2001,26.75079
35662,3,14,2002,26.52556
35662,3,14,2003,26.32045
35662,3,14,2004,26.28317
35662,3,14,2005,26.27359
35662,3,14,2006,26.28488
35662,3,14,2007,26.28726
35662,3,14,2008,26.51366
35662,3,14,2009,26.80097
35662,3,14,2010,26.99998
35662,3,14,2011,27.49721
35662,3,14,2012,27.69908
35662,3,14,2013,27.83976
35662,3,14,2014,28.30809
35662,3,14,2015,28.41871
35662,3,14,2016,28.70261
35662,3,14,2017,28.91234
35662,3,14,2018,29.28168
35662,3,14,2019,29.52392
35663,1,14,1950,29.85075
35663,1,14,1951,30.19377
35663,1,14,1952,29.4105
35663,1,14,1953,29.84231
35663,1,14,1954,30.18038
35663,1,14,1955,29.85871
35663,1,14,1956,29.89069
35663,1,14,1957,30.3261
35663,1,14,1958,30.52014
35663,1,14,1959,30.58441
35663,1,14,1960,30.62432
35663,1,14,1961,30.74344
35663,1,14,1962,30.64083
35663,1,14,1963,30.88512
35663,1,14,1964,30.92916
35663,1,14,1965,30.9074
35663,1,14,1966,31.14571
35663,1,14,1967,31.299
35663,1,14,1968,31.44141
35663,1,14,1969,31.5147
35663,1,14,1970,31.33611
35663,1,14,1971,31.45231
35663,1,14,1972,31.71753
35663,1,14,1973,32.04246
35663,1,14,1974,31.99533
35663,1,14,1975,32.12614
35663,1,14,1976,32.23857
35663,1,14,1977,32.12307
35663,1,14,1978,32.70133
35663,1,14,1979,32.6329
35663,1,14,1980,32.78809
35663,1,14,1981,32.72545
35663,1,14,1982,32.7302
35663,1,14,1983,32.8565
35663,1,14,1984,32.80948
35663,1,14,1985,32.74205
35663,1,14,1986,32.69916
35663,1,14,1987,32.63386
35663,1,14,1988,32.56962
35663,1,14,1989,32.67789
35663,1,14,1990,32.38107
35663,1,14,1991,31.92519
35663,1,14,1992,32.10582
35663,1,14,1993,31.39884
35663,1,14,1994,31.59054
35663,1,14,1995,31.06883
35663,1,14,1996,30.85227
35663,1,14,1997,30.73415
35663,1,14,1998,29.74921
35663,1,14,1999,30.06597
35663,1,14,2000,29.70292
35663,1,14,2001,29.35888
35663,1,14,2002,28.93215
35663,1,14,2003,28.895
35663,1,14,2004,28.92994
35663,1,14,2005,28.36791
35663,1,14,2006,28.75811
35663,1,14,2007,28.84413
35663,1,14,2008,28.64005
35663,1,14,2009,28.96765
35663,1,14,2010,29.22902
35663,1,14,2011,29.49829
35663,1,14,2012,29.77207
35663,1,14,2013,30.00979
35663,1,14,2014,30.48404
35663,1,14,2015,30.94086
35663,1,14,2016,31.88906
35663,1,14,2017,31.82607
35663,1,14,2018,31.91392
35663,1,14,2019,32.35169
35663,2,14,1950,29.30308
35663,2,14,1951,29.18034
35663,2,14,1952,29.28555
35663,2,14,1953,29.03829
35663,2,14,1954,29.15574
35663,2,14,1955,29.3487
35663,2,14,1956,29.35288
35663,2,14,1957,29.46922
35663,2,14,1958,29.35678
35663,2,14,1959,29.41961
35663,2,14,1960,29.5407
35663,2,14,1961,29.56862
35663,2,14,1962,29.47009
35663,2,14,1963,29.46927
35663,2,14,1964,29.55399
35663,2,14,1965,29.52965
35663,2,14,1966,29.6274
35663,2,14,1967,29.43011
35663,2,14,1968,29.25827
35663,2,14,1969,29.44117
35663,2,14,1970,29.30959
35663,2,14,1971,29.43031
35663,2,14,1972,29.36939
35663,2,14,1973,29.30434
35663,2,14,1974,29.24018
35663,2,14,1975,29.13993
35663,2,14,1976,29.22936
35663,2,14,1977,29.20801
35663,2,14,1978,29.24662
35663,2,14,1979,29.10213
35663,2,14,1980,29.23547
35663,2,14,1981,29.2279
35663,2,14,1982,29.32242
35663,2,14,1983,29.23343
35663,2,14,1984,29.35725
35663,2,14,1985,29.39002
35663,2,14,1986,29.53688
35663,2,14,1987,29.52493
35663,2,14,1988,29.86617
35663,2,14,1989,29.71792
35663,2,14,1990,30.11904
35663,2,14,1991,30.61613
35663,2,14,1992,30.60437
35663,2,14,1993,30.85646
35663,2,14,1994,30.92443
35663,2,14,1995,31.03938
35663,2,14,1996,30.76997
35663,2,14,1997,30.89363
35663,2,14,1998,30.47219
35663,2,14,1999,30.88335
35663,2,14,2000,30.76251
35663,2,14,2001,30.90467
35663,2,14,2002,30.70587
35663,2,14,2003,30.7584
35663,2,14,2004,30.58329
35663,2,14,2005,30.93785
35663,2,14,2006,30.76653
35663,2,14,2007,30.82184
35663,2,14,2008,31.21559
35663,2,14,2009,31.30237
35663,2,14,2010,31.36547
35663,2,14,2011,31.72729
35663,2,14,2012,31.91276
35663,2,14,2013,31.90242
35663,2,14,2014,31.9783
35663,2,14,2015,32.04598
35663,2,14,2016,32.39974
35663,2,14,2017,32.438
35663,2,14,2018,32.6935
35663,2,14,2019,32.85497
35663,3,14,1950,28.41902
35663,3,14,1951,28.72537
35663,3,14,1952,28.32305
35663,3,14,1953,28.372
35663,3,14,1954,28.55964
35663,3,14,1955,28.72697
35663,3,14,1956,28.57528
35663,3,14,1957,28.89463
35663,3,14,1958,28.88215
35663,3,14,1959,28.97135
35663,3,14,1960,28.89027
35663,3,14,1961,29.09096
35663,3,14,1962,28.82604
35663,3,14,1963,29.36207
35663,3,14,1964,29.09306
35663,3,14,1965,29.16209
35663,3,14,1966,29.321
35663,3,14,1967,29.14674
35663,3,14,1968,29.22132
35663,3,14,1969,29.30355
35663,3,14,1970,29.22271
35663,3,14,1971,29.33902
35663,3,14,1972,29.34884
35663,3,14,1973,29.52564
35663,3,14,1974,29.55706
35663,3,14,1975,29.65455
35663,3,14,1976,29.73873
35663,3,14,1977,29.71307
35663,3,14,1978,29.74184
35663,3,14,1979,29.86409
35663,3,14,1980,30.01543
35663,3,14,1981,30.1256
35663,3,14,1982,30.06073
35663,3,14,1983,30.14511
35663,3,14,1984,30.15158
35663,3,14,1985,30.29431
35663,3,14,1986,30.12621
35663,3,14,1987,30.13775
35663,3,14,1988,30.20698
35663,3,14,1989,30.08088
35663,3,14,1990,30.19796
35663,3,14,1991,30.0904
35663,3,14,1992,29.82722
35663,3,14,1993,29.9783
35663,3,14,1994,29.72368
35663,3,14,1995,29.7444
35663,3,14,1996,29.73138
35663,3,14,1997,29.37383
35663,3,14,1998,29.045
35663,3,14,1999,29.15948
35663,3,14,2000,28.91921
35663,3,14,2001,28.87735
35663,3,14,2002,28.76919
35663,3,14,2003,28.59705
35663,3,14,2004,28.6677
35663,3,14,2005,28.72141
35663,3,14,2006,28.84455
35663,3,14,2007,28.85328
35663,3,14,2008,29.17004
35663,3,14,2009,29.23549
35663,3,14,2010,29.5545
35663,3,14,2011,29.84391
35663,3,14,2012,30.04743
35663,3,14,2013,30.22437
35663,3,14,2014,30.51201
35663,3,14,2015,30.68654
35663,3,14,2016,30.95514
35663,3,14,2017,31.17976
35663,3,14,2018,31.31117
35663,3,14,2019,31.55787
44534,1,14,1950,23.15622
44534,1,14,1951,23.35904
44534,1,14,1952,23.52026
44534,1,14,1953,23.71074
44534,1,14,1954,23.86155
44534,1,14,1955,23.97336
44534,1,14,1956,24.07431
44534,1,14,1957,24.19266
44534,1,14,1958,24.1966
44534,1,14,1959,24.38313
44534,1,14,1960,24.22346
44534,1,14,1961,24.46161
44534,1,14,1962,24.54932
44534,1,14,1963,24.60885
44534,1,14,1964,24.80168
44534,1,14,1965,24.67305
44534,1,14,1966,24.79962
44534,1,14,1967,24.82724
44534,1,14,1968,24.98439
44534,1,14,1969,25.12114
44534,1,14,1970,24.9718
44534,1,14,1971,24.93646
44534,1,14,1972,25.1065
44534,1,14,1973,25.20142
44534,1,14,1974,25.28946
44534,1,14,1975,25.25527
44534,1,14,1976,25.29997
44534,1,14,1977,25.5515
44534,1,14,1978,25.8256
44534,1,14,1979,26.15062
44534,1,14,1980,26.13756
44534,1,14,1981,26.11423
44534,1,14,1982,26.49805
44534,1,14,1983,26.50559
44534,1,14,1984,26.49419
44534,1,14,1985,26.5097
44534,1,14,1986,26.65369
44534,1,14,1987,26.77877
44534,1,14,1988,26.75578
44534,1,14,1989,26.82389
44534,1,14,1990,26.92883
44534,1,14,1991,26.8938
44534,1,14,1992,27.01087
44534,1,14,1993,27.07632
44534,1,14,1994,27.13519
44534,1,14,1995,27.36827
44534,1,14,1996,27.33054
44534,1,14,1997,27.03883
44534,1,14,1998,27.1627
44534,1,14,1999,27.48188
44534,1,14,2000,27.52669
44534,1,14,2001,27.6448
44534,1,14,2002,27.82054
44534,1,14,2003,27.97899
44534,1,14,2004,28.45877
44534,1,14,2005,28.54866
44534,1,14,2006,28.60794
44534,1,14,2007,28.64031
44534,1,14,2008,28.70899
44534,1,14,2009,29.07132
44534,1,14,2010,29.32079
44534,1,14,2011,29.52896
44534,1,14,2012,29.71935
44534,1,14,2013,29.87035
44534,1,14,2014,30.12342
44534,1,14,2015,30.35038
44534,1,14,2016,30.6266
44534,1,14,2017,30.93526
44534,1,14,2018,31.25585
44534,1,14,2019,31.57598
44534,2,14,1950,25.90557
44534,2,14,1951,26.00802
44534,2,14,1952,26.20449
44534,2,14,1953,26.30023
44534,2,14,1954,26.45575
44534,2,14,1955,26.59689
44534,2,14,1956,26.62661
44534,2,14,1957,26.72252
44534,2,14,1958,26.83587
44534,2,14,1959,26.93661
44534,2,14,1960,26.84706
44534,2,14,1961,26.9567
44534,2,14,1962,27.01255
44534,2,14,1963,27.15905
44534,2,14,1964,27.25707
44534,2,14,1965,27.13561
44534,2,14,1966,27.184
44534,2,14,1967,27.20491
44534,2,14,1968,27.26866
44534,2,14,1969,27.33862
44534,2,14,1970,27.2916
44534,2,14,1971,27.09593
44534,2,14,1972,27.25041
44534,2,14,1973,27.60954
44534,2,14,1974,27.76118
44534,2,14,1975,27.73731
44534,2,14,1976,28.04252
44534,2,14,1977,28.08096
44534,2,14,1978,28.39734
44534,2,14,1979,28.81289
44534,2,14,1980,29.04042
44534,2,14,1981,29.12538
44534,2,14,1982,29.23862
44534,2,14,1983,29.25269
44534,2,14,1984,29.22801
44534,2,14,1985,29.20548
44534,2,14,1986,29.3992
44534,2,14,1987,29.49347
44534,2,14,1988,29.59731
44534,2,14,1989,29.76173
44534,2,14,1990,29.89178
44534,2,14,1991,29.87901
44534,2,14,1992,29.83402
44534,2,14,1993,30.0178
44534,2,14,1994,30.10152
44534,2,14,1995,30.36513
44534,2,14,1996,30.34664
44534,2,14,1997,30.17952
44534,2,14,1998,30.19599
44534,2,14,1999,30.36625
44534,2,14,2000,30.55985
44534,2,14,2001,30.63317
44534,2,14,2002,30.74096
44534,2,14,2003,31.06491
44534,2,14,2004,31.51739
44534,2,14,2005,31.592
44534,2,14,2006,31.67454
44534,2,14,2007,31.8174
44534,2,14,2008,31.9916
44534,2,14,2009,32.46829
44534,2,14,2010,32.64819
44534,2,14,2011,32.76215
44534,2,14,2012,32.86122
44534,2,14,2013,32.91881
44534,2,14,2014,33.00062
44534,2,14,2015,32.9738
44534,2,14,2016,33.13892
44534,2,14,2017,33.48354
44534,2,14,2018,33.77735
44534,2,14,2019,34.0387
44534,3,14,1950,24.1636
44534,3,14,1951,24.25542
44534,3,14,1952,24.40465
44534,3,14,1953,24.60273
44534,3,14,1954,24.74828
44534,3,14,1955,24.88028
44534,3,14,1956,24.94395
44534,3,14,1957,25.04637
44534,3,14,1958,25.0542
44534,3,14,1959,25.23737
44534,3,14,1960,25.14661
44534,3,14,1961,25.20387
44534,3,14,1962,25.39593
44534,3,14,1963,25.47081
44534,3,14,1964,25.64657
44534,3,14,1965,25.53561
44534,3,14,1966,25.58409
44534,3,14,1967,25.72907
44534,3,14,1968,25.79001
44534,3,14,1969,25.8572
44534,3,14,1970,25.79452
44534,3,14,1971,25.77259
44534,3,14,1972,25.94084
44534,3,14,1973,26.22251
44534,3,14,1974,26.30968
44534,3,14,1975,26.29935
44534,3,14,1976,26.44693
44534,3,14,1977,26.59412
44534,3,14,1978,26.90281
44534,3,14,1979,27.27285
44534,3,14,1980,27.3581
44534,3,14,1981,27.37794
44534,3,14,1982,27.65492
44534,3,14,1983,27.66889
44534,3,14,1984,27.64043
44534,3,14,1985,27.63804
44534,3,14,1986,27.82593
44534,3,14,1987,27.93261
44534,3,14,1988,27.9308
44534,3,14,1989,28.05784
44534,3,14,1990,28.17138
44534,3,14,1991,28.14507
44534,3,14,1992,28.19641
44534,3,14,1993,28.33349
44534,3,14,1994,28.36845
44534,3,14,1995,28.65459
44534,3,14,1996,28.61944
44534,3,14,1997,28.37434
44534,3,14,1998,28.43349
44534,3,14,1999,28.71394
44534,3,14,2000,28.84186
44534,3,14,2001,28.95191
44534,3,14,2002,29.07974
44534,3,14,2003,29.32901
44534,3,14,2004,29.79725
44534,3,14,2005,29.88442
44534,3,14,2006,29.95009
44534,3,14,2007,30.03428
44534,3,14,2008,30.1587
44534,3,14,2009,30.56782
44534,3,14,2010,30.79748
44534,3,14,2011,30.93108
44534,3,14,2012,31.11963
44534,3,14,2013,31.21504
44534,3,14,2014,31.36668
44534,3,14,2015,31.48762
44534,3,14,2016,31.69741
44534,3,14,2017,32.0181
44534,3,14,2018,32.21055
44534,3,14,2019,32.48871
44535,1,14,1950,26.9129
44535,1,14,1951,26.73569
44535,1,14,1952,27.0346
44535,1,14,1953,27.30416
44535,1,14,1954,27.37447
44535,1,14,1955,27.33394
44535,1,14,1956,27.35912
44535,1,14,1957,27.35699
44535,1,14,1958,27.44924
44535,1,14,1959,27.46795
44535,1,14,1960,27.53261
44535,1,14,1961,27.45911
44535,1,14,1962,27.40149
44535,1,14,1963,27.36099
44535,1,14,1964,27.52706
44535,1,14,1965,27.56297
44535,1,14,1966,27.5792
44535,1,14,1967,27.71697
44535,1,14,1968,27.60526
44535,1,14,1969,27.55888
44535,1,14,1970,27.66421
44535,1,14,1971,27.80879
44535,1,14,1972,27.76877
44535,1,14,1973,27.83693
44535,1,14,1974,27.93583
44535,1,14,1975,28.12333
44535,1,14,1976,28.21444
44535,1,14,1977,28.43542
44535,1,14,1978,28.54862
44535,1,14,1979,28.66311
44535,1,14,1980,28.92347
44535,1,14,1981,29.14241
44535,1,14,1982,29.30615
44535,1,14,1983,29.51093
44535,1,14,1984,29.73336
44535,1,14,1985,29.80831
44535,1,14,1986,30.02694
44535,1,14,1987,30.27893
44535,1,14,1988,30.46011
44535,1,14,1989,30.65381
44535,1,14,1990,30.92093
44535,1,14,1991,31.14355
44535,1,14,1992,31.34284
44535,1,14,1993,31.45591
44535,1,14,1994,31.73063
44535,1,14,1995,31.87816
44535,1,14,1996,32.11568
44535,1,14,1997,32.40706
44535,1,14,1998,32.61741
44535,1,14,1999,32.82368
44535,1,14,2000,33.20681
44535,1,14,2001,33.50228
44535,1,14,2002,33.69782
44535,1,14,2003,33.92871
44535,1,14,2004,34.29079
44535,1,14,2005,34.59669
44535,1,14,2006,34.86653
44535,1,14,2007,35.06848
44535,1,14,2008,35.26939
44535,1,14,2009,35.57288
44535,1,14,2010,35.81171
44535,1,14,2011,36.0329
44535,1,14,2012,36.18105
44535,1,14,2013,36.26737
44535,1,14,2014,36.37883
44535,1,14,2015,36.43207
44535,1,14,2016,36.53644
44535,1,14,2017,36.6295
44535,1,14,2018,36.51244
44535,1,14,2019,36.52401
44535,2,14,1950,30.6929
44535,2,14,1951,30.67768
44535,2,14,1952,31.13824
44535,2,14,1953,31.44763
44535,2,14,1954,31.58997
44535,2,14,1955,31.63536
44535,2,14,1956,31.75688
44535,2,14,1957,31.89869
44535,2,14,1958,32.03054
44535,2,14,1959,32.09002
44535,2,14,1960,32.21693
44535,2,14,1961,32.18946
44535,2,14,1962,32.21887
44535,2,14,1963,32.30208
44535,2,14,1964,32.59916
44535,2,14,1965,32.68717
44535,2,14,1966,32.73113
44535,2,14,1967,32.89759
44535,2,14,1968,32.83019
44535,2,14,1969,32.84451
44535,2,14,1970,33.0011
44535,2,14,1971,33.15311
44535,2,14,1972,33.12506
44535,2,14,1973,33.22061
44535,2,14,1974,33.32211
44535,2,14,1975,33.51171
44535,2,14,1976,33.60269
44535,2,14,1977,33.83259
44535,2,14,1978,33.96126
44535,2,14,1979,34.07479
44535,2,14,1980,34.28072
44535,2,14,1981,34.45899
44535,2,14,1982,34.54879
44535,2,14,1983,34.74425
44535,2,14,1984,34.88724
44535,2,14,1985,34.89108
44535,2,14,1986,35.08767
44535,2,14,1987,35.26495
44535,2,14,1988,35.39239
44535,2,14,1989,35.49728
44535,2,14,1990,35.73945
44535,2,14,1991,35.91685
44535,2,14,1992,36.04894
44535,2,14,1993,36.10086
44535,2,14,1994,36.28647
44535,2,14,1995,36.3926
44535,2,14,1996,36.54765
44535,2,14,1997,36.72437
44535,2,14,1998,36.86671
44535,2,14,1999,37.01663
44535,2,14,2000,37.26002
44535,2,14,2001,37.52193
44535,2,14,2002,37.62811
44535,2,14,2003,37.78013
44535,2,14,2004,38.06397
44535,2,14,2005,38.30934
44535,2,14,2006,38.5389
44535,2,14,2007,38.69663
44535,2,14,2008,38.85601
44535,2,14,2009,39.13428
44535,2,14,2010,39.31498
44535,2,14,2011,39.43425
44535,2,14,2012,39.47973
44535,2,14,2013,39.5581
44535,2,14,2014,39.62332
44535,2,14,2015,39.64871
44535,2,14,2016,39.75159
44535,2,14,2017,39.85264
44535,2,14,2018,39.75599
44535,2,14,2019,39.77175
44535,3,14,1950,28.82799
44535,3,14,1951,28.72622
44535,3,14,1952,29.10847
44535,3,14,1953,29.40208
44535,3,14,1954,29.51123
44535,3,14,1955,29.51066
44535,3,14,1956,29.58538
44535,3,14,1957,29.6528
44535,3,14,1958,29.7677
44535,3,14,1959,29.80686
44535,3,14,1960,29.90403
44535,3,14,1961,29.85256
44535,3,14,1962,29.83616
44535,3,14,1963,29.85449
44535,3,14,1964,30.08804
44535,3,14,1965,30.15068
44535,3,14,1966,30.18315
44535,3,14,1967,30.33865
44535,3,14,1968,30.24348
44535,3,14,1969,30.2244
44535,3,14,1970,30.35808
44535,3,14,1971,30.50983
44535,3,14,1972,30.47494
44535,3,14,1973,30.55543
44535,3,14,1974,30.65816
44535,3,14,1975,30.85054
44535,3,14,1976,30.94209
44535,3,14,1977,31.17088
44535,3,14,1978,31.29206
44535,3,14,1979,31.40473
44535,3,14,1980,31.64385
44535,3,14,1981,31.84705
44535,3,14,1982,31.97711
44535,3,14,1983,32.18208
44535,3,14,1984,32.36807
44535,3,14,1985,32.40471
44535,3,14,1986,32.61445
44535,3,14,1987,32.83452
44535,3,14,1988,32.98955
44535,3,14,1989,33.14171
44535,3,14,1990,33.39596
44535,3,14,1991,33.59706
44535,3,14,1992,33.76466
44535,3,14,1993,33.84541
44535,3,14,1994,34.07622
44535,3,14,1995,34.20128
44535,3,14,1996,34.40044
44535,3,14,1997,34.63438
44535,3,14,1998,34.81038
44535,3,14,1999,34.98678
44535,3,14,2000,35.30387
44535,3,14,2001,35.58288
44535,3,14,2002,35.72866
44535,3,14,2003,35.91993
44535,3,14,2004,36.24316
44535,3,14,2005,36.51763
44535,3,14,2006,36.76527
44535,3,14,2007,36.94155
44535,3,14,2008,37.11871
44535,3,14,2009,37.4075
44535,3,14,2010,37.61421
44535,3,14,2011,37.78308
44535,3,14,2012,37.87888
44535,3,14,2013,37.95471
44535,3,14,2014,38.03861
44535,3,14,2015,38.07431
44535,3,14,2016,38.17817
44535,3,14,2017,38.2657
44535,3,14,2018,38.14989
44535,3,14,2019,38.16308
44536,1,14,1950,22.70305
44536,1,14,1951,22.894
44536,1,14,1952,23.07084
44536,1,14,1953,23.23952
44536,1,14,1954,23.4554
44536,1,14,1955,23.5597
44536,1,14,1956,23.71177
44536,1,14,1957,23.79307
44536,1,14,1958,23.82942
44536,1,14,1959,23.984
44536,1,14,1960,23.84767
44536,1,14,1961,24.07421
44536,1,14,1962,24.16723
44536,1,14,1963,24.33247
44536,1,14,1964,24.47711
44536,1,14,1965,24.28497
44536,1,14,1966,24.42943
44536,1,14,1967,24.44282
44536,1,14,1968,24.72376
44536,1,14,1969,24.81349
44536,1,14,1970,24.80507
44536,1,14,1971,24.65073
44536,1,14,1972,24.73168
44536,1,14,1973,24.83098
44536,1,14,1974,24.88153
44536,1,14,1975,24.80827
44536,1,14,1976,24.82671
44536,1,14,1977,25.10418
44536,1,14,1978,25.41176
44536,1,14,1979,25.85808
44536,1,14,1980,25.73596
44536,1,14,1981,25.64252
44536,1,14,1982,26.13289
44536,1,14,1983,26.14668
44536,1,14,1984,26.0986
44536,1,14,1985,26.174
44536,1,14,1986,26.3378
44536,1,14,1987,26.44745
44536,1,14,1988,26.37582
44536,1,14,1989,26.42313
44536,1,14,1990,26.55777
44536,1,14,1991,26.46819
44536,1,14,1992,26.56376
44536,1,14,1993,26.62099
44536,1,14,1994,26.77572
44536,1,14,1995,26.95097
44536,1,14,1996,26.8901
44536,1,14,1997,26.48489
44536,1,14,1998,26.59329
44536,1,14,1999,26.95073
44536,1,14,2000,26.94964
44536,1,14,2001,27.04613
44536,1,14,2002,27.24937
44536,1,14,2003,27.4184
44536,1,14,2004,27.9804
44536,1,14,2005,28.04228
44536,1,14,2006,28.07123
44536,1,14,2007,28.07885
44536,1,14,2008,28.05014
44536,1,14,2009,28.44995
44536,1,14,2010,28.69349
44536,1,14,2011,28.83545
44536,1,14,2012,28.98603
44536,1,14,2013,29.0939
44536,1,14,2014,29.41161
44536,1,14,2015,29.61983
44536,1,14,2016,29.88901
44536,1,14,2017,30.34678
44536,1,14,2018,30.72322
44536,1,14,2019,31.14354
44536,2,14,1950,24.7287
44536,2,14,1951,24.91692
44536,2,14,1952,25.02112
44536,2,14,1953,25.07155
44536,2,14,1954,25.23643
44536,2,14,1955,25.31428
44536,2,14,1956,25.3137
44536,2,14,1957,25.38374
44536,2,14,1958,25.47526
44536,2,14,1959,25.61179
44536,2,14,1960,25.46289
44536,2,14,1961,25.58444
44536,2,14,1962,25.65708
44536,2,14,1963,25.78752
44536,2,14,1964,25.83912
44536,2,14,1965,25.73024
44536,2,14,1966,25.7446
44536,2,14,1967,25.73212
44536,2,14,1968,25.8763
44536,2,14,1969,25.87088
44536,2,14,1970,25.86512
44536,2,14,1971,25.58277
44536,2,14,1972,25.74062
44536,2,14,1973,26.16052
44536,2,14,1974,26.35342
44536,2,14,1975,26.28696
44536,2,14,1976,26.69585
44536,2,14,1977,26.70268
44536,2,14,1978,27.09713
44536,2,14,1979,27.62017
44536,2,14,1980,27.89164
44536,2,14,1981,27.97131
44536,2,14,1982,28.07957
44536,2,14,1983,28.08674
44536,2,14,1984,28.05838
44536,2,14,1985,28.07359
44536,2,14,1986,28.24981
44536,2,14,1987,28.32019
44536,2,14,1988,28.42485
44536,2,14,1989,28.61238
44536,2,14,1990,28.76999
44536,2,14,1991,28.74385
44536,2,14,1992,28.62223
44536,2,14,1993,28.84197
44536,2,14,1994,29.10133
44536,2,14,1995,29.29441
44536,2,14,1996,29.27061
44536,2,14,1997,29.02537
44536,2,14,1998,29.04985
44536,2,14,1999,29.28608
44536,2,14,2000,29.48651
44536,2,14,2001,29.54862
44536,2,14,2002,29.6879
44536,2,14,2003,30.06851
44536,2,14,2004,30.56975
44536,2,14,2005,30.6322
44536,2,14,2006,30.67239
44536,2,14,2007,30.79536
44536,2,14,2008,30.9485
44536,2,14,2009,31.48558
44536,2,14,2010,31.7431
44536,2,14,2011,31.84626
44536,2,14,2012,31.9434
44536,2,14,2013,31.96194
44536,2,14,2014,32.02927
44536,2,14,2015,31.95862
44536,2,14,2016,32.20064
44536,2,14,2017,32.63234
44536,2,14,2018,33.01756
44536,2,14,2019,33.34152
44536,3,14,1950,23.26229
44536,3,14,1951,23.35474
44536,3,14,1952,23.47539
44536,3,14,1953,23.65948
44536,3,14,1954,23.79679
44536,3,14,1955,23.90264
44536,3,14,1956,24.02295
44536,3,14,1957,24.06443
44536,3,14,1958,24.06938
44536,3,14,1959,24.20872
44536,3,14,1960,24.05698
44536,3,14,1961,24.16818
44536,3,14,1962,24.37906
44536,3,14,1963,24.51004
44536,3,14,1964,24.67939
44536,3,14,1965,24.4738
44536,3,14,1966,24.55322
44536,3,14,1967,24.66762
44536,3,14,1968,24.84301
44536,3,14,1969,24.90438
44536,3,14,1970,24.99081
44536,3,14,1971,24.80434
44536,3,14,1972,24.93337
44536,3,14,1973,25.26278
44536,3,14,1974,25.35557
44536,3,14,1975,25.30127
44536,3,14,1976,25.50604
44536,3,14,1977,25.65963
44536,3,14,1978,26.00714
44536,3,14,1979,26.50202
44536,3,14,1980,26.56437
44536,3,14,1981,26.55395
44536,3,14,1982,26.87418
44536,3,14,1983,26.88909
44536,3,14,1984,26.81999
44536,3,14,1985,26.88067
44536,3,14,1986,27.05184
44536,3,14,1987,27.15196
44536,3,14,1988,27.12881
44536,3,14,1989,27.27269
44536,3,14,1990,27.40127
44536,3,14,1991,27.33699
44536,3,14,1992,27.3486
44536,3,14,1993,27.50192
44536,3,14,1994,27.67455
44536,3,14,1995,27.87033
44536,3,14,1996,27.83468
44536,3,14,1997,27.50871
44536,3,14,1998,27.57195
44536,3,14,1999,27.87338
44536,3,14,2000,28.0179
44536,3,14,2001,28.10385
44536,3,14,2002,28.23138
44536,3,14,2003,28.52231
44536,3,14,2004,29.06684
44536,3,14,2005,29.13114
44536,3,14,2006,29.15337
44536,3,14,2007,29.22655
44536,3,14,2008,29.29749
44536,3,14,2009,29.73401
44536,3,14,2010,30.00378
44536,3,14,2011,30.08426
44536,3,14,2012,30.25492
44536,3,14,2013,30.31654
44536,3,14,2014,30.48107
44536,3,14,2015,30.5889
44536,3,14,2016,30.82166
44536,3,14,2017,31.1939
44536,3,14,2018,31.47704
44536,3,14,2019,31.77425
44537,1,14,1950,22.19599
44537,1,14,1951,22.27359
44537,1,14,1952,22.32352
44537,1,14,1953,22.42703
44537,1,14,1954,22.69797
44537,1,14,1955,22.66423
44537,1,14,1956,22.79691
44537,1,14,1957,23.02528
44537,1,14,1958,22.98377
44537,1,14,1959,23.33057
44537,1,14,1960,23.32626
44537,1,14,1961,23.53872
44537,1,14,1962,23.80847
44537,1,14,1963,23.7908
44537,1,14,1964,24.13983
44537,1,14,1965,24.04312
44537,1,14,1966,24.54325
44537,1,14,1967,24.68333
44537,1,14,1968,24.90486
44537,1,14,1969,25.01779
44537,1,14,1970,23.50819
44537,1,14,1971,24.35434
44537,1,14,1972,25.47011
44537,1,14,1973,25.57987
44537,1,14,1974,25.47608
44537,1,14,1975,25.67909
44537,1,14,1976,25.78116
44537,1,14,1977,25.81315
44537,1,14,1978,25.9417
44537,1,14,1979,25.92681
44537,1,14,1980,26.04807
44537,1,14,1981,26.09696
44537,1,14,1982,26.10633
44537,1,14,1983,25.85068
44537,1,14,1984,25.76193
44537,1,14,1985,25.55009
44537,1,14,1986,25.50075
44537,1,14,1987,25.5756
44537,1,14,1988,25.68359
44537,1,14,1989,25.81059
44537,1,14,1990,25.59185
44537,1,14,1991,25.38678
44537,1,14,1992,25.86503
44537,1,14,1993,25.78415
44537,1,14,1994,24.8927
44537,1,14,1995,25.68609
44537,1,14,1996,25.73927
44537,1,14,1997,25.76383
44537,1,14,1998,25.82189
44537,1,14,1999,26.03079
44537,1,14,2000,26.03041
44537,1,14,2001,26.17487
44537,1,14,2002,26.26053
44537,1,14,2003,26.27596
44537,1,14,2004,26.34173
44537,1,14,2005,26.51761
44537,1,14,2006,26.66628
44537,1,14,2007,26.91173
44537,1,14,2008,27.32949
44537,1,14,2009,27.72356
44537,1,14,2010,28.09302
44537,1,14,2011,28.85384
44537,1,14,2012,29.63088
44537,1,14,2013,30.09176
44537,1,14,2014,30.32406
44537,1,14,2015,30.78707
44537,1,14,2016,31.11344
44537,1,14,2017,31.124
44537,1,14,2018,31.41003
44537,1,14,2019,31.67606
44537,2,14,1950,25.43853
44537,2,14,1951,25.44831
44537,2,14,1952,25.4722
44537,2,14,1953,25.60883
44537,2,14,1954,25.69278
44537,2,14,1955,25.77706
44537,2,14,1956,25.87587
44537,2,14,1957,25.95517
44537,2,14,1958,25.97404
44537,2,14,1959,26.13739
44537,2,14,1960,26.20727
44537,2,14,1961,26.33218
44537,2,14,1962,26.48086
44537,2,14,1963,26.51044
44537,2,14,1964,26.78925
44537,2,14,1965,26.66457
44537,2,14,1966,27.01083
44537,2,14,1967,27.14519
44537,2,14,1968,27.2369
44537,2,14,1969,27.37278
44537,2,14,1970,26.32919
44537,2,14,1971,27.03351
44537,2,14,1972,27.64909
44537,2,14,1973,27.78133
44537,2,14,1974,27.71986
44537,2,14,1975,27.8341
44537,2,14,1976,27.79512
44537,2,14,1977,27.94281
44537,2,14,1978,27.98932
44537,2,14,1979,27.95353
44537,2,14,1980,28.04077
44537,2,14,1981,28.13726
44537,2,14,1982,28.33956
44537,2,14,1983,28.17709
44537,2,14,1984,28.23516
44537,2,14,1985,28.04385
44537,2,14,1986,28.31105
44537,2,14,1987,28.46813
44537,2,14,1988,28.69663
44537,2,14,1989,28.93727
44537,2,14,1990,28.80074
44537,2,14,1991,28.79565
44537,2,14,1992,29.12739
44537,2,14,1993,29.19295
44537,2,14,1994,28.20035
44537,2,14,1995,29.13996
44537,2,14,1996,29.30206
44537,2,14,1997,29.42139
44537,2,14,1998,29.33352
44537,2,14,1999,29.27069
44537,2,14,2000,29.27435
44537,2,14,2001,29.41503
44537,2,14,2002,29.40869
44537,2,14,2003,29.49928
44537,2,14,2004,29.62589
44537,2,14,2005,29.80746
44537,2,14,2006,30.14628
44537,2,14,2007,30.6361
44537,2,14,2008,31.1072
44537,2,14,2009,31.44129
44537,2,14,2010,31.59461
44537,2,14,2011,32.09454
44537,2,14,2012,32.55055
44537,2,14,2013,32.8779
44537,2,14,2014,33.12675
44537,2,14,2015,33.48754
44537,2,14,2016,33.77695
44537,2,14,2017,33.87641
44537,2,14,2018,34.19052
44537,2,14,2019,34.37144
44537,3,14,1950,23.54231
44537,3,14,1951,23.62667
44537,3,14,1952,23.66498
44537,3,14,1953,23.74201
44537,3,14,1954,23.94184
44537,3,14,1955,23.95735
44537,3,14,1956,24.08286
44537,3,14,1957,24.16
44537,3,14,1958,24.13762
44537,3,14,1959,24.47903
44537,3,14,1960,24.5431
44537,3,14,1961,24.74463
44537,3,14,1962,24.95583
44537,3,14,1963,24.97805
44537,3,14,1964,25.25904
44537,3,14,1965,25.20412
44537,3,14,1966,25.62576
44537,3,14,1967,25.752
44537,3,14,1968,25.93472
44537,3,14,1969,26.05806
44537,3,14,1970,24.77193
44537,3,14,1971,25.53461
44537,3,14,1972,26.36432
44537,3,14,1973,26.46993
44537,3,14,1974,26.3496
44537,3,14,1975,26.5176
44537,3,14,1976,26.50585
44537,3,14,1977,26.56584
44537,3,14,1978,26.65255
44537,3,14,1979,26.75722
44537,3,14,1980,26.81879
44537,3,14,1981,26.93462
44537,3,14,1982,27.02117
44537,3,14,1983,26.82674
44537,3,14,1984,26.81216
44537,3,14,1985,26.65543
44537,3,14,1986,26.71827
44537,3,14,1987,26.79532
44537,3,14,1988,26.99473
44537,3,14,1989,27.18399
44537,3,14,1990,26.95375
44537,3,14,1991,26.8299
44537,3,14,1992,27.24965
44537,3,14,1993,27.28948
44537,3,14,1994,26.32425
44537,3,14,1995,27.20584
44537,3,14,1996,27.26227
44537,3,14,1997,27.34755
44537,3,14,1998,27.35389
44537,3,14,1999,27.39097
44537,3,14,2000,27.38299
44537,3,14,2001,27.50856
44537,3,14,2002,27.57383
44537,3,14,2003,27.62292
44537,3,14,2004,27.76961
44537,3,14,2005,27.9261
44537,3,14,2006,28.17278
44537,3,14,2007,28.55787
44537,3,14,2008,29.02852
44537,3,14,2009,29.39027
44537,3,14,2010,29.6891
44537,3,14,2011,30.33843
44537,3,14,2012,30.98186
44537,3,14,2013,31.39978
44537,3,14,2014,31.64602
44537,3,14,2015,32.01936
44537,3,14,2016,32.37516
44537,3,14,2017,32.4362
44537,3,14,2018,32.73888
44537,3,14,2019,32.968
44559,1,14,1950,21.84185
44559,1,14,1951,22.0731
44559,1,14,1952,22.17836
44559,1,14,1953,22.40368
44559,1,14,1954,22.48237
44559,1,14,1955,22.55047
44559,1,14,1956,22.6604
44559,1,14,1957,22.72216
44559,1,14,1958,22.79955
44559,1,14,1959,22.90612
44559,1,14,1960,22.81274
44559,1,14,1961,23.03347
44559,1,14,1962,23.09493
44559,1,14,1963,23.30239
44559,1,14,1964,23.41949
44559,1,14,1965,23.52952
44559,1,14,1966,23.55158
44559,1,14,1967,23.63686
44559,1,14,1968,23.63558
44559,1,14,1969,23.70779
44559,1,14,1970,23.8929
44559,1,14,1971,24.10898
44559,1,14,1972,24.05592
44559,1,14,1973,24.25705
44559,1,14,1974,24.45538
44559,1,14,1975,24.57008
44559,1,14,1976,24.68629
44559,1,14,1977,24.87116
44559,1,14,1978,25.04608
44559,1,14,1979,25.18467
44559,1,14,1980,25.26436
44559,1,14,1981,25.34095
44559,1,14,1982,25.46274
44559,1,14,1983,25.48305
44559,1,14,1984,25.52323
44559,1,14,1985,25.56066
44559,1,14,1986,25.60223
44559,1,14,1987,25.63102
44559,1,14,1988,25.72454
44559,1,14,1989,25.73163
44559,1,14,1990,25.73619
44559,1,14,1991,25.69046
44559,1,14,1992,25.66579
44559,1,14,1993,25.58765
44559,1,14,1994,25.192
44559,1,14,1995,25.3957
44559,1,14,1996,25.21533
44559,1,14,1997,25.17909
44559,1,14,1998,25.1585
44559,1,14,1999,25.12324
44559,1,14,2000,25.19784
44559,1,14,2001,25.28207
44559,1,14,2002,25.35282
44559,1,14,2003,25.38285
44559,1,14,2004,25.52272
44559,1,14,2005,25.76612
44559,1,14,2006,25.99608
44559,1,14,2007,26.2366
44559,1,14,2008,26.5421
44559,1,14,2009,26.7306
44559,1,14,2010,26.9703
44559,1,14,2011,27.1715
44559,1,14,2012,27.37778
44559,1,14,2013,27.53994
44559,1,14,2014,27.74598
44559,1,14,2015,27.84654
44559,1,14,2016,28.17123
44559,1,14,2017,28.36849
44559,1,14,2018,28.69678
44559,1,14,2019,28.83089
44559,2,14,1950,25.68554
44559,2,14,1951,25.73224
44559,2,14,1952,25.8852
44559,2,14,1953,25.98596
44559,2,14,1954,26.05006
44559,2,14,1955,26.21448
44559,2,14,1956,26.25418
44559,2,14,1957,26.28659
44559,2,14,1958,26.33379
44559,2,14,1959,26.47445
44559,2,14,1960,26.27795
44559,2,14,1961,26.557
44559,2,14,1962,26.66231
44559,2,14,1963,26.7925
44559,2,14,1964,26.92296
44559,2,14,1965,26.98787
44559,2,14,1966,27.01727
44559,2,14,1967,27.03316
44559,2,14,1968,27.01205
44559,2,14,1969,27.07332
44559,2,14,1970,27.15176
44559,2,14,1971,27.30987
44559,2,14,1972,27.33747
44559,2,14,1973,27.50547
44559,2,14,1974,27.62537
44559,2,14,1975,27.78535
44559,2,14,1976,27.85389
44559,2,14,1977,27.976
44559,2,14,1978,28.05624
44559,2,14,1979,28.20646
44559,2,14,1980,28.23786
44559,2,14,1981,28.23015
44559,2,14,1982,28.28069
44559,2,14,1983,28.29952
44559,2,14,1984,28.33717
44559,2,14,1985,28.48915
44559,2,14,1986,28.45681
44559,2,14,1987,28.50953
44559,2,14,1988,28.66051
44559,2,14,1989,28.69959
44559,2,14,1990,28.75443
44559,2,14,1991,28.78808
44559,2,14,1992,28.74007
44559,2,14,1993,28.70102
44559,2,14,1994,28.27683
44559,2,14,1995,28.5665
44559,2,14,1996,28.42535
44559,2,14,1997,28.28549
44559,2,14,1998,28.2046
44559,2,14,1999,28.24858
44559,2,14,2000,28.23221
44559,2,14,2001,28.29547
44559,2,14,2002,28.32785
44559,2,14,2003,28.36764
44559,2,14,2004,28.52665
44559,2,14,2005,28.66576
44559,2,14,2006,28.86935
44559,2,14,2007,29.1876
44559,2,14,2008,29.41039
44559,2,14,2009,29.63082
44559,2,14,2010,29.79636
44559,2,14,2011,30.10573
44559,2,14,2012,30.24509
44559,2,14,2013,30.54276
44559,2,14,2014,30.63132
44559,2,14,2015,30.77477
44559,2,14,2016,30.9628
44559,2,14,2017,31.24085
44559,2,14,2018,31.47522
44559,2,14,2019,31.64065
44559,3,14,1950,23.52769
44559,3,14,1951,23.70723
44559,3,14,1952,23.83728
44559,3,14,1953,24.01482
44559,3,14,1954,24.07225
44559,3,14,1955,24.1904
44559,3,14,1956,24.30194
44559,3,14,1957,24.31825
44559,3,14,1958,24.36964
44559,3,14,1959,24.52123
44559,3,14,1960,24.39883
44559,3,14,1961,24.59154
44559,3,14,1962,24.70865
44559,3,14,1963,24.85081
44559,3,14,1964,24.97902
44559,3,14,1965,25.0988
44559,3,14,1966,25.13874
44559,3,14,1967,25.20071
44559,3,14,1968,25.15677
44559,3,14,1969,25.23998
44559,3,14,1970,25.38259
44559,3,14,1971,25.54276
44559,3,14,1972,25.52777
44559,3,14,1973,25.71051
44559,3,14,1974,25.86807
44559,3,14,1975,26.00892
44559,3,14,1976,26.16442
44559,3,14,1977,26.25913
44559,3,14,1978,26.42458
44559,3,14,1979,26.55176
44559,3,14,1980,26.59368
44559,3,14,1981,26.61882
44559,3,14,1982,26.75186
44559,3,14,1983,26.76071
44559,3,14,1984,26.79371
44559,3,14,1985,26.87304
44559,3,14,1986,26.88634
44559,3,14,1987,26.91775
44559,3,14,1988,27.05748
44559,3,14,1989,27.06345
44559,3,14,1990,27.09189
44559,3,14,1991,27.09666
44559,3,14,1992,27.04968
44559,3,14,1993,26.98149
44559,3,14,1994,26.59981
44559,3,14,1995,26.82087
44559,3,14,1996,26.67824
44559,3,14,1997,26.5721
44559,3,14,1998,26.49692
44559,3,14,1999,26.53868
44559,3,14,2000,26.55703
44559,3,14,2001,26.63723
44559,3,14,2002,26.68318
44559,3,14,2003,26.7311
44559,3,14,2004,26.89874
44559,3,14,2005,27.08586
44559,3,14,2006,27.27463
44559,3,14,2007,27.60928
44559,3,14,2008,27.86763
44559,3,14,2009,28.09721
44559,3,14,2010,28.29784
44559,3,14,2011,28.52726
44559,3,14,2012,28.70188
44559,3,14,2013,28.91415
44559,3,14,2014,29.08475
44559,3,14,2015,29.22759
44559,3,14,2016,29.48261
44559,3,14,2017,29.73253
44559,3,14,2018,29.99394
44559,3,14,2019,30.17806
44560,1,14,1950,25.78776
44560,1,14,1951,25.86657
44560,1,14,1952,26.05064
44560,1,14,1953,26.19517
44560,1,14,1954,26.5457
44560,1,14,1955,26.56073
44560,1,14,1956,26.57815
44560,1,14,1957,26.49903
44560,1,14,1958,26.66498
44560,1,14,1959,26.74024
44560,1,14,1960,26.76493
44560,1,14,1961,26.95749
44560,1,14,1962,26.93495
44560,1,14,1963,26.8633
44560,1,14,1964,27.01184
44560,1,14,1965,27.02842
44560,1,14,1966,27.03932
44560,1,14,1967,27.12204
44560,1,14,1968,27.02601
44560,1,14,1969,27.13046
44560,1,14,1970,27.26687
44560,1,14,1971,27.56754
44560,1,14,1972,27.57563
44560,1,14,1973,27.70257
44560,1,14,1974,27.96687
44560,1,14,1975,28.27871
44560,1,14,1976,28.40594
44560,1,14,1977,28.59688
44560,1,14,1978,28.82515
44560,1,14,1979,28.95555
44560,1,14,1980,28.99377
44560,1,14,1981,29.16891
44560,1,14,1982,29.36194
44560,1,14,1983,29.37263
44560,1,14,1984,29.44059
44560,1,14,1985,29.49019
44560,1,14,1986,29.72326
44560,1,14,1987,29.87851
44560,1,14,1988,29.97243
44560,1,14,1989,30.2015
44560,1,14,1990,30.44575
44560,1,14,1991,30.63222
44560,1,14,1992,30.75945
44560,1,14,1993,30.74702
44560,1,14,1994,30.89577
44560,1,14,1995,31.01728
44560,1,14,1996,31.22725
44560,1,14,1997,31.49064
44560,1,14,1998,31.56025
44560,1,14,1999,31.66371
44560,1,14,2000,31.88633
44560,1,14,2001,32.03244
44560,1,14,2002,32.0804
44560,1,14,2003,32.23229
44560,1,14,2004,32.497
44560,1,14,2005,32.67266
44560,1,14,2006,32.85946
44560,1,14,2007,33.05022
44560,1,14,2008,33.12468
44560,1,14,2009,33.21594
44560,1,14,2010,33.27465
44560,1,14,2011,33.53245
44560,1,14,2012,33.62286
44560,1,14,2013,33.675
44560,1,14,2014,33.78528
44560,1,14,2015,33.83495
44560,1,14,2016,33.83279
44560,1,14,2017,33.95941
44560,1,14,2018,34.02898
44560,1,14,2019,34.14349
44560,2,14,1950,29.79374
44560,2,14,1951,29.93229
44560,2,14,1952,30.17779
44560,2,14,1953,30.35094
44560,2,14,1954,30.75715
44560,2,14,1955,30.86951
44560,2,14,1956,30.93453
44560,2,14,1957,30.87718
44560,2,14,1958,31.09094
44560,2,14,1959,31.202
44560,2,14,1960,31.32951
44560,2,14,1961,31.55177
44560,2,14,1962,31.57475
44560,2,14,1963,31.56403
44560,2,14,1964,31.75678
44560,2,14,1965,31.84586
44560,2,14,1966,31.92757
44560,2,14,1967,32.07586
44560,2,14,1968,32.0485
44560,2,14,1969,32.1944
44560,2,14,1970,32.36551
44560,2,14,1971,32.65283
44560,2,14,1972,32.72881
44560,2,14,1973,32.85766
44560,2,14,1974,33.17436
44560,2,14,1975,33.46752
44560,2,14,1976,33.60381
44560,2,14,1977,33.90284
44560,2,14,1978,34.05734
44560,2,14,1979,34.19411
44560,2,14,1980,34.20786
44560,2,14,1981,34.30377
44560,2,14,1982,34.49023
44560,2,14,1983,34.46583
44560,2,14,1984,34.48569
44560,2,14,1985,34.49149
44560,2,14,1986,34.67168
44560,2,14,1987,34.77354
44560,2,14,1988,34.84978
44560,2,14,1989,35.07709
44560,2,14,1990,35.29185
44560,2,14,1991,35.43856
44560,2,14,1992,35.5192
44560,2,14,1993,35.46356
44560,2,14,1994,35.52087
44560,2,14,1995,35.54919
44560,2,14,1996,35.66085
44560,2,14,1997,35.80035
44560,2,14,1998,35.85754
44560,2,14,1999,35.89002
44560,2,14,2000,36.04798
44560,2,14,2001,36.14529
44560,2,14,2002,36.22026
44560,2,14,2003,36.3206
44560,2,14,2004,36.53058
44560,2,14,2005,36.67447
44560,2,14,2006,36.86332
44560,2,14,2007,37.02942
44560,2,14,2008,37.13213
44560,2,14,2009,37.20217
44560,2,14,2010,37.22224
44560,2,14,2011,37.40968
44560,2,14,2012,37.49966
44560,2,14,2013,37.53548
44560,2,14,2014,37.56925
44560,2,14,2015,37.62496
44560,2,14,2016,37.68518
44560,2,14,2017,37.86729
44560,2,14,2018,38.01453
44560,2,14,2019,38.02796
44560,3,14,1950,27.65883
44560,3,14,1951,27.76683
44560,3,14,1952,27.98222
44560,3,14,1953,28.14245
44560,3,14,1954,28.52227
44560,3,14,1955,28.57571
44560,3,14,1956,28.6171
44560,3,14,1957,28.55302
44560,3,14,1958,28.74617
44560,3,14,1959,28.84238
44560,3,14,1960,28.91399
44560,3,14,1961,29.12912
44560,3,14,1962,29.1323
44560,3,14,1963,29.09186
44560,3,14,1964,29.27287
44560,3,14,1965,29.32504
44560,3,14,1966,29.37483
44560,3,14,1967,29.49587
44560,3,14,1968,29.431
44560,3,14,1969,29.56546
44560,3,14,1970,29.72753
44560,3,14,1971,30.02873
44560,3,14,1972,30.08121
44560,3,14,1973,30.21769
44560,3,14,1974,30.51617
44560,3,14,1975,30.82254
44560,3,14,1976,30.9625
44560,3,14,1977,31.2208
44560,3,14,1978,31.42248
44560,3,14,1979,31.57221
44560,3,14,1980,31.59652
44560,3,14,1981,31.73999
44560,3,14,1982,31.932
44560,3,14,1983,31.93141
44560,3,14,1984,31.97245
44560,3,14,1985,32.00529
44560,3,14,1986,32.21981
44560,3,14,1987,32.35109
44560,3,14,1988,32.4379
44560,3,14,1989,32.67013
44560,3,14,1990,32.90791
44560,3,14,1991,33.07422
44560,3,14,1992,33.1803
44560,3,14,1993,33.14455
44560,3,14,1994,33.25164
44560,3,14,1995,33.32859
44560,3,14,1996,33.48763
44560,3,14,1997,33.69376
44560,3,14,1998,33.75457
44560,3,14,1999,33.82201
44560,3,14,2000,34.01718
44560,3,14,2001,34.13276
44560,3,14,2002,34.19539
44560,3,14,2003,34.32064
44560,3,14,2004,34.55549
44560,3,14,2005,34.71504
44560,3,14,2006,34.90574
44560,3,14,2007,35.08266
44560,3,14,2008,35.16661
44560,3,14,2009,35.24736
44560,3,14,2010,35.29062
44560,3,14,2011,35.51332
44560,3,14,2012,35.60125
44560,3,14,2013,35.64193
44560,3,14,2014,35.71372
44560,3,14,2015,35.77087
44560,3,14,2016,35.80019
44560,3,14,2017,35.95637
44560,3,14,2018,36.05675
44560,3,14,2019,36.08809
44561,1,14,1950,22.57815
44561,1,14,1951,22.90904
44561,1,14,1952,23.20306
44561,1,14,1953,23.41998
44561,1,14,1954,23.59205
44561,1,14,1955,23.76847
44561,1,14,1956,23.95712
44561,1,14,1957,24.08654
44561,1,14,1958,23.64333
44561,1,14,1959,22.81322
44561,1,14,1960,21.51639
44561,1,14,1961,22.38445
44561,1,14,1962,24.25584
44561,1,14,1963,24.87179
44561,1,14,1964,25.01826
44561,1,14,1965,25.1078
44561,1,14,1966,25.33519
44561,1,14,1967,25.44671
44561,1,14,1968,25.5536
44561,1,14,1969,25.71867
44561,1,14,1970,25.75731
44561,1,14,1971,25.95245
44561,1,14,1972,26.19286
44561,1,14,1973,26.33322
44561,1,14,1974,26.44279
44561,1,14,1975,26.39215
44561,1,14,1976,26.3835
44561,1,14,1977,26.67573
44561,1,14,1978,26.84793
44561,1,14,1979,27.056
44561,1,14,1980,27.10232
44561,1,14,1981,27.16528
44561,1,14,1982,27.43442
44561,1,14,1983,27.5369
44561,1,14,1984,27.60686
44561,1,14,1985,27.73667
44561,1,14,1986,27.95856
44561,1,14,1987,28.00586
44561,1,14,1988,28.02948
44561,1,14,1989,28.06909
44561,1,14,1990,28.23661
44561,1,14,1991,28.27424
44561,1,14,1992,28.35589
44561,1,14,1993,28.44012
44561,1,14,1994,28.61463
44561,1,14,1995,28.62784
44561,1,14,1996,28.73645
44561,1,14,1997,28.78431
44561,1,14,1998,28.88814
44561,1,14,1999,29.08536
44561,1,14,2000,29.14072
44561,1,14,2001,29.26553
44561,1,14,2002,29.41588
44561,1,14,2003,29.5681
44561,1,14,2004,29.71715
44561,1,14,2005,29.83063
44561,1,14,2006,30.05579
44561,1,14,2007,30.21286
44561,1,14,2008,30.23217
44561,1,14,2009,30.49428
44561,1,14,2010,30.60102
44561,1,14,2011,30.73679
44561,1,14,2012,30.95952
44561,1,14,2013,31.1755
44561,1,14,2014,31.41599
44561,1,14,2015,31.6611
44561,1,14,2016,31.88058
44561,1,14,2017,32.18422
44561,1,14,2018,32.36806
44561,1,14,2019,32.57437
44561,2,14,1950,26.4205
44561,2,14,1951,26.567
44561,2,14,1952,26.86843
44561,2,14,1953,26.98563
44561,2,14,1954,27.14903
44561,2,14,1955,27.37853
44561,2,14,1956,27.41395
44561,2,14,1957,27.55646
44561,2,14,1958,27.00574
44561,2,14,1959,26.24848
44561,2,14,1960,24.90362
44561,2,14,1961,25.25751
44561,2,14,1962,27.57517
44561,2,14,1963,28.13925
44561,2,14,1964,28.28544
44561,2,14,1965,28.37356
44561,2,14,1966,28.45989
44561,2,14,1967,28.55456
44561,2,14,1968,28.64047
44561,2,14,1969,28.74911
44561,2,14,1970,28.84522
44561,2,14,1971,28.81029
44561,2,14,1972,28.98972
44561,2,14,1973,29.273
44561,2,14,1974,29.31202
44561,2,14,1975,29.29878
44561,2,14,1976,29.41986
44561,2,14,1977,29.52963
44561,2,14,1978,29.69894
44561,2,14,1979,29.91878
44561,2,14,1980,30.05317
44561,2,14,1981,30.17891
44561,2,14,1982,30.36493
44561,2,14,1983,30.50155
44561,2,14,1984,30.62784
44561,2,14,1985,30.7091
44561,2,14,1986,30.92325
44561,2,14,1987,31.0614
44561,2,14,1988,31.14796
44561,2,14,1989,31.25746
44561,2,14,1990,31.48261
44561,2,14,1991,31.57459
44561,2,14,1992,31.63677
44561,2,14,1993,31.81979
44561,2,14,1994,32.0238
44561,2,14,1995,32.22421
44561,2,14,1996,32.38798
44561,2,14,1997,32.44325
44561,2,14,1998,32.63748
44561,2,14,1999,32.76058
44561,2,14,2000,32.85498
44561,2,14,2001,33.01946
44561,2,14,2002,33.09623
44561,2,14,2003,33.30889
44561,2,14,2004,33.50657
44561,2,14,2005,33.69509
44561,2,14,2006,33.90854
44561,2,14,2007,34.13324
44561,2,14,2008,34.30438
44561,2,14,2009,34.62748
44561,2,14,2010,34.83613
44561,2,14,2011,34.96946
44561,2,14,2012,35.22048
44561,2,14,2013,35.37099
44561,2,14,2014,35.5595
44561,2,14,2015,35.70326
44561,2,14,2016,35.9144
44561,2,14,2017,36.10836
44561,2,14,2018,36.31355
44561,2,14,2019,36.48849
44561,3,14,1950,24.08859
44561,3,14,1951,24.33215
44561,3,14,1952,24.62748
44561,3,14,1953,24.84839
44561,3,14,1954,24.97542
44561,3,14,1955,25.21991
44561,3,14,1956,25.35377
44561,3,14,1957,25.46708
44561,3,14,1958,24.9674
44561,3,14,1959,24.25231
44561,3,14,1960,23.00673
44561,3,14,1961,23.53606
44561,3,14,1962,25.62738
44561,3,14,1963,26.20778
44561,3,14,1964,26.38716
44561,3,14,1965,26.44055
44561,3,14,1966,26.57909
44561,3,14,1967,26.68885
44561,3,14,1968,26.82404
44561,3,14,1969,26.93182
44561,3,14,1970,27.01706
44561,3,14,1971,27.10427
44561,3,14,1972,27.31265
44561,3,14,1973,27.57727
44561,3,14,1974,27.60713
44561,3,14,1975,27.60892
44561,3,14,1976,27.62346
44561,3,14,1977,27.84638
44561,3,14,1978,28.0018
44561,3,14,1979,28.22383
44561,3,14,1980,28.35291
44561,3,14,1981,28.41829
44561,3,14,1982,28.65829
44561,3,14,1983,28.7541
44561,3,14,1984,28.8633
44561,3,14,1985,28.95098
44561,3,14,1986,29.18413
44561,3,14,1987,29.26079
44561,3,14,1988,29.32319
44561,3,14,1989,29.43333
44561,3,14,1990,29.60488
44561,3,14,1991,29.65763
44561,3,14,1992,29.77824
44561,3,14,1993,29.88814
44561,3,14,1994,30.10595
44561,3,14,1995,30.20985
44561,3,14,1996,30.38453
44561,3,14,1997,30.43297
44561,3,14,1998,30.55525
44561,3,14,1999,30.75133
44561,3,14,2000,30.81013
44561,3,14,2001,30.97108
44561,3,14,2002,31.0764
44561,3,14,2003,31.23696
44561,3,14,2004,31.43239
44561,3,14,2005,31.58146
44561,3,14,2006,31.79815
44561,3,14,2007,31.97629
44561,3,14,2008,32.09614
44561,3,14,2009,32.37717
44561,3,14,2010,32.53826
44561,3,14,2011,32.65349
44561,3,14,2012,32.91076
44561,3,14,2013,33.10818
44561,3,14,2014,33.32716
44561,3,14,2015,33.47209
44561,3,14,2016,33.68292
44561,3,14,2017,33.94477
44561,3,14,2018,34.11529
44561,3,14,2019,34.25795
44562,1,14,1950,27.08803
44562,1,14,1951,26.94491
44562,1,14,1952,27.27742
44562,1,14,1953,27.40623
44562,1,14,1954,27.57036
44562,1,14,1955,27.64218
44562,1,14,1956,27.57072
44562,1,14,1957,27.5335
44562,1,14,1958,27.82544
44562,1,14,1959,27.65546
44562,1,14,1960,27.81162
44562,1,14,1961,27.82749
44562,1,14,1962,27.62785
44562,1,14,1963,27.69284
44562,1,14,1964,27.92517
44562,1,14,1965,27.82881
44562,1,14,1966,27.87925
44562,1,14,1967,27.79473
44562,1,14,1968,27.63893
44562,1,14,1969,27.40257
44562,1,14,1970,27.55587
44562,1,14,1971,27.59097
44562,1,14,1972,27.66942
44562,1,14,1973,27.71345
44562,1,14,1974,27.76623
44562,1,14,1975,27.62318
44562,1,14,1976,27.634
44562,1,14,1977,27.62675
44562,1,14,1978,27.60785
44562,1,14,1979,27.58577
44562,1,14,1980,27.59463
44562,1,14,1981,27.75052
44562,1,14,1982,27.89971
44562,1,14,1983,27.82425
44562,1,14,1984,27.77364
44562,1,14,1985,27.98294
44562,1,14,1986,28.49009
44562,1,14,1987,28.57285
44562,1,14,1988,28.67223
44562,1,14,1989,28.66047
44562,1,14,1990,28.62922
44562,1,14,1991,28.64928
44562,1,14,1992,28.48181
44562,1,14,1993,28.00352
44562,1,14,1994,27.74709
44562,1,14,1995,27.89797
44562,1,14,1996,28.32675
44562,1,14,1997,28.7377
44562,1,14,1998,29.0056
44562,1,14,1999,28.88599
44562,1,14,2000,28.95807
44562,1,14,2001,29.05967
44562,1,14,2002,29.02005
44562,1,14,2003,29.08363
44562,1,14,2004,29.40182
44562,1,14,2005,29.43002
44562,1,14,2006,30.02572
44562,1,14,2007,30.34913
44562,1,14,2008,30.49982
44562,1,14,2009,30.95487
44562,1,14,2010,31.16563
44562,1,14,2011,31.62119
44562,1,14,2012,31.87277
44562,1,14,2013,32.14353
44562,1,14,2014,32.32782
44562,1,14,2015,32.25557
44562,1,14,2016,32.51762
44562,1,14,2017,32.88003
44562,1,14,2018,33.20842
44562,1,14,2019,33.43847
44562,2,14,1950,30.97713
44562,2,14,1951,30.91509
44562,2,14,1952,31.19797
44562,2,14,1953,31.38532
44562,2,14,1954,31.55497
44562,2,14,1955,31.72396
44562,2,14,1956,31.7274
44562,2,14,1957,31.80015
44562,2,14,1958,32.1023
44562,2,14,1959,32.01335
44562,2,14,1960,32.25785
44562,2,14,1961,32.34641
44562,2,14,1962,32.23429
44562,2,14,1963,32.38899
44562,2,14,1964,32.69591
44562,2,14,1965,32.68416
44562,2,14,1966,32.76428
44562,2,14,1967,32.74539
44562,2,14,1968,32.64727
44562,2,14,1969,32.52629
44562,2,14,1970,32.68394
44562,2,14,1971,32.81259
44562,2,14,1972,32.90251
44562,2,14,1973,32.99323
44562,2,14,1974,33.11785
44562,2,14,1975,33.10312
44562,2,14,1976,33.17935
44562,2,14,1977,33.3201
44562,2,14,1978,33.37428
44562,2,14,1979,33.4027
44562,2,14,1980,33.45063
44562,2,14,1981,33.60781
44562,2,14,1982,33.76141
44562,2,14,1983,33.73322
44562,2,14,1984,33.73553
44562,2,14,1985,33.82512
44562,2,14,1986,34.16289
44562,2,14,1987,34.2683
44562,2,14,1988,34.39283
44562,2,14,1989,34.48479
44562,2,14,1990,34.55464
44562,2,14,1991,34.58445
44562,2,14,1992,34.57329
44562,2,14,1993,34.25711
44562,2,14,1994,34.14476
44562,2,14,1995,34.29317
44562,2,14,1996,34.57488
44562,2,14,1997,34.79695
44562,2,14,1998,35.00116
44562,2,14,1999,34.93829
44562,2,14,2000,35.07449
44562,2,14,2001,35.20172
44562,2,14,2002,35.21746
44562,2,14,2003,35.27287
44562,2,14,2004,35.58606
44562,2,14,2005,35.655
44562,2,14,2006,36.04717
44562,2,14,2007,36.27087
44562,2,14,2008,36.38335
44562,2,14,2009,36.65108
44562,2,14,2010,36.84526
44562,2,14,2011,37.16176
44562,2,14,2012,37.32902
44562,2,14,2013,37.51519
44562,2,14,2014,37.67536
44562,2,14,2015,37.64916
44562,2,14,2016,37.83509
44562,2,14,2017,38.07197
44562,2,14,2018,38.2075
44562,2,14,2019,38.35787
44562,3,14,1950,29.12273
44562,3,14,1951,29.0298
44562,3,14,1952,29.337
44562,3,14,1953,29.49237
44562,3,14,1954,29.6779
44562,3,14,1955,29.78337
44562,3,14,1956,29.76013
44562,3,14,1957,29.78572
44562,3,14,1958,30.12189
44562,3,14,1959,30.02795
44562,3,14,1960,30.239
44562,3,14,1961,30.29289
44562,3,14,1962,30.1361
44562,3,14,1963,30.25102
44562,3,14,1964,30.53013
44562,3,14,1965,30.47547
44562,3,14,1966,30.54597
44562,3,14,1967,30.49209
44562,3,14,1968,30.36401
44562,3,14,1969,30.18177
44562,3,14,1970,30.34037
44562,3,14,1971,30.42332
44562,3,14,1972,30.51338
44562,3,14,1973,30.58044
44562,3,14,1974,30.66812
44562,3,14,1975,30.585
44562,3,14,1976,30.626
44562,3,14,1977,30.69218
44562,3,14,1978,30.70589
44562,3,14,1979,30.7046
44562,3,14,1980,30.72852
44562,3,14,1981,30.88619
44562,3,14,1982,31.03605
44562,3,14,1983,30.97506
44562,3,14,1984,30.94448
44562,3,14,1985,31.08962
44562,3,14,1986,31.52265
44562,3,14,1987,31.6146
44562,3,14,1988,31.72164
44562,3,14,1989,31.75024
44562,3,14,1990,31.75303
44562,3,14,1991,31.77024
44562,3,14,1992,31.66248
44562,3,14,1993,31.24161
44562,3,14,1994,31.03719
44562,3,14,1995,31.18389
44562,3,14,1996,31.54592
44562,3,14,1997,31.87731
44562,3,14,1998,32.11658
44562,3,14,1999,32.00899
44562,3,14,2000,32.09985
44562,3,14,2001,32.20833
44562,3,14,2002,32.19088
44562,3,14,2003,32.24851
44562,3,14,2004,32.56641
44562,3,14,2005,32.60508
44562,3,14,2006,33.11368
44562,3,14,2007,33.38872
44562,3,14,2008,33.522
44562,3,14,2009,33.89467
44562,3,14,2010,34.09231
44562,3,14,2011,34.48131
44562,3,14,2012,34.68695
44562,3,14,2013,34.91441
44562,3,14,2014,35.08381
44562,3,14,2015,35.02939
44562,3,14,2016,35.25429
44562,3,14,2017,35.54976
44562,3,14,2018,35.73889
44562,3,14,2019,35.89748
44563,1,14,1950,21.5526
44563,1,14,1951,21.67041
44563,1,14,1952,21.75242
44563,1,14,1953,21.91952
44563,1,14,1954,22.02159
44563,1,14,1955,22.04228
44563,1,14,1956,22.15246
44563,1,14,1957,22.21025
44563,1,14,1958,22.31587
44563,1,14,1959,22.40946
44563,1,14,1960,22.31676
44563,1,14,1961,22.48411
44563,1,14,1962,22.6083
44563,1,14,1963,22.8714
44563,1,14,1964,22.91908
44563,1,14,1965,22.99137
44563,1,14,1966,23.0581
44563,1,14,1967,23.1565
44563,1,14,1968,23.21929
44563,1,14,1969,23.36576
44563,1,14,1970,23.56347
44563,1,14,1971,23.66671
44563,1,14,1972,23.67854
44563,1,14,1973,23.96512
44563,1,14,1974,24.11137
44563,1,14,1975,24.24779
44563,1,14,1976,24.4228
44563,1,14,1977,24.57462
44563,1,14,1978,24.75274
44563,1,14,1979,24.81268
44563,1,14,1980,24.93041
44563,1,14,1981,25.02799
44563,1,14,1982,25.15235
44563,1,14,1983,25.22477
44563,1,14,1984,25.25221
44563,1,14,1985,25.39631
44563,1,14,1986,25.40226
44563,1,14,1987,25.41699
44563,1,14,1988,25.36999
44563,1,14,1989,25.32741
44563,1,14,1990,25.26566
44563,1,14,1991,25.22659
44563,1,14,1992,25.10471
44563,1,14,1993,24.99832
44563,1,14,1994,24.51099
44563,1,14,1995,24.69012
44563,1,14,1996,24.45693
44563,1,14,1997,24.39277
44563,1,14,1998,24.32369
44563,1,14,1999,24.2934
44563,1,14,2000,24.27948
44563,1,14,2001,24.42949
44563,1,14,2002,24.5145
44563,1,14,2003,24.58271
44563,1,14,2004,24.68628
44563,1,14,2005,24.89736
44563,1,14,2006,25.14865
44563,1,14,2007,25.41006
44563,1,14,2008,25.77119
44563,1,14,2009,25.99532
44563,1,14,2010,26.26495
44563,1,14,2011,26.51693
44563,1,14,2012,26.72971
44563,1,14,2013,26.99911
44563,1,14,2014,27.24602
44563,1,14,2015,27.48993
44563,1,14,2016,27.72824
44563,1,14,2017,27.96298
44563,1,14,2018,28.26495
44563,1,14,2019,28.4779
44563,2,14,1950,25.56571
44563,2,14,1951,25.55512
44563,2,14,1952,25.65189
44563,2,14,1953,25.72701
44563,2,14,1954,25.76121
44563,2,14,1955,25.85011
44563,2,14,1956,25.91605
44563,2,14,1957,25.91753
44563,2,14,1958,25.99015
44563,2,14,1959,26.11522
44563,2,14,1960,25.81786
44563,2,14,1961,26.0827
44563,2,14,1962,26.2368
44563,2,14,1963,26.31644
44563,2,14,1964,26.43007
44563,2,14,1965,26.48536
44563,2,14,1966,26.56416
44563,2,14,1967,26.59376
44563,2,14,1968,26.60261
44563,2,14,1969,26.72326
44563,2,14,1970,26.81058
44563,2,14,1971,26.95387
44563,2,14,1972,27.05306
44563,2,14,1973,27.24698
44563,2,14,1974,27.33165
44563,2,14,1975,27.46736
44563,2,14,1976,27.57803
44563,2,14,1977,27.70085
44563,2,14,1978,27.72111
44563,2,14,1979,27.86631
44563,2,14,1980,27.89544
44563,2,14,1981,27.97059
44563,2,14,1982,28.0422
44563,2,14,1983,28.07131
44563,2,14,1984,28.09563
44563,2,14,1985,28.37035
44563,2,14,1986,28.3686
44563,2,14,1987,28.40998
44563,2,14,1988,28.4753
44563,2,14,1989,28.47187
44563,2,14,1990,28.48991
44563,2,14,1991,28.48614
44563,2,14,1992,28.39469
44563,2,14,1993,28.33788
44563,2,14,1994,27.78814
44563,2,14,1995,28.11489
44563,2,14,1996,27.93599
44563,2,14,1997,27.7547
44563,2,14,1998,27.67333
44563,2,14,1999,27.68437
44563,2,14,2000,27.5809
44563,2,14,2001,27.7187
44563,2,14,2002,27.7754
44563,2,14,2003,27.81762
44563,2,14,2004,28.01275
44563,2,14,2005,28.18818
44563,2,14,2006,28.43854
44563,2,14,2007,28.80695
44563,2,14,2008,29.08393
44563,2,14,2009,29.39711
44563,2,14,2010,29.58607
44563,2,14,2011,29.92342
44563,2,14,2012,30.14134
44563,2,14,2013,30.45121
44563,2,14,2014,30.58958
44563,2,14,2015,30.82002
44563,2,14,2016,30.9917
44563,2,14,2017,31.16299
44563,2,14,2018,31.50634
44563,2,14,2019,31.65711
44563,3,14,1950,23.28552
44563,3,14,1951,23.43543
44563,3,14,1952,23.48073
44563,3,14,1953,23.60708
44563,3,14,1954,23.6757
44563,3,14,1955,23.78466
44563,3,14,1956,23.832
44563,3,14,1957,23.8693
44563,3,14,1958,23.9464
44563,3,14,1959,24.09104
44563,3,14,1960,23.89167
44563,3,14,1961,24.10115
44563,3,14,1962,24.24098
44563,3,14,1963,24.38031
44563,3,14,1964,24.48351
44563,3,14,1965,24.57588
44563,3,14,1966,24.68041
44563,3,14,1967,24.72917
44563,3,14,1968,24.73194
44563,3,14,1969,24.86268
44563,3,14,1970,25.06566
44563,3,14,1971,25.14548
44563,3,14,1972,25.17838
44563,3,14,1973,25.41636
44563,3,14,1974,25.56078
44563,3,14,1975,25.70157
44563,3,14,1976,25.86956
44563,3,14,1977,25.95676
44563,3,14,1978,26.09861
44563,3,14,1979,26.20327
44563,3,14,1980,26.24659
44563,3,14,1981,26.32521
44563,3,14,1982,26.45686
44563,3,14,1983,26.48182
44563,3,14,1984,26.49629
44563,3,14,1985,26.70326
44563,3,14,1986,26.69964
44563,3,14,1987,26.75589
44563,3,14,1988,26.76404
44563,3,14,1989,26.72778
44563,3,14,1990,26.68423
44563,3,14,1991,26.659
44563,3,14,1992,26.55446
44563,3,14,1993,26.47821
44563,3,14,1994,25.97721
44563,3,14,1995,26.24084
44563,3,14,1996,26.04352
44563,3,14,1997,25.8944
44563,3,14,1998,25.78489
44563,3,14,1999,25.81748
44563,3,14,2000,25.79291
44563,3,14,2001,25.8815
44563,3,14,2002,25.9625
44563,3,14,2003,26.02999
44563,3,14,2004,26.18859
44563,3,14,2005,26.40208
44563,3,14,2006,26.63796
44563,3,14,2007,26.98921
44563,3,14,2008,27.30846
44563,3,14,2009,27.5774
44563,3,14,2010,27.82197
44563,3,14,2011,28.09096
44563,3,14,2012,28.35464
44563,3,14,2013,28.5936
44563,3,14,2014,28.79722
44563,3,14,2015,29.04533
44563,3,14,2016,29.2802
44563,3,14,2017,29.46767
44563,3,14,2018,29.82225
44563,3,14,2019,29.98043
44564,1,14,1950,25.78776
44564,1,14,1951,25.86657
44564,1,14,1952,26.05064
44564,1,14,1953,26.19517
44564,1,14,1954,26.5457
44564,1,14,1955,26.56073
44564,1,14,1956,26.57815
44564,1,14,1957,26.49903
44564,1,14,1958,26.66498
44564,1,14,1959,26.74024
44564,1,14,1960,26.76493
44564,1,14,1961,26.95749
44564,1,14,1962,26.93495
44564,1,14,1963,26.8633
44564,1,14,1964,27.01184
44564,1,14,1965,27.02842
44564,1,14,1966,27.03932
44564,1,14,1967,27.12204
44564,1,14,1968,27.02601
44564,1,14,1969,27.13046
44564,1,14,1970,27.26687
44564,1,14,1971,27.56754
44564,1,14,1972,27.57563
44564,1,14,1973,27.70257
44564,1,14,1974,27.96687
44564,1,14,1975,28.27871
44564,1,14,1976,28.40594
44564,1,14,1977,28.59688
44564,1,14,1978,28.82515
44564,1,14,1979,28.95555
44564,1,14,1980,28.99377
44564,1,14,1981,29.16891
44564,1,14,1982,29.36194
44564,1,14,1983,29.37263
44564,1,14,1984,29.44059
44564,1,14,1985,29.49019
44564,1,14,1986,29.72326
44564,1,14,1987,29.87851
44564,1,14,1988,29.97243
44564,1,14,1989,30.2015
44564,1,14,1990,30.44575
44564,1,14,1991,30.63222
44564,1,14,1992,30.75945
44564,1,14,1993,30.74702
44564,1,14,1994,30.89577
44564,1,14,1995,31.01728
44564,1,14,1996,31.22725
44564,1,14,1997,31.49064
44564,1,14,1998,31.56025
44564,1,14,1999,31.66371
44564,1,14,2000,31.88633
44564,1,14,2001,32.03244
44564,1,14,2002,32.0804
44564,1,14,2003,32.23229
44564,1,14,2004,32.497
44564,1,14,2005,32.67266
44564,1,14,2006,32.85946
44564,1,14,2007,33.05022
44564,1,14,2008,33.12468
44564,1,14,2009,33.21594
44564,1,14,2010,33.27465
44564,1,14,2011,33.53245
44564,1,14,2012,33.62286
44564,1,14,2013,33.675
44564,1,14,2014,33.78528
44564,1,14,2015,33.83495
44564,1,14,2016,33.83279
44564,1,14,2017,33.95941
44564,1,14,2018,34.02898
44564,1,14,2019,34.14349
44564,2,14,1950,29.79374
44564,2,14,1951,29.93229
44564,2,14,1952,30.17779
44564,2,14,1953,30.35094
44564,2,14,1954,30.75715
44564,2,14,1955,30.86951
44564,2,14,1956,30.93453
44564,2,14,1957,30.87718
44564,2,14,1958,31.09094
44564,2,14,1959,31.202
44564,2,14,1960,31.32951
44564,2,14,1961,31.55177
44564,2,14,1962,31.57475
44564,2,14,1963,31.56403
44564,2,14,1964,31.75678
44564,2,14,1965,31.84586
44564,2,14,1966,31.92757
44564,2,14,1967,32.07586
44564,2,14,1968,32.0485
44564,2,14,1969,32.1944
44564,2,14,1970,32.36551
44564,2,14,1971,32.65283
44564,2,14,1972,32.72881
44564,2,14,1973,32.85766
44564,2,14,1974,33.17436
44564,2,14,1975,33.46752
44564,2,14,1976,33.60381
44564,2,14,1977,33.90284
44564,2,14,1978,34.05734
44564,2,14,1979,34.19411
44564,2,14,1980,34.20786
44564,2,14,1981,34.30377
44564,2,14,1982,34.49023
44564,2,14,1983,34.46583
44564,2,14,1984,34.48569
44564,2,14,1985,34.49149
44564,2,14,1986,34.67168
44564,2,14,1987,34.77354
44564,2,14,1988,34.84978
44564,2,14,1989,35.07709
44564,2,14,1990,35.29185
44564,2,14,1991,35.43856
44564,2,14,1992,35.5192
44564,2,14,1993,35.46356
44564,2,14,1994,35.52087
44564,2,14,1995,35.54919
44564,2,14,1996,35.66085
44564,2,14,1997,35.80035
44564,2,14,1998,35.85754
44564,2,14,1999,35.89002
44564,2,14,2000,36.04798
44564,2,14,2001,36.14529
44564,2,14,2002,36.22026
44564,2,14,2003,36.3206
44564,2,14,2004,36.53058
44564,2,14,2005,36.67447
44564,2,14,2006,36.86332
44564,2,14,2007,37.02942
44564,2,14,2008,37.13213
44564,2,14,2009,37.20217
44564,2,14,2010,37.22224
44564,2,14,2011,37.40968
44564,2,14,2012,37.49966
44564,2,14,2013,37.53548
44564,2,14,2014,37.56925
44564,2,14,2015,37.62496
44564,2,14,2016,37.68518
44564,2,14,2017,37.86729
44564,2,14,2018,38.01453
44564,2,14,2019,38.02796
44564,3,14,1950,27.65883
44564,3,14,1951,27.76683
44564,3,14,1952,27.98222
44564,3,14,1953,28.14245
44564,3,14,1954,28.52227
44564,3,14,1955,28.57571
44564,3,14,1956,28.6171
44564,3,14,1957,28.55302
44564,3,14,1958,28.74617
44564,3,14,1959,28.84238
44564,3,14,1960,28.91399
44564,3,14,1961,29.12912
44564,3,14,1962,29.1323
44564,3,14,1963,29.09186
44564,3,14,1964,29.27287
44564,3,14,1965,29.32504
44564,3,14,1966,29.37483
44564,3,14,1967,29.49587
44564,3,14,1968,29.431
44564,3,14,1969,29.56546
44564,3,14,1970,29.72753
44564,3,14,1971,30.02873
44564,3,14,1972,30.08121
44564,3,14,1973,30.21769
44564,3,14,1974,30.51617
44564,3,14,1975,30.82254
44564,3,14,1976,30.9625
44564,3,14,1977,31.2208
44564,3,14,1978,31.42248
44564,3,14,1979,31.57221
44564,3,14,1980,31.59652
44564,3,14,1981,31.73999
44564,3,14,1982,31.932
44564,3,14,1983,31.93141
44564,3,14,1984,31.97245
44564,3,14,1985,32.00529
44564,3,14,1986,32.21981
44564,3,14,1987,32.35109
44564,3,14,1988,32.4379
44564,3,14,1989,32.67013
44564,3,14,1990,32.90791
44564,3,14,1991,33.07422
44564,3,14,1992,33.1803
44564,3,14,1993,33.14455
44564,3,14,1994,33.25164
44564,3,14,1995,33.32859
44564,3,14,1996,33.48763
44564,3,14,1997,33.69376
44564,3,14,1998,33.75457
44564,3,14,1999,33.82201
44564,3,14,2000,34.01718
44564,3,14,2001,34.13276
44564,3,14,2002,34.19539
44564,3,14,2003,34.32064
44564,3,14,2004,34.55549
44564,3,14,2005,34.71504
44564,3,14,2006,34.90574
44564,3,14,2007,35.08266
44564,3,14,2008,35.16661
44564,3,14,2009,35.24736
44564,3,14,2010,35.29062
44564,3,14,2011,35.51332
44564,3,14,2012,35.60125
44564,3,14,2013,35.64193
44564,3,14,2014,35.71372
44564,3,14,2015,35.77087
44564,3,14,2016,35.80019
44564,3,14,2017,35.95637
44564,3,14,2018,36.05675
44564,3,14,2019,36.08809
44565,1,14,1950,21.57127
44565,1,14,1951,21.83858
44565,1,14,1952,22.03575
44565,1,14,1953,22.22042
44565,1,14,1954,22.35298
44565,1,14,1955,22.56913
44565,1,14,1956,22.80591
44565,1,14,1957,22.84766
44565,1,14,1958,22.81845
44565,1,14,1959,23.1052
44565,1,14,1960,23.04635
44565,1,14,1961,23.25743
44565,1,14,1962,23.40304
44565,1,14,1963,23.43009
44565,1,14,1964,23.62821
44565,1,14,1965,23.58544
44565,1,14,1966,23.64165
44565,1,14,1967,23.74421
44565,1,14,1968,23.9401
44565,1,14,1969,24.05819
44565,1,14,1970,23.92494
44565,1,14,1971,24.00966
44565,1,14,1972,24.0717
44565,1,14,1973,24.25055
44565,1,14,1974,24.31442
44565,1,14,1975,24.32482
44565,1,14,1976,24.35893
44565,1,14,1977,24.66418
44565,1,14,1978,24.95342
44565,1,14,1979,25.38139
44565,1,14,1980,25.36883
44565,1,14,1981,25.31013
44565,1,14,1982,25.80928
44565,1,14,1983,25.81374
44565,1,14,1984,25.85886
44565,1,14,1985,25.92811
44565,1,14,1986,26.13292
44565,1,14,1987,26.29903
44565,1,14,1988,26.25643
44565,1,14,1989,26.38418
44565,1,14,1990,26.52363
44565,1,14,1991,26.53841
44565,1,14,1992,26.71175
44565,1,14,1993,26.8851
44565,1,14,1994,27.14712
44565,1,14,1995,27.2794
44565,1,14,1996,27.38529
44565,1,14,1997,27.17041
44565,1,14,1998,27.28698
44565,1,14,1999,27.64216
44565,1,14,2000,27.67398
44565,1,14,2001,27.83326
44565,1,14,2002,28.03512
44565,1,14,2003,28.2934
44565,1,14,2004,28.64866
44565,1,14,2005,28.85483
44565,1,14,2006,28.78256
44565,1,14,2007,28.78975
44565,1,14,2008,28.7644
44565,1,14,2009,29.13404
44565,1,14,2010,29.33472
44565,1,14,2011,29.54433
44565,1,14,2012,29.71107
44565,1,14,2013,29.82719
44565,1,14,2014,30.10082
44565,1,14,2015,30.33901
44565,1,14,2016,30.58929
44565,1,14,2017,30.94508
44565,1,14,2018,31.28552
44565,1,14,2019,31.64614
44565,2,14,1950,24.27109
44565,2,14,1951,24.48438
44565,2,14,1952,24.6282
44565,2,14,1953,24.67235
44565,2,14,1954,24.85367
44565,2,14,1955,24.95983
44565,2,14,1956,24.99935
44565,2,14,1957,25.11323
44565,2,14,1958,25.21476
44565,2,14,1959,25.3474
44565,2,14,1960,25.38476
44565,2,14,1961,25.51498
44565,2,14,1962,25.49287
44565,2,14,1963,25.59237
44565,2,14,1964,25.73306
44565,2,14,1965,25.49557
44565,2,14,1966,25.54524
44565,2,14,1967,25.62741
44565,2,14,1968,25.71473
44565,2,14,1969,25.82412
44565,2,14,1970,25.67294
44565,2,14,1971,25.64893
44565,2,14,1972,25.70341
44565,2,14,1973,26.14219
44565,2,14,1974,26.29929
44565,2,14,1975,26.28223
44565,2,14,1976,26.66465
44565,2,14,1977,26.67665
44565,2,14,1978,27.03553
44565,2,14,1979,27.53312
44565,2,14,1980,27.79052
44565,2,14,1981,27.9343
44565,2,14,1982,28.06451
44565,2,14,1983,28.05685
44565,2,14,1984,28.11217
44565,2,14,1985,28.13513
44565,2,14,1986,28.34206
44565,2,14,1987,28.46467
44565,2,14,1988,28.62833
44565,2,14,1989,28.84803
44565,2,14,1990,29.00797
44565,2,14,1991,29.04251
44565,2,14,1992,29.03659
44565,2,14,1993,29.30899
44565,2,14,1994,29.57964
44565,2,14,1995,29.75857
44565,2,14,1996,29.85854
44565,2,14,1997,29.75197
44565,2,14,1998,29.8286
44565,2,14,1999,30.03191
44565,2,14,2000,30.22118
44565,2,14,2001,30.34426
44565,2,14,2002,30.48653
44565,2,14,2003,30.95233
44565,2,14,2004,31.33168
44565,2,14,2005,31.51403
44565,2,14,2006,31.5119
44565,2,14,2007,31.64195
44565,2,14,2008,31.72783
44565,2,14,2009,32.31
44565,2,14,2010,32.5251
44565,2,14,2011,32.61055
44565,2,14,2012,32.7225
44565,2,14,2013,32.73842
44565,2,14,2014,32.90068
44565,2,14,2015,32.84636
44565,2,14,2016,33.0931
44565,2,14,2017,33.47252
44565,2,14,2018,33.72617
44565,2,14,2019,34.11836
44565,3,14,1950,22.43625
44565,3,14,1951,22.56381
44565,3,14,1952,22.78508
44565,3,14,1953,22.97289
44565,3,14,1954,23.10687
44565,3,14,1955,23.30264
44565,3,14,1956,23.4282
44565,3,14,1957,23.48442
44565,3,14,1958,23.4762
44565,3,14,1959,23.69216
44565,3,14,1960,23.70982
44565,3,14,1961,23.78076
44565,3,14,1962,23.93533
44565,3,14,1963,24.04003
44565,3,14,1964,24.23017
44565,3,14,1965,24.17583
44565,3,14,1966,24.1698
44565,3,14,1967,24.32833
44565,3,14,1968,24.47685
44565,3,14,1969,24.53612
44565,3,14,1970,24.43098
44565,3,14,1971,24.4919
44565,3,14,1972,24.6409
44565,3,14,1973,24.98768
44565,3,14,1974,25.07974
44565,3,14,1975,25.10606
44565,3,14,1976,25.26893
44565,3,14,1977,25.45344
44565,3,14,1978,25.81205
44565,3,14,1979,26.2338
44565,3,14,1980,26.33392
44565,3,14,1981,26.37672
44565,3,14,1982,26.75095
44565,3,14,1983,26.7581
44565,3,14,1984,26.7671
44565,3,14,1985,26.84993
44565,3,14,1986,27.04378
44565,3,14,1987,27.18997
44565,3,14,1988,27.21207
44565,3,14,1989,27.41043
44565,3,14,1990,27.52656
44565,3,14,1991,27.5637
44565,3,14,1992,27.65873
44565,3,14,1993,27.88663
44565,3,14,1994,28.16051
44565,3,14,1995,28.31933
44565,3,14,1996,28.42786
44565,3,14,1997,28.24199
44565,3,14,1998,28.35051
44565,3,14,1999,28.63638
44565,3,14,2000,28.76234
44565,3,14,2001,28.91275
44565,3,14,2002,29.06412
44565,3,14,2003,29.43518
44565,3,14,2004,29.81247
44565,3,14,2005,29.99529
44565,3,14,2006,29.97055
44565,3,14,2007,30.05013
44565,3,14,2008,30.04641
44565,3,14,2009,30.51663
44565,3,14,2010,30.73822
44565,3,14,2011,30.85766
44565,3,14,2012,31.04416
44565,3,14,2013,31.12201
44565,3,14,2014,31.29386
44565,3,14,2015,31.40171
44565,3,14,2016,31.63221
44565,3,14,2017,31.92672
44565,3,14,2018,32.19857
44565,3,14,2019,32.49189
44566,1,14,1950,27.01329
44566,1,14,1951,26.86362
44566,1,14,1952,27.17418
44566,1,14,1953,27.31732
44566,1,14,1954,27.49741
44566,1,14,1955,27.55588
44566,1,14,1956,27.49265
44566,1,14,1957,27.46358
44566,1,14,1958,27.74716
44566,1,14,1959,27.59279
44566,1,14,1960,27.75698
44566,1,14,1961,27.78235
44566,1,14,1962,27.6016
44566,1,14,1963,27.6599
44566,1,14,1964,27.88402
44566,1,14,1965,27.79516
44566,1,14,1966,27.83968
44566,1,14,1967,27.75055
44566,1,14,1968,27.59002
44566,1,14,1969,27.35374
44566,1,14,1970,27.50838
44566,1,14,1971,27.55288
44566,1,14,1972,27.64489
44566,1,14,1973,27.6826
44566,1,14,1974,27.73522
44566,1,14,1975,27.60349
44566,1,14,1976,27.61207
44566,1,14,1977,27.59772
44566,1,14,1978,27.56671
44566,1,14,1979,27.55584
44566,1,14,1980,27.5751
44566,1,14,1981,27.72812
44566,1,14,1982,27.87221
44566,1,14,1983,27.79578
44566,1,14,1984,27.7451
44566,1,14,1985,27.95637
44566,1,14,1986,28.47283
44566,1,14,1987,28.55345
44566,1,14,1988,28.6417
44566,1,14,1989,28.62408
44566,1,14,1990,28.59335
44566,1,14,1991,28.60013
44566,1,14,1992,28.42066
44566,1,14,1993,27.92856
44566,1,14,1994,27.66
44566,1,14,1995,27.7908
44566,1,14,1996,28.19472
44566,1,14,1997,28.59427
44566,1,14,1998,28.8591
44566,1,14,1999,28.76041
44566,1,14,2000,28.82198
44566,1,14,2001,28.91679
44566,1,14,2002,28.86925
44566,1,14,2003,28.92056
44566,1,14,2004,29.22423
44566,1,14,2005,29.24072
44566,1,14,2006,29.82071
44566,1,14,2007,30.13929
44566,1,14,2008,30.30137
44566,1,14,2009,30.75848
44566,1,14,2010,30.96496
44566,1,14,2011,31.40336
44566,1,14,2012,31.64694
44566,1,14,2013,31.91739
44566,1,14,2014,32.09679
44566,1,14,2015,32.03615
44566,1,14,2016,32.2969
44566,1,14,2017,32.65506
44566,1,14,2018,32.97528
44566,1,14,2019,33.19922
44566,2,14,1950,30.9411
44566,2,14,1951,30.8783
44566,2,14,1952,31.15509
44566,2,14,1953,31.32527
44566,2,14,1954,31.49612
44566,2,14,1955,31.65861
44566,2,14,1956,31.65538
44566,2,14,1957,31.73037
44566,2,14,1958,32.0274
44566,2,14,1959,31.94771
44566,2,14,1960,32.20305
44566,2,14,1961,32.2994
44566,2,14,1962,32.19597
44566,2,14,1963,32.35755
44566,2,14,1964,32.65511
44566,2,14,1965,32.64283
44566,2,14,1966,32.72103
44566,2,14,1967,32.69678
44566,2,14,1968,32.59483
44566,2,14,1969,32.4719
44566,2,14,1970,32.63255
44566,2,14,1971,32.76711
44566,2,14,1972,32.86168
44566,2,14,1973,32.95515
44566,2,14,1974,33.08065
44566,2,14,1975,33.06516
44566,2,14,1976,33.13889
44566,2,14,1977,33.26731
44566,2,14,1978,33.31204
44566,2,14,1979,33.34896
44566,2,14,1980,33.41078
44566,2,14,1981,33.5665
44566,2,14,1982,33.7225
44566,2,14,1983,33.68969
44566,2,14,1984,33.68737
44566,2,14,1985,33.77486
44566,2,14,1986,34.11465
44566,2,14,1987,34.21646
44566,2,14,1988,34.33355
44566,2,14,1989,34.42346
44566,2,14,1990,34.49461
44566,2,14,1991,34.51065
44566,2,14,1992,34.47685
44566,2,14,1993,34.14226
44566,2,14,1994,34.01243
44566,2,14,1995,34.14693
44566,2,14,1996,34.4173
44566,2,14,1997,34.63381
44566,2,14,1998,34.83301
44566,2,14,1999,34.77915
44566,2,14,2000,34.90425
44566,2,14,2001,35.0243
44566,2,14,2002,35.03152
44566,2,14,2003,35.07793
44566,2,14,2004,35.37566
44566,2,14,2005,35.43439
44566,2,14,2006,35.8192
44566,2,14,2007,36.04698
44566,2,14,2008,36.16533
44566,2,14,2009,36.43695
44566,2,14,2010,36.629
44566,2,14,2011,36.93056
44566,2,14,2012,37.0946
44566,2,14,2013,37.28444
44566,2,14,2014,37.44367
44566,2,14,2015,37.4222
44566,2,14,2016,37.60412
44566,2,14,2017,37.84015
44566,2,14,2018,37.97991
44566,2,14,2019,38.12031
44566,3,14,1950,29.06585
44566,3,14,1951,28.97162
44566,3,14,1952,29.28779
44566,3,14,1953,29.4313
44566,3,14,1954,29.6057
44566,3,14,1955,29.71244
44566,3,14,1956,29.6933
44566,3,14,1957,29.716
44566,3,14,1958,30.04776
44566,3,14,1959,29.96135
44566,3,14,1960,30.18294
44566,3,14,1961,30.25019
44566,3,14,1962,30.10752
44566,3,14,1963,30.21699
44566,3,14,1964,30.48874
44566,3,14,1965,30.43841
44566,3,14,1966,30.50368
44566,3,14,1967,30.4487
44566,3,14,1968,30.31452
44566,3,14,1969,30.12944
44566,3,14,1970,30.28931
44566,3,14,1971,30.3854
44566,3,14,1972,30.48223
44566,3,14,1973,30.55323
44566,3,14,1974,30.63677
44566,3,14,1975,30.56015
44566,3,14,1976,30.59713
44566,3,14,1977,30.65705
44566,3,14,1978,30.65589
44566,3,14,1979,30.66282
44566,3,14,1980,30.70192
44566,3,14,1981,30.85717
44566,3,14,1982,31.00419
44566,3,14,1983,30.94026
44566,3,14,1984,30.90738
44566,3,14,1985,31.05362
44566,3,14,1986,31.49153
44566,3,14,1987,31.57889
44566,3,14,1988,31.67753
44566,3,14,1989,31.70216
44566,3,14,1990,31.70569
44566,3,14,1991,31.70984
44566,3,14,1992,31.58411
44566,3,14,1993,31.14613
44566,3,14,1994,30.92542
44566,3,14,1995,31.05512
44566,3,14,1996,31.39873
44566,3,14,1997,31.72268
44566,3,14,1998,31.95727
44566,3,14,1999,31.8653
44566,3,14,2000,31.94769
44566,3,14,2001,32.04631
44566,3,14,2002,32.0204
44566,3,14,2003,32.06556
44566,3,14,2004,32.36914
44566,3,14,2005,32.39721
44566,3,14,2006,32.89526
44566,3,14,2007,33.16918
44566,3,14,2008,33.31088
44566,3,14,2009,33.688
44566,3,14,2010,33.88295
44566,3,14,2011,34.25304
44566,3,14,2012,34.45564
44566,3,14,2013,34.68522
44566,3,14,2014,34.851
44566,3,14,2015,34.80627
44566,3,14,2016,35.02775
44566,3,14,2017,35.32042
44566,3,14,2018,35.51792
44566,3,14,2019,35.67465
44567,1,14,1950,23.39517
44567,1,14,1951,23.55411
44567,1,14,1952,23.75536
44567,1,14,1953,24.01813
44567,1,14,1954,24.12826
44567,1,14,1955,24.25232
44567,1,14,1956,24.50828
44567,1,14,1957,24.63706
44567,1,14,1958,24.8084
44567,1,14,1959,24.8966
44567,1,14,1960,25.06733
44567,1,14,1961,25.34486
44567,1,14,1962,25.36756
44567,1,14,1963,25.62566
44567,1,14,1964,25.93069
44567,1,14,1965,26.11211
44567,1,14,1966,26.2638
44567,1,14,1967,26.44013
44567,1,14,1968,26.45605
44567,1,14,1969,26.64672
44567,1,14,1970,26.74399
44567,1,14,1971,26.68241
44567,1,14,1972,27.20399
44567,1,14,1973,27.28597
44567,1,14,1974,27.44944
44567,1,14,1975,27.58656
44567,1,14,1976,27.61709
44567,1,14,1977,27.783
44567,1,14,1978,27.77768
44567,1,14,1979,27.94064
44567,1,14,1980,27.82746
44567,1,14,1981,27.77274
44567,1,14,1982,27.57869
44567,1,14,1983,27.62241
44567,1,14,1984,27.6853
44567,1,14,1985,27.48132
44567,1,14,1986,27.37607
44567,1,14,1987,27.64965
44567,1,14,1988,27.81907
44567,1,14,1989,28.11486
44567,1,14,1990,28.06724
44567,1,14,1991,28.15766
44567,1,14,1992,28.21812
44567,1,14,1993,28.16713
44567,1,14,1994,28.10489
44567,1,14,1995,28.13167
44567,1,14,1996,28.21859
44567,1,14,1997,28.15462
44567,1,14,1998,28.28963
44567,1,14,1999,28.37507
44567,1,14,2000,28.5053
44567,1,14,2001,28.58408
44567,1,14,2002,28.64481
44567,1,14,2003,28.59911
44567,1,14,2004,28.79273
44567,1,14,2005,28.84823
44567,1,14,2006,29.0582
44567,1,14,2007,29.38027
44567,1,14,2008,29.53343
44567,1,14,2009,29.69559
44567,1,14,2010,29.90048
44567,1,14,2011,30.12197
44567,1,14,2012,30.18883
44567,1,14,2013,30.26902
44567,1,14,2014,30.19845
44567,1,14,2015,30.21934
44567,1,14,2016,30.56145
44567,1,14,2017,30.79185
44567,1,14,2018,30.95726
44567,1,14,2019,31.07057
44567,2,14,1950,26.51295
44567,2,14,1951,26.68472
44567,2,14,1952,26.8787
44567,2,14,1953,26.9801
44567,2,14,1954,27.08063
44567,2,14,1955,27.30041
44567,2,14,1956,27.35821
44567,2,14,1957,27.48478
44567,2,14,1958,27.59722
44567,2,14,1959,27.70393
44567,2,14,1960,27.80116
44567,2,14,1961,28.02649
44567,2,14,1962,28.08619
44567,2,14,1963,28.3133
44567,2,14,1964,28.51361
44567,2,14,1965,28.53917
44567,2,14,1966,28.60087
44567,2,14,1967,28.56468
44567,2,14,1968,28.60991
44567,2,14,1969,28.70484
44567,2,14,1970,28.78439
44567,2,14,1971,28.58202
44567,2,14,1972,29.11243
44567,2,14,1973,29.20236
44567,2,14,1974,29.40378
44567,2,14,1975,29.62718
44567,2,14,1976,29.67736
44567,2,14,1977,29.88097
44567,2,14,1978,29.97559
44567,2,14,1979,30.15792
44567,2,14,1980,30.16112
44567,2,14,1981,29.97964
44567,2,14,1982,29.82291
44567,2,14,1983,29.81421
44567,2,14,1984,29.91228
44567,2,14,1985,29.66568
44567,2,14,1986,29.47821
44567,2,14,1987,29.60287
44567,2,14,1988,29.80224
44567,2,14,1989,29.96593
44567,2,14,1990,29.9696
44567,2,14,1991,30.08301
44567,2,14,1992,30.04488
44567,2,14,1993,30.05264
44567,2,14,1994,30.01865
44567,2,14,1995,30.01334
44567,2,14,1996,29.98987
44567,2,14,1997,29.99578
44567,2,14,1998,30.04781
44567,2,14,1999,30.19365
44567,2,14,2000,30.36206
44567,2,14,2001,30.36672
44567,2,14,2002,30.43228
44567,2,14,2003,30.47123
44567,2,14,2004,30.6395
44567,2,14,2005,30.68146
44567,2,14,2006,30.81451
44567,2,14,2007,31.12407
44567,2,14,2008,31.27666
44567,2,14,2009,31.40841
44567,2,14,2010,31.5051
44567,2,14,2011,31.67509
44567,2,14,2012,31.7729
44567,2,14,2013,31.92546
44567,2,14,2014,31.91385
44567,2,14,2015,31.91745
44567,2,14,2016,32.23717
44567,2,14,2017,32.42474
44567,2,14,2018,32.44338
44567,2,14,2019,32.67034
44567,3,14,1950,24.64352
44567,3,14,1951,24.76475
44567,3,14,1952,25.00972
44567,3,14,1953,25.2171
44567,3,14,1954,25.30617
44567,3,14,1955,25.44062
44567,3,14,1956,25.65751
44567,3,14,1957,25.77987
44567,3,14,1958,25.92544
44567,3,14,1959,26.03408
44567,3,14,1960,26.18613
44567,3,14,1961,26.44333
44567,3,14,1962,26.47741
44567,3,14,1963,26.74493
44567,3,14,1964,26.98271
44567,3,14,1965,27.10651
44567,3,14,1966,27.20452
44567,3,14,1967,27.30333
44567,3,14,1968,27.35684
44567,3,14,1969,27.49362
44567,3,14,1970,27.57217
44567,3,14,1971,27.42809
44567,3,14,1972,27.98227
44567,3,14,1973,28.0747
44567,3,14,1974,28.22714
44567,3,14,1975,28.46156
44567,3,14,1976,28.46132
44567,3,14,1977,28.65683
44567,3,14,1978,28.69452
44567,3,14,1979,28.87258
44567,3,14,1980,28.79385
44567,3,14,1981,28.67129
44567,3,14,1982,28.52099
44567,3,14,1983,28.52434
44567,3,14,1984,28.63175
44567,3,14,1985,28.41442
44567,3,14,1986,28.28821
44567,3,14,1987,28.46
44567,3,14,1988,28.68551
44567,3,14,1989,28.90645
44567,3,14,1990,28.89312
44567,3,14,1991,28.9973
44567,3,14,1992,29.00211
44567,3,14,1993,28.94728
44567,3,14,1994,28.9026
44567,3,14,1995,28.92512
44567,3,14,1996,28.95298
44567,3,14,1997,28.94082
44567,3,14,1998,29.03489
44567,3,14,1999,29.13021
44567,3,14,2000,29.29598
44567,3,14,2001,29.35821
44567,3,14,2002,29.40649
44567,3,14,2003,29.39237
44567,3,14,2004,29.58066
44567,3,14,2005,29.60182
44567,3,14,2006,29.79631
44567,3,14,2007,30.12309
44567,3,14,2008,30.26072
44567,3,14,2009,30.37995
44567,3,14,2010,30.53343
44567,3,14,2011,30.70878
44567,3,14,2012,30.76678
44567,3,14,2013,30.91427
44567,3,14,2014,30.8463
44567,3,14,2015,30.89939
44567,3,14,2016,31.1922
44567,3,14,2017,31.48955
44567,3,14,2018,31.51838
44567,3,14,2019,31.72825
44568,1,14,1950,24.11563
44568,1,14,1951,24.46216
44568,1,14,1952,24.77811
44568,1,14,1953,25.00512
44568,1,14,1954,25.26212
44568,1,14,1955,25.43308
44568,1,14,1956,25.57314
44568,1,14,1957,25.73026
44568,1,14,1958,24.74191
44568,1,14,1959,23.33743
44568,1,14,1960,21.02445
44568,1,14,1961,22.21876
44568,1,14,1962,25.5839
44568,1,14,1963,26.56353
44568,1,14,1964,26.80331
44568,1,14,1965,26.94023
44568,1,14,1966,27.22029
44568,1,14,1967,27.44979
44568,1,14,1968,27.53623
44568,1,14,1969,27.58211
44568,1,14,1970,27.76489
44568,1,14,1971,28.04825
44568,1,14,1972,28.21541
44568,1,14,1973,28.43485
44568,1,14,1974,28.37661
44568,1,14,1975,28.30044
44568,1,14,1976,28.17025
44568,1,14,1977,28.39227
44568,1,14,1978,28.51266
44568,1,14,1979,28.55739
44568,1,14,1980,28.67858
44568,1,14,1981,28.81369
44568,1,14,1982,28.95277
44568,1,14,1983,29.06933
44568,1,14,1984,29.29055
44568,1,14,1985,29.42088
44568,1,14,1986,29.64968
44568,1,14,1987,29.59058
44568,1,14,1988,29.6549
44568,1,14,1989,29.67619
44568,1,14,1990,29.86477
44568,1,14,1991,29.90565
44568,1,14,1992,29.98794
44568,1,14,1993,30.10292
44568,1,14,1994,30.17344
44568,1,14,1995,30.14323
44568,1,14,1996,30.25935
44568,1,14,1997,30.43539
44568,1,14,1998,30.56681
44568,1,14,1999,30.60677
44568,1,14,2000,30.66294
44568,1,14,2001,30.78199
44568,1,14,2002,30.90654
44568,1,14,2003,30.97393
44568,1,14,2004,30.95803
44568,1,14,2005,31.06049
44568,1,14,2006,31.48022
44568,1,14,2007,31.74707
44568,1,14,2008,31.80904
44568,1,14,2009,31.89576
44568,1,14,2010,32.03877
44568,1,14,2011,32.16174
44568,1,14,2012,32.35403
44568,1,14,2013,32.63519
44568,1,14,2014,32.95562
44568,1,14,2015,33.22701
44568,1,14,2016,33.49581
44568,1,14,2017,33.77638
44568,1,14,2018,34.01457
44568,1,14,2019,34.25353
44568,2,14,1950,28.35147
44568,2,14,1951,28.57297
44568,2,14,1952,28.84038
44568,2,14,1953,28.98992
44568,2,14,1954,29.1928
44568,2,14,1955,29.40711
44568,2,14,1956,29.41777
44568,2,14,1957,29.54545
44568,2,14,1958,28.44961
44568,2,14,1959,27.18871
44568,2,14,1960,24.95745
44568,2,14,1961,25.28373
44568,2,14,1962,29.23646
44568,2,14,1963,30.27248
44568,2,14,1964,30.43193
44568,2,14,1965,30.59782
44568,2,14,1966,30.73667
44568,2,14,1967,30.83757
44568,2,14,1968,30.91517
44568,2,14,1969,31.01863
44568,2,14,1970,31.11411
44568,2,14,1971,31.26818
44568,2,14,1972,31.34223
44568,2,14,1973,31.4205
44568,2,14,1974,31.31635
44568,2,14,1975,31.25198
44568,2,14,1976,31.20399
44568,2,14,1977,31.36799
44568,2,14,1978,31.52083
44568,2,14,1979,31.52608
44568,2,14,1980,31.63438
44568,2,14,1981,31.76772
44568,2,14,1982,32.10585
44568,2,14,1983,32.34548
44568,2,14,1984,32.5522
44568,2,14,1985,32.70693
44568,2,14,1986,32.8557
44568,2,14,1987,33.01867
44568,2,14,1988,33.12959
44568,2,14,1989,33.1435
44568,2,14,1990,33.47318
44568,2,14,1991,33.63909
44568,2,14,1992,33.77699
44568,2,14,1993,33.89526
44568,2,14,1994,34.16379
44568,2,14,1995,34.4594
44568,2,14,1996,34.60977
44568,2,14,1997,34.87716
44568,2,14,1998,35.1205
44568,2,14,1999,35.185
44568,2,14,2000,35.22984
44568,2,14,2001,35.40016
44568,2,14,2002,35.43622
44568,2,14,2003,35.45338
44568,2,14,2004,35.55015
44568,2,14,2005,35.78188
44568,2,14,2006,36.18733
44568,2,14,2007,36.52242
44568,2,14,2008,36.67784
44568,2,14,2009,36.9271
44568,2,14,2010,37.13871
44568,2,14,2011,37.31656
44568,2,14,2012,37.69068
44568,2,14,2013,37.94561
44568,2,14,2014,38.20519
44568,2,14,2015,38.50174
44568,2,14,2016,38.72063
44568,2,14,2017,38.88047
44568,2,14,2018,39.06417
44568,2,14,2019,39.26894
44568,3,14,1950,25.6753
44568,3,14,1951,26.00756
44568,3,14,1952,26.26296
44568,3,14,1953,26.58001
44568,3,14,1954,26.68082
44568,3,14,1955,26.88543
44568,3,14,1956,27.0021
44568,3,14,1957,27.13567
44568,3,14,1958,26.16579
44568,3,14,1959,24.83455
44568,3,14,1960,22.72128
44568,3,14,1961,23.51465
44568,3,14,1962,26.99661
44568,3,14,1963,28.06093
44568,3,14,1964,28.15035
44568,3,14,1965,28.37169
44568,3,14,1966,28.60527
44568,3,14,1967,28.75358
44568,3,14,1968,28.85234
44568,3,14,1969,28.94425
44568,3,14,1970,29.13093
44568,3,14,1971,29.27539
44568,3,14,1972,29.38953
44568,3,14,1973,29.58388
44568,3,14,1974,29.50094
44568,3,14,1975,29.4937
44568,3,14,1976,29.38283
44568,3,14,1977,29.51966
44568,3,14,1978,29.6453
44568,3,14,1979,29.63355
44568,3,14,1980,29.77182
44568,3,14,1981,29.90213
44568,3,14,1982,30.1272
44568,3,14,1983,30.28613
44568,3,14,1984,30.44853
44568,3,14,1985,30.6194
44568,3,14,1986,30.83281
44568,3,14,1987,30.93415
44568,3,14,1988,31.01496
44568,3,14,1989,31.10388
44568,3,14,1990,31.3302
44568,3,14,1991,31.3899
44568,3,14,1992,31.56736
44568,3,14,1993,31.68514
44568,3,14,1994,31.87169
44568,3,14,1995,31.98373
44568,3,14,1996,32.18906
44568,3,14,1997,32.38023
44568,3,14,1998,32.61159
44568,3,14,1999,32.63751
44568,3,14,2000,32.67393
44568,3,14,2001,32.83897
44568,3,14,2002,32.8908
44568,3,14,2003,32.96477
44568,3,14,2004,32.99755
44568,3,14,2005,33.18999
44568,3,14,2006,33.58111
44568,3,14,2007,33.86552
44568,3,14,2008,33.99795
44568,3,14,2009,34.14035
44568,3,14,2010,34.32096
44568,3,14,2011,34.464
44568,3,14,2012,34.71003
44568,3,14,2013,35.01126
44568,3,14,2014,35.29156
44568,3,14,2015,35.56701
44568,3,14,2016,35.75532
44568,3,14,2017,35.97137
44568,3,14,2018,36.22344
44568,3,14,2019,36.35757
44575,1,14,1950,26.5359
44575,1,14,1951,26.58687
44575,1,14,1952,26.91466
44575,1,14,1953,27.06846
44575,1,14,1954,27.28307
44575,1,14,1955,27.36083
44575,1,14,1956,27.27719
44575,1,14,1957,27.20848
44575,1,14,1958,27.55706
44575,1,14,1959,27.5572
44575,1,14,1960,27.55256
44575,1,14,1961,27.64082
44575,1,14,1962,27.51013
44575,1,14,1963,27.4987
44575,1,14,1964,27.66095
44575,1,14,1965,27.65938
44575,1,14,1966,27.70859
44575,1,14,1967,27.74573
44575,1,14,1968,27.62384
44575,1,14,1969,27.59895
44575,1,14,1970,27.78958
44575,1,14,1971,27.93231
44575,1,14,1972,28.02253
44575,1,14,1973,28.11737
44575,1,14,1974,28.29563
44575,1,14,1975,28.39602
44575,1,14,1976,28.53794
44575,1,14,1977,28.72962
44575,1,14,1978,28.84464
44575,1,14,1979,28.99938
44575,1,14,1980,29.05105
44575,1,14,1981,29.28627
44575,1,14,1982,29.48183
44575,1,14,1983,29.5315
44575,1,14,1984,29.69547
44575,1,14,1985,29.80842
44575,1,14,1986,30.01941
44575,1,14,1987,30.24581
44575,1,14,1988,30.41334
44575,1,14,1989,30.56564
44575,1,14,1990,30.72192
44575,1,14,1991,30.86453
44575,1,14,1992,31.0549
44575,1,14,1993,31.16263
44575,1,14,1994,31.33211
44575,1,14,1995,31.43929
44575,1,14,1996,31.70704
44575,1,14,1997,31.98121
44575,1,14,1998,32.11491
44575,1,14,1999,32.24837
44575,1,14,2000,32.53939
44575,1,14,2001,32.76879
44575,1,14,2002,32.94249
44575,1,14,2003,33.10375
44575,1,14,2004,33.41226
44575,1,14,2005,33.57528
44575,1,14,2006,33.82708
44575,1,14,2007,34.02396
44575,1,14,2008,34.21093
44575,1,14,2009,34.42097
44575,1,14,2010,34.62596
44575,1,14,2011,34.75633
44575,1,14,2012,34.92785
44575,1,14,2013,35.09695
44575,1,14,2014,35.28454
44575,1,14,2015,35.32374
44575,1,14,2016,35.44718
44575,1,14,2017,35.59688
44575,1,14,2018,35.63869
44575,1,14,2019,35.71066
44575,2,14,1950,30.31953
44575,2,14,1951,30.40244
44575,2,14,1952,30.74334
44575,2,14,1953,30.93583
44575,2,14,1954,31.22245
44575,2,14,1955,31.36759
44575,2,14,1956,31.37129
44575,2,14,1957,31.41466
44575,2,14,1958,31.77962
44575,2,14,1959,31.87069
44575,2,14,1960,31.96013
44575,2,14,1961,32.11132
44575,2,14,1962,32.07759
44575,2,14,1963,32.17083
44575,2,14,1964,32.41472
44575,2,14,1965,32.4853
44575,2,14,1966,32.5981
44575,2,14,1967,32.68819
44575,2,14,1968,32.60995
44575,2,14,1969,32.63862
44575,2,14,1970,32.84455
44575,2,14,1971,33.03797
44575,2,14,1972,33.19657
44575,2,14,1973,33.31736
44575,2,14,1974,33.51713
44575,2,14,1975,33.70781
44575,2,14,1976,33.90886
44575,2,14,1977,34.16121
44575,2,14,1978,34.32303
44575,2,14,1979,34.50025
44575,2,14,1980,34.57294
44575,2,14,1981,34.77823
44575,2,14,1982,34.96548
44575,2,14,1983,35.0454
44575,2,14,1984,35.21849
44575,2,14,1985,35.31219
44575,2,14,1986,35.50301
44575,2,14,1987,35.70515
44575,2,14,1988,35.85422
44575,2,14,1989,36.01779
44575,2,14,1990,36.19892
44575,2,14,1991,36.3435
44575,2,14,1992,36.52663
44575,2,14,1993,36.59686
44575,2,14,1994,36.75437
44575,2,14,1995,36.85106
44575,2,14,1996,37.03879
44575,2,14,1997,37.20687
44575,2,14,1998,37.3225
44575,2,14,1999,37.40918
44575,2,14,2000,37.62
44575,2,14,2001,37.79891
44575,2,14,2002,37.93611
44575,2,14,2003,38.06854
44575,2,14,2004,38.34558
44575,2,14,2005,38.5051
44575,2,14,2006,38.71671
44575,2,14,2007,38.87116
44575,2,14,2008,39.01284
44575,2,14,2009,39.18624
44575,2,14,2010,39.37734
44575,2,14,2011,39.43368
44575,2,14,2012,39.5492
44575,2,14,2013,39.66447
44575,2,14,2014,39.78778
44575,2,14,2015,39.81251
44575,2,14,2016,39.9203
44575,2,14,2017,40.06692
44575,2,14,2018,40.09571
44575,2,14,2019,40.08263
44575,3,14,1950,28.44856
44575,3,14,1951,28.5173
44575,3,14,1952,28.85684
44575,3,14,1953,29.03186
44575,3,14,1954,29.28402
44575,3,14,1955,29.39744
44575,3,14,1956,29.35561
44575,3,14,1957,29.34341
44575,3,14,1958,29.70694
44575,3,14,1959,29.75281
44575,3,14,1960,29.79412
44575,3,14,1961,29.91799
44575,3,14,1962,29.83432
44575,3,14,1963,29.87543
44575,3,14,1964,30.08218
44575,3,14,1965,30.11963
44575,3,14,1966,30.20379
44575,3,14,1967,30.26928
44575,3,14,1968,30.1706
44575,3,14,1969,30.17463
44575,3,14,1970,30.37898
44575,3,14,1971,30.55181
44575,3,14,1972,30.6789
44575,3,14,1973,30.78917
44575,3,14,1974,30.98313
44575,3,14,1975,31.13049
44575,3,14,1976,31.30476
44575,3,14,1977,31.53065
44575,3,14,1978,31.6707
44575,3,14,1979,31.83862
44575,3,14,1980,31.90129
44575,3,14,1981,32.12732
44575,3,14,1982,32.32105
44575,3,14,1983,32.38436
44575,3,14,1984,32.55463
44575,3,14,1985,32.65838
44575,3,14,1986,32.86077
44575,3,14,1987,33.07782
44575,3,14,1988,33.23714
44575,3,14,1989,33.39433
44575,3,14,1990,33.55971
44575,3,14,1991,33.70279
44575,3,14,1992,33.88923
44575,3,14,1993,33.97747
44575,3,14,1994,34.13948
44575,3,14,1995,34.23647
44575,3,14,1996,34.46819
44575,3,14,1997,34.69006
44575,3,14,1998,34.81038
44575,3,14,1999,34.9178
44575,3,14,2000,35.16968
44575,3,14,2001,35.37278
44575,3,14,2002,35.52512
44575,3,14,2003,35.66863
44575,3,14,2004,35.9627
44575,3,14,2005,36.11945
44575,3,14,2006,36.3502
44575,3,14,2007,36.52321
44575,3,14,2008,36.68403
44575,3,14,2009,36.87426
44575,3,14,2010,37.07086
44575,3,14,2011,37.16197
44575,3,14,2012,37.30232
44575,3,14,2013,37.44184
44575,3,14,2014,37.59482
44575,3,14,2015,37.62161
44575,3,14,2016,37.73552
44575,3,14,2017,37.87616
44575,3,14,2018,37.90416
44575,3,14,2019,37.92405
44576,1,14,1950,24.3288
44576,1,14,1951,24.4982
44576,1,14,1952,24.76205
44576,1,14,1953,25.05267
44576,1,14,1954,25.2383
44576,1,14,1955,25.40096
44576,1,14,1956,25.5394
44576,1,14,1957,25.72936
44576,1,14,1958,24.91228
44576,1,14,1959,23.70001
44576,1,14,1960,21.85419
44576,1,14,1961,22.9306
44576,1,14,1962,25.67353
44576,1,14,1963,26.53032
44576,1,14,1964,26.80716
44576,1,14,1965,26.88845
44576,1,14,1966,27.08676
44576,1,14,1967,27.1716
44576,1,14,1968,27.25551
44576,1,14,1969,27.25856
44576,1,14,1970,27.33486
44576,1,14,1971,27.60745
44576,1,14,1972,27.75762
44576,1,14,1973,27.88514
44576,1,14,1974,27.92033
44576,1,14,1975,27.82798
44576,1,14,1976,27.68499
44576,1,14,1977,27.82361
44576,1,14,1978,27.92091
44576,1,14,1979,27.89762
44576,1,14,1980,27.91643
44576,1,14,1981,28.03689
44576,1,14,1982,28.17822
44576,1,14,1983,28.22908
44576,1,14,1984,28.3069
44576,1,14,1985,28.47512
44576,1,14,1986,28.86099
44576,1,14,1987,28.79178
44576,1,14,1988,28.84939
44576,1,14,1989,28.84239
44576,1,14,1990,28.97104
44576,1,14,1991,29.0378
44576,1,14,1992,28.9543
44576,1,14,1993,28.72747
44576,1,14,1994,28.60845
44576,1,14,1995,28.66717
44576,1,14,1996,28.89983
44576,1,14,1997,29.17803
44576,1,14,1998,29.30129
44576,1,14,1999,29.2978
44576,1,14,2000,29.28363
44576,1,14,2001,29.38327
44576,1,14,2002,29.39207
44576,1,14,2003,29.45563
44576,1,14,2004,29.55166
44576,1,14,2005,29.63359
44576,1,14,2006,30.13529
44576,1,14,2007,30.48484
44576,1,14,2008,30.57955
44576,1,14,2009,30.73387
44576,1,14,2010,30.90208
44576,1,14,2011,31.1927
44576,1,14,2012,31.40183
44576,1,14,2013,31.69211
44576,1,14,2014,31.99853
44576,1,14,2015,32.23205
44576,1,14,2016,32.42508
44576,1,14,2017,32.7708
44576,1,14,2018,33.09195
44576,1,14,2019,33.26114
44576,2,14,1950,28.87852
44576,2,14,1951,29.00333
44576,2,14,1952,29.17637
44576,2,14,1953,29.41257
44576,2,14,1954,29.56492
44576,2,14,1955,29.70484
44576,2,14,1956,29.78116
44576,2,14,1957,29.92318
44576,2,14,1958,29.07814
44576,2,14,1959,28.02836
44576,2,14,1960,26.40135
44576,2,14,1961,26.69538
44576,2,14,1962,29.75289
44576,2,14,1963,30.65657
44576,2,14,1964,30.86725
44576,2,14,1965,30.93986
44576,2,14,1966,31.00606
44576,2,14,1967,31.01349
44576,2,14,1968,31.07895
44576,2,14,1969,31.09722
44576,2,14,1970,31.18815
44576,2,14,1971,31.3418
44576,2,14,1972,31.40303
44576,2,14,1973,31.47603
44576,2,14,1974,31.43935
44576,2,14,1975,31.35733
44576,2,14,1976,31.24963
44576,2,14,1977,31.38292
44576,2,14,1978,31.44873
44576,2,14,1979,31.43067
44576,2,14,1980,31.42124
44576,2,14,1981,31.54457
44576,2,14,1982,31.79692
44576,2,14,1983,31.91465
44576,2,14,1984,31.96212
44576,2,14,1985,32.09309
44576,2,14,1986,32.29827
44576,2,14,1987,32.3796
44576,2,14,1988,32.53095
44576,2,14,1989,32.55885
44576,2,14,1990,32.81416
44576,2,14,1991,32.89261
44576,2,14,1992,32.92115
44576,2,14,1993,32.76197
44576,2,14,1994,32.81289
44576,2,14,1995,33.06855
44576,2,14,1996,33.23057
44576,2,14,1997,33.46811
44576,2,14,1998,33.69596
44576,2,14,1999,33.66437
44576,2,14,2000,33.72096
44576,2,14,2001,33.86453
44576,2,14,2002,33.83326
44576,2,14,2003,33.85735
44576,2,14,2004,34.02958
44576,2,14,2005,34.19703
44576,2,14,2006,34.61189
44576,2,14,2007,34.96515
44576,2,14,2008,35.13317
44576,2,14,2009,35.37585
44576,2,14,2010,35.57601
44576,2,14,2011,35.86961
44576,2,14,2012,36.23758
44576,2,14,2013,36.47837
44576,2,14,2014,36.67922
44576,2,14,2015,36.91696
44576,2,14,2016,37.12206
44576,2,14,2017,37.33913
44576,2,14,2018,37.56793
44576,2,14,2019,37.72397
44576,3,14,1950,26.16561
44576,3,14,1951,26.35086
44576,3,14,1952,26.5594
44576,3,14,1953,26.86754
44576,3,14,1954,26.98246
44576,3,14,1955,27.10438
44576,3,14,1956,27.33727
44576,3,14,1957,27.45375
44576,3,14,1958,26.68528
44576,3,14,1959,25.53986
44576,3,14,1960,23.91454
44576,3,14,1961,24.67003
44576,3,14,1962,27.45894
44576,3,14,1963,28.36054
44576,3,14,1964,28.51984
44576,3,14,1965,28.62607
44576,3,14,1966,28.78957
44576,3,14,1967,28.86091
44576,3,14,1968,28.91916
44576,3,14,1969,28.92788
44576,3,14,1970,29.09285
44576,3,14,1971,29.24728
44576,3,14,1972,29.35095
44576,3,14,1973,29.47941
44576,3,14,1974,29.46484
44576,3,14,1975,29.39685
44576,3,14,1976,29.26385
44576,3,14,1977,29.37635
44576,3,14,1978,29.44619
44576,3,14,1979,29.38133
44576,3,14,1980,29.42311
44576,3,14,1981,29.50696
44576,3,14,1982,29.6915
44576,3,14,1983,29.76339
44576,3,14,1984,29.82288
44576,3,14,1985,29.98976
44576,3,14,1986,30.27643
44576,3,14,1987,30.34781
44576,3,14,1988,30.41673
44576,3,14,1989,30.48628
44576,3,14,1990,30.64579
44576,3,14,1991,30.69339
44576,3,14,1992,30.68485
44576,3,14,1993,30.50045
44576,3,14,1994,30.4989
44576,3,14,1995,30.66435
44576,3,14,1996,30.89243
44576,3,14,1997,31.10912
44576,3,14,1998,31.34675
44576,3,14,1999,31.30858
44576,3,14,2000,31.31883
44576,3,14,2001,31.4525
44576,3,14,2002,31.45214
44576,3,14,2003,31.4899
44576,3,14,2004,31.61186
44576,3,14,2005,31.74261
44576,3,14,2006,32.19748
44576,3,14,2007,32.55325
44576,3,14,2008,32.69137
44576,3,14,2009,32.88695
44576,3,14,2010,33.07436
44576,3,14,2011,33.36144
44576,3,14,2012,33.63363
44576,3,14,2013,33.93087
44576,3,14,2014,34.14315
44576,3,14,2015,34.36653
44576,3,14,2016,34.54493
44576,3,14,2017,34.82148
44576,3,14,2018,35.10764
44576,3,14,2019,35.23041
44577,1,14,1950,22.38216
44577,1,14,1951,22.52579
44577,1,14,1952,22.73908
44577,1,14,1953,22.8858
44577,1,14,1954,23.06771
44577,1,14,1955,23.30114
44577,1,14,1956,23.38774
44577,1,14,1957,23.5375
44577,1,14,1958,23.56664
44577,1,14,1959,23.76799
44577,1,14,1960,23.71183
44577,1,14,1961,24.01132
44577,1,14,1962,24.11203
44577,1,14,1963,24.1938
44577,1,14,1964,24.36382
44577,1,14,1965,24.38715
44577,1,14,1966,24.4438
44577,1,14,1967,24.50444
44577,1,14,1968,24.62268
44577,1,14,1969,24.71745
44577,1,14,1970,24.58179
44577,1,14,1971,24.69994
44577,1,14,1972,24.76531
44577,1,14,1973,24.95799
44577,1,14,1974,25.02226
44577,1,14,1975,25.02305
44577,1,14,1976,25.0742
44577,1,14,1977,25.32347
44577,1,14,1978,25.55901
44577,1,14,1979,25.86754
44577,1,14,1980,25.90616
44577,1,14,1981,25.88265
44577,1,14,1982,26.21718
44577,1,14,1983,26.2017
44577,1,14,1984,26.14769
44577,1,14,1985,26.19695
44577,1,14,1986,26.41224
44577,1,14,1987,26.48496
44577,1,14,1988,26.47911
44577,1,14,1989,26.5687
44577,1,14,1990,26.62269
44577,1,14,1991,26.60975
44577,1,14,1992,26.65635
44577,1,14,1993,26.67604
44577,1,14,1994,26.78349
44577,1,14,1995,26.86913
44577,1,14,1996,26.90801
44577,1,14,1997,26.74831
44577,1,14,1998,26.89947
44577,1,14,1999,27.1641
44577,1,14,2000,27.15929
44577,1,14,2001,27.24022
44577,1,14,2002,27.36846
44577,1,14,2003,27.51339
44577,1,14,2004,27.77625
44577,1,14,2005,27.89275
44577,1,14,2006,27.98269
44577,1,14,2007,27.98849
44577,1,14,2008,28.00742
44577,1,14,2009,28.37958
44577,1,14,2010,28.54062
44577,1,14,2011,28.71177
44577,1,14,2012,28.89414
44577,1,14,2013,28.98438
44577,1,14,2014,29.22586
44577,1,14,2015,29.32847
44577,1,14,2016,29.59551
44577,1,14,2017,29.8847
44577,1,14,2018,30.15237
44577,1,14,2019,30.45753
44577,2,14,1950,25.50702
44577,2,14,1951,25.68785
44577,2,14,1952,25.79635
44577,2,14,1953,25.87594
44577,2,14,1954,26.0492
44577,2,14,1955,26.19921
44577,2,14,1956,26.26163
44577,2,14,1957,26.35307
44577,2,14,1958,26.54791
44577,2,14,1959,26.66671
44577,2,14,1960,26.64206
44577,2,14,1961,26.85975
44577,2,14,1962,26.87588
44577,2,14,1963,26.97439
44577,2,14,1964,27.10161
44577,2,14,1965,27.02358
44577,2,14,1966,27.06006
44577,2,14,1967,27.08541
44577,2,14,1968,27.13431
44577,2,14,1969,27.23789
44577,2,14,1970,27.11215
44577,2,14,1971,27.05912
44577,2,14,1972,27.15901
44577,2,14,1973,27.51055
44577,2,14,1974,27.64076
44577,2,14,1975,27.66539
44577,2,14,1976,27.91324
44577,2,14,1977,27.96312
44577,2,14,1978,28.23125
44577,2,14,1979,28.57372
44577,2,14,1980,28.81771
44577,2,14,1981,28.89592
44577,2,14,1982,29.01475
44577,2,14,1983,28.97892
44577,2,14,1984,28.95631
44577,2,14,1985,28.92367
44577,2,14,1986,29.12498
44577,2,14,1987,29.20446
44577,2,14,1988,29.27689
44577,2,14,1989,29.43932
44577,2,14,1990,29.54001
44577,2,14,1991,29.52031
44577,2,14,1992,29.46286
44577,2,14,1993,29.55279
44577,2,14,1994,29.69094
44577,2,14,1995,29.7956
44577,2,14,1996,29.85041
44577,2,14,1997,29.76159
44577,2,14,1998,29.8275
44577,2,14,1999,29.97006
44577,2,14,2000,30.12218
44577,2,14,2001,30.20222
44577,2,14,2002,30.29074
44577,2,14,2003,30.54954
44577,2,14,2004,30.84035
44577,2,14,2005,30.95239
44577,2,14,2006,31.03611
44577,2,14,2007,31.17085
44577,2,14,2008,31.25003
44577,2,14,2009,31.6979
44577,2,14,2010,31.875
44577,2,14,2011,31.97557
44577,2,14,2012,32.06379
44577,2,14,2013,32.14112
44577,2,14,2014,32.2727
44577,2,14,2015,32.21921
44577,2,14,2016,32.44408
44577,2,14,2017,32.7522
44577,2,14,2018,32.9411
44577,2,14,2019,33.26661
44577,3,14,1950,23.52589
44577,3,14,1951,23.70187
44577,3,14,1952,23.86168
44577,3,14,1953,24.0488
44577,3,14,1954,24.18103
44577,3,14,1955,24.38564
44577,3,14,1956,24.48637
44577,3,14,1957,24.61924
44577,3,14,1958,24.65233
44577,3,14,1959,24.84592
44577,3,14,1960,24.84551
44577,3,14,1961,24.99124
44577,3,14,1962,25.17056
44577,3,14,1963,25.23015
44577,3,14,1964,25.44475
44577,3,14,1965,25.40235
44577,3,14,1966,25.42517
44577,3,14,1967,25.55521
44577,3,14,1968,25.57157
44577,3,14,1969,25.68714
44577,3,14,1970,25.56483
44577,3,14,1971,25.64024
44577,3,14,1972,25.79079
44577,3,14,1973,26.077
44577,3,14,1974,26.17797
44577,3,14,1975,26.20108
44577,3,14,1976,26.304
44577,3,14,1977,26.4829
44577,3,14,1978,26.76033
44577,3,14,1979,27.05854
44577,3,14,1980,27.20031
44577,3,14,1981,27.20855
44577,3,14,1982,27.4505
44577,3,14,1983,27.44668
44577,3,14,1984,27.39421
44577,3,14,1985,27.40323
44577,3,14,1986,27.62435
44577,3,14,1987,27.6833
44577,3,14,1988,27.715
44577,3,14,1989,27.8319
44577,3,14,1990,27.89546
44577,3,14,1991,27.87835
44577,3,14,1992,27.87656
44577,3,14,1993,27.9364
44577,3,14,1994,28.04801
44577,3,14,1995,28.18018
44577,3,14,1996,28.19947
44577,3,14,1997,28.07256
44577,3,14,1998,28.18
44577,3,14,1999,28.39234
44577,3,14,2000,28.48339
44577,3,14,2001,28.56566
44577,3,14,2002,28.65429
44577,3,14,2003,28.87428
44577,3,14,2004,29.15866
44577,3,14,2005,29.28061
44577,3,14,2006,29.34017
44577,3,14,2007,29.43079
44577,3,14,2008,29.48332
44577,3,14,2009,29.87254
44577,3,14,2010,30.04757
44577,3,14,2011,30.18696
44577,3,14,2012,30.33409
44577,3,14,2013,30.44097
44577,3,14,2014,30.60016
44577,3,14,2015,30.63429
44577,3,14,2016,30.87413
44577,3,14,2017,31.12971
44577,3,14,2018,31.33415
44577,3,14,2019,31.59206
44578,1,14,1950,20.19727
44578,1,14,1951,20.4408
44578,1,14,1952,20.76531
44578,1,14,1953,20.95674
44578,1,14,1954,21.12068
44578,1,14,1955,21.20265
44578,1,14,1956,21.2273
44578,1,14,1957,21.32356
44578,1,14,1958,21.47312
44578,1,14,1959,21.52273
44578,1,14,1960,21.62013
44578,1,14,1961,21.71325
44578,1,14,1962,21.77872
44578,1,14,1963,21.8628
44578,1,14,1964,21.92493
44578,1,14,1965,21.99379
44578,1,14,1966,22.16325
44578,1,14,1967,22.23032
44578,1,14,1968,22.32657
44578,1,14,1969,22.45822
44578,1,14,1970,22.65601
44578,1,14,1971,22.75097
44578,1,14,1972,22.64969
44578,1,14,1973,22.96756
44578,1,14,1974,23.06797
44578,1,14,1975,23.16366
44578,1,14,1976,23.33604
44578,1,14,1977,23.43365
44578,1,14,1978,23.56439
44578,1,14,1979,23.67268
44578,1,14,1980,23.72106
44578,1,14,1981,23.82069
44578,1,14,1982,23.88816
44578,1,14,1983,23.8659
44578,1,14,1984,23.81811
44578,1,14,1985,24.03648
44578,1,14,1986,24.09717
44578,1,14,1987,24.19711
44578,1,14,1988,24.27131
44578,1,14,1989,24.27224
44578,1,14,1990,24.18182
44578,1,14,1991,24.1968
44578,1,14,1992,24.17349
44578,1,14,1993,24.12618
44578,1,14,1994,23.52101
44578,1,14,1995,23.69152
44578,1,14,1996,23.71919
44578,1,14,1997,23.74373
44578,1,14,1998,23.79558
44578,1,14,1999,23.82453
44578,1,14,2000,23.79607
44578,1,14,2001,24.05912
44578,1,14,2002,24.17527
44578,1,14,2003,24.5336
44578,1,14,2004,24.67447
44578,1,14,2005,24.95132
44578,1,14,2006,25.24266
44578,1,14,2007,25.52537
44578,1,14,2008,25.85578
44578,1,14,2009,26.0468
44578,1,14,2010,25.951
44578,1,14,2011,26.46551
44578,1,14,2012,26.66804
44578,1,14,2013,26.91612
44578,1,14,2014,27.1029
44578,1,14,2015,27.3402
44578,1,14,2016,27.56859
44578,1,14,2017,27.78292
44578,1,14,2018,27.99498
44578,1,14,2019,28.16155
44578,2,14,1950,24.12137
44578,2,14,1951,24.34976
44578,2,14,1952,24.65237
44578,2,14,1953,24.77997
44578,2,14,1954,24.86386
44578,2,14,1955,24.94661
44578,2,14,1956,24.98473
44578,2,14,1957,25.04032
44578,2,14,1958,25.07907
44578,2,14,1959,25.16244
44578,2,14,1960,25.26439
44578,2,14,1961,25.37371
44578,2,14,1962,25.37168
44578,2,14,1963,25.375
44578,2,14,1964,25.54153
44578,2,14,1965,25.56281
44578,2,14,1966,25.6557
44578,2,14,1967,25.68716
44578,2,14,1968,25.78583
44578,2,14,1969,25.91971
44578,2,14,1970,25.97766
44578,2,14,1971,26.14529
44578,2,14,1972,26.07813
44578,2,14,1973,26.38462
44578,2,14,1974,26.41114
44578,2,14,1975,26.49711
44578,2,14,1976,26.65399
44578,2,14,1977,26.72201
44578,2,14,1978,26.74702
44578,2,14,1979,26.96388
44578,2,14,1980,26.96696
44578,2,14,1981,26.99822
44578,2,14,1982,27.05055
44578,2,14,1983,27.02194
44578,2,14,1984,27.03505
44578,2,14,1985,27.21613
44578,2,14,1986,27.30343
44578,2,14,1987,27.41188
44578,2,14,1988,27.45887
44578,2,14,1989,27.5213
44578,2,14,1990,27.47902
44578,2,14,1991,27.49051
44578,2,14,1992,27.50272
44578,2,14,1993,27.4428
44578,2,14,1994,26.88917
44578,2,14,1995,26.93788
44578,2,14,1996,27.0803
44578,2,14,1997,27.1224
44578,2,14,1998,27.14792
44578,2,14,1999,27.15228
44578,2,14,2000,27.11474
44578,2,14,2001,27.30357
44578,2,14,2002,27.4035
44578,2,14,2003,27.7978
44578,2,14,2004,27.95357
44578,2,14,2005,28.24176
44578,2,14,2006,28.50603
44578,2,14,2007,28.80068
44578,2,14,2008,29.11335
44578,2,14,2009,29.37314
44578,2,14,2010,29.33592
44578,2,14,2011,29.84317
44578,2,14,2012,30.09286
44578,2,14,2013,30.30049
44578,2,14,2014,30.51564
44578,2,14,2015,30.71543
44578,2,14,2016,30.91154
44578,2,14,2017,31.10072
44578,2,14,2018,31.19513
44578,2,14,2019,31.31972
44578,3,14,1950,21.93526
44578,3,14,1951,22.09833
44578,3,14,1952,22.48531
44578,3,14,1953,22.65531
44578,3,14,1954,22.79055
44578,3,14,1955,22.91778
44578,3,14,1956,22.91209
44578,3,14,1957,23.03734
44578,3,14,1958,23.09715
44578,3,14,1959,23.18122
44578,3,14,1960,23.28711
44578,3,14,1961,23.37134
44578,3,14,1962,23.39992
44578,3,14,1963,23.43974
44578,3,14,1964,23.55707
44578,3,14,1965,23.58885
44578,3,14,1966,23.78788
44578,3,14,1967,23.82568
44578,3,14,1968,23.88608
44578,3,14,1969,24.04182
44578,3,14,1970,24.17729
44578,3,14,1971,24.28514
44578,3,14,1972,24.22565
44578,3,14,1973,24.56163
44578,3,14,1974,24.60893
44578,3,14,1975,24.68329
44578,3,14,1976,24.82556
44578,3,14,1977,24.93864
44578,3,14,1978,25.05659
44578,3,14,1979,25.18095
44578,3,14,1980,25.22388
44578,3,14,1981,25.28686
44578,3,14,1982,25.36685
44578,3,14,1983,25.32566
44578,3,14,1984,25.32643
44578,3,14,1985,25.53407
44578,3,14,1986,25.60875
44578,3,14,1987,25.72772
44578,3,14,1988,25.75717
44578,3,14,1989,25.79982
44578,3,14,1990,25.7524
44578,3,14,1991,25.76964
44578,3,14,1992,25.74368
44578,3,14,1993,25.69991
44578,3,14,1994,25.09425
44578,3,14,1995,25.22184
44578,3,14,1996,25.33218
44578,3,14,1997,25.36187
44578,3,14,1998,25.39262
44578,3,14,1999,25.42506
44578,3,14,2000,25.39742
44578,3,14,2001,25.5977
44578,3,14,2002,25.75167
44578,3,14,2003,26.10004
44578,3,14,2004,26.27352
44578,3,14,2005,26.57358
44578,3,14,2006,26.82841
44578,3,14,2007,27.13024
44578,3,14,2008,27.44767
44578,3,14,2009,27.67362
44578,3,14,2010,27.60016
44578,3,14,2011,28.14005
44578,3,14,2012,28.36072
44578,3,14,2013,28.59034
44578,3,14,2014,28.77541
44578,3,14,2015,29.02638
44578,3,14,2016,29.24026
44578,3,14,2017,29.43279
44578,3,14,2018,29.57607
44578,3,14,2019,29.74196
44584,1,14,1950,26.43976
44584,1,14,1951,26.49274
44584,1,14,1952,26.81845
44584,1,14,1953,26.97488
44584,1,14,1954,27.20449
44584,1,14,1955,27.29394
44584,1,14,1956,27.22098
44584,1,14,1957,27.15286
44584,1,14,1958,27.49708
44584,1,14,1959,27.49896
44584,1,14,1960,27.50212
44584,1,14,1961,27.60705
44584,1,14,1962,27.48761
44584,1,14,1963,27.4686
44584,1,14,1964,27.63453
44584,1,14,1965,27.63065
44584,1,14,1966,27.68165
44584,1,14,1967,27.72599
44584,1,14,1968,27.60855
44584,1,14,1969,27.58006
44584,1,14,1970,27.76701
44584,1,14,1971,27.93028
44584,1,14,1972,28.01877
44584,1,14,1973,28.11642
44584,1,14,1974,28.2932
44584,1,14,1975,28.39464
44584,1,14,1976,28.5312
44584,1,14,1977,28.7188
44584,1,14,1978,28.84299
44584,1,14,1979,28.97566
44584,1,14,1980,29.02941
44584,1,14,1981,29.26606
44584,1,14,1982,29.46298
44584,1,14,1983,29.5188
44584,1,14,1984,29.67825
44584,1,14,1985,29.78769
44584,1,14,1986,30.0071
44584,1,14,1987,30.22963
44584,1,14,1988,30.39167
44584,1,14,1989,30.5388
44584,1,14,1990,30.69593
44584,1,14,1991,30.84346
44584,1,14,1992,31.02904
44584,1,14,1993,31.13812
44584,1,14,1994,31.31352
44584,1,14,1995,31.42917
44584,1,14,1996,31.70469
44584,1,14,1997,31.96966
44584,1,14,1998,32.10883
44584,1,14,1999,32.26071
44584,1,14,2000,32.58885
44584,1,14,2001,32.80754
44584,1,14,2002,32.95083
44584,1,14,2003,33.11172
44584,1,14,2004,33.43417
44584,1,14,2005,33.59925
44584,1,14,2006,33.86024
44584,1,14,2007,34.055
44584,1,14,2008,34.21258
44584,1,14,2009,34.38054
44584,1,14,2010,34.57496
44584,1,14,2011,34.70797
44584,1,14,2012,34.86287
44584,1,14,2013,34.99182
44584,1,14,2014,35.16401
44584,1,14,2015,35.20567
44584,1,14,2016,35.32357
44584,1,14,2017,35.42742
44584,1,14,2018,35.4892
44584,1,14,2019,35.58277
44584,2,14,1950,30.26147
44584,2,14,1951,30.34193
44584,2,14,1952,30.68944
44584,2,14,1953,30.8792
44584,2,14,1954,31.18165
44584,2,14,1955,31.33115
44584,2,14,1956,31.33636
44584,2,14,1957,31.37671
44584,2,14,1958,31.73781
44584,2,14,1959,31.83036
44584,2,14,1960,31.91467
44584,2,14,1961,32.07755
44584,2,14,1962,32.05486
44584,2,14,1963,32.13395
44584,2,14,1964,32.37934
44584,2,14,1965,32.4459
44584,2,14,1966,32.56045
44584,2,14,1967,32.65342
44584,2,14,1968,32.57717
44584,2,14,1969,32.60344
44584,2,14,1970,32.80779
44584,2,14,1971,33.01532
44584,2,14,1972,33.17024
44584,2,14,1973,33.28934
44584,2,14,1974,33.49749
44584,2,14,1975,33.68228
44584,2,14,1976,33.88554
44584,2,14,1977,34.14008
44584,2,14,1978,34.28971
44584,2,14,1979,34.44912
44584,2,14,1980,34.52398
44584,2,14,1981,34.72184
44584,2,14,1982,34.91165
44584,2,14,1983,34.98806
44584,2,14,1984,35.15732
44584,2,14,1985,35.25045
44584,2,14,1986,35.43839
44584,2,14,1987,35.63904
44584,2,14,1988,35.79161
44584,2,14,1989,35.94566
44584,2,14,1990,36.12748
44584,2,14,1991,36.26586
44584,2,14,1992,36.44051
44584,2,14,1993,36.51242
44584,2,14,1994,36.66159
44584,2,14,1995,36.7583
44584,2,14,1996,36.95019
44584,2,14,1997,37.11869
44584,2,14,1998,37.24165
44584,2,14,1999,37.33309
44584,2,14,2000,37.56536
44584,2,14,2001,37.74614
44584,2,14,2002,37.88032
44584,2,14,2003,38.01307
44584,2,14,2004,38.29184
44584,2,14,2005,38.43682
44584,2,14,2006,38.63791
44584,2,14,2007,38.78048
44584,2,14,2008,38.88862
44584,2,14,2009,39.02848
44584,2,14,2010,39.21511
44584,2,14,2011,39.27762
44584,2,14,2012,39.3763
44584,2,14,2013,39.465
44584,2,14,2014,39.57831
44584,2,14,2015,39.60409
44584,2,14,2016,39.70572
44584,2,14,2017,39.83517
44584,2,14,2018,39.86865
44584,2,14,2019,39.86918
44584,3,14,1950,28.37221
44584,3,14,1951,28.44086
44584,3,14,1952,28.78094
44584,3,14,1953,28.95427
44584,3,14,1954,29.22502
44584,3,14,1955,29.34397
44584,3,14,1956,29.30429
44584,3,14,1957,29.29291
44584,3,14,1958,29.65182
44584,3,14,1959,29.7
44584,3,14,1960,29.74705
44584,3,14,1961,29.88032
44584,3,14,1962,29.80731
44584,3,14,1963,29.83932
44584,3,14,1964,30.04991
44584,3,14,1965,30.08366
44584,3,14,1966,30.16924
44584,3,14,1967,30.24056
44584,3,14,1968,30.14005
44584,3,14,1969,30.14028
44584,3,14,1970,30.33946
44584,3,14,1971,30.52866
44584,3,14,1972,30.65705
44584,3,14,1973,30.76702
44584,3,14,1974,30.96346
44584,3,14,1975,31.10804
44584,3,14,1976,31.27918
44584,3,14,1977,31.5049
44584,3,14,1978,31.64572
44584,3,14,1979,31.79549
44584,3,14,1980,31.85716
44584,3,14,1981,32.08221
44584,3,14,1982,32.27881
44584,3,14,1983,32.34336
44584,3,14,1984,32.50943
44584,3,14,1985,32.60902
44584,3,14,1986,32.81529
44584,3,14,1987,33.03249
44584,3,14,1988,33.1933
44584,3,14,1989,33.33995
44584,3,14,1990,33.50591
44584,3,14,1991,33.64603
44584,3,14,1992,33.8291
44584,3,14,1993,33.91379
44584,3,14,1994,34.07614
44584,3,14,1995,34.17868
44584,3,14,1996,34.41634
44584,3,14,1997,34.64096
44584,3,14,1998,34.77079
44584,3,14,1999,34.88623
44584,3,14,2000,35.16323
44584,3,14,2001,35.36331
44584,3,14,2002,35.49835
44584,3,14,2003,35.64099
44584,3,14,2004,35.94494
44584,3,14,2005,36.09521
44584,3,14,2006,36.32424
44584,3,14,2007,36.49335
44584,3,14,2008,36.62461
44584,3,14,2009,36.78024
44584,3,14,2010,36.96521
44584,3,14,2011,37.0579
44584,3,14,2012,37.17876
44584,3,14,2013,37.28581
44584,3,14,2014,37.42453
44584,3,14,2015,37.45503
44584,3,14,2016,37.56575
44584,3,14,2017,37.67453
44584,3,14,2018,37.70446
44584,3,14,2019,37.75356
44586,1,14,1950,24.41941
44586,1,14,1951,24.62256
44586,1,14,1952,24.85289
44586,1,14,1953,25.09915
44586,1,14,1954,25.29435
44586,1,14,1955,25.42245
44586,1,14,1956,25.54127
44586,1,14,1957,25.57428
44586,1,14,1958,25.33762
44586,1,14,1959,24.76604
44586,1,14,1960,23.79957
44586,1,14,1961,24.44988
44586,1,14,1962,25.71692
44586,1,14,1963,26.11778
44586,1,14,1964,26.24222
44586,1,14,1965,26.24937
44586,1,14,1966,26.35759
44586,1,14,1967,26.42962
44586,1,14,1968,26.44549
44586,1,14,1969,26.45337
44586,1,14,1970,26.62997
44586,1,14,1971,26.7506
44586,1,14,1972,26.89834
44586,1,14,1973,26.9806
44586,1,14,1974,27.09817
44586,1,14,1975,27.06835
44586,1,14,1976,27.04629
44586,1,14,1977,27.27925
44586,1,14,1978,27.43948
44586,1,14,1979,27.61592
44586,1,14,1980,27.59155
44586,1,14,1981,27.7119
44586,1,14,1982,27.99372
44586,1,14,1983,28.05745
44586,1,14,1984,28.10904
44586,1,14,1985,28.2515
44586,1,14,1986,28.54799
44586,1,14,1987,28.62101
44586,1,14,1988,28.65758
44586,1,14,1989,28.71457
44586,1,14,1990,28.88849
44586,1,14,1991,28.93215
44586,1,14,1992,28.97883
44586,1,14,1993,28.91642
44586,1,14,1994,28.99066
44586,1,14,1995,29.12087
44586,1,14,1996,29.31228
44586,1,14,1997,29.43839
44586,1,14,1998,29.56954
44586,1,14,1999,29.69897
44586,1,14,2000,29.79305
44586,1,14,2001,29.90949
44586,1,14,2002,30.02098
44586,1,14,2003,30.13652
44586,1,14,2004,30.36671
44586,1,14,2005,30.49693
44586,1,14,2006,30.80103
44586,1,14,2007,31.0053
44586,1,14,2008,31.04112
44586,1,14,2009,31.31842
44586,1,14,2010,31.43455
44586,1,14,2011,31.6208
44586,1,14,2012,31.81665
44586,1,14,2013,32.03074
44586,1,14,2014,32.278
44586,1,14,2015,32.46151
44586,1,14,2016,32.63412
44586,1,14,2017,32.91669
44586,1,14,2018,33.10862
44586,1,14,2019,33.27204
44586,2,14,1950,28.47317
44586,2,14,1951,28.57943
44586,2,14,1952,28.85596
44586,2,14,1953,29.02092
44586,2,14,1954,29.27397
44586,2,14,1955,29.43306
44586,2,14,1956,29.51628
44586,2,14,1957,29.61083
44586,2,14,1958,29.3769
44586,2,14,1959,28.87189
44586,2,14,1960,28.0801
44586,2,14,1961,28.36105
44586,2,14,1962,29.85826
44586,2,14,1963,30.27098
44586,2,14,1964,30.4522
44586,2,14,1965,30.47329
44586,2,14,1966,30.56882
44586,2,14,1967,30.61972
44586,2,14,1968,30.62441
44586,2,14,1969,30.66277
44586,2,14,1970,30.79198
44586,2,14,1971,30.87929
44586,2,14,1972,30.98382
44586,2,14,1973,31.16328
44586,2,14,1974,31.25587
44586,2,14,1975,31.28064
44586,2,14,1976,31.39672
44586,2,14,1977,31.52748
44586,2,14,1978,31.65904
44586,2,14,1979,31.82767
44586,2,14,1980,31.89561
44586,2,14,1981,32.03442
44586,2,14,1982,32.25172
44586,2,14,1983,32.29798
44586,2,14,1984,32.37398
44586,2,14,1985,32.45092
44586,2,14,1986,32.67368
44586,2,14,1987,32.81019
44586,2,14,1988,32.92744
44586,2,14,1989,33.01505
44586,2,14,1990,33.23909
44586,2,14,1991,33.32506
44586,2,14,1992,33.37894
44586,2,14,1993,33.39906
44586,2,14,1994,33.50917
44586,2,14,1995,33.73993
44586,2,14,1996,33.8847
44586,2,14,1997,33.9569
44586,2,14,1998,34.10891
44586,2,14,1999,34.16466
44586,2,14,2000,34.28863
44586,2,14,2001,34.41583
44586,2,14,2002,34.46945
44586,2,14,2003,34.59912
44586,2,14,2004,34.85741
44586,2,14,2005,35.01333
44586,2,14,2006,35.25075
44586,2,14,2007,35.46572
44586,2,14,2008,35.6214
44586,2,14,2009,35.88582
44586,2,14,2010,36.06912
44586,2,14,2011,36.20745
44586,2,14,2012,36.41766
44586,2,14,2013,36.56519
44586,2,14,2014,36.71306
44586,2,14,2015,36.80012
44586,2,14,2016,36.95219
44586,2,14,2017,37.16892
44586,2,14,2018,37.30192
44586,2,14,2019,37.43558
44586,3,14,1950,26.20175
44586,3,14,1951,26.34596
44586,3,14,1952,26.63602
44586,3,14,1953,26.83741
44586,3,14,1954,27.04224
44586,3,14,1955,27.22649
44586,3,14,1956,27.33504
44586,3,14,1957,27.39397
44586,3,14,1958,27.19427
44586,3,14,1959,26.64443
44586,3,14,1960,25.81004
44586,3,14,1961,26.23456
44586,3,14,1962,27.63135
44586,3,14,1963,28.0143
44586,3,14,1964,28.18822
44586,3,14,1965,28.24098
44586,3,14,1966,28.30347
44586,3,14,1967,28.35644
44586,3,14,1968,28.39139
44586,3,14,1969,28.38797
44586,3,14,1970,28.6007
44586,3,14,1971,28.66521
44586,3,14,1972,28.80267
44586,3,14,1973,28.97398
44586,3,14,1974,29.05777
44586,3,14,1975,29.07833
44586,3,14,1976,29.09218
44586,3,14,1977,29.26021
44586,3,14,1978,29.4242
44586,3,14,1979,29.56793
44586,3,14,1980,29.63553
44586,3,14,1981,29.76287
44586,3,14,1982,30.00234
44586,3,14,1983,30.04904
44586,3,14,1984,30.1081
44586,3,14,1985,30.20723
44586,3,14,1986,30.4794
44586,3,14,1987,30.6084
44586,3,14,1988,30.66198
44586,3,14,1989,30.73652
44586,3,14,1990,30.89308
44586,3,14,1991,30.97815
44586,3,14,1992,31.05155
44586,3,14,1993,31.01635
44586,3,14,1994,31.13834
44586,3,14,1995,31.29885
44586,3,14,1996,31.49681
44586,3,14,1997,31.59273
44586,3,14,1998,31.7432
44586,3,14,1999,31.84341
44586,3,14,2000,31.93952
44586,3,14,2001,32.07168
44586,3,14,2002,32.14115
44586,3,14,2003,32.26862
44586,3,14,2004,32.51369
44586,3,14,2005,32.64791
44586,3,14,2006,32.93387
44586,3,14,2007,33.12754
44586,3,14,2008,33.24289
44586,3,14,2009,33.49514
44586,3,14,2010,33.66446
44586,3,14,2011,33.80208
44586,3,14,2012,34.01312
44586,3,14,2013,34.18489
44586,3,14,2014,34.393
44586,3,14,2015,34.51356
44586,3,14,2016,34.68224
44586,3,14,2017,34.90461
44586,3,14,2018,35.0595
44586,3,14,2019,35.1476
44587,1,14,1950,21.84185
44587,1,14,1951,22.0731
44587,1,14,1952,22.17836
44587,1,14,1953,22.40368
44587,1,14,1954,22.48237
44587,1,14,1955,22.55047
44587,1,14,1956,22.6604
44587,1,14,1957,22.72216
44587,1,14,1958,22.79955
44587,1,14,1959,22.90612
44587,1,14,1960,22.81274
44587,1,14,1961,23.03347
44587,1,14,1962,23.09493
44587,1,14,1963,23.30239
44587,1,14,1964,23.41949
44587,1,14,1965,23.52952
44587,1,14,1966,23.55158
44587,1,14,1967,23.63686
44587,1,14,1968,23.63558
44587,1,14,1969,23.70779
44587,1,14,1970,23.8929
44587,1,14,1971,24.10898
44587,1,14,1972,24.05592
44587,1,14,1973,24.25705
44587,1,14,1974,24.45538
44587,1,14,1975,24.57008
44587,1,14,1976,24.68629
44587,1,14,1977,24.87116
44587,1,14,1978,25.04608
44587,1,14,1979,25.18467
44587,1,14,1980,25.26436
44587,1,14,1981,25.34095
44587,1,14,1982,25.46274
44587,1,14,1983,25.48305
44587,1,14,1984,25.52323
44587,1,14,1985,25.56066
44587,1,14,1986,25.60223
44587,1,14,1987,25.63102
44587,1,14,1988,25.72454
44587,1,14,1989,25.73163
44587,1,14,1990,25.73619
44587,1,14,1991,25.69046
44587,1,14,1992,25.66579
44587,1,14,1993,25.58765
44587,1,14,1994,25.192
44587,1,14,1995,25.3957
44587,1,14,1996,25.21533
44587,1,14,1997,25.17909
44587,1,14,1998,25.1585
44587,1,14,1999,25.12324
44587,1,14,2000,25.19784
44587,1,14,2001,25.28207
44587,1,14,2002,25.35282
44587,1,14,2003,25.38285
44587,1,14,2004,25.52272
44587,1,14,2005,25.76612
44587,1,14,2006,25.99608
44587,1,14,2007,26.2366
44587,1,14,2008,26.5421
44587,1,14,2009,26.7306
44587,1,14,2010,26.9703
44587,1,14,2011,27.1715
44587,1,14,2012,27.37778
44587,1,14,2013,27.53994
44587,1,14,2014,27.74598
44587,1,14,2015,27.84654
44587,1,14,2016,28.17123
44587,1,14,2017,28.36849
44587,1,14,2018,28.69678
44587,1,14,2019,28.83089
44587,2,14,1950,25.68554
44587,2,14,1951,25.73224
44587,2,14,1952,25.8852
44587,2,14,1953,25.98596
44587,2,14,1954,26.05006
44587,2,14,1955,26.21448
44587,2,14,1956,26.25418
44587,2,14,1957,26.28659
44587,2,14,1958,26.33379
44587,2,14,1959,26.47445
44587,2,14,1960,26.27795
44587,2,14,1961,26.557
44587,2,14,1962,26.66231
44587,2,14,1963,26.7925
44587,2,14,1964,26.92296
44587,2,14,1965,26.98787
44587,2,14,1966,27.01727
44587,2,14,1967,27.03316
44587,2,14,1968,27.01205
44587,2,14,1969,27.07332
44587,2,14,1970,27.15176
44587,2,14,1971,27.30987
44587,2,14,1972,27.33747
44587,2,14,1973,27.50547
44587,2,14,1974,27.62537
44587,2,14,1975,27.78535
44587,2,14,1976,27.85389
44587,2,14,1977,27.976
44587,2,14,1978,28.05624
44587,2,14,1979,28.20646
44587,2,14,1980,28.23786
44587,2,14,1981,28.23015
44587,2,14,1982,28.28069
44587,2,14,1983,28.29952
44587,2,14,1984,28.33717
44587,2,14,1985,28.48915
44587,2,14,1986,28.45681
44587,2,14,1987,28.50953
44587,2,14,1988,28.66051
44587,2,14,1989,28.69959
44587,2,14,1990,28.75443
44587,2,14,1991,28.78808
44587,2,14,1992,28.74007
44587,2,14,1993,28.70102
44587,2,14,1994,28.27683
44587,2,14,1995,28.5665
44587,2,14,1996,28.42535
44587,2,14,1997,28.28549
44587,2,14,1998,28.2046
44587,2,14,1999,28.24858
44587,2,14,2000,28.23221
44587,2,14,2001,28.29547
44587,2,14,2002,28.32785
44587,2,14,2003,28.36764
44587,2,14,2004,28.52665
44587,2,14,2005,28.66576
44587,2,14,2006,28.86935
44587,2,14,2007,29.1876
44587,2,14,2008,29.41039
44587,2,14,2009,29.63082
44587,2,14,2010,29.79636
44587,2,14,2011,30.10573
44587,2,14,2012,30.24509
44587,2,14,2013,30.54276
44587,2,14,2014,30.63132
44587,2,14,2015,30.77477
44587,2,14,2016,30.9628
44587,2,14,2017,31.24085
44587,2,14,2018,31.47522
44587,2,14,2019,31.64065
44587,3,14,1950,23.52769
44587,3,14,1951,23.70723
44587,3,14,1952,23.83728
44587,3,14,1953,24.01482
44587,3,14,1954,24.07225
44587,3,14,1955,24.1904
44587,3,14,1956,24.30194
44587,3,14,1957,24.31825
44587,3,14,1958,24.36964
44587,3,14,1959,24.52123
44587,3,14,1960,24.39883
44587,3,14,1961,24.59154
44587,3,14,1962,24.70865
44587,3,14,1963,24.85081
44587,3,14,1964,24.97902
44587,3,14,1965,25.0988
44587,3,14,1966,25.13874
44587,3,14,1967,25.20071
44587,3,14,1968,25.15677
44587,3,14,1969,25.23998
44587,3,14,1970,25.38259
44587,3,14,1971,25.54276
44587,3,14,1972,25.52777
44587,3,14,1973,25.71051
44587,3,14,1974,25.86807
44587,3,14,1975,26.00892
44587,3,14,1976,26.16442
44587,3,14,1977,26.25913
44587,3,14,1978,26.42458
44587,3,14,1979,26.55176
44587,3,14,1980,26.59368
44587,3,14,1981,26.61882
44587,3,14,1982,26.75186
44587,3,14,1983,26.76071
44587,3,14,1984,26.79371
44587,3,14,1985,26.87304
44587,3,14,1986,26.88634
44587,3,14,1987,26.91775
44587,3,14,1988,27.05748
44587,3,14,1989,27.06345
44587,3,14,1990,27.09189
44587,3,14,1991,27.09666
44587,3,14,1992,27.04968
44587,3,14,1993,26.98149
44587,3,14,1994,26.59981
44587,3,14,1995,26.82087
44587,3,14,1996,26.67824
44587,3,14,1997,26.5721
44587,3,14,1998,26.49692
44587,3,14,1999,26.53868
44587,3,14,2000,26.55703
44587,3,14,2001,26.63723
44587,3,14,2002,26.68318
44587,3,14,2003,26.7311
44587,3,14,2004,26.89874
44587,3,14,2005,27.08586
44587,3,14,2006,27.27463
44587,3,14,2007,27.60928
44587,3,14,2008,27.86763
44587,3,14,2009,28.09721
44587,3,14,2010,28.29784
44587,3,14,2011,28.52726
44587,3,14,2012,28.70188
44587,3,14,2013,28.91415
44587,3,14,2014,29.08475
44587,3,14,2015,29.22759
44587,3,14,2016,29.48261
44587,3,14,2017,29.73253
44587,3,14,2018,29.99394
44587,3,14,2019,30.17806
44590,1,14,1950,23.92819
44590,1,14,1951,24.12342
44590,1,14,1952,24.40792
44590,1,14,1953,24.59559
44590,1,14,1954,24.7854
44590,1,14,1955,24.9358
44590,1,14,1956,25.04916
44590,1,14,1957,25.11875
44590,1,14,1958,24.98368
44590,1,14,1959,24.55079
44590,1,14,1960,23.84564
44590,1,14,1961,24.39897
44590,1,14,1962,25.37744
44590,1,14,1963,25.68165
44590,1,14,1964,25.88056
44590,1,14,1965,25.88481
44590,1,14,1966,26.02762
44590,1,14,1967,26.06439
44590,1,14,1968,26.06496
44590,1,14,1969,26.1008
44590,1,14,1970,26.19721
44590,1,14,1971,26.35982
44590,1,14,1972,26.52628
44590,1,14,1973,26.59938
44590,1,14,1974,26.75349
44590,1,14,1975,26.73944
44590,1,14,1976,26.77897
44590,1,14,1977,26.96599
44590,1,14,1978,27.12376
44590,1,14,1979,27.23351
44590,1,14,1980,27.28628
44590,1,14,1981,27.37834
44590,1,14,1982,27.60159
44590,1,14,1983,27.65112
44590,1,14,1984,27.69636
44590,1,14,1985,27.80812
44590,1,14,1986,28.07968
44590,1,14,1987,28.1655
44590,1,14,1988,28.21067
44590,1,14,1989,28.27749
44590,1,14,1990,28.38094
44590,1,14,1991,28.42609
44590,1,14,1992,28.46246
44590,1,14,1993,28.39403
44590,1,14,1994,28.40499
44590,1,14,1995,28.49725
44590,1,14,1996,28.66337
44590,1,14,1997,28.79401
44590,1,14,1998,28.9062
44590,1,14,1999,29.02564
44590,1,14,2000,29.10492
44590,1,14,2001,29.22274
44590,1,14,2002,29.31057
44590,1,14,2003,29.44395
44590,1,14,2004,29.63373
44590,1,14,2005,29.77181
44590,1,14,2006,30.05543
44590,1,14,2007,30.26522
44590,1,14,2008,30.34277
44590,1,14,2009,30.62388
44590,1,14,2010,30.72947
44590,1,14,2011,30.92814
44590,1,14,2012,31.15355
44590,1,14,2013,31.35612
44590,1,14,2014,31.54737
44590,1,14,2015,31.68949
44590,1,14,2016,31.89803
44590,1,14,2017,32.1801
44590,1,14,2018,32.3517
44590,1,14,2019,32.49957
44590,2,14,1950,28.04844
44590,2,14,1951,28.17646
44590,2,14,1952,28.457
44590,2,14,1953,28.61034
44590,2,14,1954,28.83695
44590,2,14,1955,28.98826
44590,2,14,1956,29.04913
44590,2,14,1957,29.15786
44590,2,14,1958,29.03154
44590,2,14,1959,28.68007
44590,2,14,1960,28.0081
44590,2,14,1961,28.27356
44590,2,14,1962,29.51138
44590,2,14,1963,29.85314
44590,2,14,1964,30.04877
44590,2,14,1965,30.08067
44590,2,14,1966,30.16215
44590,2,14,1967,30.22736
44590,2,14,1968,30.21785
44590,2,14,1969,30.25223
44590,2,14,1970,30.35811
44590,2,14,1971,30.44349
44590,2,14,1972,30.56634
44590,2,14,1973,30.74844
44590,2,14,1974,30.85727
44590,2,14,1975,30.886
44590,2,14,1976,30.99599
44590,2,14,1977,31.14067
44590,2,14,1978,31.24762
44590,2,14,1979,31.40198
44590,2,14,1980,31.48051
44590,2,14,1981,31.59449
44590,2,14,1982,31.73748
44590,2,14,1983,31.79561
44590,2,14,1984,31.86
44590,2,14,1985,31.92022
44590,2,14,1986,32.13428
44590,2,14,1987,32.2607
44590,2,14,1988,32.34783
44590,2,14,1989,32.46592
44590,2,14,1990,32.60534
44590,2,14,1991,32.6904
44590,2,14,1992,32.71415
44590,2,14,1993,32.71051
44590,2,14,1994,32.7503
44590,2,14,1995,32.91814
44590,2,14,1996,33.07289
44590,2,14,1997,33.13793
44590,2,14,1998,33.28333
44590,2,14,1999,33.34017
44590,2,14,2000,33.45022
44590,2,14,2001,33.57291
44590,2,14,2002,33.63002
44590,2,14,2003,33.76481
44590,2,14,2004,33.98156
44590,2,14,2005,34.1402
44590,2,14,2006,34.37191
44590,2,14,2007,34.60328
44590,2,14,2008,34.73526
44590,2,14,2009,35.00554
44590,2,14,2010,35.16185
44590,2,14,2011,35.3469
44590,2,14,2012,35.52832
44590,2,14,2013,35.68482
44590,2,14,2014,35.81712
44590,2,14,2015,35.90869
44590,2,14,2016,36.06102
44590,2,14,2017,36.26444
44590,2,14,2018,36.36642
44590,2,14,2019,36.52948
44590,3,14,1950,25.80479
44590,3,14,1951,25.95104
44590,3,14,1952,26.24099
44590,3,14,1953,26.4443
44590,3,14,1954,26.63236
44590,3,14,1955,26.79359
44590,3,14,1956,26.90608
44590,3,14,1957,26.96923
44590,3,14,1958,26.84338
44590,3,14,1959,26.47643
44590,3,14,1960,25.85352
44590,3,14,1961,26.22005
44590,3,14,1962,27.31912
44590,3,14,1963,27.65694
44590,3,14,1964,27.8444
44590,3,14,1965,27.84432
44590,3,14,1966,27.96987
44590,3,14,1967,28.03927
44590,3,14,1968,28.03277
44590,3,14,1969,28.06258
44590,3,14,1970,28.16828
44590,3,14,1971,28.2982
44590,3,14,1972,28.43801
44590,3,14,1973,28.58536
44590,3,14,1974,28.70486
44590,3,14,1975,28.72836
44590,3,14,1976,28.77237
44590,3,14,1977,28.95017
44590,3,14,1978,29.0852
44590,3,14,1979,29.23112
44590,3,14,1980,29.29609
44590,3,14,1981,29.40118
44590,3,14,1982,29.58618
44590,3,14,1983,29.62976
44590,3,14,1984,29.66806
44590,3,14,1985,29.75428
44590,3,14,1986,30.00979
44590,3,14,1987,30.0912
44590,3,14,1988,30.16651
44590,3,14,1989,30.25089
44590,3,14,1990,30.3815
44590,3,14,1991,30.43461
44590,3,14,1992,30.47389
44590,3,14,1993,30.42388
44590,3,14,1994,30.47243
44590,3,14,1995,30.6093
44590,3,14,1996,30.77376
44590,3,14,1997,30.87344
44590,3,14,1998,31.01291
44590,3,14,1999,31.09587
44590,3,14,2000,31.18576
44590,3,14,2001,31.31566
44590,3,14,2002,31.3859
44590,3,14,2003,31.50962
44590,3,14,2004,31.72089
44590,3,14,2005,31.86208
44590,3,14,2006,32.14185
44590,3,14,2007,32.34157
44590,3,14,2008,32.45933
44590,3,14,2009,32.72989
44590,3,14,2010,32.86519
44590,3,14,2011,33.0483
44590,3,14,2012,33.26991
44590,3,14,2013,33.44468
44590,3,14,2014,33.62559
44590,3,14,2015,33.70451
44590,3,14,2016,33.87916
44590,3,14,2017,34.11025
44590,3,14,2018,34.25635
44590,3,14,2019,34.39366
44591,1,14,1950,23.93065
44591,1,14,1951,24.12583
44591,1,14,1952,24.41053
44591,1,14,1953,24.59896
44591,1,14,1954,24.78874
44591,1,14,1955,24.93914
44591,1,14,1956,25.05201
44591,1,14,1957,25.12157
44591,1,14,1958,24.98707
44591,1,14,1959,24.55424
44591,1,14,1960,23.84969
44591,1,14,1961,24.40245
44591,1,14,1962,25.38074
44591,1,14,1963,25.68479
44591,1,14,1964,25.88357
44591,1,14,1965,25.88802
44591,1,14,1966,26.03081
44591,1,14,1967,26.06742
44591,1,14,1968,26.06819
44591,1,14,1969,26.10338
44591,1,14,1970,26.19974
44591,1,14,1971,26.36266
44591,1,14,1972,26.52848
44591,1,14,1973,26.60177
44591,1,14,1974,26.75579
44591,1,14,1975,26.74213
44591,1,14,1976,26.78131
44591,1,14,1977,26.96862
44591,1,14,1978,27.12646
44591,1,14,1979,27.23609
44591,1,14,1980,27.28909
44591,1,14,1981,27.38112
44591,1,14,1982,27.60418
44591,1,14,1983,27.65406
44591,1,14,1984,27.69927
44591,1,14,1985,27.81042
44591,1,14,1986,28.082
44591,1,14,1987,28.16793
44591,1,14,1988,28.21254
44591,1,14,1989,28.27943
44591,1,14,1990,28.38322
44591,1,14,1991,28.42851
44591,1,14,1992,28.4648
44591,1,14,1993,28.3966
44591,1,14,1994,28.40735
44591,1,14,1995,28.49939
44591,1,14,1996,28.66569
44591,1,14,1997,28.79668
44591,1,14,1998,28.90856
44591,1,14,1999,29.02843
44591,1,14,2000,29.10778
44591,1,14,2001,29.22535
44591,1,14,2002,29.31361
44591,1,14,2003,29.44732
44591,1,14,2004,29.63689
44591,1,14,2005,29.77487
44591,1,14,2006,30.05843
44591,1,14,2007,30.26829
44591,1,14,2008,30.3458
44591,1,14,2009,30.62666
44591,1,14,2010,30.73266
44591,1,14,2011,30.93105
44591,1,14,2012,31.1566
44591,1,14,2013,31.35901
44591,1,14,2014,31.55045
44591,1,14,2015,31.69254
44591,1,14,2016,31.90091
44591,1,14,2017,32.18276
44591,1,14,2018,32.35337
44591,1,14,2019,32.50286
44591,2,14,1950,28.04779
44591,2,14,1951,28.17615
44591,2,14,1952,28.45708
44591,2,14,1953,28.61137
44591,2,14,1954,28.8383
44591,2,14,1955,28.98963
44591,2,14,1956,29.05022
44591,2,14,1957,29.15906
44591,2,14,1958,29.03292
44591,2,14,1959,28.68186
44591,2,14,1960,28.01044
44591,2,14,1961,28.27602
44591,2,14,1962,29.51304
44591,2,14,1963,29.85484
44591,2,14,1964,30.05043
44591,2,14,1965,30.08264
44591,2,14,1966,30.16397
44591,2,14,1967,30.22926
44591,2,14,1968,30.21987
44591,2,14,1969,30.2543
44591,2,14,1970,30.36021
44591,2,14,1971,30.44581
44591,2,14,1972,30.56856
44591,2,14,1973,30.75063
44591,2,14,1974,30.85953
44591,2,14,1975,30.88854
44591,2,14,1976,30.99846
44591,2,14,1977,31.14325
44591,2,14,1978,31.25026
44591,2,14,1979,31.40483
44591,2,14,1980,31.48321
44591,2,14,1981,31.59734
44591,2,14,1982,31.74011
44591,2,14,1983,31.79864
44591,2,14,1984,31.86275
44591,2,14,1985,31.92302
44591,2,14,1986,32.1371
44591,2,14,1987,32.26389
44591,2,14,1988,32.35054
44591,2,14,1989,32.46861
44591,2,14,1990,32.60842
44591,2,14,1991,32.69321
44591,2,14,1992,32.71722
44591,2,14,1993,32.71369
44591,2,14,1994,32.75369
44591,2,14,1995,32.9211
44591,2,14,1996,33.07584
44591,2,14,1997,33.14143
44591,2,14,1998,33.28658
44591,2,14,1999,33.34326
44591,2,14,2000,33.45376
44591,2,14,2001,33.57657
44591,2,14,2002,33.63399
44591,2,14,2003,33.76876
44591,2,14,2004,33.9853
44591,2,14,2005,34.14395
44591,2,14,2006,34.37594
44591,2,14,2007,34.60705
44591,2,14,2008,34.73909
44591,2,14,2009,35.00924
44591,2,14,2010,35.16592
44591,2,14,2011,35.35053
44591,2,14,2012,35.53228
44591,2,14,2013,35.68833
44591,2,14,2014,35.82077
44591,2,14,2015,35.91281
44591,2,14,2016,36.06475
44591,2,14,2017,36.26793
44591,2,14,2018,36.37067
44591,2,14,2019,36.53264
44591,3,14,1950,25.80569
44591,3,14,1951,25.95223
44591,3,14,1952,26.24245
44591,3,14,1953,26.44663
44591,3,14,1954,26.63478
44591,3,14,1955,26.796
44591,3,14,1956,26.90816
44591,3,14,1957,26.97148
44591,3,14,1958,26.84575
44591,3,14,1959,26.4791
44591,3,14,1960,25.85667
44591,3,14,1961,26.22304
44591,3,14,1962,27.32161
44591,3,14,1963,27.65936
44591,3,14,1964,27.84673
44591,3,14,1965,27.8468
44591,3,14,1966,27.97242
44591,3,14,1967,28.04186
44591,3,14,1968,28.0353
44591,3,14,1969,28.06504
44591,3,14,1970,28.17071
44591,3,14,1971,28.30065
44591,3,14,1972,28.44027
44591,3,14,1973,28.58753
44591,3,14,1974,28.70725
44591,3,14,1975,28.73083
44591,3,14,1976,28.77483
44591,3,14,1977,28.95266
44591,3,14,1978,29.08779
44591,3,14,1979,29.23378
44591,3,14,1980,29.29865
44591,3,14,1981,29.40397
44591,3,14,1982,29.5888
44591,3,14,1983,29.63272
44591,3,14,1984,29.67097
44591,3,14,1985,29.7568
44591,3,14,1986,30.01247
44591,3,14,1987,30.09397
44591,3,14,1988,30.16897
44591,3,14,1989,30.25365
44591,3,14,1990,30.38413
44591,3,14,1991,30.4374
44591,3,14,1992,30.47664
44591,3,14,1993,30.42672
44591,3,14,1994,30.47535
44591,3,14,1995,30.61189
44591,3,14,1996,30.77644
44591,3,14,1997,30.8765
44591,3,14,1998,31.01577
44591,3,14,1999,31.09909
44591,3,14,2000,31.18895
44591,3,14,2001,31.31886
44591,3,14,2002,31.38953
44591,3,14,2003,31.5135
44591,3,14,2004,31.72453
44591,3,14,2005,31.86572
44591,3,14,2006,32.14557
44591,3,14,2007,32.34506
44591,3,14,2008,32.46295
44591,3,14,2009,32.73314
44591,3,14,2010,32.86879
44591,3,14,2011,33.05162
44591,3,14,2012,33.27353
44591,3,14,2013,33.448
44591,3,14,2014,33.62908
44591,3,14,2015,33.70817
44591,3,14,2016,33.88248
44591,3,14,2017,34.11335
44591,3,14,2018,34.26091
44591,3,14,2019,34.39663
44634,1,14,1950,26.13071
44634,1,14,1951,26.21619
44634,1,14,1952,26.37849
44634,1,14,1953,26.66636
44634,1,14,1954,26.84893
44634,1,14,1955,26.92588
44634,1,14,1956,26.97563
44634,1,14,1957,27.03634
44634,1,14,1958,27.18918
44634,1,14,1959,26.54463
44634,1,14,1960,26.43812
44634,1,14,1961,26.82353
44634,1,14,1962,27.2356
44634,1,14,1963,27.51955
44634,1,14,1964,27.73479
44634,1,14,1965,27.71715
44634,1,14,1966,27.8833
44634,1,14,1967,27.81044
44634,1,14,1968,27.73146
44634,1,14,1969,27.52181
44634,1,14,1970,27.69256
44634,1,14,1971,27.72529
44634,1,14,1972,27.8568
44634,1,14,1973,27.88676
44634,1,14,1974,27.92058
44634,1,14,1975,27.7168
44634,1,14,1976,27.6786
44634,1,14,1977,27.61804
44634,1,14,1978,27.67745
44634,1,14,1979,27.60669
44634,1,14,1980,27.61705
44634,1,14,1981,27.74092
44634,1,14,1982,27.8399
44634,1,14,1983,27.78404
44634,1,14,1984,27.68965
44634,1,14,1985,27.91713
44634,1,14,1986,28.40799
44634,1,14,1987,28.34719
44634,1,14,1988,28.38258
44634,1,14,1989,28.33572
44634,1,14,1990,28.39021
44634,1,14,1991,28.38616
44634,1,14,1992,28.23233
44634,1,14,1993,27.84558
44634,1,14,1994,27.62859
44634,1,14,1995,27.74351
44634,1,14,1996,28.08979
44634,1,14,1997,28.41747
44634,1,14,1998,28.64711
44634,1,14,1999,28.5784
44634,1,14,2000,28.56208
44634,1,14,2001,28.69642
44634,1,14,2002,28.70182
44634,1,14,2003,28.77427
44634,1,14,2004,28.96742
44634,1,14,2005,29.02119
44634,1,14,2006,29.59771
44634,1,14,2007,29.96363
44634,1,14,2008,30.1429
44634,1,14,2009,30.55526
44634,1,14,2010,30.75615
44634,1,14,2011,31.14447
44634,1,14,2012,31.45602
44634,1,14,2013,31.83355
44634,1,14,2014,32.1127
44634,1,14,2015,32.23729
44634,1,14,2016,32.47538
44634,1,14,2017,32.83724
44634,1,14,2018,33.14127
44634,1,14,2019,33.33507
44634,2,14,1950,30.46774
44634,2,14,1951,30.4379
44634,2,14,1952,30.61292
44634,2,14,1953,30.83831
44634,2,14,1954,30.99796
44634,2,14,1955,31.16509
44634,2,14,1956,31.17319
44634,2,14,1957,31.23132
44634,2,14,1958,31.42748
44634,2,14,1959,30.89989
44634,2,14,1960,30.94223
44634,2,14,1961,31.28937
44634,2,14,1962,31.64041
44634,2,14,1963,31.94648
44634,2,14,1964,32.17698
44634,2,14,1965,32.17713
44634,2,14,1966,32.26793
44634,2,14,1967,32.22593
44634,2,14,1968,32.19306
44634,2,14,1969,32.12194
44634,2,14,1970,32.24622
44634,2,14,1971,32.30175
44634,2,14,1972,32.34863
44634,2,14,1973,32.42444
44634,2,14,1974,32.46342
44634,2,14,1975,32.34333
44634,2,14,1976,32.29708
44634,2,14,1977,32.40695
44634,2,14,1978,32.45558
44634,2,14,1979,32.45376
44634,2,14,1980,32.45472
44634,2,14,1981,32.58742
44634,2,14,1982,32.78448
44634,2,14,1983,32.75282
44634,2,14,1984,32.72871
44634,2,14,1985,32.8371
44634,2,14,1986,33.17284
44634,2,14,1987,33.21678
44634,2,14,1988,33.32859
44634,2,14,1989,33.41491
44634,2,14,1990,33.51959
44634,2,14,1991,33.54771
44634,2,14,1992,33.53289
44634,2,14,1993,33.22703
44634,2,14,1994,33.16816
44634,2,14,1995,33.34159
44634,2,14,1996,33.58679
44634,2,14,1997,33.81693
44634,2,14,1998,34.03767
44634,2,14,1999,34.00065
44634,2,14,2000,34.0824
44634,2,14,2001,34.20201
44634,2,14,2002,34.21901
44634,2,14,2003,34.28337
44634,2,14,2004,34.5159
44634,2,14,2005,34.63855
44634,2,14,2006,35.07131
44634,2,14,2007,35.37756
44634,2,14,2008,35.56979
44634,2,14,2009,35.86442
44634,2,14,2010,36.10841
44634,2,14,2011,36.42919
44634,2,14,2012,36.73505
44634,2,14,2013,37.01451
44634,2,14,2014,37.19449
44634,2,14,2015,37.31162
44634,2,14,2016,37.51122
44634,2,14,2017,37.72627
44634,2,14,2018,37.86012
44634,2,14,2019,37.98826
44634,3,14,1950,28.14865
44634,3,14,1951,28.21088
44634,3,14,1952,28.38908
44634,3,14,1953,28.63241
44634,3,14,1954,28.78632
44634,3,14,1955,28.92828
44634,3,14,1956,28.95953
44634,3,14,1957,29.05806
44634,3,14,1958,29.25773
44634,3,14,1959,28.67424
44634,3,14,1960,28.67583
44634,3,14,1961,29.0465
44634,3,14,1962,29.42265
44634,3,14,1963,29.72874
44634,3,14,1964,29.94591
44634,3,14,1965,29.93428
44634,3,14,1966,30.05021
44634,3,14,1967,30.00961
44634,3,14,1968,29.97031
44634,3,14,1969,29.81121
44634,3,14,1970,29.97903
44634,3,14,1971,30.0154
44634,3,14,1972,30.1066
44634,3,14,1973,30.15881
44634,3,14,1974,30.17173
44634,3,14,1975,30.03263
44634,3,14,1976,29.98611
44634,3,14,1977,29.98419
44634,3,14,1978,30.02931
44634,3,14,1979,29.99166
44634,3,14,1980,29.98337
44634,3,14,1981,30.10749
44634,3,14,1982,30.2712
44634,3,14,1983,30.2105
44634,3,14,1984,30.14409
44634,3,14,1985,30.32662
44634,3,14,1986,30.75238
44634,3,14,1987,30.74511
44634,3,14,1988,30.8142
44634,3,14,1989,30.84969
44634,3,14,1990,30.90147
44634,3,14,1991,30.92235
44634,3,14,1992,30.83418
44634,3,14,1993,30.46005
44634,3,14,1994,30.33556
44634,3,14,1995,30.46653
44634,3,14,1996,30.79107
44634,3,14,1997,31.07128
44634,3,14,1998,31.31489
44634,3,14,1999,31.22105
44634,3,14,2000,31.25584
44634,3,14,2001,31.39858
44634,3,14,2002,31.40241
44634,3,14,2003,31.45502
44634,3,14,2004,31.68878
44634,3,14,2005,31.78005
44634,3,14,2006,32.29265
44634,3,14,2007,32.61479
44634,3,14,2008,32.8117
44634,3,14,2009,33.16814
44634,3,14,2010,33.39311
44634,3,14,2011,33.74106
44634,3,14,2012,34.05592
44634,3,14,2013,34.36918
44634,3,14,2014,34.60208
44634,3,14,2015,34.69672
44634,3,14,2016,34.91758
44634,3,14,2017,35.19568
44634,3,14,2018,35.3892
44634,3,14,2019,35.54039
44635,1,14,1950,26.38985
44635,1,14,1951,26.49648
44635,1,14,1952,26.80858
44635,1,14,1953,26.92539
44635,1,14,1954,27.13385
44635,1,14,1955,27.21433
44635,1,14,1956,27.17194
44635,1,14,1957,27.09067
44635,1,14,1958,27.35531
44635,1,14,1959,27.35689
44635,1,14,1960,27.32454
44635,1,14,1961,27.4152
44635,1,14,1962,27.32401
44635,1,14,1963,27.3154
44635,1,14,1964,27.46256
44635,1,14,1965,27.45305
44635,1,14,1966,27.48774
44635,1,14,1967,27.56206
44635,1,14,1968,27.4394
44635,1,14,1969,27.45422
44635,1,14,1970,27.62959
44635,1,14,1971,27.8277
44635,1,14,1972,27.88205
44635,1,14,1973,28.01248
44635,1,14,1974,28.20693
44635,1,14,1975,28.37419
44635,1,14,1976,28.55309
44635,1,14,1977,28.77315
44635,1,14,1978,28.90849
44635,1,14,1979,29.05369
44635,1,14,1980,29.14576
44635,1,14,1981,29.36672
44635,1,14,1982,29.56265
44635,1,14,1983,29.65752
44635,1,14,1984,29.85303
44635,1,14,1985,29.97803
44635,1,14,1986,30.18514
44635,1,14,1987,30.40621
44635,1,14,1988,30.56424
44635,1,14,1989,30.74983
44635,1,14,1990,30.92609
44635,1,14,1991,31.10255
44635,1,14,1992,31.28949
44635,1,14,1993,31.36277
44635,1,14,1994,31.5311
44635,1,14,1995,31.64347
44635,1,14,1996,31.91799
44635,1,14,1997,32.20505
44635,1,14,1998,32.34813
44635,1,14,1999,32.4903
44635,1,14,2000,32.74592
44635,1,14,2001,32.96863
44635,1,14,2002,33.14701
44635,1,14,2003,33.3287
44635,1,14,2004,33.65049
44635,1,14,2005,33.81703
44635,1,14,2006,34.08058
44635,1,14,2007,34.29736
44635,1,14,2008,34.47672
44635,1,14,2009,34.68015
44635,1,14,2010,34.85757
44635,1,14,2011,34.98465
44635,1,14,2012,35.16315
44635,1,14,2013,35.3056
44635,1,14,2014,35.48728
44635,1,14,2015,35.54656
44635,1,14,2016,35.6469
44635,1,14,2017,35.79753
44635,1,14,2018,35.80923
44635,1,14,2019,35.84558
44635,2,14,1950,30.33441
44635,2,14,1951,30.4697
44635,2,14,1952,30.81078
44635,2,14,1953,30.97781
44635,2,14,1954,31.26741
44635,2,14,1955,31.40015
44635,2,14,1956,31.4394
44635,2,14,1957,31.46369
44635,2,14,1958,31.74266
44635,2,14,1959,31.82592
44635,2,14,1960,31.88822
44635,2,14,1961,32.03325
44635,2,14,1962,32.04164
44635,2,14,1963,32.13641
44635,2,14,1964,32.37409
44635,2,14,1965,32.44882
44635,2,14,1966,32.54993
44635,2,14,1967,32.66339
44635,2,14,1968,32.57358
44635,2,14,1969,32.63841
44635,2,14,1970,32.82988
44635,2,14,1971,33.0566
44635,2,14,1972,33.19274
44635,2,14,1973,33.33525
44635,2,14,1974,33.54528
44635,2,14,1975,33.76794
44635,2,14,1976,33.98955
44635,2,14,1977,34.24905
44635,2,14,1978,34.4146
44635,2,14,1979,34.58417
44635,2,14,1980,34.66753
44635,2,14,1981,34.86489
44635,2,14,1982,35.05223
44635,2,14,1983,35.16133
44635,2,14,1984,35.34735
44635,2,14,1985,35.44635
44635,2,14,1986,35.63642
44635,2,14,1987,35.83514
44635,2,14,1988,35.96391
44635,2,14,1989,36.1327
44635,2,14,1990,36.33387
44635,2,14,1991,36.49466
44635,2,14,1992,36.67243
44635,2,14,1993,36.71923
44635,2,14,1994,36.87213
44635,2,14,1995,36.95914
44635,2,14,1996,37.14555
44635,2,14,1997,37.32102
44635,2,14,1998,37.43898
44635,2,14,1999,37.51523
44635,2,14,2000,37.70372
44635,2,14,2001,37.86892
44635,2,14,2002,38.00388
44635,2,14,2003,38.15534
44635,2,14,2004,38.43072
44635,2,14,2005,38.59529
44635,2,14,2006,38.81179
44635,2,14,2007,38.99314
44635,2,14,2008,39.13341
44635,2,14,2009,39.3171
44635,2,14,2010,39.49032
44635,2,14,2011,39.54774
44635,2,14,2012,39.66708
44635,2,14,2013,39.77324
44635,2,14,2014,39.89509
44635,2,14,2015,39.94227
44635,2,14,2016,40.01871
44635,2,14,2017,40.17595
44635,2,14,2018,40.20651
44635,2,14,2019,40.17337
44635,3,14,1950,28.36188
44635,3,14,1951,28.4872
44635,3,14,1952,28.81966
44635,3,14,1953,28.96358
44635,3,14,1954,29.21318
44635,3,14,1955,29.32426
44635,3,14,1956,29.32125
44635,3,14,1957,29.29283
44635,3,14,1958,29.57028
44635,3,14,1959,29.61374
44635,3,14,1960,29.62748
44635,3,14,1961,29.75143
44635,3,14,1962,29.70737
44635,3,14,1963,29.75311
44635,3,14,1964,29.94935
44635,3,14,1965,29.98411
44635,3,14,1966,30.05746
44635,3,14,1967,30.15536
44635,3,14,1968,30.04965
44635,3,14,1969,30.09191
44635,3,14,1970,30.28468
44635,3,14,1971,30.50223
44635,3,14,1972,30.59978
44635,3,14,1973,30.73969
44635,3,14,1974,30.9471
44635,3,14,1975,31.14521
44635,3,14,1976,31.34909
44635,3,14,1977,31.59605
44635,3,14,1978,31.74643
44635,3,14,1979,31.90767
44635,3,14,1980,31.99461
44635,3,14,1981,32.2081
44635,3,14,1982,32.40378
44635,3,14,1983,32.50553
44635,3,14,1984,32.69691
44635,3,14,1985,32.81195
44635,3,14,1986,33.01289
44635,3,14,1987,33.22448
44635,3,14,1988,33.36838
44635,3,14,1989,33.54538
44635,3,14,1990,33.73374
44635,3,14,1991,33.90239
44635,3,14,1992,34.08585
44635,3,14,1993,34.14058
44635,3,14,1994,34.3
44635,3,14,1995,34.39531
44635,3,14,1996,34.6276
44635,3,14,1997,34.86164
44635,3,14,1998,34.98911
44635,3,14,1999,35.09384
44635,3,14,2000,35.31397
44635,3,14,2001,35.50325
44635,3,14,2002,35.6582
44635,3,14,2003,35.82381
44635,3,14,2004,36.12281
44635,3,14,2005,36.28265
44635,3,14,2006,36.52089
44635,3,14,2007,36.7152
44635,3,14,2008,36.87146
44635,3,14,2009,37.06432
44635,3,14,2010,37.23681
44635,3,14,2011,37.32547
44635,3,14,2012,37.47347
44635,3,14,2013,37.59069
44635,3,14,2014,37.7425
44635,3,14,2015,37.78852
44635,3,14,2016,37.87276
44635,3,14,2017,38.02764
44635,3,14,2018,38.04222
44635,3,14,2019,38.03675
44636,1,14,1950,21.0895
44636,1,14,1951,21.28349
44636,1,14,1952,21.56648
44636,1,14,1953,21.70992
44636,1,14,1954,21.84294
44636,1,14,1955,21.98424
44636,1,14,1956,22.09982
44636,1,14,1957,22.31603
44636,1,14,1958,22.02864
44636,1,14,1959,22.21092
44636,1,14,1960,21.27603
44636,1,14,1961,22.1918
44636,1,14,1962,22.60098
44636,1,14,1963,22.98421
44636,1,14,1964,23.20633
44636,1,14,1965,23.20247
44636,1,14,1966,23.31241
44636,1,14,1967,23.43399
44636,1,14,1968,23.64705
44636,1,14,1969,23.79409
44636,1,14,1970,23.67828
44636,1,14,1971,23.80892
44636,1,14,1972,24.02528
44636,1,14,1973,24.17408
44636,1,14,1974,24.35855
44636,1,14,1975,24.27286
44636,1,14,1976,24.2966
44636,1,14,1977,24.56901
44636,1,14,1978,24.86011
44636,1,14,1979,25.20398
44636,1,14,1980,25.28552
44636,1,14,1981,25.29967
44636,1,14,1982,25.70613
44636,1,14,1983,25.71431
44636,1,14,1984,25.7178
44636,1,14,1985,25.81101
44636,1,14,1986,26.06095
44636,1,14,1987,26.15148
44636,1,14,1988,26.15298
44636,1,14,1989,26.27361
44636,1,14,1990,26.38329
44636,1,14,1991,26.32361
44636,1,14,1992,26.46977
44636,1,14,1993,26.57038
44636,1,14,1994,26.75887
44636,1,14,1995,26.84812
44636,1,14,1996,26.89509
44636,1,14,1997,26.68509
44636,1,14,1998,26.8
44636,1,14,1999,27.09514
44636,1,14,2000,27.08473
44636,1,14,2001,27.21203
44636,1,14,2002,27.34013
44636,1,14,2003,27.60246
44636,1,14,2004,27.97415
44636,1,14,2005,28.01949
44636,1,14,2006,28.08755
44636,1,14,2007,28.13921
44636,1,14,2008,28.1065
44636,1,14,2009,28.46207
44636,1,14,2010,28.58545
44636,1,14,2011,28.7286
44636,1,14,2012,28.89816
44636,1,14,2013,28.97452
44636,1,14,2014,29.14666
44636,1,14,2015,29.31962
44636,1,14,2016,29.57032
44636,1,14,2017,29.84227
44636,1,14,2018,30.07366
44636,1,14,2019,30.33997
44636,2,14,1950,24.06856
44636,2,14,1951,24.28523
44636,2,14,1952,24.48316
44636,2,14,1953,24.5104
44636,2,14,1954,24.65759
44636,2,14,1955,24.80974
44636,2,14,1956,24.87316
44636,2,14,1957,24.92777
44636,2,14,1958,24.60221
44636,2,14,1959,24.67477
44636,2,14,1960,23.61285
44636,2,14,1961,24.52743
44636,2,14,1962,25.15408
44636,2,14,1963,25.5003
44636,2,14,1964,25.56009
44636,2,14,1965,25.48091
44636,2,14,1966,25.57358
44636,2,14,1967,25.66643
44636,2,14,1968,25.79877
44636,2,14,1969,25.92341
44636,2,14,1970,25.77757
44636,2,14,1971,25.79404
44636,2,14,1972,26.0327
44636,2,14,1973,26.38082
44636,2,14,1974,26.55419
44636,2,14,1975,26.55589
44636,2,14,1976,26.81535
44636,2,14,1977,26.86613
44636,2,14,1978,27.18452
44636,2,14,1979,27.52539
44636,2,14,1980,27.83681
44636,2,14,1981,27.92618
44636,2,14,1982,28.09026
44636,2,14,1983,28.10898
44636,2,14,1984,28.12958
44636,2,14,1985,28.2066
44636,2,14,1986,28.39582
44636,2,14,1987,28.54205
44636,2,14,1988,28.63792
44636,2,14,1989,28.87468
44636,2,14,1990,29.01584
44636,2,14,1991,29.02695
44636,2,14,1992,29.04865
44636,2,14,1993,29.25134
44636,2,14,1994,29.48074
44636,2,14,1995,29.58013
44636,2,14,1996,29.67734
44636,2,14,1997,29.57698
44636,2,14,1998,29.64584
44636,2,14,1999,29.83355
44636,2,14,2000,29.97837
44636,2,14,2001,30.06879
44636,2,14,2002,30.12582
44636,2,14,2003,30.50875
44636,2,14,2004,30.91191
44636,2,14,2005,30.98376
44636,2,14,2006,31.096
44636,2,14,2007,31.26348
44636,2,14,2008,31.35171
44636,2,14,2009,31.87099
44636,2,14,2010,32.0347
44636,2,14,2011,32.10702
44636,2,14,2012,32.26885
44636,2,14,2013,32.34451
44636,2,14,2014,32.41126
44636,2,14,2015,32.34635
44636,2,14,2016,32.47609
44636,2,14,2017,32.78558
44636,2,14,2018,33.0038
44636,2,14,2019,33.28911
44636,3,14,1950,22.15173
44636,3,14,1951,22.36515
44636,3,14,1952,22.50009
44636,3,14,1953,22.7108
44636,3,14,1954,22.83182
44636,3,14,1955,22.99063
44636,3,14,1956,23.13216
44636,3,14,1957,23.22088
44636,3,14,1958,22.89985
44636,3,14,1959,23.04414
44636,3,14,1960,22.15359
44636,3,14,1961,22.92547
44636,3,14,1962,23.48829
44636,3,14,1963,23.88156
44636,3,14,1964,24.06952
44636,3,14,1965,23.98368
44636,3,14,1966,24.12085
44636,3,14,1967,24.24726
44636,3,14,1968,24.41373
44636,3,14,1969,24.57349
44636,3,14,1970,24.44698
44636,3,14,1971,24.52241
44636,3,14,1972,24.79342
44636,3,14,1973,25.09775
44636,3,14,1974,25.27481
44636,3,14,1975,25.19622
44636,3,14,1976,25.34433
44636,3,14,1977,25.51969
44636,3,14,1978,25.79474
44636,3,14,1979,26.15921
44636,3,14,1980,26.35644
44636,3,14,1981,26.43537
44636,3,14,1982,26.71562
44636,3,14,1983,26.75258
44636,3,14,1984,26.72627
44636,3,14,1985,26.79224
44636,3,14,1986,27.03069
44636,3,14,1987,27.13664
44636,3,14,1988,27.20275
44636,3,14,1989,27.36437
44636,3,14,1990,27.49829
44636,3,14,1991,27.48565
44636,3,14,1992,27.56604
44636,3,14,1993,27.72553
44636,3,14,1994,27.91565
44636,3,14,1995,28.01385
44636,3,14,1996,28.10808
44636,3,14,1997,27.95875
44636,3,14,1998,28.00593
44636,3,14,1999,28.25803
44636,3,14,2000,28.36393
44636,3,14,2001,28.46989
44636,3,14,2002,28.58067
44636,3,14,2003,28.88658
44636,3,14,2004,29.26989
44636,3,14,2005,29.35428
44636,3,14,2006,29.40038
44636,3,14,2007,29.54692
44636,3,14,2008,29.55958
44636,3,14,2009,29.98363
44636,3,14,2010,30.13924
44636,3,14,2011,30.26793
44636,3,14,2012,30.43658
44636,3,14,2013,30.51358
44636,3,14,2014,30.61741
44636,3,14,2015,30.71748
44636,3,14,2016,30.89798
44636,3,14,2017,31.14607
44636,3,14,2018,31.32354
44636,3,14,2019,31.57329
44637,1,14,1950,21.26415
44637,1,14,1951,21.35408
44637,1,14,1952,21.41486
44637,1,14,1953,21.50453
44637,1,14,1954,21.65974
44637,1,14,1955,21.77204
44637,1,14,1956,21.84469
44637,1,14,1957,21.91998
44637,1,14,1958,21.83731
44637,1,14,1959,22.0212
44637,1,14,1960,22.21642
44637,1,14,1961,22.25534
44637,1,14,1962,22.30125
44637,1,14,1963,22.37319
44637,1,14,1964,22.51732
44637,1,14,1965,22.52717
44637,1,14,1966,22.64731
44637,1,14,1967,22.67686
44637,1,14,1968,22.85391
44637,1,14,1969,22.99084
44637,1,14,1970,23.12846
44637,1,14,1971,23.14542
44637,1,14,1972,23.23111
44637,1,14,1973,23.48121
44637,1,14,1974,23.61431
44637,1,14,1975,23.64156
44637,1,14,1976,23.68439
44637,1,14,1977,23.86437
44637,1,14,1978,24.06103
44637,1,14,1979,24.28437
44637,1,14,1980,24.3694
44637,1,14,1981,24.32383
44637,1,14,1982,24.45546
44637,1,14,1983,24.46989
44637,1,14,1984,24.37314
44637,1,14,1985,24.58349
44637,1,14,1986,24.68734
44637,1,14,1987,24.73342
44637,1,14,1988,24.73199
44637,1,14,1989,24.71066
44637,1,14,1990,24.74626
44637,1,14,1991,24.74008
44637,1,14,1992,24.71397
44637,1,14,1993,24.72786
44637,1,14,1994,24.38814
44637,1,14,1995,24.71003
44637,1,14,1996,24.64831
44637,1,14,1997,24.6517
44637,1,14,1998,24.69744
44637,1,14,1999,24.84619
44637,1,14,2000,24.86413
44637,1,14,2001,25.03639
44637,1,14,2002,25.21035
44637,1,14,2003,25.33981
44637,1,14,2004,25.59042
44637,1,14,2005,25.90255
44637,1,14,2006,26.06499
44637,1,14,2007,26.19063
44637,1,14,2008,26.51228
44637,1,14,2009,26.7369
44637,1,14,2010,26.72115
44637,1,14,2011,27.21188
44637,1,14,2012,27.39354
44637,1,14,2013,27.5704
44637,1,14,2014,27.86371
44637,1,14,2015,28.06179
44637,1,14,2016,28.36607
44637,1,14,2017,28.6347
44637,1,14,2018,28.74672
44637,1,14,2019,28.99912
44637,2,14,1950,24.33641
44637,2,14,1951,24.40443
44637,2,14,1952,24.49892
44637,2,14,1953,24.51285
44637,2,14,1954,24.67318
44637,2,14,1955,24.70402
44637,2,14,1956,24.72583
44637,2,14,1957,24.69777
44637,2,14,1958,24.81602
44637,2,14,1959,24.8742
44637,2,14,1960,24.84616
44637,2,14,1961,24.95897
44637,2,14,1962,24.95654
44637,2,14,1963,25.08134
44637,2,14,1964,25.1233
44637,2,14,1965,25.08085
44637,2,14,1966,25.16782
44637,2,14,1967,25.19953
44637,2,14,1968,25.29955
44637,2,14,1969,25.33886
44637,2,14,1970,25.42082
44637,2,14,1971,25.33344
44637,2,14,1972,25.41699
44637,2,14,1973,25.8431
44637,2,14,1974,25.9228
44637,2,14,1975,25.95695
44637,2,14,1976,26.17245
44637,2,14,1977,26.26993
44637,2,14,1978,26.41707
44637,2,14,1979,26.68634
44637,2,14,1980,26.78384
44637,2,14,1981,26.85661
44637,2,14,1982,26.8842
44637,2,14,1983,26.87149
44637,2,14,1984,26.8643
44637,2,14,1985,26.97001
44637,2,14,1986,27.06098
44637,2,14,1987,27.15215
44637,2,14,1988,27.16751
44637,2,14,1989,27.27347
44637,2,14,1990,27.29755
44637,2,14,1991,27.28061
44637,2,14,1992,27.25809
44637,2,14,1993,27.29456
44637,2,14,1994,26.9151
44637,2,14,1995,27.24282
44637,2,14,1996,27.27864
44637,2,14,1997,27.29027
44637,2,14,1998,27.26886
44637,2,14,1999,27.38923
44637,2,14,2000,27.48876
44637,2,14,2001,27.6404
44637,2,14,2002,27.72245
44637,2,14,2003,27.93222
44637,2,14,2004,28.14243
44637,2,14,2005,28.37701
44637,2,14,2006,28.59573
44637,2,14,2007,28.89348
44637,2,14,2008,29.15352
44637,2,14,2009,29.43854
44637,2,14,2010,29.48838
44637,2,14,2011,29.90157
44637,2,14,2012,29.97705
44637,2,14,2013,30.22202
44637,2,14,2014,30.33237
44637,2,14,2015,30.56801
44637,2,14,2016,30.75714
44637,2,14,2017,30.91676
44637,2,14,2018,30.9717
44637,2,14,2019,31.23298
44637,3,14,1950,22.53431
44637,3,14,1951,22.65117
44637,3,14,1952,22.69733
44637,3,14,1953,22.85668
44637,3,14,1954,22.90617
44637,3,14,1955,23.05804
44637,3,14,1956,23.02328
44637,3,14,1957,23.10987
44637,3,14,1958,23.0697
44637,3,14,1959,23.2268
44637,3,14,1960,23.27066
44637,3,14,1961,23.34319
44637,3,14,1962,23.46542
44637,3,14,1963,23.51017
44637,3,14,1964,23.59641
44637,3,14,1965,23.60652
44637,3,14,1966,23.67043
44637,3,14,1967,23.7529
44637,3,14,1968,23.84645
44637,3,14,1969,23.9834
44637,3,14,1970,24.11955
44637,3,14,1971,24.07869
44637,3,14,1972,24.16763
44637,3,14,1973,24.50393
44637,3,14,1974,24.58012
44637,3,14,1975,24.61531
44637,3,14,1976,24.7268
44637,3,14,1977,24.87162
44637,3,14,1978,25.10349
44637,3,14,1979,25.32892
44637,3,14,1980,25.37027
44637,3,14,1981,25.3939
44637,3,14,1982,25.49798
44637,3,14,1983,25.45911
44637,3,14,1984,25.43761
44637,3,14,1985,25.61561
44637,3,14,1986,25.7424
44637,3,14,1987,25.77779
44637,3,14,1988,25.78171
44637,3,14,1989,25.80694
44637,3,14,1990,25.82787
44637,3,14,1991,25.83014
44637,3,14,1992,25.80946
44637,3,14,1993,25.83492
44637,3,14,1994,25.49774
44637,3,14,1995,25.8252
44637,3,14,1996,25.81528
44637,3,14,1997,25.77741
44637,3,14,1998,25.80413
44637,3,14,1999,25.97393
44637,3,14,2000,26.03853
44637,3,14,2001,26.17195
44637,3,14,2002,26.34915
44637,3,14,2003,26.49713
44637,3,14,2004,26.73224
44637,3,14,2005,27.03231
44637,3,14,2006,27.19905
44637,3,14,2007,27.40888
44637,3,14,2008,27.71012
44637,3,14,2009,27.95139
44637,3,14,2010,27.99588
44637,3,14,2011,28.42936
44637,3,14,2012,28.55493
44637,3,14,2013,28.78667
44637,3,14,2014,28.99607
44637,3,14,2015,29.1788
44637,3,14,2016,29.46466
44637,3,14,2017,29.64746
44637,3,14,2018,29.73251
44637,3,14,2019,29.97251
44638,1,14,1950,26.78312
44638,1,14,1951,26.82446
44638,1,14,1952,26.90623
44638,1,14,1953,27.05123
44638,1,14,1954,27.46043
44638,1,14,1955,27.45977
44638,1,14,1956,27.41191
44638,1,14,1957,27.24984
44638,1,14,1958,27.37453
44638,1,14,1959,27.41723
44638,1,14,1960,27.3649
44638,1,14,1961,27.53952
44638,1,14,1962,27.43053
44638,1,14,1963,27.30464
44638,1,14,1964,27.41581
44638,1,14,1965,27.42863
44638,1,14,1966,27.36333
44638,1,14,1967,27.46503
44638,1,14,1968,27.30748
44638,1,14,1969,27.45144
44638,1,14,1970,27.63198
44638,1,14,1971,27.79919
44638,1,14,1972,27.76931
44638,1,14,1973,27.90775
44638,1,14,1974,28.25631
44638,1,14,1975,28.57794
44638,1,14,1976,28.80562
44638,1,14,1977,28.99602
44638,1,14,1978,29.17474
44638,1,14,1979,29.38783
44638,1,14,1980,29.41575
44638,1,14,1981,29.62828
44638,1,14,1982,29.86711
44638,1,14,1983,29.9814
44638,1,14,1984,30.08598
44638,1,14,1985,30.15247
44638,1,14,1986,30.31008
44638,1,14,1987,30.47057
44638,1,14,1988,30.6074
44638,1,14,1989,30.83325
44638,1,14,1990,31.11482
44638,1,14,1991,31.27095
44638,1,14,1992,31.43374
44638,1,14,1993,31.3959
44638,1,14,1994,31.4919
44638,1,14,1995,31.56319
44638,1,14,1996,31.83775
44638,1,14,1997,32.13976
44638,1,14,1998,32.27832
44638,1,14,1999,32.34742
44638,1,14,2000,32.51792
44638,1,14,2001,32.67041
44638,1,14,2002,32.78897
44638,1,14,2003,32.9883
44638,1,14,2004,33.32223
44638,1,14,2005,33.42698
44638,1,14,2006,33.66783
44638,1,14,2007,33.89877
44638,1,14,2008,34.03703
44638,1,14,2009,34.24598
44638,1,14,2010,34.46319
44638,1,14,2011,34.54207
44638,1,14,2012,34.64042
44638,1,14,2013,34.69529
44638,1,14,2014,34.74654
44638,1,14,2015,34.75791
44638,1,14,2016,34.70568
44638,1,14,2017,34.77196
44638,1,14,2018,34.60398
44638,1,14,2019,34.6461
44638,2,14,1950,30.97549
44638,2,14,1951,31.10921
44638,2,14,1952,31.3027
44638,2,14,1953,31.52633
44638,2,14,1954,31.94238
44638,2,14,1955,32.0597
44638,2,14,1956,32.07506
44638,2,14,1957,31.98109
44638,2,14,1958,32.15151
44638,2,14,1959,32.30394
44638,2,14,1960,32.37531
44638,2,14,1961,32.56187
44638,2,14,1962,32.52116
44638,2,14,1963,32.50883
44638,2,14,1964,32.69254
44638,2,14,1965,32.81051
44638,2,14,1966,32.88836
44638,2,14,1967,33.03113
44638,2,14,1968,32.97753
44638,2,14,1969,33.18959
44638,2,14,1970,33.39273
44638,2,14,1971,33.58736
44638,2,14,1972,33.67376
44638,2,14,1973,33.8213
44638,2,14,1974,34.2109
44638,2,14,1975,34.58545
44638,2,14,1976,34.82432
44638,2,14,1977,35.02721
44638,2,14,1978,35.18006
44638,2,14,1979,35.38332
44638,2,14,1980,35.33593
44638,2,14,1981,35.48111
44638,2,14,1982,35.64495
44638,2,14,1983,35.65711
44638,2,14,1984,35.7036
44638,2,14,1985,35.7305
44638,2,14,1986,35.82828
44638,2,14,1987,35.89672
44638,2,14,1988,35.9571
44638,2,14,1989,36.16806
44638,2,14,1990,36.38374
44638,2,14,1991,36.48065
44638,2,14,1992,36.58873
44638,2,14,1993,36.48281
44638,2,14,1994,36.48943
44638,2,14,1995,36.49208
44638,2,14,1996,36.57211
44638,2,14,1997,36.65894
44638,2,14,1998,36.70707
44638,2,14,1999,36.65521
44638,2,14,2000,36.71235
44638,2,14,2001,36.75797
44638,2,14,2002,36.85573
44638,2,14,2003,37.00418
44638,2,14,2004,37.25205
44638,2,14,2005,37.36279
44638,2,14,2006,37.5579
44638,2,14,2007,37.75362
44638,2,14,2008,37.86975
44638,2,14,2009,38.0257
44638,2,14,2010,38.21424
44638,2,14,2011,38.24448
44638,2,14,2012,38.33119
44638,2,14,2013,38.39455
44638,2,14,2014,38.40881
44638,2,14,2015,38.427
44638,2,14,2016,38.46967
44638,2,14,2017,38.64196
44638,2,14,2018,38.70291
44638,2,14,2019,38.58777
44638,3,14,1950,28.76169
44638,3,14,1951,28.84987
44638,3,14,1952,28.98588
44638,3,14,1953,29.17231
44638,3,14,1954,29.59088
44638,3,14,1955,29.64756
44638,3,14,1956,29.63094
44638,3,14,1957,29.50458
44638,3,14,1958,29.65542
44638,3,14,1959,29.75448
44638,3,14,1960,29.76217
44638,3,14,1961,29.95469
44638,3,14,1962,29.88108
44638,3,14,1963,29.81422
44638,3,14,1964,29.96863
44638,3,14,1965,30.04009
44638,3,14,1966,30.04837
44638,3,14,1967,30.18195
44638,3,14,1968,30.07903
44638,3,14,1969,30.26907
44638,3,14,1970,30.47346
44638,3,14,1971,30.66686
44638,3,14,1972,30.69982
44638,3,14,1973,30.85236
44638,3,14,1974,31.23544
44638,3,14,1975,31.59593
44638,3,14,1976,31.84028
44638,3,14,1977,32.04699
44638,3,14,1978,32.22285
44638,3,14,1979,32.43844
44638,3,14,1980,32.43632
44638,3,14,1981,32.62346
44638,3,14,1982,32.83439
44638,3,14,1983,32.90468
44638,3,14,1984,32.9832
44638,3,14,1985,33.0317
44638,3,14,1986,33.16267
44638,3,14,1987,33.2819
44638,3,14,1988,33.38227
44638,3,14,1989,33.60408
44638,3,14,1990,33.8572
44638,3,14,1991,33.98615
44638,3,14,1992,34.12255
44638,3,14,1993,34.04283
44638,3,14,1994,34.092
44638,3,14,1995,34.12629
44638,3,14,1996,34.30514
44638,3,14,1997,34.50238
44638,3,14,1998,34.59322
44638,3,14,1999,34.59496
44638,3,14,2000,34.70559
44638,3,14,2001,34.80145
44638,3,14,2002,34.90529
44638,3,14,2003,35.07622
44638,3,14,2004,35.36779
44638,3,14,2005,35.46983
44638,3,14,2006,35.68594
44638,3,14,2007,35.89739
44638,3,14,2008,36.02212
44638,3,14,2009,36.20378
44638,3,14,2010,36.40262
44638,3,14,2011,36.45331
44638,3,14,2012,36.54115
44638,3,14,2013,36.59722
44638,3,14,2014,36.62736
44638,3,14,2015,36.63784
44638,3,14,2016,36.62928
44638,3,14,2017,36.7481
44638,3,14,2018,36.67316
44638,3,14,2019,36.62788
44639,1,14,1950,23.19029
44639,1,14,1951,23.39211
44639,1,14,1952,23.73163
44639,1,14,1953,23.96377
44639,1,14,1954,24.29446
44639,1,14,1955,24.41891
44639,1,14,1956,24.65938
44639,1,14,1957,24.83693
44639,1,14,1958,23.99844
44639,1,14,1959,22.83384
44639,1,14,1960,20.87952
44639,1,14,1961,21.73749
44639,1,14,1962,24.95644
44639,1,14,1963,25.7379
44639,1,14,1964,25.95636
44639,1,14,1965,26.14546
44639,1,14,1966,26.2624
44639,1,14,1967,26.43245
44639,1,14,1968,26.54606
44639,1,14,1969,26.70774
44639,1,14,1970,26.7937
44639,1,14,1971,27.09535
44639,1,14,1972,27.25832
44639,1,14,1973,27.39104
44639,1,14,1974,27.53194
44639,1,14,1975,27.59385
44639,1,14,1976,27.53082
44639,1,14,1977,27.82216
44639,1,14,1978,27.92223
44639,1,14,1979,28.06545
44639,1,14,1980,28.11641
44639,1,14,1981,28.13269
44639,1,14,1982,28.39461
44639,1,14,1983,28.4875
44639,1,14,1984,28.62229
44639,1,14,1985,28.59605
44639,1,14,1986,28.77855
44639,1,14,1987,28.82551
44639,1,14,1988,28.88177
44639,1,14,1989,28.91803
44639,1,14,1990,29.03586
44639,1,14,1991,29.07345
44639,1,14,1992,29.16459
44639,1,14,1993,29.17325
44639,1,14,1994,29.24874
44639,1,14,1995,29.21388
44639,1,14,1996,29.24548
44639,1,14,1997,29.3556
44639,1,14,1998,29.38454
44639,1,14,1999,29.50985
44639,1,14,2000,29.56163
44639,1,14,2001,29.64303
44639,1,14,2002,29.64247
44639,1,14,2003,29.73081
44639,1,14,2004,29.71589
44639,1,14,2005,29.88336
44639,1,14,2006,30.10919
44639,1,14,2007,30.27801
44639,1,14,2008,30.26109
44639,1,14,2009,30.39223
44639,1,14,2010,30.45042
44639,1,14,2011,30.61567
44639,1,14,2012,30.76108
44639,1,14,2013,30.97621
44639,1,14,2014,31.16314
44639,1,14,2015,31.30719
44639,1,14,2016,31.51546
44639,1,14,2017,31.85678
44639,1,14,2018,32.10006
44639,1,14,2019,32.2158
44639,2,14,1950,27.23189
44639,2,14,1951,27.40915
44639,2,14,1952,27.65403
44639,2,14,1953,27.82015
44639,2,14,1954,27.99693
44639,2,14,1955,28.21196
44639,2,14,1956,28.3181
44639,2,14,1957,28.47845
44639,2,14,1958,27.58626
44639,2,14,1959,26.60521
44639,2,14,1960,24.67118
44639,2,14,1961,24.50676
44639,2,14,1962,28.37114
44639,2,14,1963,29.17972
44639,2,14,1964,29.34442
44639,2,14,1965,29.44917
44639,2,14,1966,29.54874
44639,2,14,1967,29.70336
44639,2,14,1968,29.72868
44639,2,14,1969,29.81066
44639,2,14,1970,29.90485
44639,2,14,1971,30.04874
44639,2,14,1972,30.11749
44639,2,14,1973,30.29715
44639,2,14,1974,30.293
44639,2,14,1975,30.4369
44639,2,14,1976,30.35756
44639,2,14,1977,30.50821
44639,2,14,1978,30.59904
44639,2,14,1979,30.67037
44639,2,14,1980,30.74401
44639,2,14,1981,30.81389
44639,2,14,1982,31.00222
44639,2,14,1983,31.137
44639,2,14,1984,31.30679
44639,2,14,1985,31.31
44639,2,14,1986,31.41335
44639,2,14,1987,31.51276
44639,2,14,1988,31.63475
44639,2,14,1989,31.67118
44639,2,14,1990,31.9373
44639,2,14,1991,32.02241
44639,2,14,1992,32.05225
44639,2,14,1993,32.17255
44639,2,14,1994,32.29181
44639,2,14,1995,32.50987
44639,2,14,1996,32.59143
44639,2,14,1997,32.67305
44639,2,14,1998,32.8246
44639,2,14,1999,32.88907
44639,2,14,2000,32.96118
44639,2,14,2001,33.09642
44639,2,14,2002,33.1044
44639,2,14,2003,33.15284
44639,2,14,2004,33.18982
44639,2,14,2005,33.43766
44639,2,14,2006,33.62587
44639,2,14,2007,33.89078
44639,2,14,2008,34.00238
44639,2,14,2009,34.18581
44639,2,14,2010,34.36006
44639,2,14,2011,34.53748
44639,2,14,2012,34.76484
44639,2,14,2013,34.92545
44639,2,14,2014,35.12784
44639,2,14,2015,35.33251
44639,2,14,2016,35.56326
44639,2,14,2017,35.75073
44639,2,14,2018,35.9576
44639,2,14,2019,36.19879
44639,3,14,1950,24.76101
44639,3,14,1951,24.99207
44639,3,14,1952,25.30646
44639,3,14,1953,25.5358
44639,3,14,1954,25.75323
44639,3,14,1955,25.9376
44639,3,14,1956,26.13076
44639,3,14,1957,26.2998
44639,3,14,1958,25.42308
44639,3,14,1959,24.40487
44639,3,14,1960,22.54672
44639,3,14,1961,22.94795
44639,3,14,1962,26.40465
44639,3,14,1963,27.15032
44639,3,14,1964,27.32954
44639,3,14,1965,27.49837
44639,3,14,1966,27.61035
44639,3,14,1967,27.75356
44639,3,14,1968,27.82872
44639,3,14,1969,27.94037
44639,3,14,1970,28.12641
44639,3,14,1971,28.32355
44639,3,14,1972,28.36169
44639,3,14,1973,28.57479
44639,3,14,1974,28.60263
44639,3,14,1975,28.72349
44639,3,14,1976,28.67607
44639,3,14,1977,28.85612
44639,3,14,1978,28.98035
44639,3,14,1979,29.0991
44639,3,14,1980,29.14588
44639,3,14,1981,29.21576
44639,3,14,1982,29.40148
44639,3,14,1983,29.50484
44639,3,14,1984,29.65742
44639,3,14,1985,29.6742
44639,3,14,1986,29.83995
44639,3,14,1987,29.91336
44639,3,14,1988,29.99813
44639,3,14,1989,30.04516
44639,3,14,1990,30.22573
44639,3,14,1991,30.28242
44639,3,14,1992,30.36628
44639,3,14,1993,30.43704
44639,3,14,1994,30.5587
44639,3,14,1995,30.64042
44639,3,14,1996,30.72819
44639,3,14,1997,30.82415
44639,3,14,1998,30.93501
44639,3,14,1999,31.03807
44639,3,14,2000,31.07785
44639,3,14,2001,31.18572
44639,3,14,2002,31.2068
44639,3,14,2003,31.24633
44639,3,14,2004,31.27623
44639,3,14,2005,31.48573
44639,3,14,2006,31.70615
44639,3,14,2007,31.89976
44639,3,14,2008,31.95152
44639,3,14,2009,32.11139
44639,3,14,2010,32.24435
44639,3,14,2011,32.38102
44639,3,14,2012,32.58921
44639,3,14,2013,32.7813
44639,3,14,2014,32.95984
44639,3,14,2015,33.13734
44639,3,14,2016,33.33784
44639,3,14,2017,33.56827
44639,3,14,2018,33.81181
44639,3,14,2019,33.91879
44642,1,14,1950,28.97911
44642,1,14,1951,29.20013
44642,1,14,1952,29.40103
44642,1,14,1953,29.44197
44642,1,14,1954,29.56177
44642,1,14,1955,29.56395
44642,1,14,1956,29.57099
44642,1,14,1957,29.47398
44642,1,14,1958,29.63024
44642,1,14,1959,29.66074
44642,1,14,1960,29.53708
44642,1,14,1961,29.48885
44642,1,14,1962,29.31382
44642,1,14,1963,29.30732
44642,1,14,1964,29.31709
44642,1,14,1965,29.26145
44642,1,14,1966,29.27698
44642,1,14,1967,29.27062
44642,1,14,1968,29.2654
44642,1,14,1969,29.21889
44642,1,14,1970,29.35902
44642,1,14,1971,29.30812
44642,1,14,1972,29.34681
44642,1,14,1973,29.38927
44642,1,14,1974,29.38737
44642,1,14,1975,29.4737
44642,1,14,1976,29.44883
44642,1,14,1977,29.5854
44642,1,14,1978,29.679
44642,1,14,1979,29.68475
44642,1,14,1980,29.79115
44642,1,14,1981,29.91563
44642,1,14,1982,30.11188
44642,1,14,1983,30.22481
44642,1,14,1984,30.3406
44642,1,14,1985,30.32898
44642,1,14,1986,30.48866
44642,1,14,1987,30.61119
44642,1,14,1988,30.74826
44642,1,14,1989,30.94949
44642,1,14,1990,31.09282
44642,1,14,1991,31.26876
44642,1,14,1992,31.43205
44642,1,14,1993,31.57524
44642,1,14,1994,31.80387
44642,1,14,1995,31.9094
44642,1,14,1996,32.13579
44642,1,14,1997,32.36488
44642,1,14,1998,32.55106
44642,1,14,1999,32.74833
44642,1,14,2000,33.08003
44642,1,14,2001,33.27786
44642,1,14,2002,33.43275
44642,1,14,2003,33.65262
44642,1,14,2004,33.885
44642,1,14,2005,34.14887
44642,1,14,2006,34.34536
44642,1,14,2007,34.54635
44642,1,14,2008,34.80248
44642,1,14,2009,34.98492
44642,1,14,2010,35.20422
44642,1,14,2011,35.42884
44642,1,14,2012,35.67555
44642,1,14,2013,35.89049
44642,1,14,2014,36.15588
44642,1,14,2015,36.343
44642,1,14,2016,36.47903
44642,1,14,2017,36.6105
44642,1,14,2018,36.6903
44642,1,14,2019,36.75073
44642,2,14,1950,31.13805
44642,2,14,1951,31.38701
44642,2,14,1952,31.58616
44642,2,14,1953,31.68743
44642,2,14,1954,31.94313
44642,2,14,1955,32.16709
44642,2,14,1956,32.28776
44642,2,14,1957,32.27893
44642,2,14,1958,32.46008
44642,2,14,1959,32.60451
44642,2,14,1960,32.6365
44642,2,14,1961,32.74799
44642,2,14,1962,32.80366
44642,2,14,1963,32.87716
44642,2,14,1964,33.06337
44642,2,14,1965,33.17911
44642,2,14,1966,33.31456
44642,2,14,1967,33.45026
44642,2,14,1968,33.56859
44642,2,14,1969,33.69843
44642,2,14,1970,34.0271
44642,2,14,1971,34.21284
44642,2,14,1972,34.32742
44642,2,14,1973,34.51257
44642,2,14,1974,34.63789
44642,2,14,1975,34.78233
44642,2,14,1976,34.91871
44642,2,14,1977,35.21158
44642,2,14,1978,35.33072
44642,2,14,1979,35.3833
44642,2,14,1980,35.4898
44642,2,14,1981,35.65298
44642,2,14,1982,35.84999
44642,2,14,1983,35.93925
44642,2,14,1984,36.06451
44642,2,14,1985,36.02205
44642,2,14,1986,36.11221
44642,2,14,1987,36.17425
44642,2,14,1988,36.18234
44642,2,14,1989,36.34437
44642,2,14,1990,36.39363
44642,2,14,1991,36.51353
44642,2,14,1992,36.54345
44642,2,14,1993,36.58295
44642,2,14,1994,36.7696
44642,2,14,1995,36.90579
44642,2,14,1996,37.06489
44642,2,14,1997,37.22016
44642,2,14,1998,37.38859
44642,2,14,1999,37.43091
44642,2,14,2000,37.58534
44642,2,14,2001,37.70573
44642,2,14,2002,37.80166
44642,2,14,2003,38.05422
44642,2,14,2004,38.27308
44642,2,14,2005,38.48991
44642,2,14,2006,38.62692
44642,2,14,2007,38.72926
44642,2,14,2008,38.91703
44642,2,14,2009,39.0413
44642,2,14,2010,39.19002
44642,2,14,2011,39.33801
44642,2,14,2012,39.4632
44642,2,14,2013,39.62807
44642,2,14,2014,39.83016
44642,2,14,2015,39.96161
44642,2,14,2016,40.01013
44642,2,14,2017,40.07666
44642,2,14,2018,40.10544
44642,2,14,2019,40.22859
44642,3,14,1950,30.07226
44642,3,14,1951,30.31203
44642,3,14,1952,30.51469
44642,3,14,1953,30.58388
44642,3,14,1954,30.77141
44642,3,14,1955,30.88344
44642,3,14,1956,30.94467
44642,3,14,1957,30.89021
44642,3,14,1958,31.0611
44642,3,14,1959,31.15
44642,3,14,1960,31.09957
44642,3,14,1961,31.12725
44642,3,14,1962,31.06712
44642,3,14,1963,31.09856
44642,3,14,1964,31.19638
44642,3,14,1965,31.22156
44642,3,14,1966,31.29817
44642,3,14,1967,31.35964
44642,3,14,1968,31.41783
44642,3,14,1969,31.45687
44642,3,14,1970,31.68785
44642,3,14,1971,31.75437
44642,3,14,1972,31.82929
44642,3,14,1973,31.94028
44642,3,14,1974,32.00013
44642,3,14,1975,32.11716
44642,3,14,1976,32.17419
44642,3,14,1977,32.3803
44642,3,14,1978,32.49872
44642,3,14,1979,32.52751
44642,3,14,1980,32.63922
44642,3,14,1981,32.78831
44642,3,14,1982,32.99494
44642,3,14,1983,33.09927
44642,3,14,1984,33.22176
44642,3,14,1985,33.19483
44642,3,14,1986,33.32724
44642,3,14,1987,33.42347
44642,3,14,1988,33.49983
44642,3,14,1989,33.68889
44642,3,14,1990,33.78534
44642,3,14,1991,33.93828
44642,3,14,1992,34.0408
44642,3,14,1993,34.13176
44642,3,14,1994,34.33861
44642,3,14,1995,34.46042
44642,3,14,1996,34.65831
44642,3,14,1997,34.85365
44642,3,14,1998,35.02787
44642,3,14,1999,35.15095
44642,3,14,2000,35.39582
44642,3,14,2001,35.55584
44642,3,14,2002,35.68201
44642,3,14,2003,35.91147
44642,3,14,2004,36.13405
44642,3,14,2005,36.37448
44642,3,14,2006,36.53725
44642,3,14,2007,36.68219
44642,3,14,2008,36.90005
44642,3,14,2009,37.05513
44642,3,14,2010,37.23612
44642,3,14,2011,37.42194
44642,3,14,2012,37.59825
44642,3,14,2013,37.78347
44642,3,14,2014,38.02643
44642,3,14,2015,38.17673
44642,3,14,2016,38.26657
44642,3,14,2017,38.3679
44642,3,14,2018,38.41757
44642,3,14,2019,38.50408
44643,1,14,1950,29.17531
44643,1,14,1951,28.85082
44643,1,14,1952,29.3054
44643,1,14,1953,29.47909
44643,1,14,1954,30.04243
44643,1,14,1955,29.92119
44643,1,14,1956,29.6121
44643,1,14,1957,29.60276
44643,1,14,1958,29.61766
44643,1,14,1959,29.58173
44643,1,14,1960,29.98735
44643,1,14,1961,29.60605
44643,1,14,1962,29.58829
44643,1,14,1963,29.62698
44643,1,14,1964,29.8282
44643,1,14,1965,30.10454
44643,1,14,1966,29.94343
44643,1,14,1967,30.22329
44643,1,14,1968,29.98734
44643,1,14,1969,29.77425
44643,1,14,1970,29.83978
44643,1,14,1971,30.00454
44643,1,14,1972,29.87594
44643,1,14,1973,29.7572
44643,1,14,1974,29.80342
44643,1,14,1975,29.85968
44643,1,14,1976,29.73103
44643,1,14,1977,29.96599
44643,1,14,1978,29.57815
44643,1,14,1979,29.39526
44643,1,14,1980,29.15634
44643,1,14,1981,28.98001
44643,1,14,1982,28.86141
44643,1,14,1983,29.14833
44643,1,14,1984,29.14223
44643,1,14,1985,29.12488
44643,1,14,1986,29.50306
44643,1,14,1987,29.67038
44643,1,14,1988,29.9178
44643,1,14,1989,29.9563
44643,1,14,1990,30.12242
44643,1,14,1991,30.30559
44643,1,14,1992,30.44606
44643,1,14,1993,30.50526
44643,1,14,1994,30.9491
44643,1,14,1995,31.26151
44643,1,14,1996,31.4895
44643,1,14,1997,31.72899
44643,1,14,1998,31.76246
44643,1,14,1999,31.99121
44643,1,14,2000,32.39014
44643,1,14,2001,32.51902
44643,1,14,2002,32.57237
44643,1,14,2003,32.66483
44643,1,14,2004,32.86884
44643,1,14,2005,33.52743
44643,1,14,2006,33.70125
44643,1,14,2007,34.08489
44643,1,14,2008,34.31102
44643,1,14,2009,34.88077
44643,1,14,2010,35.40442
44643,1,14,2011,35.4281
44643,1,14,2012,35.56393
44643,1,14,2013,35.67588
44643,1,14,2014,35.65824
44643,1,14,2015,36.02315
44643,1,14,2016,36.15322
44643,1,14,2017,36.20172
44643,1,14,2018,36.56763
44643,1,14,2019,36.69623
44643,2,14,1950,32.92372
44643,2,14,1951,32.75297
44643,2,14,1952,33.20832
44643,2,14,1953,33.65952
44643,2,14,1954,33.72627
44643,2,14,1955,33.88825
44643,2,14,1956,33.98237
44643,2,14,1957,34.23545
44643,2,14,1958,34.11544
44643,2,14,1959,34.38105
44643,2,14,1960,34.55202
44643,2,14,1961,34.02004
44643,2,14,1962,34.50932
44643,2,14,1963,34.17974
44643,2,14,1964,34.60148
44643,2,14,1965,34.66318
44643,2,14,1966,34.58025
44643,2,14,1967,34.75555
44643,2,14,1968,34.45307
44643,2,14,1969,34.49129
44643,2,14,1970,34.60932
44643,2,14,1971,34.82648
44643,2,14,1972,34.50407
44643,2,14,1973,34.60451
44643,2,14,1974,34.49774
44643,2,14,1975,34.4753
44643,2,14,1976,34.49252
44643,2,14,1977,34.33922
44643,2,14,1978,34.15033
44643,2,14,1979,33.90098
44643,2,14,1980,33.89123
44643,2,14,1981,33.84722
44643,2,14,1982,33.7503
44643,2,14,1983,34.08682
44643,2,14,1984,34.28737
44643,2,14,1985,34.37782
44643,2,14,1986,34.53469
44643,2,14,1987,34.54121
44643,2,14,1988,34.52682
44643,2,14,1989,34.37321
44643,2,14,1990,34.50979
44643,2,14,1991,34.45759
44643,2,14,1992,34.53968
44643,2,14,1993,34.62859
44643,2,14,1994,35.02228
44643,2,14,1995,35.33236
44643,2,14,1996,35.48764
44643,2,14,1997,35.69083
44643,2,14,1998,35.71486
44643,2,14,1999,35.94177
44643,2,14,2000,36.09776
44643,2,14,2001,36.38082
44643,2,14,2002,36.46848
44643,2,14,2003,36.57864
44643,2,14,2004,36.74503
44643,2,14,2005,37.19743
44643,2,14,2006,37.44357
44643,2,14,2007,37.66404
44643,2,14,2008,37.91642
44643,2,14,2009,38.28105
44643,2,14,2010,38.35819
44643,2,14,2011,38.39408
44643,2,14,2012,38.6611
44643,2,14,2013,38.69557
44643,2,14,2014,38.64871
44643,2,14,2015,38.76334
44643,2,14,2016,38.89014
44643,2,14,2017,38.99457
44643,2,14,2018,39.25799
44643,2,14,2019,39.59091
44643,3,14,1950,30.12918
44643,3,14,1951,29.8911
44643,3,14,1952,30.34689
44643,3,14,1953,30.75417
44643,3,14,1954,30.88779
44643,3,14,1955,30.79952
44643,3,14,1956,30.81737
44643,3,14,1957,31.07897
44643,3,14,1958,31.00223
44643,3,14,1959,31.11707
44643,3,14,1960,31.08668
44643,3,14,1961,31.17436
44643,3,14,1962,31.17382
44643,3,14,1963,30.96505
44643,3,14,1964,31.28365
44643,3,14,1965,31.4329
44643,3,14,1966,31.4144
44643,3,14,1967,31.60335
44643,3,14,1968,31.51421
44643,3,14,1969,31.24215
44643,3,14,1970,31.50272
44643,3,14,1971,31.67613
44643,3,14,1972,31.34117
44643,3,14,1973,31.45832
44643,3,14,1974,31.5552
44643,3,14,1975,31.51044
44643,3,14,1976,31.4629
44643,3,14,1977,31.51187
44643,3,14,1978,31.48222
44643,3,14,1979,31.32864
44643,3,14,1980,31.23925
44643,3,14,1981,31.29146
44643,3,14,1982,31.18231
44643,3,14,1983,31.53324
44643,3,14,1984,31.63445
44643,3,14,1985,31.65308
44643,3,14,1986,31.92447
44643,3,14,1987,32.00067
44643,3,14,1988,32.16739
44643,3,14,1989,32.10205
44643,3,14,1990,32.22038
44643,3,14,1991,32.30429
44643,3,14,1992,32.44144
44643,3,14,1993,32.50958
44643,3,14,1994,32.92094
44643,3,14,1995,33.20779
44643,3,14,1996,33.39053
44643,3,14,1997,33.65057
44643,3,14,1998,33.65582
44643,3,14,1999,33.86039
44643,3,14,2000,34.16595
44643,3,14,2001,34.37899
44643,3,14,2002,34.43485
44643,3,14,2003,34.50012
44643,3,14,2004,34.66328
44643,3,14,2005,35.25848
44643,3,14,2006,35.42507
44643,3,14,2007,35.7396
44643,3,14,2008,36.01635
44643,3,14,2009,36.43552
44643,3,14,2010,36.75929
44643,3,14,2011,36.77048
44643,3,14,2012,36.9956
44643,3,14,2013,36.96461
44643,3,14,2014,36.99869
44643,3,14,2015,37.19071
44643,3,14,2016,37.34212
44643,3,14,2017,37.35393
44643,3,14,2018,37.50814
44643,3,14,2019,37.80336
44644,1,14,1950,29.65838
44644,1,14,1951,29.49558
44644,1,14,1952,29.74441
44644,1,14,1953,30.20779
44644,1,14,1954,30.19401
44644,1,14,1955,30.06989
44644,1,14,1956,30.0644
44644,1,14,1957,30.21187
44644,1,14,1958,30.22498
44644,1,14,1959,30.26082
44644,1,14,1960,30.5323
44644,1,14,1961,30.51247
44644,1,14,1962,30.0871
44644,1,14,1963,30.21939
44644,1,14,1964,30.20081
44644,1,14,1965,30.40518
44644,1,14,1966,30.45577
44644,1,14,1967,30.80217
44644,1,14,1968,30.77944
44644,1,14,1969,30.57327
44644,1,14,1970,30.43332
44644,1,14,1971,30.59468
44644,1,14,1972,30.3527
44644,1,14,1973,30.54188
44644,1,14,1974,30.68286
44644,1,14,1975,30.64622
44644,1,14,1976,30.34924
44644,1,14,1977,30.03779
44644,1,14,1978,29.65369
44644,1,14,1979,29.40651
44644,1,14,1980,28.9996
44644,1,14,1981,28.85421
44644,1,14,1982,28.90445
44644,1,14,1983,29.18842
44644,1,14,1984,28.92646
44644,1,14,1985,28.87963
44644,1,14,1986,29.59357
44644,1,14,1987,29.97897
44644,1,14,1988,30.24863
44644,1,14,1989,30.50183
44644,1,14,1990,30.86407
44644,1,14,1991,31.16301
44644,1,14,1992,31.51799
44644,1,14,1993,31.7009
44644,1,14,1994,32.27812
44644,1,14,1995,32.54319
44644,1,14,1996,32.69625
44644,1,14,1997,32.86108
44644,1,14,1998,32.92546
44644,1,14,1999,33.109
44644,1,14,2000,33.59286
44644,1,14,2001,33.80532
44644,1,14,2002,33.8206
44644,1,14,2003,33.92405
44644,1,14,2004,34.20891
44644,1,14,2005,34.95196
44644,1,14,2006,35.24175
44644,1,14,2007,35.6876
44644,1,14,2008,35.94765
44644,1,14,2009,36.3328
44644,1,14,2010,36.68939
44644,1,14,2011,36.78795
44644,1,14,2012,36.9889
44644,1,14,2013,36.92431
44644,1,14,2014,36.70923
44644,1,14,2015,36.75704
44644,1,14,2016,36.6111
44644,1,14,2017,36.48878
44644,1,14,2018,36.74541
44644,1,14,2019,37.08617
44644,2,14,1950,33.11948
44644,2,14,1951,32.70266
44644,2,14,1952,33.58853
44644,2,14,1953,33.78342
44644,2,14,1954,33.8904
44644,2,14,1955,33.80352
44644,2,14,1956,34.06115
44644,2,14,1957,34.15333
44644,2,14,1958,34.17541
44644,2,14,1959,34.23457
44644,2,14,1960,34.31341
44644,2,14,1961,34.31949
44644,2,14,1962,34.37025
44644,2,14,1963,34.52013
44644,2,14,1964,34.6989
44644,2,14,1965,34.78082
44644,2,14,1966,34.81078
44644,2,14,1967,34.86629
44644,2,14,1968,34.73954
44644,2,14,1969,34.86501
44644,2,14,1970,34.88497
44644,2,14,1971,34.76479
44644,2,14,1972,34.74871
44644,2,14,1973,34.53819
44644,2,14,1974,34.77687
44644,2,14,1975,34.68171
44644,2,14,1976,34.48536
44644,2,14,1977,34.63569
44644,2,14,1978,34.2728
44644,2,14,1979,33.9678
44644,2,14,1980,33.85115
44644,2,14,1981,33.59645
44644,2,14,1982,33.64516
44644,2,14,1983,33.9793
44644,2,14,1984,34.27478
44644,2,14,1985,34.42161
44644,2,14,1986,34.51856
44644,2,14,1987,34.66557
44644,2,14,1988,34.73585
44644,2,14,1989,34.74509
44644,2,14,1990,34.9996
44644,2,14,1991,35.05658
44644,2,14,1992,35.25515
44644,2,14,1993,35.30779
44644,2,14,1994,35.65275
44644,2,14,1995,35.92778
44644,2,14,1996,36.05683
44644,2,14,1997,36.212
44644,2,14,1998,36.28107
44644,2,14,1999,36.59352
44644,2,14,2000,36.9562
44644,2,14,2001,37.47439
44644,2,14,2002,37.58242
44644,2,14,2003,37.69954
44644,2,14,2004,37.83098
44644,2,14,2005,38.19607
44644,2,14,2006,38.39982
44644,2,14,2007,38.59527
44644,2,14,2008,38.80063
44644,2,14,2009,39.23052
44644,2,14,2010,39.2726
44644,2,14,2011,39.17415
44644,2,14,2012,39.37924
44644,2,14,2013,39.38508
44644,2,14,2014,39.40571
44644,2,14,2015,39.55756
44644,2,14,2016,39.67665
44644,2,14,2017,39.81125
44644,2,14,2018,40.00058
44644,2,14,2019,40.38662
44644,3,14,1950,30.35093
44644,3,14,1951,30.17952
44644,3,14,1952,30.72771
44644,3,14,1953,31.02699
44644,3,14,1954,31.21985
44644,3,14,1955,30.9922
44644,3,14,1956,31.16639
44644,3,14,1957,31.21806
44644,3,14,1958,31.28022
44644,3,14,1959,31.3587
44644,3,14,1960,31.60523
44644,3,14,1961,31.2984
44644,3,14,1962,31.40486
44644,3,14,1963,31.50416
44644,3,14,1964,31.51776
44644,3,14,1965,31.78008
44644,3,14,1966,31.81956
44644,3,14,1967,32.03734
44644,3,14,1968,31.91997
44644,3,14,1969,31.78527
44644,3,14,1970,31.86924
44644,3,14,1971,31.93486
44644,3,14,1972,31.72568
44644,3,14,1973,31.86198
44644,3,14,1974,32.06126
44644,3,14,1975,32.00934
44644,3,14,1976,31.84615
44644,3,14,1977,31.84364
44644,3,14,1978,31.5846
44644,3,14,1979,31.34373
44644,3,14,1980,31.17821
44644,3,14,1981,31.09592
44644,3,14,1982,31.19267
44644,3,14,1983,31.50118
44644,3,14,1984,31.48565
44644,3,14,1985,31.5003
44644,3,14,1986,31.96968
44644,3,14,1987,32.23872
44644,3,14,1988,32.46477
44644,3,14,1989,32.55207
44644,3,14,1990,32.89789
44644,3,14,1991,33.06909
44644,3,14,1992,33.3383
44644,3,14,1993,33.44785
44644,3,14,1994,33.92609
44644,3,14,1995,34.19591
44644,3,14,1996,34.32833
44644,3,14,1997,34.51485
44644,3,14,1998,34.55458
44644,3,14,1999,34.81537
44644,3,14,2000,35.20879
44644,3,14,2001,35.5675
44644,3,14,2002,35.63799
44644,3,14,2003,35.72224
44644,3,14,2004,35.92335
44644,3,14,2005,36.51625
44644,3,14,2006,36.75239
44644,3,14,2007,37.05666
44644,3,14,2008,37.30707
44644,3,14,2009,37.69425
44644,3,14,2010,37.90264
44644,3,14,2011,37.88233
44644,3,14,2012,38.07659
44644,3,14,2013,38.03907
44644,3,14,2014,38.01114
44644,3,14,2015,38.03858
44644,3,14,2016,37.98048
44644,3,14,2017,37.95573
44644,3,14,2018,38.16683
44644,3,14,2019,38.35185
44645,1,14,1950,29.39864
44645,1,14,1951,29.19905
44645,1,14,1952,29.39473
44645,1,14,1953,30.04858
44645,1,14,1954,30.15752
44645,1,14,1955,29.73018
44645,1,14,1956,30.05245
44645,1,14,1957,29.78777
44645,1,14,1958,30.29839
44645,1,14,1959,30.13683
44645,1,14,1960,29.83953
44645,1,14,1961,29.78586
44645,1,14,1962,30.03099
44645,1,14,1963,29.86288
44645,1,14,1964,30.11332
44645,1,14,1965,29.96333
44645,1,14,1966,29.92341
44645,1,14,1967,30.35096
44645,1,14,1968,30.08926
44645,1,14,1969,29.91614
44645,1,14,1970,29.96588
44645,1,14,1971,30.09427
44645,1,14,1972,30.01547
44645,1,14,1973,29.95349
44645,1,14,1974,30.05984
44645,1,14,1975,30.14703
44645,1,14,1976,30.05583
44645,1,14,1977,29.78384
44645,1,14,1978,29.71072
44645,1,14,1979,29.39223
44645,1,14,1980,29.20958
44645,1,14,1981,28.99692
44645,1,14,1982,28.8008
44645,1,14,1983,28.9988
44645,1,14,1984,29.04705
44645,1,14,1985,29.07194
44645,1,14,1986,29.5161
44645,1,14,1987,29.7045
44645,1,14,1988,29.82684
44645,1,14,1989,29.80467
44645,1,14,1990,29.85581
44645,1,14,1991,29.8877
44645,1,14,1992,30.199
44645,1,14,1993,30.32938
44645,1,14,1994,30.73331
44645,1,14,1995,31.07614
44645,1,14,1996,31.37184
44645,1,14,1997,31.82079
44645,1,14,1998,32.18214
44645,1,14,1999,32.49449
44645,1,14,2000,32.80062
44645,1,14,2001,32.99668
44645,1,14,2002,33.28352
44645,1,14,2003,33.45621
44645,1,14,2004,33.50048
44645,1,14,2005,33.884
44645,1,14,2006,34.04045
44645,1,14,2007,34.34687
44645,1,14,2008,34.59164
44645,1,14,2009,35.31717
44645,1,14,2010,35.81475
44645,1,14,2011,35.86949
44645,1,14,2012,35.94499
44645,1,14,2013,35.90261
44645,1,14,2014,35.79716
44645,1,14,2015,35.91828
44645,1,14,2016,36.01354
44645,1,14,2017,35.96158
44645,1,14,2018,36.19002
44645,1,14,2019,36.43406
44645,2,14,1950,32.97195
44645,2,14,1951,32.95841
44645,2,14,1952,33.76423
44645,2,14,1953,33.98094
44645,2,14,1954,34.10673
44645,2,14,1955,34.20566
44645,2,14,1956,34.26595
44645,2,14,1957,34.32452
44645,2,14,1958,34.54822
44645,2,14,1959,34.60403
44645,2,14,1960,34.49789
44645,2,14,1961,34.4989
44645,2,14,1962,34.59733
44645,2,14,1963,34.55478
44645,2,14,1964,34.9535
44645,2,14,1965,34.99339
44645,2,14,1966,34.98738
44645,2,14,1967,35.30821
44645,2,14,1968,34.98515
44645,2,14,1969,34.80871
44645,2,14,1970,35.10588
44645,2,14,1971,35.08227
44645,2,14,1972,35.003
44645,2,14,1973,35.08714
44645,2,14,1974,34.95152
44645,2,14,1975,35.0649
44645,2,14,1976,34.87145
44645,2,14,1977,34.95975
44645,2,14,1978,34.83315
44645,2,14,1979,34.39213
44645,2,14,1980,34.32905
44645,2,14,1981,34.22345
44645,2,14,1982,34.16977
44645,2,14,1983,34.34749
44645,2,14,1984,34.38289
44645,2,14,1985,34.45525
44645,2,14,1986,34.55652
44645,2,14,1987,34.52602
44645,2,14,1988,34.57799
44645,2,14,1989,34.60664
44645,2,14,1990,34.80668
44645,2,14,1991,34.75607
44645,2,14,1992,34.91715
44645,2,14,1993,34.97534
44645,2,14,1994,35.3153
44645,2,14,1995,35.65083
44645,2,14,1996,35.83416
44645,2,14,1997,36.02674
44645,2,14,1998,36.03556
44645,2,14,1999,36.35034
44645,2,14,2000,36.64367
44645,2,14,2001,37.03145
44645,2,14,2002,37.1502
44645,2,14,2003,37.17275
44645,2,14,2004,37.33149
44645,2,14,2005,37.75898
44645,2,14,2006,37.94844
44645,2,14,2007,38.13564
44645,2,14,2008,38.29381
44645,2,14,2009,38.53797
44645,2,14,2010,38.49697
44645,2,14,2011,38.34956
44645,2,14,2012,38.49267
44645,2,14,2013,38.40441
44645,2,14,2014,38.12782
44645,2,14,2015,38.09287
44645,2,14,2016,38.04827
44645,2,14,2017,38.09367
44645,2,14,2018,38.32263
44645,2,14,2019,38.68688
44645,3,14,1950,30.38459
44645,3,14,1951,30.16547
44645,3,14,1952,30.52565
44645,3,14,1953,31.06995
44645,3,14,1954,31.18342
44645,3,14,1955,30.89206
44645,3,14,1956,31.23575
44645,3,14,1957,31.37441
44645,3,14,1958,31.31082
44645,3,14,1959,31.44332
44645,3,14,1960,31.47457
44645,3,14,1961,31.28594
44645,3,14,1962,31.41534
44645,3,14,1963,31.26487
44645,3,14,1964,31.51613
44645,3,14,1965,31.63126
44645,3,14,1966,31.61579
44645,3,14,1967,31.74226
44645,3,14,1968,31.71829
44645,3,14,1969,31.66537
44645,3,14,1970,31.8053
44645,3,14,1971,31.85017
44645,3,14,1972,31.64079
44645,3,14,1973,31.7747
44645,3,14,1974,31.7986
44645,3,14,1975,31.82191
44645,3,14,1976,31.8945
44645,3,14,1977,31.87483
44645,3,14,1978,31.77305
44645,3,14,1979,31.63652
44645,3,14,1980,31.50237
44645,3,14,1981,31.45713
44645,3,14,1982,31.37443
44645,3,14,1983,31.58139
44645,3,14,1984,31.64899
44645,3,14,1985,31.67492
44645,3,14,1986,31.92598
44645,3,14,1987,32.02709
44645,3,14,1988,32.16825
44645,3,14,1989,32.11345
44645,3,14,1990,32.21423
44645,3,14,1991,32.22822
44645,3,14,1992,32.46145
44645,3,14,1993,32.5352
44645,3,14,1994,32.95721
44645,3,14,1995,33.25021
44645,3,14,1996,33.52168
44645,3,14,1997,33.8493
44645,3,14,1998,34.03249
44645,3,14,1999,34.29302
44645,3,14,2000,34.6237
44645,3,14,2001,34.92551
44645,3,14,2002,35.12381
44645,3,14,2003,35.21348
44645,3,14,2004,35.28784
44645,3,14,2005,35.6703
44645,3,14,2006,35.89236
44645,3,14,2007,36.11574
44645,3,14,2008,36.32333
44645,3,14,2009,36.82169
44645,3,14,2010,37.08443
44645,3,14,2011,37.0095
44645,3,14,2012,37.11629
44645,3,14,2013,37.02348
44645,3,14,2014,36.86051
44645,3,14,2015,36.87177
44645,3,14,2016,36.87234
44645,3,14,2017,36.81999
44645,3,14,2018,37.04693
44645,3,14,2019,37.20536
44646,1,14,1950,28.49637
44646,1,14,1951,28.22678
44646,1,14,1952,28.84681
44646,1,14,1953,29.10537
44646,1,14,1954,29.01226
44646,1,14,1955,29.02987
44646,1,14,1956,29.06124
44646,1,14,1957,28.86208
44646,1,14,1958,29.08407
44646,1,14,1959,28.89341
44646,1,14,1960,29.07746
44646,1,14,1961,29.01981
44646,1,14,1962,28.67277
44646,1,14,1963,29.00739
44646,1,14,1964,29.1272
44646,1,14,1965,29.1118
44646,1,14,1966,29.04052
44646,1,14,1967,29.38618
44646,1,14,1968,29.00728
44646,1,14,1969,28.96378
44646,1,14,1970,29.03444
44646,1,14,1971,29.40214
44646,1,14,1972,28.74578
44646,1,14,1973,28.92712
44646,1,14,1974,28.96819
44646,1,14,1975,29.29976
44646,1,14,1976,28.89254
44646,1,14,1977,28.92997
44646,1,14,1978,28.57683
44646,1,14,1979,28.37789
44646,1,14,1980,28.01286
44646,1,14,1981,27.7447
44646,1,14,1982,27.51737
44646,1,14,1983,27.80976
44646,1,14,1984,27.86434
44646,1,14,1985,27.8218
44646,1,14,1986,28.20831
44646,1,14,1987,28.45588
44646,1,14,1988,28.62525
44646,1,14,1989,28.62766
44646,1,14,1990,28.7527
44646,1,14,1991,28.85524
44646,1,14,1992,29.04514
44646,1,14,1993,29.10093
44646,1,14,1994,29.49919
44646,1,14,1995,29.73216
44646,1,14,1996,29.90055
44646,1,14,1997,30.13358
44646,1,14,1998,30.25603
44646,1,14,1999,30.58738
44646,1,14,2000,31.5034
44646,1,14,2001,31.61449
44646,1,14,2002,31.72833
44646,1,14,2003,32.12703
44646,1,14,2004,32.41193
44646,1,14,2005,32.95294
44646,1,14,2006,32.98294
44646,1,14,2007,33.42731
44646,1,14,2008,33.71777
44646,1,14,2009,34.32037
44646,1,14,2010,34.88506
44646,1,14,2011,35.0772
44646,1,14,2012,35.35273
44646,1,14,2013,35.4315
44646,1,14,2014,35.32881
44646,1,14,2015,35.50756
44646,1,14,2016,35.57921
44646,1,14,2017,35.62104
44646,1,14,2018,35.96409
44646,1,14,2019,36.18137
44646,2,14,1950,32.54288
44646,2,14,1951,32.50179
44646,2,14,1952,33.15804
44646,2,14,1953,33.51604
44646,2,14,1954,33.71529
44646,2,14,1955,33.59615
44646,2,14,1956,33.64879
44646,2,14,1957,33.66411
44646,2,14,1958,33.86592
44646,2,14,1959,34.00205
44646,2,14,1960,34.22056
44646,2,14,1961,34.14873
44646,2,14,1962,34.10289
44646,2,14,1963,34.20886
44646,2,14,1964,34.54438
44646,2,14,1965,34.50235
44646,2,14,1966,34.5298
44646,2,14,1967,34.73036
44646,2,14,1968,34.43262
44646,2,14,1969,34.36238
44646,2,14,1970,34.5614
44646,2,14,1971,34.52434
44646,2,14,1972,34.49745
44646,2,14,1973,34.50089
44646,2,14,1974,34.44545
44646,2,14,1975,34.41664
44646,2,14,1976,34.26021
44646,2,14,1977,34.43918
44646,2,14,1978,34.07237
44646,2,14,1979,33.88984
44646,2,14,1980,33.811
44646,2,14,1981,33.66563
44646,2,14,1982,33.64434
44646,2,14,1983,33.83239
44646,2,14,1984,33.87227
44646,2,14,1985,33.76272
44646,2,14,1986,33.7343
44646,2,14,1987,33.68515
44646,2,14,1988,33.78199
44646,2,14,1989,33.77143
44646,2,14,1990,33.85566
44646,2,14,1991,33.90326
44646,2,14,1992,34.06075
44646,2,14,1993,34.1296
44646,2,14,1994,34.55208
44646,2,14,1995,34.85333
44646,2,14,1996,35.08452
44646,2,14,1997,35.37477
44646,2,14,1998,35.36328
44646,2,14,1999,35.55247
44646,2,14,2000,35.7455
44646,2,14,2001,36.16018
44646,2,14,2002,36.31203
44646,2,14,2003,36.37722
44646,2,14,2004,36.47764
44646,2,14,2005,36.8328
44646,2,14,2006,37.10139
44646,2,14,2007,37.24289
44646,2,14,2008,37.33694
44646,2,14,2009,37.79802
44646,2,14,2010,37.86476
44646,2,14,2011,37.86201
44646,2,14,2012,38.15745
44646,2,14,2013,38.13486
44646,2,14,2014,38.11624
44646,2,14,2015,38.16291
44646,2,14,2016,38.1628
44646,2,14,2017,38.31785
44646,2,14,2018,38.49009
44646,2,14,2019,38.9223
44646,3,14,1950,29.56481
44646,3,14,1951,29.71745
44646,3,14,1952,30.12371
44646,3,14,1953,30.32838
44646,3,14,1954,30.71275
44646,3,14,1955,30.42852
44646,3,14,1956,30.61308
44646,3,14,1957,30.3352
44646,3,14,1958,30.74941
44646,3,14,1959,30.65268
44646,3,14,1960,30.81202
44646,3,14,1961,30.92658
44646,3,14,1962,30.57392
44646,3,14,1963,30.69458
44646,3,14,1964,30.98909
44646,3,14,1965,31.11222
44646,3,14,1966,31.00682
44646,3,14,1967,31.28321
44646,3,14,1968,31.07117
44646,3,14,1969,31.06847
44646,3,14,1970,31.15077
44646,3,14,1971,31.22834
44646,3,14,1972,30.87682
44646,3,14,1973,30.96837
44646,3,14,1974,31.19059
44646,3,14,1975,31.13783
44646,3,14,1976,31.07022
44646,3,14,1977,31.23807
44646,3,14,1978,31.02132
44646,3,14,1979,30.82966
44646,3,14,1980,30.74135
44646,3,14,1981,30.59229
44646,3,14,1982,30.52563
44646,3,14,1983,30.78138
44646,3,14,1984,30.8188
44646,3,14,1985,30.75366
44646,3,14,1986,30.93275
44646,3,14,1987,31.07435
44646,3,14,1988,31.19159
44646,3,14,1989,31.16428
44646,3,14,1990,31.25121
44646,3,14,1991,31.32611
44646,3,14,1992,31.52424
44646,3,14,1993,31.54886
44646,3,14,1994,31.96815
44646,3,14,1995,32.22677
44646,3,14,1996,32.43339
44646,3,14,1997,32.68551
44646,3,14,1998,32.72601
44646,3,14,1999,32.98054
44646,3,14,2000,33.52135
44646,3,14,2001,33.82879
44646,3,14,2002,33.94103
44646,3,14,2003,34.1582
44646,3,14,2004,34.32511
44646,3,14,2005,34.76556
44646,3,14,2006,34.94122
44646,3,14,2007,35.22451
44646,3,14,2008,35.44645
44646,3,14,2009,36.00031
44646,3,14,2010,36.29625
44646,3,14,2011,36.37638
44646,3,14,2012,36.65618
44646,3,14,2013,36.69987
44646,3,14,2014,36.58568
44646,3,14,2015,36.70428
44646,3,14,2016,36.71896
44646,3,14,2017,36.74657
44646,3,14,2018,36.9906
44646,3,14,2019,37.24612
44647,1,14,1950,29.41581
44647,1,14,1951,29.09569
44647,1,14,1952,29.52918
44647,1,14,1953,30.10631
44647,1,14,1954,29.84867
44647,1,14,1955,29.71647
44647,1,14,1956,29.94882
44647,1,14,1957,29.94295
44647,1,14,1958,30.04004
44647,1,14,1959,30.15718
44647,1,14,1960,29.922
44647,1,14,1961,29.81778
44647,1,14,1962,29.81925
44647,1,14,1963,29.99343
44647,1,14,1964,30.05102
44647,1,14,1965,29.76456
44647,1,14,1966,30.03948
44647,1,14,1967,30.14234
44647,1,14,1968,30.08974
44647,1,14,1969,29.9408
44647,1,14,1970,30.04146
44647,1,14,1971,30.15998
44647,1,14,1972,29.98071
44647,1,14,1973,30.10684
44647,1,14,1974,30.00128
44647,1,14,1975,30.06848
44647,1,14,1976,30.15642
44647,1,14,1977,30.05726
44647,1,14,1978,29.47442
44647,1,14,1979,29.24116
44647,1,14,1980,28.94875
44647,1,14,1981,28.61935
44647,1,14,1982,28.52787
44647,1,14,1983,28.86859
44647,1,14,1984,28.86818
44647,1,14,1985,28.73951
44647,1,14,1986,29.09071
44647,1,14,1987,29.35466
44647,1,14,1988,29.6943
44647,1,14,1989,29.82802
44647,1,14,1990,29.98546
44647,1,14,1991,30.22379
44647,1,14,1992,30.51382
44647,1,14,1993,30.65768
44647,1,14,1994,30.9446
44647,1,14,1995,31.09342
44647,1,14,1996,31.114
44647,1,14,1997,31.39241
44647,1,14,1998,31.5339
44647,1,14,1999,31.89257
44647,1,14,2000,32.35195
44647,1,14,2001,32.63492
44647,1,14,2002,32.85245
44647,1,14,2003,32.82891
44647,1,14,2004,32.98748
44647,1,14,2005,33.5597
44647,1,14,2006,33.31915
44647,1,14,2007,33.44665
44647,1,14,2008,33.6422
44647,1,14,2009,34.53206
44647,1,14,2010,35.05583
44647,1,14,2011,35.31393
44647,1,14,2012,35.78462
44647,1,14,2013,36.11259
44647,1,14,2014,36.06284
44647,1,14,2015,36.21967
44647,1,14,2016,36.26139
44647,1,14,2017,36.1216
44647,1,14,2018,36.4133
44647,1,14,2019,36.63766
44647,2,14,1950,32.96082
44647,2,14,1951,32.79791
44647,2,14,1952,33.24771
44647,2,14,1953,33.66542
44647,2,14,1954,33.88295
44647,2,14,1955,33.74397
44647,2,14,1956,34.1979
44647,2,14,1957,34.03307
44647,2,14,1958,34.25196
44647,2,14,1959,34.05897
44647,2,14,1960,34.17198
44647,2,14,1961,34.11938
44647,2,14,1962,34.19076
44647,2,14,1963,34.24263
44647,2,14,1964,34.69565
44647,2,14,1965,34.71064
44647,2,14,1966,34.63182
44647,2,14,1967,34.76735
44647,2,14,1968,34.69702
44647,2,14,1969,34.68453
44647,2,14,1970,34.78651
44647,2,14,1971,34.83731
44647,2,14,1972,34.81626
44647,2,14,1973,34.69942
44647,2,14,1974,34.59258
44647,2,14,1975,34.73243
44647,2,14,1976,34.543
44647,2,14,1977,34.62953
44647,2,14,1978,34.41349
44647,2,14,1979,34.08211
44647,2,14,1980,34.05799
44647,2,14,1981,33.94647
44647,2,14,1982,33.89789
44647,2,14,1983,34.03096
44647,2,14,1984,34.10671
44647,2,14,1985,34.08531
44647,2,14,1986,34.09731
44647,2,14,1987,34.12551
44647,2,14,1988,34.26153
44647,2,14,1989,34.27505
44647,2,14,1990,34.53581
44647,2,14,1991,34.63691
44647,2,14,1992,34.76743
44647,2,14,1993,34.82891
44647,2,14,1994,35.22998
44647,2,14,1995,35.46352
44647,2,14,1996,35.5507
44647,2,14,1997,35.7492
44647,2,14,1998,35.79182
44647,2,14,1999,36.05003
44647,2,14,2000,36.26155
44647,2,14,2001,36.62363
44647,2,14,2002,36.60401
44647,2,14,2003,36.59201
44647,2,14,2004,36.70644
44647,2,14,2005,37.11492
44647,2,14,2006,37.36581
44647,2,14,2007,37.49217
44647,2,14,2008,37.81912
44647,2,14,2009,38.2503
44647,2,14,2010,38.4996
44647,2,14,2011,38.52982
44647,2,14,2012,38.85811
44647,2,14,2013,39.01396
44647,2,14,2014,39.05357
44647,2,14,2015,39.12981
44647,2,14,2016,39.18
44647,2,14,2017,39.29429
44647,2,14,2018,39.53964
44647,2,14,2019,39.8772
44647,3,14,1950,30.29794
44647,3,14,1951,30.0475
44647,3,14,1952,30.66372
44647,3,14,1953,30.97524
44647,3,14,1954,31.05974
44647,3,14,1955,30.8365
44647,3,14,1956,31.15625
44647,3,14,1957,31.02648
44647,3,14,1958,31.41433
44647,3,14,1959,31.28033
44647,3,14,1960,31.28913
44647,3,14,1961,31.3324
44647,3,14,1962,31.19558
44647,3,14,1963,31.33714
44647,3,14,1964,31.47584
44647,3,14,1965,31.64666
44647,3,14,1966,31.69696
44647,3,14,1967,31.67481
44647,3,14,1968,31.80874
44647,3,14,1969,31.56972
44647,3,14,1970,31.78991
44647,3,14,1971,31.83973
44647,3,14,1972,31.56529
44647,3,14,1973,31.69037
44647,3,14,1974,31.7756
44647,3,14,1975,31.84399
44647,3,14,1976,31.73383
44647,3,14,1977,31.78184
44647,3,14,1978,31.58091
44647,3,14,1979,31.35557
44647,3,14,1980,31.33312
44647,3,14,1981,31.18086
44647,3,14,1982,31.17322
44647,3,14,1983,31.45846
44647,3,14,1984,31.48628
44647,3,14,1985,31.42133
44647,3,14,1986,31.57687
44647,3,14,1987,31.74744
44647,3,14,1988,31.94869
44647,3,14,1989,32.03328
44647,3,14,1990,32.25006
44647,3,14,1991,32.41557
44647,3,14,1992,32.63614
44647,3,14,1993,32.73687
44647,3,14,1994,33.0486
44647,3,14,1995,33.27448
44647,3,14,1996,33.30752
44647,3,14,1997,33.52048
44647,3,14,1998,33.60076
44647,3,14,1999,33.91641
44647,3,14,2000,34.2619
44647,3,14,2001,34.56806
44647,3,14,2002,34.68733
44647,3,14,2003,34.65367
44647,3,14,2004,34.74454
44647,3,14,2005,35.23741
44647,3,14,2006,35.21618
44647,3,14,2007,35.38604
44647,3,14,2008,35.62738
44647,3,14,2009,36.31298
44647,3,14,2010,36.68814
44647,3,14,2011,36.84917
44647,3,14,2012,37.25821
44647,3,14,2013,37.46689
44647,3,14,2014,37.46667
44647,3,14,2015,37.55583
44647,3,14,2016,37.59505
44647,3,14,2017,37.56512
44647,3,14,2018,37.69595
44647,3,14,2019,37.95734
44648,1,14,1950,28.72713
44648,1,14,1951,28.50862
44648,1,14,1952,28.81343
44648,1,14,1953,29.17958
44648,1,14,1954,29.21306
44648,1,14,1955,29.53405
44648,1,14,1956,29.27727
44648,1,14,1957,29.17954
44648,1,14,1958,29.52394
44648,1,14,1959,29.32103
44648,1,14,1960,29.35681
44648,1,14,1961,29.35948
44648,1,14,1962,29.00624
44648,1,14,1963,28.98953
44648,1,14,1964,29.45763
44648,1,14,1965,29.30179
44648,1,14,1966,29.40348
44648,1,14,1967,29.53272
44648,1,14,1968,29.46682
44648,1,14,1969,29.33737
44648,1,14,1970,29.28932
44648,1,14,1971,29.5687
44648,1,14,1972,29.28194
44648,1,14,1973,29.39678
44648,1,14,1974,29.42886
44648,1,14,1975,29.4946
44648,1,14,1976,29.39407
44648,1,14,1977,29.29966
44648,1,14,1978,29.23955
44648,1,14,1979,28.85415
44648,1,14,1980,28.54969
44648,1,14,1981,28.35319
44648,1,14,1982,28.31504
44648,1,14,1983,28.65485
44648,1,14,1984,28.73991
44648,1,14,1985,28.80554
44648,1,14,1986,29.19876
44648,1,14,1987,29.43076
44648,1,14,1988,29.44948
44648,1,14,1989,29.42528
44648,1,14,1990,29.54031
44648,1,14,1991,29.71511
44648,1,14,1992,29.91214
44648,1,14,1993,30.03738
44648,1,14,1994,30.55616
44648,1,14,1995,30.90265
44648,1,14,1996,31.28511
44648,1,14,1997,31.60097
44648,1,14,1998,31.79701
44648,1,14,1999,32.04113
44648,1,14,2000,32.48192
44648,1,14,2001,32.67908
44648,1,14,2002,32.74888
44648,1,14,2003,32.91581
44648,1,14,2004,33.22177
44648,1,14,2005,33.96345
44648,1,14,2006,34.30825
44648,1,14,2007,34.68057
44648,1,14,2008,34.95171
44648,1,14,2009,35.45315
44648,1,14,2010,35.79333
44648,1,14,2011,35.75143
44648,1,14,2012,35.86444
44648,1,14,2013,35.79454
44648,1,14,2014,35.61002
44648,1,14,2015,35.65528
44648,1,14,2016,35.68593
44648,1,14,2017,35.5197
44648,1,14,2018,35.76314
44648,1,14,2019,36.00584
44648,2,14,1950,32.62208
44648,2,14,1951,32.58758
44648,2,14,1952,32.97204
44648,2,14,1953,33.57297
44648,2,14,1954,33.71585
44648,2,14,1955,33.77041
44648,2,14,1956,33.72242
44648,2,14,1957,33.99368
44648,2,14,1958,34.01112
44648,2,14,1959,34.04754
44648,2,14,1960,34.04728
44648,2,14,1961,34.18308
44648,2,14,1962,34.10413
44648,2,14,1963,34.12249
44648,2,14,1964,34.4667
44648,2,14,1965,34.58086
44648,2,14,1966,34.63071
44648,2,14,1967,34.63497
44648,2,14,1968,34.75197
44648,2,14,1969,34.40104
44648,2,14,1970,34.55118
44648,2,14,1971,34.62956
44648,2,14,1972,34.49865
44648,2,14,1973,34.56257
44648,2,14,1974,34.4948
44648,2,14,1975,34.5954
44648,2,14,1976,34.47524
44648,2,14,1977,34.39694
44648,2,14,1978,34.28957
44648,2,14,1979,33.99264
44648,2,14,1980,33.93578
44648,2,14,1981,33.85596
44648,2,14,1982,33.87647
44648,2,14,1983,34.12166
44648,2,14,1984,34.36587
44648,2,14,1985,34.50362
44648,2,14,1986,34.67849
44648,2,14,1987,34.843
44648,2,14,1988,34.96572
44648,2,14,1989,34.9098
44648,2,14,1990,34.98817
44648,2,14,1991,34.94973
44648,2,14,1992,35.01796
44648,2,14,1993,34.98478
44648,2,14,1994,35.29253
44648,2,14,1995,35.51338
44648,2,14,1996,35.69276
44648,2,14,1997,35.85157
44648,2,14,1998,35.81996
44648,2,14,1999,35.95939
44648,2,14,2000,36.14362
44648,2,14,2001,36.45876
44648,2,14,2002,36.58745
44648,2,14,2003,36.61547
44648,2,14,2004,36.77015
44648,2,14,2005,37.19486
44648,2,14,2006,37.39353
44648,2,14,2007,37.52802
44648,2,14,2008,37.77969
44648,2,14,2009,38.06062
44648,2,14,2010,38.0179
44648,2,14,2011,37.89948
44648,2,14,2012,37.98105
44648,2,14,2013,37.79541
44648,2,14,2014,37.72379
44648,2,14,2015,37.61432
44648,2,14,2016,37.69791
44648,2,14,2017,37.8294
44648,2,14,2018,38.03792
44648,2,14,2019,38.35538
44648,3,14,1950,29.73046
44648,3,14,1951,29.57421
44648,3,14,1952,30.24334
44648,3,14,1953,30.65284
44648,3,14,1954,30.64645
44648,3,14,1955,30.53835
44648,3,14,1956,30.60202
44648,3,14,1957,30.85855
44648,3,14,1958,30.92944
44648,3,14,1959,30.73955
44648,3,14,1960,30.91956
44648,3,14,1961,30.99523
44648,3,14,1962,30.66625
44648,3,14,1963,30.84214
44648,3,14,1964,30.96601
44648,3,14,1965,31.13533
44648,3,14,1966,31.16194
44648,3,14,1967,31.26261
44648,3,14,1968,31.387
44648,3,14,1969,31.15089
44648,3,14,1970,31.08332
44648,3,14,1971,31.35839
44648,3,14,1972,31.1381
44648,3,14,1973,31.28647
44648,3,14,1974,31.31401
44648,3,14,1975,31.24611
44648,3,14,1976,31.23711
44648,3,14,1977,31.36546
44648,3,14,1978,31.31604
44648,3,14,1979,31.0877
44648,3,14,1980,30.97125
44648,3,14,1981,30.95093
44648,3,14,1982,30.90468
44648,3,14,1983,31.20947
44648,3,14,1984,31.40723
44648,3,14,1985,31.51408
44648,3,14,1986,31.80485
44648,3,14,1987,32.0464
44648,3,14,1988,32.0611
44648,3,14,1989,32.03674
44648,3,14,1990,32.15495
44648,3,14,1991,32.19811
44648,3,14,1992,32.35132
44648,3,14,1993,32.40552
44648,3,14,1994,32.83077
44648,3,14,1995,33.13413
44648,3,14,1996,33.3997
44648,3,14,1997,33.64919
44648,3,14,1998,33.72605
44648,3,14,1999,33.89418
44648,3,14,2000,34.22146
44648,3,14,2001,34.47395
44648,3,14,2002,34.53643
44648,3,14,2003,34.61772
44648,3,14,2004,34.87867
44648,3,14,2005,35.44007
44648,3,14,2006,35.6889
44648,3,14,2007,35.95924
44648,3,14,2008,36.26951
44648,3,14,2009,36.60294
44648,3,14,2010,36.76053
44648,3,14,2011,36.6966
44648,3,14,2012,36.7738
44648,3,14,2013,36.68111
44648,3,14,2014,36.48853
44648,3,14,2015,36.47256
44648,3,14,2016,36.51002
44648,3,14,2017,36.45316
44648,3,14,2018,36.65065
44648,3,14,2019,36.78559
44649,1,14,1950,28.58992
44649,1,14,1951,28.61879
44649,1,14,1952,28.84214
44649,1,14,1953,29.20037
44649,1,14,1954,29.1083
44649,1,14,1955,29.10218
44649,1,14,1956,29.20369
44649,1,14,1957,29.16515
44649,1,14,1958,29.1064
44649,1,14,1959,29.16822
44649,1,14,1960,29.40703
44649,1,14,1961,29.01317
44649,1,14,1962,29.12856
44649,1,14,1963,29.04068
44649,1,14,1964,29.16448
44649,1,14,1965,29.3407
44649,1,14,1966,29.0542
44649,1,14,1967,29.65643
44649,1,14,1968,29.25252
44649,1,14,1969,29.13731
44649,1,14,1970,29.3008
44649,1,14,1971,29.50106
44649,1,14,1972,29.11589
44649,1,14,1973,29.26926
44649,1,14,1974,29.34442
44649,1,14,1975,29.15339
44649,1,14,1976,29.1855
44649,1,14,1977,29.25885
44649,1,14,1978,28.7591
44649,1,14,1979,28.45144
44649,1,14,1980,28.34392
44649,1,14,1981,28.19765
44649,1,14,1982,28.14545
44649,1,14,1983,28.5244
44649,1,14,1984,28.43421
44649,1,14,1985,28.30879
44649,1,14,1986,28.63229
44649,1,14,1987,28.99992
44649,1,14,1988,29.44884
44649,1,14,1989,29.51821
44649,1,14,1990,29.72237
44649,1,14,1991,29.91132
44649,1,14,1992,29.98601
44649,1,14,1993,30.07537
44649,1,14,1994,30.66909
44649,1,14,1995,31.1181
44649,1,14,1996,30.99645
44649,1,14,1997,30.99463
44649,1,14,1998,31.2704
44649,1,14,1999,31.64423
44649,1,14,2000,32.23519
44649,1,14,2001,32.51106
44649,1,14,2002,32.94006
44649,1,14,2003,33.15516
44649,1,14,2004,33.52522
44649,1,14,2005,34.24577
44649,1,14,2006,34.32208
44649,1,14,2007,34.39182
44649,1,14,2008,34.3167
44649,1,14,2009,34.58704
44649,1,14,2010,34.9007
44649,1,14,2011,34.99945
44649,1,14,2012,35.20148
44649,1,14,2013,35.22027
44649,1,14,2014,35.22769
44649,1,14,2015,35.49359
44649,1,14,2016,35.46423
44649,1,14,2017,35.74308
44649,1,14,2018,36.0976
44649,1,14,2019,36.31779
44649,2,14,1950,32.63833
44649,2,14,1951,32.49101
44649,2,14,1952,33.04267
44649,2,14,1953,33.42676
44649,2,14,1954,33.44761
44649,2,14,1955,33.73041
44649,2,14,1956,33.71933
44649,2,14,1957,33.93644
44649,2,14,1958,33.96884
44649,2,14,1959,34.1171
44649,2,14,1960,34.11865
44649,2,14,1961,34.03191
44649,2,14,1962,33.94736
44649,2,14,1963,34.07006
44649,2,14,1964,34.42764
44649,2,14,1965,34.41384
44649,2,14,1966,34.61546
44649,2,14,1967,34.56381
44649,2,14,1968,34.5341
44649,2,14,1969,34.39501
44649,2,14,1970,34.37016
44649,2,14,1971,34.59856
44649,2,14,1972,34.40915
44649,2,14,1973,34.19408
44649,2,14,1974,34.29933
44649,2,14,1975,34.21668
44649,2,14,1976,34.02609
44649,2,14,1977,34.06997
44649,2,14,1978,33.94317
44649,2,14,1979,33.73926
44649,2,14,1980,33.37626
44649,2,14,1981,33.30483
44649,2,14,1982,33.50146
44649,2,14,1983,33.77042
44649,2,14,1984,33.65263
44649,2,14,1985,33.56107
44649,2,14,1986,33.62006
44649,2,14,1987,33.52421
44649,2,14,1988,33.51098
44649,2,14,1989,33.56655
44649,2,14,1990,34.02381
44649,2,14,1991,34.20764
44649,2,14,1992,34.48091
44649,2,14,1993,34.62513
44649,2,14,1994,34.97528
44649,2,14,1995,35.17646
44649,2,14,1996,35.19381
44649,2,14,1997,35.15253
44649,2,14,1998,35.13971
44649,2,14,1999,35.22824
44649,2,14,2000,35.62427
44649,2,14,2001,35.92231
44649,2,14,2002,35.94961
44649,2,14,2003,36.00896
44649,2,14,2004,36.20523
44649,2,14,2005,36.71689
44649,2,14,2006,37.02957
44649,2,14,2007,37.39778
44649,2,14,2008,37.51252
44649,2,14,2009,37.74852
44649,2,14,2010,37.78971
44649,2,14,2011,37.81628
44649,2,14,2012,38.04482
44649,2,14,2013,38.0168
44649,2,14,2014,37.91818
44649,2,14,2015,37.93005
44649,2,14,2016,37.9064
44649,2,14,2017,37.99959
44649,2,14,2018,38.14346
44649,2,14,2019,38.52333
44649,3,14,1950,29.32767
44649,3,14,1951,29.48966
44649,3,14,1952,29.91692
44649,3,14,1953,30.16623
44649,3,14,1954,30.28825
44649,3,14,1955,30.24935
44649,3,14,1956,30.39042
44649,3,14,1957,30.37473
44649,3,14,1958,30.40915
44649,3,14,1959,30.55806
44649,3,14,1960,30.74795
44649,3,14,1961,30.58782
44649,3,14,1962,30.61199
44649,3,14,1963,30.54153
44649,3,14,1964,30.6707
44649,3,14,1965,30.83666
44649,3,14,1966,30.94954
44649,3,14,1967,31.33566
44649,3,14,1968,31.1192
44649,3,14,1969,30.7889
44649,3,14,1970,31.1911
44649,3,14,1971,31.13849
44649,3,14,1972,31.10538
44649,3,14,1973,31.01303
44649,3,14,1974,31.18066
44649,3,14,1975,31.03761
44649,3,14,1976,31.02715
44649,3,14,1977,31.23322
44649,3,14,1978,30.91622
44649,3,14,1979,30.78403
44649,3,14,1980,30.6784
44649,3,14,1981,30.65617
44649,3,14,1982,30.72037
44649,3,14,1983,31.05543
44649,3,14,1984,30.97283
44649,3,14,1985,30.8542
44649,3,14,1986,31.06311
44649,3,14,1987,31.21465
44649,3,14,1988,31.4538
44649,3,14,1989,31.51577
44649,3,14,1990,31.83288
44649,3,14,1991,32.01064
44649,3,14,1992,32.18504
44649,3,14,1993,32.30154
44649,3,14,1994,32.79199
44649,3,14,1995,33.12202
44649,3,14,1996,33.07975
44649,3,14,1997,33.02887
44649,3,14,1998,33.14601
44649,3,14,1999,33.38691
44649,3,14,2000,33.91207
44649,3,14,2001,34.19787
44649,3,14,2002,34.43362
44649,3,14,2003,34.52674
44649,3,14,2004,34.78974
44649,3,14,2005,35.43753
44649,3,14,2006,35.62739
44649,3,14,2007,35.82602
44649,3,14,2008,35.84796
44649,3,14,2009,36.10676
44649,3,14,2010,36.29792
44649,3,14,2011,36.33428
44649,3,14,2012,36.53791
44649,3,14,2013,36.52832
44649,3,14,2014,36.46326
44649,3,14,2015,36.62442
44649,3,14,2016,36.61137
44649,3,14,2017,36.72862
44649,3,14,2018,36.89857
44649,3,14,2019,37.14745
44650,1,14,1950,28.47978
44650,1,14,1951,27.98124
44650,1,14,1952,28.75416
44650,1,14,1953,29.0925
44650,1,14,1954,29.00434
44650,1,14,1955,28.95145
44650,1,14,1956,28.8884
44650,1,14,1957,28.88648
44650,1,14,1958,28.82741
44650,1,14,1959,28.93261
44650,1,14,1960,29.19995
44650,1,14,1961,28.98816
44650,1,14,1962,28.89724
44650,1,14,1963,28.7229
44650,1,14,1964,28.90168
44650,1,14,1965,28.99003
44650,1,14,1966,28.74405
44650,1,14,1967,29.12564
44650,1,14,1968,28.83014
44650,1,14,1969,28.87675
44650,1,14,1970,28.73809
44650,1,14,1971,28.94416
44650,1,14,1972,28.80928
44650,1,14,1973,28.78614
44650,1,14,1974,28.95703
44650,1,14,1975,28.92731
44650,1,14,1976,28.78543
44650,1,14,1977,28.61131
44650,1,14,1978,28.45086
44650,1,14,1979,28.14067
44650,1,14,1980,27.91727
44650,1,14,1981,27.73412
44650,1,14,1982,27.61124
44650,1,14,1983,27.98409
44650,1,14,1984,28.17033
44650,1,14,1985,28.24987
44650,1,14,1986,28.64397
44650,1,14,1987,28.87731
44650,1,14,1988,29.10694
44650,1,14,1989,29.19277
44650,1,14,1990,29.37783
44650,1,14,1991,29.52049
44650,1,14,1992,29.66068
44650,1,14,1993,29.70579
44650,1,14,1994,30.1502
44650,1,14,1995,30.33744
44650,1,14,1996,30.47704
44650,1,14,1997,30.66749
44650,1,14,1998,30.67906
44650,1,14,1999,30.85165
44650,1,14,2000,31.2297
44650,1,14,2001,31.43125
44650,1,14,2002,31.60248
44650,1,14,2003,31.83337
44650,1,14,2004,32.27189
44650,1,14,2005,33.08916
44650,1,14,2006,33.46337
44650,1,14,2007,33.94688
44650,1,14,2008,34.31946
44650,1,14,2009,34.83949
44650,1,14,2010,35.253
44650,1,14,2011,35.27385
44650,1,14,2012,35.37962
44650,1,14,2013,35.42314
44650,1,14,2014,35.30283
44650,1,14,2015,35.42802
44650,1,14,2016,35.53154
44650,1,14,2017,35.44041
44650,1,14,2018,35.68343
44650,1,14,2019,35.93982
44650,2,14,1950,32.71972
44650,2,14,1951,32.39519
44650,2,14,1952,33.16343
44650,2,14,1953,33.60411
44650,2,14,1954,33.68305
44650,2,14,1955,33.68536
44650,2,14,1956,33.76492
44650,2,14,1957,33.80381
44650,2,14,1958,33.84712
44650,2,14,1959,34.22729
44650,2,14,1960,34.11903
44650,2,14,1961,34.014
44650,2,14,1962,34.01176
44650,2,14,1963,33.96734
44650,2,14,1964,34.54282
44650,2,14,1965,34.41381
44650,2,14,1966,34.39178
44650,2,14,1967,34.80861
44650,2,14,1968,34.54431
44650,2,14,1969,34.52848
44650,2,14,1970,34.68696
44650,2,14,1971,34.60232
44650,2,14,1972,34.49276
44650,2,14,1973,34.33051
44650,2,14,1974,34.40749
44650,2,14,1975,34.38086
44650,2,14,1976,34.27024
44650,2,14,1977,34.34072
44650,2,14,1978,33.9767
44650,2,14,1979,33.72034
44650,2,14,1980,33.63896
44650,2,14,1981,33.51921
44650,2,14,1982,33.40551
44650,2,14,1983,33.57294
44650,2,14,1984,33.68316
44650,2,14,1985,33.8015
44650,2,14,1986,33.98267
44650,2,14,1987,34.17935
44650,2,14,1988,34.39697
44650,2,14,1989,34.56916
44650,2,14,1990,34.80202
44650,2,14,1991,34.79273
44650,2,14,1992,34.93297
44650,2,14,1993,34.94919
44650,2,14,1994,35.22878
44650,2,14,1995,35.43805
44650,2,14,1996,35.48804
44650,2,14,1997,35.56268
44650,2,14,1998,35.52717
44650,2,14,1999,35.75708
44650,2,14,2000,36.0346
44650,2,14,2001,36.43155
44650,2,14,2002,36.59715
44650,2,14,2003,36.78713
44650,2,14,2004,37.00895
44650,2,14,2005,37.46365
44650,2,14,2006,37.65756
44650,2,14,2007,37.77408
44650,2,14,2008,37.98007
44650,2,14,2009,38.21954
44650,2,14,2010,38.28455
44650,2,14,2011,38.15227
44650,2,14,2012,38.35716
44650,2,14,2013,38.34258
44650,2,14,2014,38.27044
44650,2,14,2015,38.28637
44650,2,14,2016,38.30701
44650,2,14,2017,38.38277
44650,2,14,2018,38.58564
44650,2,14,2019,39.03881
44650,3,14,1950,29.58586
44650,3,14,1951,29.332
44650,3,14,1952,29.88378
44650,3,14,1953,30.31979
44650,3,14,1954,30.42224
44650,3,14,1955,30.13675
44650,3,14,1956,30.38882
44650,3,14,1957,30.48101
44650,3,14,1958,30.57427
44650,3,14,1959,30.58895
44650,3,14,1960,30.66775
44650,3,14,1961,30.56117
44650,3,14,1962,30.56519
44650,3,14,1963,30.55903
44650,3,14,1964,30.69779
44650,3,14,1965,30.78267
44650,3,14,1966,30.67635
44650,3,14,1967,31.10113
44650,3,14,1968,30.95311
44650,3,14,1969,30.77812
44650,3,14,1970,30.81771
44650,3,14,1971,31.09117
44650,3,14,1972,30.74263
44650,3,14,1973,30.90758
44650,3,14,1974,30.97068
44650,3,14,1975,30.96315
44650,3,14,1976,30.88576
44650,3,14,1977,31.00928
44650,3,14,1978,30.82621
44650,3,14,1979,30.65896
44650,3,14,1980,30.55766
44650,3,14,1981,30.47739
44650,3,14,1982,30.42109
44650,3,14,1983,30.72823
44650,3,14,1984,30.87665
44650,3,14,1985,30.99717
44650,3,14,1986,31.27661
44650,3,14,1987,31.49146
44650,3,14,1988,31.69339
44650,3,14,1989,31.78811
44650,3,14,1990,32.0013
44650,3,14,1991,32.10584
44650,3,14,1992,32.2361
44650,3,14,1993,32.27156
44650,3,14,1994,32.61534
44650,3,14,1995,32.82022
44650,3,14,1996,32.91783
44650,3,14,1997,33.01776
44650,3,14,1998,33.0133
44650,3,14,1999,33.17394
44650,3,14,2000,33.49408
44650,3,14,2001,33.82803
44650,3,14,2002,33.97685
44650,3,14,2003,34.20196
44650,3,14,2004,34.51691
44650,3,14,2005,35.18134
44650,3,14,2006,35.43436
44650,3,14,2007,35.7318
44650,3,14,2008,36.04669
44650,3,14,2009,36.44396
44650,3,14,2010,36.67799
44650,3,14,2011,36.62486
44650,3,14,2012,36.78277
44650,3,14,2013,36.77277
44650,3,14,2014,36.66759
44650,3,14,2015,36.71478
44650,3,14,2016,36.72817
44650,3,14,2017,36.72891
44650,3,14,2018,36.89975
44650,3,14,2019,37.08075
44651,1,14,1950,28.23224
44651,1,14,1951,27.93158
44651,1,14,1952,28.73525
44651,1,14,1953,28.5054
44651,1,14,1954,28.76414
44651,1,14,1955,28.61344
44651,1,14,1956,28.68541
44651,1,14,1957,28.49587
44651,1,14,1958,28.78489
44651,1,14,1959,28.67826
44651,1,14,1960,28.81584
44651,1,14,1961,28.70183
44651,1,14,1962,28.60118
44651,1,14,1963,28.79004
44651,1,14,1964,28.55056
44651,1,14,1965,28.86649
44651,1,14,1966,28.76764
44651,1,14,1967,29.03648
44651,1,14,1968,28.80217
44651,1,14,1969,28.6889
44651,1,14,1970,28.79318
44651,1,14,1971,28.90728
44651,1,14,1972,28.8724
44651,1,14,1973,28.75808
44651,1,14,1974,29.15338
44651,1,14,1975,28.98174
44651,1,14,1976,28.85863
44651,1,14,1977,28.81806
44651,1,14,1978,28.60717
44651,1,14,1979,28.23933
44651,1,14,1980,28.01264
44651,1,14,1981,27.75808
44651,1,14,1982,27.53077
44651,1,14,1983,27.67299
44651,1,14,1984,27.55864
44651,1,14,1985,27.44863
44651,1,14,1986,27.75078
44651,1,14,1987,28.07856
44651,1,14,1988,28.51517
44651,1,14,1989,28.70903
44651,1,14,1990,28.81791
44651,1,14,1991,28.90108
44651,1,14,1992,29.18336
44651,1,14,1993,29.29957
44651,1,14,1994,29.62861
44651,1,14,1995,29.64808
44651,1,14,1996,29.73455
44651,1,14,1997,29.95502
44651,1,14,1998,30.14611
44651,1,14,1999,30.36512
44651,1,14,2000,30.98071
44651,1,14,2001,31.32566
44651,1,14,2002,31.60307
44651,1,14,2003,32.17595
44651,1,14,2004,32.37085
44651,1,14,2005,32.85437
44651,1,14,2006,32.79552
44651,1,14,2007,32.97364
44651,1,14,2008,33.13388
44651,1,14,2009,33.5707
44651,1,14,2010,33.83765
44651,1,14,2011,33.85343
44651,1,14,2012,33.88625
44651,1,14,2013,33.85514
44651,1,14,2014,33.65363
44651,1,14,2015,33.80009
44651,1,14,2016,33.8034
44651,1,14,2017,33.61555
44651,1,14,2018,33.95966
44651,1,14,2019,34.33235
44651,2,14,1950,31.50308
44651,2,14,1951,31.66781
44651,2,14,1952,32.20049
44651,2,14,1953,32.58835
44651,2,14,1954,32.8572
44651,2,14,1955,32.76563
44651,2,14,1956,32.78435
44651,2,14,1957,32.91812
44651,2,14,1958,33.23981
44651,2,14,1959,33.04544
44651,2,14,1960,33.20113
44651,2,14,1961,33.00299
44651,2,14,1962,33.06004
44651,2,14,1963,33.12248
44651,2,14,1964,33.42684
44651,2,14,1965,33.48674
44651,2,14,1966,33.61992
44651,2,14,1967,33.63705
44651,2,14,1968,33.41626
44651,2,14,1969,33.34286
44651,2,14,1970,33.45698
44651,2,14,1971,33.45778
44651,2,14,1972,33.13641
44651,2,14,1973,33.29584
44651,2,14,1974,33.35465
44651,2,14,1975,33.30158
44651,2,14,1976,33.23644
44651,2,14,1977,33.18521
44651,2,14,1978,32.86167
44651,2,14,1979,32.6124
44651,2,14,1980,32.50623
44651,2,14,1981,32.34003
44651,2,14,1982,32.29918
44651,2,14,1983,32.4986
44651,2,14,1984,32.60785
44651,2,14,1985,32.74224
44651,2,14,1986,32.92748
44651,2,14,1987,33.01574
44651,2,14,1988,33.14262
44651,2,14,1989,33.19202
44651,2,14,1990,33.32595
44651,2,14,1991,33.2995
44651,2,14,1992,33.40651
44651,2,14,1993,33.53652
44651,2,14,1994,33.9323
44651,2,14,1995,34.25093
44651,2,14,1996,34.45689
44651,2,14,1997,34.56364
44651,2,14,1998,34.52604
44651,2,14,1999,34.74832
44651,2,14,2000,34.89395
44651,2,14,2001,35.23038
44651,2,14,2002,35.32557
44651,2,14,2003,35.43555
44651,2,14,2004,35.67349
44651,2,14,2005,36.14647
44651,2,14,2006,36.41674
44651,2,14,2007,36.5572
44651,2,14,2008,36.80037
44651,2,14,2009,37.08388
44651,2,14,2010,37.1584
44651,2,14,2011,37.14308
44651,2,14,2012,37.23696
44651,2,14,2013,37.12028
44651,2,14,2014,37.01451
44651,2,14,2015,36.98043
44651,2,14,2016,37.12815
44651,2,14,2017,37.18621
44651,2,14,2018,37.50538
44651,2,14,2019,38.03771
44651,3,14,1950,28.96182
44651,3,14,1951,28.99363
44651,3,14,1952,29.47902
44651,3,14,1953,29.89658
44651,3,14,1954,30.07074
44651,3,14,1955,29.78803
44651,3,14,1956,29.98235
44651,3,14,1957,30.04873
44651,3,14,1958,30.03986
44651,3,14,1959,30.16719
44651,3,14,1960,30.24227
44651,3,14,1961,30.00361
44651,3,14,1962,30.08316
44651,3,14,1963,30.11759
44651,3,14,1964,30.2486
44651,3,14,1965,30.26312
44651,3,14,1966,30.41519
44651,3,14,1967,30.49384
44651,3,14,1968,30.3244
44651,3,14,1969,30.24833
44651,3,14,1970,30.31814
44651,3,14,1971,30.36388
44651,3,14,1972,30.2488
44651,3,14,1973,30.32272
44651,3,14,1974,30.49938
44651,3,14,1975,30.32288
44651,3,14,1976,30.4204
44651,3,14,1977,30.3236
44651,3,14,1978,30.2188
44651,3,14,1979,30.12048
44651,3,14,1980,29.97777
44651,3,14,1981,29.88772
44651,3,14,1982,29.7635
44651,3,14,1983,29.96608
44651,3,14,1984,29.95874
44651,3,14,1985,29.96896
44651,3,14,1986,30.24409
44651,3,14,1987,30.42463
44651,3,14,1988,30.69594
44651,3,14,1989,30.83868
44651,3,14,1990,30.95711
44651,3,14,1991,30.9973
44651,3,14,1992,31.18569
44651,3,14,1993,31.29542
44651,3,14,1994,31.63374
44651,3,14,1995,31.82493
44651,3,14,1996,31.95382
44651,3,14,1997,32.12005
44651,3,14,1998,32.21051
44651,3,14,1999,32.39356
44651,3,14,2000,32.82131
44651,3,14,2001,33.17788
44651,3,14,2002,33.37024
44651,3,14,2003,33.64828
44651,3,14,2004,33.85302
44651,3,14,2005,34.36743
44651,3,14,2006,34.46571
44651,3,14,2007,34.62119
44651,3,14,2008,34.79926
44651,3,14,2009,35.1853
44651,3,14,2010,35.38495
44651,3,14,2011,35.29817
44651,3,14,2012,35.42135
44651,3,14,2013,35.32159
44651,3,14,2014,35.16771
44651,3,14,2015,35.24799
44651,3,14,2016,35.30392
44651,3,14,2017,35.22343
44651,3,14,2018,35.42663
44651,3,14,2019,35.70387
44652,1,14,1950,28.55041
44652,1,14,1951,28.28663
44652,1,14,1952,28.66199
44652,1,14,1953,29.16168
44652,1,14,1954,29.15428
44652,1,14,1955,29.03786
44652,1,14,1956,29.03138
44652,1,14,1957,29.13674
44652,1,14,1958,29.35318
44652,1,14,1959,29.23412
44652,1,14,1960,29.28466
44652,1,14,1961,29.23505
44652,1,14,1962,28.90601
44652,1,14,1963,29.09005
44652,1,14,1964,29.13686
44652,1,14,1965,29.28185
44652,1,14,1966,29.11586
44652,1,14,1967,29.48067
44652,1,14,1968,29.15466
44652,1,14,1969,29.22961
44652,1,14,1970,29.16622
44652,1,14,1971,29.53089
44652,1,14,1972,29.27673
44652,1,14,1973,29.18062
44652,1,14,1974,29.24945
44652,1,14,1975,29.22188
44652,1,14,1976,29.08547
44652,1,14,1977,29.20689
44652,1,14,1978,28.99342
44652,1,14,1979,28.651
44652,1,14,1980,28.28675
44652,1,14,1981,28.0773
44652,1,14,1982,27.84385
44652,1,14,1983,28.17543
44652,1,14,1984,28.0863
44652,1,14,1985,27.78921
44652,1,14,1986,27.8995
44652,1,14,1987,28.26412
44652,1,14,1988,28.65936
44652,1,14,1989,28.86967
44652,1,14,1990,29.14452
44652,1,14,1991,29.21737
44652,1,14,1992,29.47312
44652,1,14,1993,29.68675
44652,1,14,1994,30.10616
44652,1,14,1995,30.42602
44652,1,14,1996,30.62163
44652,1,14,1997,30.88766
44652,1,14,1998,30.99313
44652,1,14,1999,31.21809
44652,1,14,2000,31.7194
44652,1,14,2001,31.90081
44652,1,14,2002,32.0514
44652,1,14,2003,32.2445
44652,1,14,2004,32.57959
44652,1,14,2005,33.31079
44652,1,14,2006,33.5732
44652,1,14,2007,33.89234
44652,1,14,2008,34.08337
44652,1,14,2009,34.49848
44652,1,14,2010,34.8028
44652,1,14,2011,34.73452
44652,1,14,2012,34.83356
44652,1,14,2013,34.81305
44652,1,14,2014,34.87997
44652,1,14,2015,35.12315
44652,1,14,2016,35.2133
44652,1,14,2017,35.17395
44652,1,14,2018,35.46875
44652,1,14,2019,35.82809
44652,2,14,1950,32.52414
44652,2,14,1951,32.29261
44652,2,14,1952,32.97508
44652,2,14,1953,33.41625
44652,2,14,1954,33.53861
44652,2,14,1955,33.54426
44652,2,14,1956,33.70581
44652,2,14,1957,33.66404
44652,2,14,1958,33.79749
44652,2,14,1959,33.93701
44652,2,14,1960,33.91512
44652,2,14,1961,33.91591
44652,2,14,1962,34.08704
44652,2,14,1963,34.07802
44652,2,14,1964,34.42352
44652,2,14,1965,34.29668
44652,2,14,1966,34.53405
44652,2,14,1967,34.59167
44652,2,14,1968,34.39447
44652,2,14,1969,34.61198
44652,2,14,1970,34.56475
44652,2,14,1971,34.53009
44652,2,14,1972,34.39756
44652,2,14,1973,34.50474
44652,2,14,1974,34.4058
44652,2,14,1975,34.50123
44652,2,14,1976,34.43304
44652,2,14,1977,34.29954
44652,2,14,1978,34.24092
44652,2,14,1979,33.89517
44652,2,14,1980,33.79241
44652,2,14,1981,33.67315
44652,2,14,1982,33.51772
44652,2,14,1983,33.7267
44652,2,14,1984,33.72591
44652,2,14,1985,33.75024
44652,2,14,1986,33.82726
44652,2,14,1987,33.87253
44652,2,14,1988,33.97998
44652,2,14,1989,34.00283
44652,2,14,1990,34.24725
44652,2,14,1991,34.29137
44652,2,14,1992,34.44163
44652,2,14,1993,34.51053
44652,2,14,1994,34.91656
44652,2,14,1995,35.29642
44652,2,14,1996,35.48966
44652,2,14,1997,35.64873
44652,2,14,1998,35.77222
44652,2,14,1999,36.04927
44652,2,14,2000,36.32765
44652,2,14,2001,36.78238
44652,2,14,2002,36.83776
44652,2,14,2003,36.85989
44652,2,14,2004,37.0457
44652,2,14,2005,37.43444
44652,2,14,2006,37.53875
44652,2,14,2007,37.60229
44652,2,14,2008,37.59411
44652,2,14,2009,37.83414
44652,2,14,2010,37.82116
44652,2,14,2011,37.78131
44652,2,14,2012,38.03507
44652,2,14,2013,38.0777
44652,2,14,2014,38.12594
44652,2,14,2015,38.28178
44652,2,14,2016,38.40969
44652,2,14,2017,38.5572
44652,2,14,2018,38.92205
44652,2,14,2019,39.27055
44652,3,14,1950,29.67706
44652,3,14,1951,29.37369
44652,3,14,1952,29.91114
44652,3,14,1953,30.34494
44652,3,14,1954,30.48049
44652,3,14,1955,30.33503
44652,3,14,1956,30.34432
44652,3,14,1957,30.60204
44652,3,14,1958,30.75671
44652,3,14,1959,30.52229
44652,3,14,1960,30.62612
44652,3,14,1961,30.63668
44652,3,14,1962,30.67346
44652,3,14,1963,30.65759
44652,3,14,1964,30.93827
44652,3,14,1965,31.04189
44652,3,14,1966,30.89431
44652,3,14,1967,31.16246
44652,3,14,1968,30.95612
44652,3,14,1969,31.02508
44652,3,14,1970,30.9952
44652,3,14,1971,31.41822
44652,3,14,1972,31.06288
44652,3,14,1973,31.09135
44652,3,14,1974,31.14807
44652,3,14,1975,31.2775
44652,3,14,1976,31.13372
44652,3,14,1977,31.29015
44652,3,14,1978,31.07038
44652,3,14,1979,31.01589
44652,3,14,1980,30.82962
44652,3,14,1981,30.73936
44652,3,14,1982,30.55192
44652,3,14,1983,30.83252
44652,3,14,1984,30.79183
44652,3,14,1985,30.62779
44652,3,14,1986,30.72313
44652,3,14,1987,30.95607
44652,3,14,1988,31.22419
44652,3,14,1989,31.37697
44652,3,14,1990,31.58865
44652,3,14,1991,31.68248
44652,3,14,1992,31.87316
44652,3,14,1993,32.02178
44652,3,14,1994,32.48126
44652,3,14,1995,32.74819
44652,3,14,1996,32.96367
44652,3,14,1997,33.16707
44652,3,14,1998,33.26873
44652,3,14,1999,33.50638
44652,3,14,2000,33.89137
44652,3,14,2001,34.2152
44652,3,14,2002,34.32156
44652,3,14,2003,34.42673
44652,3,14,2004,34.70106
44652,3,14,2005,35.28774
44652,3,14,2006,35.48142
44652,3,14,2007,35.65304
44652,3,14,2008,35.72468
44652,3,14,2009,36.06889
44652,3,14,2010,36.19903
44652,3,14,2011,36.15463
44652,3,14,2012,36.34225
44652,3,14,2013,36.35523
44652,3,14,2014,36.37196
44652,3,14,2015,36.57568
44652,3,14,2016,36.67891
44652,3,14,2017,36.69761
44652,3,14,2018,36.93734
44652,3,14,2019,37.17692
44653,1,14,1950,28.93026
44653,1,14,1951,28.61811
44653,1,14,1952,29.1878
44653,1,14,1953,29.30984
44653,1,14,1954,29.50795
44653,1,14,1955,29.42015
44653,1,14,1956,29.3489
44653,1,14,1957,29.37336
44653,1,14,1958,29.46601
44653,1,14,1959,29.44044
44653,1,14,1960,29.51149
44653,1,14,1961,29.50762
44653,1,14,1962,29.38728
44653,1,14,1963,29.19974
44653,1,14,1964,29.46539
44653,1,14,1965,29.63661
44653,1,14,1966,29.70372
44653,1,14,1967,29.53625
44653,1,14,1968,29.49768
44653,1,14,1969,29.32047
44653,1,14,1970,29.65809
44653,1,14,1971,29.64088
44653,1,14,1972,29.60255
44653,1,14,1973,29.65124
44653,1,14,1974,29.72545
44653,1,14,1975,29.63158
44653,1,14,1976,29.48128
44653,1,14,1977,29.55669
44653,1,14,1978,29.16585
44653,1,14,1979,28.75166
44653,1,14,1980,28.48438
44653,1,14,1981,28.27245
44653,1,14,1982,27.93304
44653,1,14,1983,28.26642
44653,1,14,1984,28.2691
44653,1,14,1985,28.32407
44653,1,14,1986,28.64254
44653,1,14,1987,28.76056
44653,1,14,1988,28.83573
44653,1,14,1989,28.80827
44653,1,14,1990,29.02682
44653,1,14,1991,29.0266
44653,1,14,1992,29.25479
44653,1,14,1993,29.39346
44653,1,14,1994,29.82339
44653,1,14,1995,30.11161
44653,1,14,1996,30.31573
44653,1,14,1997,30.49481
44653,1,14,1998,30.56989
44653,1,14,1999,30.74648
44653,1,14,2000,31.48965
44653,1,14,2001,31.86453
44653,1,14,2002,32.09603
44653,1,14,2003,32.46912
44653,1,14,2004,32.74425
44653,1,14,2005,33.3462
44653,1,14,2006,33.43785
44653,1,14,2007,33.55323
44653,1,14,2008,33.64004
44653,1,14,2009,33.99849
44653,1,14,2010,34.26181
44653,1,14,2011,34.31784
44653,1,14,2012,34.46328
44653,1,14,2013,34.57225
44653,1,14,2014,34.49457
44653,1,14,2015,34.72805
44653,1,14,2016,34.86392
44653,1,14,2017,34.77751
44653,1,14,2018,34.99317
44653,1,14,2019,35.22027
44653,2,14,1950,32.55169
44653,2,14,1951,32.3618
44653,2,14,1952,33.22487
44653,2,14,1953,33.33444
44653,2,14,1954,33.51523
44653,2,14,1955,33.4285
44653,2,14,1956,33.85349
44653,2,14,1957,33.72597
44653,2,14,1958,34.12627
44653,2,14,1959,34.04497
44653,2,14,1960,34.21854
44653,2,14,1961,34.05474
44653,2,14,1962,33.93778
44653,2,14,1963,33.96113
44653,2,14,1964,34.3414
44653,2,14,1965,34.43077
44653,2,14,1966,34.58309
44653,2,14,1967,34.83632
44653,2,14,1968,34.55782
44653,2,14,1969,34.34762
44653,2,14,1970,34.6717
44653,2,14,1971,34.59489
44653,2,14,1972,34.60043
44653,2,14,1973,34.89913
44653,2,14,1974,34.49917
44653,2,14,1975,34.69038
44653,2,14,1976,34.54113
44653,2,14,1977,34.33197
44653,2,14,1978,34.24023
44653,2,14,1979,33.87526
44653,2,14,1980,33.80587
44653,2,14,1981,33.64732
44653,2,14,1982,33.56176
44653,2,14,1983,33.68616
44653,2,14,1984,33.72376
44653,2,14,1985,33.78644
44653,2,14,1986,33.97966
44653,2,14,1987,34.08965
44653,2,14,1988,34.21477
44653,2,14,1989,34.13759
44653,2,14,1990,34.24769
44653,2,14,1991,34.26756
44653,2,14,1992,34.40032
44653,2,14,1993,34.55609
44653,2,14,1994,34.76638
44653,2,14,1995,34.7658
44653,2,14,1996,34.78205
44653,2,14,1997,34.82549
44653,2,14,1998,34.70931
44653,2,14,1999,34.86585
44653,2,14,2000,35.40872
44653,2,14,2001,35.99462
44653,2,14,2002,36.20349
44653,2,14,2003,36.17618
44653,2,14,2004,35.8438
44653,2,14,2005,36.21415
44653,2,14,2006,36.30925
44653,2,14,2007,36.79089
44653,2,14,2008,36.97506
44653,2,14,2009,37.17039
44653,2,14,2010,37.53126
44653,2,14,2011,37.6462
44653,2,14,2012,37.86745
44653,2,14,2013,37.87015
44653,2,14,2014,37.8024
44653,2,14,2015,37.90624
44653,2,14,2016,38.02847
44653,2,14,2017,38.14399
44653,2,14,2018,38.45789
44653,2,14,2019,38.68427
44653,3,14,1950,30.018
44653,3,14,1951,29.5931
44653,3,14,1952,30.12026
44653,3,14,1953,30.55548
44653,3,14,1954,30.64754
44653,3,14,1955,30.43011
44653,3,14,1956,30.57939
44653,3,14,1957,30.79027
44653,3,14,1958,30.88556
44653,3,14,1959,30.86301
44653,3,14,1960,30.93532
44653,3,14,1961,30.86969
44653,3,14,1962,30.86207
44653,3,14,1963,30.74583
44653,3,14,1964,31.16494
44653,3,14,1965,31.1561
44653,3,14,1966,31.21663
44653,3,14,1967,31.37118
44653,3,14,1968,31.4135
44653,3,14,1969,31.09498
44653,3,14,1970,31.43266
44653,3,14,1971,31.56545
44653,3,14,1972,31.26296
44653,3,14,1973,31.34738
44653,3,14,1974,31.3998
44653,3,14,1975,31.42879
44653,3,14,1976,31.42349
44653,3,14,1977,31.52223
44653,3,14,1978,31.33288
44653,3,14,1979,31.04952
44653,3,14,1980,30.96153
44653,3,14,1981,30.91605
44653,3,14,1982,30.67739
44653,3,14,1983,30.91133
44653,3,14,1984,30.9488
44653,3,14,1985,30.98862
44653,3,14,1986,31.26065
44653,3,14,1987,31.36235
44653,3,14,1988,31.43652
44653,3,14,1989,31.39267
44653,3,14,1990,31.55225
44653,3,14,1991,31.55919
44653,3,14,1992,31.74987
44653,3,14,1993,31.86951
44653,3,14,1994,32.25368
44653,3,14,1995,32.36686
44653,3,14,1996,32.47344
44653,3,14,1997,32.58643
44653,3,14,1998,32.56306
44653,3,14,1999,32.74149
44653,3,14,2000,33.41238
44653,3,14,2001,33.85753
44653,3,14,2002,34.08761
44653,3,14,2003,34.29118
44653,3,14,2004,34.2392
44653,3,14,2005,34.73198
44653,3,14,2006,34.8263
44653,3,14,2007,35.11115
44653,3,14,2008,35.21476
44653,3,14,2009,35.52023
44653,3,14,2010,35.82596
44653,3,14,2011,35.91207
44653,3,14,2012,36.09571
44653,3,14,2013,36.12962
44653,3,14,2014,36.09298
44653,3,14,2015,36.24647
44653,3,14,2016,36.30866
44653,3,14,2017,36.32455
44653,3,14,2018,36.52398
44653,3,14,2019,36.63724
44654,1,14,1950,28.45579
44654,1,14,1951,28.07917
44654,1,14,1952,28.40657
44654,1,14,1953,28.919
44654,1,14,1954,28.62884
44654,1,14,1955,28.71482
44654,1,14,1956,28.75521
44654,1,14,1957,28.7489
44654,1,14,1958,29.02776
44654,1,14,1959,28.81773
44654,1,14,1960,28.85115
44654,1,14,1961,28.57611
44654,1,14,1962,28.70934
44654,1,14,1963,28.7229
44654,1,14,1964,28.80255
44654,1,14,1965,28.93873
44654,1,14,1966,29.02424
44654,1,14,1967,29.2603
44654,1,14,1968,29.19539
44654,1,14,1969,28.8734
44654,1,14,1970,28.84727
44654,1,14,1971,29.07379
44654,1,14,1972,28.90914
44654,1,14,1973,28.91477
44654,1,14,1974,28.9457
44654,1,14,1975,28.78083
44654,1,14,1976,28.80224
44654,1,14,1977,28.9179
44654,1,14,1978,28.68203
44654,1,14,1979,28.30091
44654,1,14,1980,28.10887
44654,1,14,1981,27.85984
44654,1,14,1982,27.64201
44654,1,14,1983,27.77432
44654,1,14,1984,27.80547
44654,1,14,1985,27.79283
44654,1,14,1986,28.2137
44654,1,14,1987,28.557
44654,1,14,1988,28.9271
44654,1,14,1989,29.13298
44654,1,14,1990,29.36535
44654,1,14,1991,29.55095
44654,1,14,1992,29.78485
44654,1,14,1993,29.76579
44654,1,14,1994,30.16876
44654,1,14,1995,30.33284
44654,1,14,1996,30.54379
44654,1,14,1997,30.81214
44654,1,14,1998,30.82039
44654,1,14,1999,30.98713
44654,1,14,2000,31.29264
44654,1,14,2001,31.44768
44654,1,14,2002,31.5241
44654,1,14,2003,31.69015
44654,1,14,2004,32.06366
44654,1,14,2005,32.92867
44654,1,14,2006,33.25102
44654,1,14,2007,33.66351
44654,1,14,2008,33.86703
44654,1,14,2009,34.29496
44654,1,14,2010,34.67402
44654,1,14,2011,34.71951
44654,1,14,2012,34.8136
44654,1,14,2013,34.82466
44654,1,14,2014,34.59879
44654,1,14,2015,34.61069
44654,1,14,2016,34.61748
44654,1,14,2017,34.55934
44654,1,14,2018,34.68018
44654,1,14,2019,35.04789
44654,2,14,1950,32.08241
44654,2,14,1951,31.99933
44654,2,14,1952,32.45261
44654,2,14,1953,33.06546
44654,2,14,1954,33.04208
44654,2,14,1955,33.20827
44654,2,14,1956,33.14598
44654,2,14,1957,33.2076
44654,2,14,1958,33.49267
44654,2,14,1959,33.49063
44654,2,14,1960,33.8889
44654,2,14,1961,33.59486
44654,2,14,1962,33.65511
44654,2,14,1963,33.59719
44654,2,14,1964,33.91344
44654,2,14,1965,34.04676
44654,2,14,1966,34.09365
44654,2,14,1967,34.16855
44654,2,14,1968,33.99083
44654,2,14,1969,33.76048
44654,2,14,1970,33.94136
44654,2,14,1971,34.13257
44654,2,14,1972,33.85233
44654,2,14,1973,33.93099
44654,2,14,1974,33.92247
44654,2,14,1975,33.89135
44654,2,14,1976,33.87701
44654,2,14,1977,33.63287
44654,2,14,1978,33.53666
44654,2,14,1979,33.22334
44654,2,14,1980,33.17641
44654,2,14,1981,33.07777
44654,2,14,1982,32.99822
44654,2,14,1983,33.30351
44654,2,14,1984,33.46028
44654,2,14,1985,33.46047
44654,2,14,1986,33.58769
44654,2,14,1987,33.71984
44654,2,14,1988,33.8035
44654,2,14,1989,33.8463
44654,2,14,1990,34.00059
44654,2,14,1991,34.03474
44654,2,14,1992,34.14946
44654,2,14,1993,34.12921
44654,2,14,1994,34.50358
44654,2,14,1995,34.757
44654,2,14,1996,34.89475
44654,2,14,1997,35.03599
44654,2,14,1998,35.00023
44654,2,14,1999,35.28888
44654,2,14,2000,35.48804
44654,2,14,2001,35.73678
44654,2,14,2002,35.6774
44654,2,14,2003,35.73983
44654,2,14,2004,35.90535
44654,2,14,2005,36.294
44654,2,14,2006,36.55256
44654,2,14,2007,36.73157
44654,2,14,2008,36.99761
44654,2,14,2009,37.43414
44654,2,14,2010,37.53832
44654,2,14,2011,37.4507
44654,2,14,2012,37.73508
44654,2,14,2013,37.69798
44654,2,14,2014,37.61402
44654,2,14,2015,37.60614
44654,2,14,2016,37.658
44654,2,14,2017,37.8389
44654,2,14,2018,38.00701
44654,2,14,2019,38.40708
44654,3,14,1950,29.26054
44654,3,14,1951,29.08437
44654,3,14,1952,29.56293
44654,3,14,1953,30.02749
44654,3,14,1954,29.97534
44654,3,14,1955,30.03015
44654,3,14,1956,30.10813
44654,3,14,1957,30.08674
44654,3,14,1958,30.21292
44654,3,14,1959,30.19316
44654,3,14,1960,30.17862
44654,3,14,1961,30.09285
44654,3,14,1962,30.06954
44654,3,14,1963,30.13061
44654,3,14,1964,30.40748
44654,3,14,1965,30.58934
44654,3,14,1966,30.56106
44654,3,14,1967,30.64514
44654,3,14,1968,30.6726
44654,3,14,1969,30.56553
44654,3,14,1970,30.61295
44654,3,14,1971,30.89036
44654,3,14,1972,30.38885
44654,3,14,1973,30.64049
44654,3,14,1974,30.66833
44654,3,14,1975,30.69481
44654,3,14,1976,30.70525
44654,3,14,1977,30.70865
44654,3,14,1978,30.64784
44654,3,14,1979,30.39954
44654,3,14,1980,30.30297
44654,3,14,1981,30.2388
44654,3,14,1982,30.15913
44654,3,14,1983,30.35045
44654,3,14,1984,30.43684
44654,3,14,1985,30.45628
44654,3,14,1986,30.7286
44654,3,14,1987,31.01425
44654,3,14,1988,31.2538
44654,3,14,1989,31.39286
44654,3,14,1990,31.58418
44654,3,14,1991,31.64591
44654,3,14,1992,31.82367
44654,3,14,1993,31.8384
44654,3,14,1994,32.22679
44654,3,14,1995,32.42046
44654,3,14,1996,32.56896
44654,3,14,1997,32.78578
44654,3,14,1998,32.77595
44654,3,14,1999,32.96677
44654,3,14,2000,33.2255
44654,3,14,2001,33.44874
44654,3,14,2002,33.42886
44654,3,14,2003,33.53475
44654,3,14,2004,33.80048
44654,3,14,2005,34.47099
44654,3,14,2006,34.76634
44654,3,14,2007,35.08445
44654,3,14,2008,35.30443
44654,3,14,2009,35.72074
44654,3,14,2010,35.96956
44654,3,14,2011,35.90819
44654,3,14,2012,36.10728
44654,3,14,2013,36.07895
44654,3,14,2014,35.92036
44654,3,14,2015,35.874
44654,3,14,2016,35.91353
44654,3,14,2017,35.90701
44654,3,14,2018,36.02247
44654,3,14,2019,36.23795
44655,1,14,1950,30.71752
44655,1,14,1951,30.32865
44655,1,14,1952,30.84109
44655,1,14,1953,31.03063
44655,1,14,1954,31.01723
44655,1,14,1955,31.02787
44655,1,14,1956,31.20306
44655,1,14,1957,30.88802
44655,1,14,1958,31.17604
44655,1,14,1959,31.20893
44655,1,14,1960,31.1539
44655,1,14,1961,30.91462
44655,1,14,1962,30.88958
44655,1,14,1963,30.91854
44655,1,14,1964,31.03782
44655,1,14,1965,31.0716
44655,1,14,1966,31.03675
44655,1,14,1967,31.30404
44655,1,14,1968,31.24554
44655,1,14,1969,30.87791
44655,1,14,1970,31.04237
44655,1,14,1971,31.04854
44655,1,14,1972,30.87481
44655,1,14,1973,30.92027
44655,1,14,1974,30.94546
44655,1,14,1975,31.0113
44655,1,14,1976,31.02623
44655,1,14,1977,30.90455
44655,1,14,1978,30.55344
44655,1,14,1979,30.36468
44655,1,14,1980,30.12149
44655,1,14,1981,29.98606
44655,1,14,1982,29.80795
44655,1,14,1983,29.99106
44655,1,14,1984,29.9905
44655,1,14,1985,30.1528
44655,1,14,1986,30.56069
44655,1,14,1987,30.78707
44655,1,14,1988,30.95071
44655,1,14,1989,31.34433
44655,1,14,1990,31.49872
44655,1,14,1991,31.85095
44655,1,14,1992,32.06432
44655,1,14,1993,32.14692
44655,1,14,1994,32.38858
44655,1,14,1995,32.67076
44655,1,14,1996,32.85337
44655,1,14,1997,32.95055
44655,1,14,1998,32.98821
44655,1,14,1999,33.02302
44655,1,14,2000,33.85894
44655,1,14,2001,34.38623
44655,1,14,2002,34.62076
44655,1,14,2003,34.9406
44655,1,14,2004,35.17609
44655,1,14,2005,35.53564
44655,1,14,2006,35.95546
44655,1,14,2007,36.10148
44655,1,14,2008,36.40747
44655,1,14,2009,36.78699
44655,1,14,2010,36.99587
44655,1,14,2011,37.23534
44655,1,14,2012,37.38061
44655,1,14,2013,37.35153
44655,1,14,2014,37.19631
44655,1,14,2015,37.33632
44655,1,14,2016,37.62854
44655,1,14,2017,37.65802
44655,1,14,2018,37.87783
44655,1,14,2019,38.17959
44655,2,14,1950,33.96625
44655,2,14,1951,34.14008
44655,2,14,1952,34.71072
44655,2,14,1953,34.9336
44655,2,14,1954,35.08092
44655,2,14,1955,35.22299
44655,2,14,1956,35.24429
44655,2,14,1957,35.49812
44655,2,14,1958,35.63252
44655,2,14,1959,35.79448
44655,2,14,1960,35.94316
44655,2,14,1961,35.63569
44655,2,14,1962,35.5829
44655,2,14,1963,35.80197
44655,2,14,1964,36.11552
44655,2,14,1965,36.43568
44655,2,14,1966,36.04514
44655,2,14,1967,36.54682
44655,2,14,1968,36.3314
44655,2,14,1969,36.3845
44655,2,14,1970,36.45596
44655,2,14,1971,36.57169
44655,2,14,1972,36.27686
44655,2,14,1973,36.30514
44655,2,14,1974,36.32563
44655,2,14,1975,36.46194
44655,2,14,1976,36.37472
44655,2,14,1977,36.41406
44655,2,14,1978,36.06515
44655,2,14,1979,35.64202
44655,2,14,1980,35.48645
44655,2,14,1981,35.36595
44655,2,14,1982,34.96826
44655,2,14,1983,34.90701
44655,2,14,1984,35.05588
44655,2,14,1985,35.1358
44655,2,14,1986,35.32985
44655,2,14,1987,35.56379
44655,2,14,1988,35.58242
44655,2,14,1989,35.80436
44655,2,14,1990,35.93941
44655,2,14,1991,36.04435
44655,2,14,1992,36.18469
44655,2,14,1993,36.42082
44655,2,14,1994,36.87387
44655,2,14,1995,37.05801
44655,2,14,1996,37.18097
44655,2,14,1997,37.49756
44655,2,14,1998,37.59227
44655,2,14,1999,37.71483
44655,2,14,2000,37.9106
44655,2,14,2001,37.92298
44655,2,14,2002,37.94668
44655,2,14,2003,38.49289
44655,2,14,2004,38.70839
44655,2,14,2005,38.73494
44655,2,14,2006,38.84799
44655,2,14,2007,39.02592
44655,2,14,2008,39.0622
44655,2,14,2009,39.38586
44655,2,14,2010,39.6619
44655,2,14,2011,39.97365
44655,2,14,2012,39.88099
44655,2,14,2013,40.00415
44655,2,14,2014,40.13216
44655,2,14,2015,40.1759
44655,2,14,2016,40.54911
44655,2,14,2017,40.77872
44655,2,14,2018,41.09956
44655,2,14,2019,41.42155
44655,3,14,1950,31.64218
44655,3,14,1951,31.43582
44655,3,14,1952,31.94335
44655,3,14,1953,32.17176
44655,3,14,1954,32.33844
44655,3,14,1955,32.42861
44655,3,14,1956,32.50768
44655,3,14,1957,32.33762
44655,3,14,1958,32.60167
44655,3,14,1959,32.56683
44655,3,14,1960,32.68166
44655,3,14,1961,32.74182
44655,3,14,1962,32.55875
44655,3,14,1963,32.66016
44655,3,14,1964,32.86575
44655,3,14,1965,32.98347
44655,3,14,1966,32.95695
44655,3,14,1967,33.10553
44655,3,14,1968,32.89521
44655,3,14,1969,32.89864
44655,3,14,1970,33.24926
44655,3,14,1971,33.32228
44655,3,14,1972,33.21025
44655,3,14,1973,33.1702
44655,3,14,1974,33.07023
44655,3,14,1975,33.2277
44655,3,14,1976,33.27633
44655,3,14,1977,33.20524
44655,3,14,1978,33.01703
44655,3,14,1979,32.67138
44655,3,14,1980,32.63073
44655,3,14,1981,32.56364
44655,3,14,1982,32.33709
44655,3,14,1983,32.41177
44655,3,14,1984,32.49574
44655,3,14,1985,32.58353
44655,3,14,1986,32.89724
44655,3,14,1987,33.13192
44655,3,14,1988,33.24532
44655,3,14,1989,33.55769
44655,3,14,1990,33.68522
44655,3,14,1991,33.94377
44655,3,14,1992,34.12152
44655,3,14,1993,34.26989
44655,3,14,1994,34.63406
44655,3,14,1995,34.823
44655,3,14,1996,34.97766
44655,3,14,1997,35.17143
44655,3,14,1998,35.24224
44655,3,14,1999,35.29355
44655,3,14,2000,35.84916
44655,3,14,2001,36.1321
44655,3,14,2002,36.26446
44655,3,14,2003,36.65603
44655,3,14,2004,36.9063
44655,3,14,2005,37.05978
44655,3,14,2006,37.3616
44655,3,14,2007,37.52058
44655,3,14,2008,37.69828
44655,3,14,2009,37.98097
44655,3,14,2010,38.26664
44655,3,14,2011,38.52071
44655,3,14,2012,38.54568
44655,3,14,2013,38.60608
44655,3,14,2014,38.57631
44655,3,14,2015,38.67441
44655,3,14,2016,38.97059
44655,3,14,2017,39.08703
44655,3,14,2018,39.20126
44655,3,14,2019,39.46657
44656,1,14,1950,30.21382
44656,1,14,1951,29.78179
44656,1,14,1952,30.19231
44656,1,14,1953,30.61265
44656,1,14,1954,30.62796
44656,1,14,1955,30.34594
44656,1,14,1956,30.49569
44656,1,14,1957,30.69466
44656,1,14,1958,30.5311
44656,1,14,1959,30.63143
44656,1,14,1960,30.71349
44656,1,14,1961,30.64465
44656,1,14,1962,30.34246
44656,1,14,1963,30.30766
44656,1,14,1964,30.6225
44656,1,14,1965,30.7824
44656,1,14,1966,30.61756
44656,1,14,1967,30.83559
44656,1,14,1968,30.62661
44656,1,14,1969,30.47088
44656,1,14,1970,30.57204
44656,1,14,1971,30.59894
44656,1,14,1972,30.6815
44656,1,14,1973,30.57932
44656,1,14,1974,30.79501
44656,1,14,1975,30.58066
44656,1,14,1976,30.36626
44656,1,14,1977,30.34992
44656,1,14,1978,29.88293
44656,1,14,1979,29.66119
44656,1,14,1980,29.33183
44656,1,14,1981,29.25081
44656,1,14,1982,29.07311
44656,1,14,1983,29.20493
44656,1,14,1984,29.48705
44656,1,14,1985,29.5125
44656,1,14,1986,29.73879
44656,1,14,1987,30.06174
44656,1,14,1988,30.28504
44656,1,14,1989,30.60583
44656,1,14,1990,30.68007
44656,1,14,1991,31.07713
44656,1,14,1992,31.21281
44656,1,14,1993,31.36858
44656,1,14,1994,31.77501
44656,1,14,1995,32.04382
44656,1,14,1996,32.36661
44656,1,14,1997,32.84618
44656,1,14,1998,33.11701
44656,1,14,1999,33.25594
44656,1,14,2000,33.79937
44656,1,14,2001,34.10684
44656,1,14,2002,34.07512
44656,1,14,2003,34.10151
44656,1,14,2004,34.24725
44656,1,14,2005,34.52021
44656,1,14,2006,34.93674
44656,1,14,2007,35.26447
44656,1,14,2008,35.68215
44656,1,14,2009,36.03139
44656,1,14,2010,36.28402
44656,1,14,2011,36.46485
44656,1,14,2012,36.54823
44656,1,14,2013,36.53903
44656,1,14,2014,36.54216
44656,1,14,2015,36.77911
44656,1,14,2016,37.19937
44656,1,14,2017,37.26002
44656,1,14,2018,37.51634
44656,1,14,2019,37.68584
44656,2,14,1950,33.83368
44656,2,14,1951,33.6261
44656,2,14,1952,34.19407
44656,2,14,1953,34.58411
44656,2,14,1954,34.68799
44656,2,14,1955,34.85746
44656,2,14,1956,35.1078
44656,2,14,1957,35.0604
44656,2,14,1958,35.22469
44656,2,14,1959,35.21703
44656,2,14,1960,35.39134
44656,2,14,1961,35.15157
44656,2,14,1962,35.21299
44656,2,14,1963,35.50615
44656,2,14,1964,35.69856
44656,2,14,1965,35.62136
44656,2,14,1966,35.61631
44656,2,14,1967,35.90788
44656,2,14,1968,35.70695
44656,2,14,1969,35.69671
44656,2,14,1970,36.00165
44656,2,14,1971,35.98008
44656,2,14,1972,35.67794
44656,2,14,1973,35.77602
44656,2,14,1974,35.85854
44656,2,14,1975,35.81826
44656,2,14,1976,35.5648
44656,2,14,1977,35.63325
44656,2,14,1978,35.19079
44656,2,14,1979,34.97085
44656,2,14,1980,34.77348
44656,2,14,1981,34.38442
44656,2,14,1982,34.39525
44656,2,14,1983,34.61025
44656,2,14,1984,34.89323
44656,2,14,1985,34.90144
44656,2,14,1986,35.21048
44656,2,14,1987,35.44056
44656,2,14,1988,35.3518
44656,2,14,1989,35.39987
44656,2,14,1990,35.73132
44656,2,14,1991,36.01583
44656,2,14,1992,36.11181
44656,2,14,1993,36.09055
44656,2,14,1994,36.39256
44656,2,14,1995,36.50161
44656,2,14,1996,36.55864
44656,2,14,1997,36.69309
44656,2,14,1998,36.71413
44656,2,14,1999,36.6771
44656,2,14,2000,36.99723
44656,2,14,2001,37.19584
44656,2,14,2002,37.55517
44656,2,14,2003,37.47672
44656,2,14,2004,37.7799
44656,2,14,2005,38.07388
44656,2,14,2006,38.33562
44656,2,14,2007,38.52141
44656,2,14,2008,38.6312
44656,2,14,2009,38.95763
44656,2,14,2010,39.11018
44656,2,14,2011,39.3513
44656,2,14,2012,39.27217
44656,2,14,2013,39.44639
44656,2,14,2014,39.57849
44656,2,14,2015,39.64314
44656,2,14,2016,39.88311
44656,2,14,2017,40.08986
44656,2,14,2018,40.2899
44656,2,14,2019,40.50676
44656,3,14,1950,31.33379
44656,3,14,1951,31.20961
44656,3,14,1952,31.53446
44656,3,14,1953,31.86572
44656,3,14,1954,32.03412
44656,3,14,1955,32.05871
44656,3,14,1956,32.21222
44656,3,14,1957,32.02095
44656,3,14,1958,32.16619
44656,3,14,1959,32.29149
44656,3,14,1960,32.43129
44656,3,14,1961,32.36449
44656,3,14,1962,32.27272
44656,3,14,1963,32.19017
44656,3,14,1964,32.59562
44656,3,14,1965,32.54168
44656,3,14,1966,32.70675
44656,3,14,1967,32.82015
44656,3,14,1968,32.73821
44656,3,14,1969,32.48866
44656,3,14,1970,32.80632
44656,3,14,1971,32.74341
44656,3,14,1972,32.62332
44656,3,14,1973,32.75493
44656,3,14,1974,32.62679
44656,3,14,1975,32.78239
44656,3,14,1976,32.58835
44656,3,14,1977,32.67944
44656,3,14,1978,32.33468
44656,3,14,1979,32.07234
44656,3,14,1980,31.97819
44656,3,14,1981,31.78628
44656,3,14,1982,31.73933
44656,3,14,1983,31.9293
44656,3,14,1984,32.20201
44656,3,14,1985,32.21423
44656,3,14,1986,32.46873
44656,3,14,1987,32.75911
44656,3,14,1988,32.81689
44656,3,14,1989,33.05409
44656,3,14,1990,33.21544
44656,3,14,1991,33.579
44656,3,14,1992,33.71208
44656,3,14,1993,33.72554
44656,3,14,1994,34.12529
44656,3,14,1995,34.28966
44656,3,14,1996,34.47947
44656,3,14,1997,34.77668
44656,3,14,1998,34.95819
44656,3,14,1999,34.98853
44656,3,14,2000,35.39134
44656,3,14,2001,35.62893
44656,3,14,2002,35.76077
44656,3,14,2003,35.74746
44656,3,14,2004,35.94061
44656,3,14,2005,36.26351
44656,3,14,2006,36.59504
44656,3,14,2007,36.83019
44656,3,14,2008,37.09582
44656,3,14,2009,37.43773
44656,3,14,2010,37.65344
44656,3,14,2011,37.83102
44656,3,14,2012,37.81949
44656,3,14,2013,37.88867
44656,3,14,2014,37.95306
44656,3,14,2015,38.11365
44656,3,14,2016,38.40717
44656,3,14,2017,38.53208
44656,3,14,2018,38.62215
44656,3,14,2019,38.74109
44657,1,14,1950,30.62276
44657,1,14,1951,30.2675
44657,1,14,1952,30.39232
44657,1,14,1953,30.7946
44657,1,14,1954,31.02603
44657,1,14,1955,30.98807
44657,1,14,1956,30.81101
44657,1,14,1957,30.86012
44657,1,14,1958,30.92378
44657,1,14,1959,30.91038
44657,1,14,1960,31.20409
44657,1,14,1961,31.01028
44657,1,14,1962,30.91405
44657,1,14,1963,30.83072
44657,1,14,1964,31.09184
44657,1,14,1965,30.9232
44657,1,14,1966,31.21867
44657,1,14,1967,31.41312
44657,1,14,1968,31.1568
44657,1,14,1969,31.17558
44657,1,14,1970,31.04925
44657,1,14,1971,31.41469
44657,1,14,1972,31.20589
44657,1,14,1973,31.32294
44657,1,14,1974,31.32771
44657,1,14,1975,31.16406
44657,1,14,1976,31.15699
44657,1,14,1977,31.06641
44657,1,14,1978,30.82296
44657,1,14,1979,30.44896
44657,1,14,1980,30.32832
44657,1,14,1981,30.05888
44657,1,14,1982,29.65774
44657,1,14,1983,29.76261
44657,1,14,1984,29.97068
44657,1,14,1985,29.93203
44657,1,14,1986,30.04376
44657,1,14,1987,30.34166
44657,1,14,1988,30.45713
44657,1,14,1989,30.7971
44657,1,14,1990,30.84528
44657,1,14,1991,30.91266
44657,1,14,1992,31.19992
44657,1,14,1993,31.25912
44657,1,14,1994,31.66367
44657,1,14,1995,31.91957
44657,1,14,1996,32.39293
44657,1,14,1997,32.97998
44657,1,14,1998,33.2865
44657,1,14,1999,33.40849
44657,1,14,2000,33.88315
44657,1,14,2001,34.15423
44657,1,14,2002,33.80102
44657,1,14,2003,33.90155
44657,1,14,2004,34.12346
44657,1,14,2005,34.55053
44657,1,14,2006,34.76304
44657,1,14,2007,34.89429
44657,1,14,2008,35.55054
44657,1,14,2009,36.01995
44657,1,14,2010,36.42217
44657,1,14,2011,37.00044
44657,1,14,2012,37.3205
44657,1,14,2013,37.40527
44657,1,14,2014,37.45169
44657,1,14,2015,37.64098
44657,1,14,2016,38.06733
44657,1,14,2017,38.10582
44657,1,14,2018,38.3287
44657,1,14,2019,38.51998
44657,2,14,1950,33.45065
44657,2,14,1951,33.35635
44657,2,14,1952,33.80633
44657,2,14,1953,34.03757
44657,2,14,1954,34.16516
44657,2,14,1955,34.20462
44657,2,14,1956,34.42495
44657,2,14,1957,34.55688
44657,2,14,1958,34.63383
44657,2,14,1959,34.66729
44657,2,14,1960,34.74091
44657,2,14,1961,34.65681
44657,2,14,1962,34.72267
44657,2,14,1963,34.89405
44657,2,14,1964,35.44839
44657,2,14,1965,35.30214
44657,2,14,1966,35.18613
44657,2,14,1967,35.30871
44657,2,14,1968,35.20944
44657,2,14,1969,35.14246
44657,2,14,1970,35.26349
44657,2,14,1971,35.32327
44657,2,14,1972,35.19634
44657,2,14,1973,35.06547
44657,2,14,1974,35.09798
44657,2,14,1975,35.27204
44657,2,14,1976,35.02773
44657,2,14,1977,35.07198
44657,2,14,1978,34.80127
44657,2,14,1979,34.62304
44657,2,14,1980,34.6208
44657,2,14,1981,34.42576
44657,2,14,1982,34.40832
44657,2,14,1983,34.55121
44657,2,14,1984,34.86003
44657,2,14,1985,34.90871
44657,2,14,1986,34.99686
44657,2,14,1987,35.36483
44657,2,14,1988,35.36222
44657,2,14,1989,35.49018
44657,2,14,1990,35.6837
44657,2,14,1991,35.76347
44657,2,14,1992,35.73877
44657,2,14,1993,35.75181
44657,2,14,1994,36.13397
44657,2,14,1995,36.19652
44657,2,14,1996,36.17784
44657,2,14,1997,36.24138
44657,2,14,1998,36.26203
44657,2,14,1999,36.46028
44657,2,14,2000,36.90167
44657,2,14,2001,37.16774
44657,2,14,2002,37.30864
44657,2,14,2003,37.44346
44657,2,14,2004,37.90303
44657,2,14,2005,38.31106
44657,2,14,2006,38.78463
44657,2,14,2007,39.09948
44657,2,14,2008,39.47829
44657,2,14,2009,39.8719
44657,2,14,2010,39.9994
44657,2,14,2011,40.19734
44657,2,14,2012,40.05993
44657,2,14,2013,40.17781
44657,2,14,2014,40.29933
44657,2,14,2015,40.41328
44657,2,14,2016,40.6773
44657,2,14,2017,40.88948
44657,2,14,2018,41.09897
44657,2,14,2019,41.39911
44657,3,14,1950,31.42443
44657,3,14,1951,31.15977
44657,3,14,1952,31.54033
44657,3,14,1953,31.78481
44657,3,14,1954,32.03926
44657,3,14,1955,31.95522
44657,3,14,1956,31.99331
44657,3,14,1957,31.99508
44657,3,14,1958,32.21918
44657,3,14,1959,32.18408
44657,3,14,1960,32.31583
44657,3,14,1961,32.26276
44657,3,14,1962,32.18492
44657,3,14,1963,32.16308
44657,3,14,1964,32.51815
44657,3,14,1965,32.52959
44657,3,14,1966,32.45825
44657,3,14,1967,32.77944
44657,3,14,1968,32.53253
44657,3,14,1969,32.43839
44657,3,14,1970,32.83498
44657,3,14,1971,32.70081
44657,3,14,1972,32.53809
44657,3,14,1973,32.71823
44657,3,14,1974,32.67817
44657,3,14,1975,32.84034
44657,3,14,1976,32.70665
44657,3,14,1977,32.68648
44657,3,14,1978,32.549
44657,3,14,1979,32.42231
44657,3,14,1980,32.35155
44657,3,14,1981,32.20558
44657,3,14,1982,32.03756
44657,3,14,1983,32.15709
44657,3,14,1984,32.42943
44657,3,14,1985,32.38866
44657,3,14,1986,32.50211
44657,3,14,1987,32.85606
44657,3,14,1988,32.90041
44657,3,14,1989,33.12359
44657,3,14,1990,33.25684
44657,3,14,1991,33.32284
44657,3,14,1992,33.42899
44657,3,14,1993,33.4668
44657,3,14,1994,33.87118
44657,3,14,1995,34.054
44657,3,14,1996,34.29144
44657,3,14,1997,34.59179
44657,3,14,1998,34.74624
44657,3,14,1999,34.89713
44657,3,14,2000,35.41133
44657,3,14,2001,35.62886
44657,3,14,2002,35.50141
44657,3,14,2003,35.60081
44657,3,14,2004,35.92231
44657,3,14,2005,36.37939
44657,3,14,2006,36.65872
44657,3,14,2007,36.90442
44657,3,14,2008,37.43985
44657,3,14,2009,37.85538
44657,3,14,2010,38.14577
44657,3,14,2011,38.54354
44657,3,14,2012,38.60225
44657,3,14,2013,38.66686
44657,3,14,2014,38.76218
44657,3,14,2015,38.91381
44657,3,14,2016,39.21152
44657,3,14,2017,39.3286
44657,3,14,2018,39.46266
44657,3,14,2019,39.6014
44658,1,14,1950,30.27881
44658,1,14,1951,29.94585
44658,1,14,1952,30.54373
44658,1,14,1953,30.74456
44658,1,14,1954,30.87697
44658,1,14,1955,30.76681
44658,1,14,1956,30.79325
44658,1,14,1957,30.71633
44658,1,14,1958,31.06114
44658,1,14,1959,30.63984
44658,1,14,1960,30.93349
44658,1,14,1961,30.55866
44658,1,14,1962,30.77642
44658,1,14,1963,30.59316
44658,1,14,1964,30.58843
44658,1,14,1965,30.8441
44658,1,14,1966,30.62461
44658,1,14,1967,30.93692
44658,1,14,1968,30.7856
44658,1,14,1969,30.70128
44658,1,14,1970,30.66315
44658,1,14,1971,30.78393
44658,1,14,1972,30.5011
44658,1,14,1973,30.55398
44658,1,14,1974,30.62053
44658,1,14,1975,30.71699
44658,1,14,1976,30.48628
44658,1,14,1977,30.48561
44658,1,14,1978,30.10832
44658,1,14,1979,29.73633
44658,1,14,1980,29.58845
44658,1,14,1981,29.51526
44658,1,14,1982,29.36021
44658,1,14,1983,29.59516
44658,1,14,1984,29.87853
44658,1,14,1985,29.90037
44658,1,14,1986,30.16874
44658,1,14,1987,30.47021
44658,1,14,1988,30.62628
44658,1,14,1989,30.95009
44658,1,14,1990,31.07536
44658,1,14,1991,31.35403
44658,1,14,1992,31.51142
44658,1,14,1993,31.57581
44658,1,14,1994,32.01681
44658,1,14,1995,32.25803
44658,1,14,1996,32.62645
44658,1,14,1997,32.95858
44658,1,14,1998,33.35187
44658,1,14,1999,33.48881
44658,1,14,2000,33.84699
44658,1,14,2001,34.22622
44658,1,14,2002,34.44929
44658,1,14,2003,34.70893
44658,1,14,2004,34.9044
44658,1,14,2005,35.29457
44658,1,14,2006,35.64346
44658,1,14,2007,35.77366
44658,1,14,2008,36.04663
44658,1,14,2009,36.29261
44658,1,14,2010,36.471
44658,1,14,2011,36.64169
44658,1,14,2012,36.68496
44658,1,14,2013,36.62431
44658,1,14,2014,36.5515
44658,1,14,2015,36.65596
44658,1,14,2016,37.02634
44658,1,14,2017,37.02653
44658,1,14,2018,37.37784
44658,1,14,2019,37.67588
44658,2,14,1950,33.37318
44658,2,14,1951,33.36594
44658,2,14,1952,33.98261
44658,2,14,1953,34.24772
44658,2,14,1954,34.47493
44658,2,14,1955,34.56721
44658,2,14,1956,34.47858
44658,2,14,1957,34.8339
44658,2,14,1958,34.88111
44658,2,14,1959,34.85913
44658,2,14,1960,34.90862
44658,2,14,1961,34.82537
44658,2,14,1962,34.74023
44658,2,14,1963,34.8143
44658,2,14,1964,35.27297
44658,2,14,1965,35.35893
44658,2,14,1966,35.32595
44658,2,14,1967,35.44258
44658,2,14,1968,35.21633
44658,2,14,1969,35.15127
44658,2,14,1970,35.34861
44658,2,14,1971,35.29336
44658,2,14,1972,35.08649
44658,2,14,1973,35.17491
44658,2,14,1974,35.15004
44658,2,14,1975,35.25723
44658,2,14,1976,34.91664
44658,2,14,1977,34.965
44658,2,14,1978,34.71592
44658,2,14,1979,34.44282
44658,2,14,1980,34.2783
44658,2,14,1981,34.19808
44658,2,14,1982,34.16228
44658,2,14,1983,34.20286
44658,2,14,1984,34.30434
44658,2,14,1985,34.29038
44658,2,14,1986,34.70403
44658,2,14,1987,35.07423
44658,2,14,1988,35.10734
44658,2,14,1989,35.26276
44658,2,14,1990,35.49456
44658,2,14,1991,35.61798
44658,2,14,1992,35.67271
44658,2,14,1993,35.71732
44658,2,14,1994,36.16661
44658,2,14,1995,36.45057
44658,2,14,1996,36.61875
44658,2,14,1997,36.76661
44658,2,14,1998,36.85114
44658,2,14,1999,36.99641
44658,2,14,2000,37.48659
44658,2,14,2001,37.70767
44658,2,14,2002,37.82706
44658,2,14,2003,37.90208
44658,2,14,2004,38.39576
44658,2,14,2005,38.68908
44658,2,14,2006,38.93956
44658,2,14,2007,39.15691
44658,2,14,2008,39.31323
44658,2,14,2009,39.50448
44658,2,14,2010,39.57528
44658,2,14,2011,39.73955
44658,2,14,2012,39.6365
44658,2,14,2013,39.74305
44658,2,14,2014,39.69499
44658,2,14,2015,39.60748
44658,2,14,2016,39.73595
44658,2,14,2017,39.8836
44658,2,14,2018,40.11309
44658,2,14,2019,40.47195
44658,3,14,1950,31.06154
44658,3,14,1951,30.87983
44658,3,14,1952,31.37558
44658,3,14,1953,31.63107
44658,3,14,1954,31.96417
44658,3,14,1955,31.72325
44658,3,14,1956,31.93791
44658,3,14,1957,31.9594
44658,3,14,1958,31.86317
44658,3,14,1959,32.08473
44658,3,14,1960,31.99825
44658,3,14,1961,32.03703
44658,3,14,1962,32.12903
44658,3,14,1963,32.05898
44658,3,14,1964,32.23464
44658,3,14,1965,32.1649
44658,3,14,1966,32.18562
44658,3,14,1967,32.35637
44658,3,14,1968,32.22926
44658,3,14,1969,32.11251
44658,3,14,1970,32.29738
44658,3,14,1971,32.43369
44658,3,14,1972,32.34723
44658,3,14,1973,32.2768
44658,3,14,1974,32.38485
44658,3,14,1975,32.29453
44658,3,14,1976,32.14661
44658,3,14,1977,32.31027
44658,3,14,1978,32.01252
44658,3,14,1979,31.82293
44658,3,14,1980,31.7315
44658,3,14,1981,31.77197
44658,3,14,1982,31.74947
44658,3,14,1983,31.87396
44658,3,14,1984,32.08018
44658,3,14,1985,32.06295
44658,3,14,1986,32.41234
44658,3,14,1987,32.71622
44658,3,14,1988,32.82744
44658,3,14,1989,33.09622
44658,3,14,1990,33.25893
44658,3,14,1991,33.45606
44658,3,14,1992,33.5524
44658,3,14,1993,33.61916
44658,3,14,1994,34.07696
44658,3,14,1995,34.32934
44658,3,14,1996,34.59876
44658,3,14,1997,34.84161
44658,3,14,1998,35.06915
44658,3,14,1999,35.20516
44658,3,14,2000,35.63065
44658,3,14,2001,35.92094
44658,3,14,2002,36.07794
44658,3,14,2003,36.24475
44658,3,14,2004,36.61656
44658,3,14,2005,36.91817
44658,3,14,2006,37.21957
44658,3,14,2007,37.40708
44658,3,14,2008,37.6122
44658,3,14,2009,37.84507
44658,3,14,2010,37.97279
44658,3,14,2011,38.12733
44658,3,14,2012,38.09002
44658,3,14,2013,38.08616
44658,3,14,2014,38.01415
44658,3,14,2015,38.02964
44658,3,14,2016,38.24457
44658,3,14,2017,38.34263
44658,3,14,2018,38.48187
44658,3,14,2019,38.67097
44659,1,14,1950,29.43699
44659,1,14,1951,29.16518
44659,1,14,1952,29.52063
44659,1,14,1953,29.91912
44659,1,14,1954,30.10166
44659,1,14,1955,29.83823
44659,1,14,1956,29.79288
44659,1,14,1957,29.97935
44659,1,14,1958,29.94464
44659,1,14,1959,30.26609
44659,1,14,1960,29.81296
44659,1,14,1961,29.95859
44659,1,14,1962,29.81223
44659,1,14,1963,29.83253
44659,1,14,1964,29.95244
44659,1,14,1965,30.1087
44659,1,14,1966,30.13368
44659,1,14,1967,30.16749
44659,1,14,1968,29.98403
44659,1,14,1969,30.17503
44659,1,14,1970,30.24921
44659,1,14,1971,30.30337
44659,1,14,1972,30.02441
44659,1,14,1973,30.10728
44659,1,14,1974,30.16097
44659,1,14,1975,29.91585
44659,1,14,1976,29.9458
44659,1,14,1977,30.00212
44659,1,14,1978,29.70953
44659,1,14,1979,29.44346
44659,1,14,1980,29.13053
44659,1,14,1981,28.98722
44659,1,14,1982,28.75954
44659,1,14,1983,29.05936
44659,1,14,1984,29.31449
44659,1,14,1985,29.33512
44659,1,14,1986,29.58414
44659,1,14,1987,29.93145
44659,1,14,1988,30.11402
44659,1,14,1989,30.58094
44659,1,14,1990,30.64817
44659,1,14,1991,30.65405
44659,1,14,1992,30.82031
44659,1,14,1993,30.78272
44659,1,14,1994,30.97622
44659,1,14,1995,31.02898
44659,1,14,1996,31.42882
44659,1,14,1997,31.60743
44659,1,14,1998,31.65827
44659,1,14,1999,32.39904
44659,1,14,2000,32.75528
44659,1,14,2001,32.80597
44659,1,14,2002,32.48577
44659,1,14,2003,32.70573
44659,1,14,2004,32.99668
44659,1,14,2005,33.23073
44659,1,14,2006,33.57919
44659,1,14,2007,33.84906
44659,1,14,2008,34.07967
44659,1,14,2009,34.33721
44659,1,14,2010,34.52046
44659,1,14,2011,34.64563
44659,1,14,2012,34.76712
44659,1,14,2013,34.70653
44659,1,14,2014,34.61384
44659,1,14,2015,34.84214
44659,1,14,2016,35.19561
44659,1,14,2017,35.29044
44659,1,14,2018,35.56886
44659,1,14,2019,35.90041
44659,2,14,1950,32.92085
44659,2,14,1951,32.89023
44659,2,14,1952,33.32467
44659,2,14,1953,34.01174
44659,2,14,1954,33.73647
44659,2,14,1955,33.85939
44659,2,14,1956,33.93389
44659,2,14,1957,34.28169
44659,2,14,1958,34.29177
44659,2,14,1959,34.47072
44659,2,14,1960,34.69062
44659,2,14,1961,34.45586
44659,2,14,1962,34.44328
44659,2,14,1963,34.44681
44659,2,14,1964,34.79728
44659,2,14,1965,34.7873
44659,2,14,1966,34.82457
44659,2,14,1967,35.20917
44659,2,14,1968,34.97667
44659,2,14,1969,34.79161
44659,2,14,1970,34.75002
44659,2,14,1971,35.03097
44659,2,14,1972,34.79052
44659,2,14,1973,34.85331
44659,2,14,1974,34.7801
44659,2,14,1975,34.84015
44659,2,14,1976,34.67373
44659,2,14,1977,34.73059
44659,2,14,1978,34.61278
44659,2,14,1979,34.24119
44659,2,14,1980,34.19217
44659,2,14,1981,33.99589
44659,2,14,1982,33.90314
44659,2,14,1983,33.97038
44659,2,14,1984,34.26197
44659,2,14,1985,34.30986
44659,2,14,1986,34.60601
44659,2,14,1987,34.95561
44659,2,14,1988,35.03596
44659,2,14,1989,35.21863
44659,2,14,1990,35.46334
44659,2,14,1991,35.7088
44659,2,14,1992,35.71702
44659,2,14,1993,35.69829
44659,2,14,1994,36.0505
44659,2,14,1995,35.88992
44659,2,14,1996,35.83843
44659,2,14,1997,35.83888
44659,2,14,1998,35.90044
44659,2,14,1999,36.07648
44659,2,14,2000,36.57098
44659,2,14,2001,36.81624
44659,2,14,2002,36.99067
44659,2,14,2003,37.27612
44659,2,14,2004,37.79572
44659,2,14,2005,37.89766
44659,2,14,2006,37.87675
44659,2,14,2007,38.04925
44659,2,14,2008,38.09851
44659,2,14,2009,38.41598
44659,2,14,2010,38.45951
44659,2,14,2011,38.52448
44659,2,14,2012,38.30717
44659,2,14,2013,38.31839
44659,2,14,2014,38.32551
44659,2,14,2015,38.33042
44659,2,14,2016,38.43853
44659,2,14,2017,38.69219
44659,2,14,2018,38.97195
44659,2,14,2019,39.28173
44659,3,14,1950,30.54337
44659,3,14,1951,30.42927
44659,3,14,1952,30.88833
44659,3,14,1953,31.29109
44659,3,14,1954,31.34034
44659,3,14,1955,31.22551
44659,3,14,1956,31.2923
44659,3,14,1957,31.50959
44659,3,14,1958,31.63452
44659,3,14,1959,31.72779
44659,3,14,1960,31.76952
44659,3,14,1961,31.67136
44659,3,14,1962,31.57079
44659,3,14,1963,31.60716
44659,3,14,1964,31.82393
44659,3,14,1965,31.86906
44659,3,14,1966,32.02466
44659,3,14,1967,32.05821
44659,3,14,1968,31.8828
44659,3,14,1969,31.78675
44659,3,14,1970,31.92868
44659,3,14,1971,32.08156
44659,3,14,1972,31.86147
44659,3,14,1973,31.98059
44659,3,14,1974,31.91222
44659,3,14,1975,31.98214
44659,3,14,1976,31.93253
44659,3,14,1977,32.02983
44659,3,14,1978,31.84751
44659,3,14,1979,31.71394
44659,3,14,1980,31.60663
44659,3,14,1981,31.50018
44659,3,14,1982,31.40785
44659,3,14,1983,31.55497
44659,3,14,1984,31.83178
44659,3,14,1985,31.87772
44659,3,14,1986,32.14179
44659,3,14,1987,32.54569
44659,3,14,1988,32.64362
44659,3,14,1989,32.97505
44659,3,14,1990,33.08521
44659,3,14,1991,33.22369
44659,3,14,1992,33.32906
44659,3,14,1993,33.28337
44659,3,14,1994,33.54622
44659,3,14,1995,33.49989
44659,3,14,1996,33.65766
44659,3,14,1997,33.7679
44659,3,14,1998,33.80895
44659,3,14,1999,34.25296
44659,3,14,2000,34.70427
44659,3,14,2001,34.82661
44659,3,14,2002,34.74731
44659,3,14,2003,34.98923
44659,3,14,2004,35.39949
44659,3,14,2005,35.54974
44659,3,14,2006,35.73328
44659,3,14,2007,35.89744
44659,3,14,2008,36.06745
44659,3,14,2009,36.34876
44659,3,14,2010,36.42968
44659,3,14,2011,36.52358
44659,3,14,2012,36.47129
44659,3,14,2013,36.42764
44659,3,14,2014,36.42862
44659,3,14,2015,36.50885
44659,3,14,2016,36.70513
44659,3,14,2017,36.86264
44659,3,14,2018,37.04106
44659,3,14,2019,37.30395
44660,1,14,1950,28.96457
44660,1,14,1951,28.76776
44660,1,14,1952,28.97931
44660,1,14,1953,29.31235
44660,1,14,1954,29.61109
44660,1,14,1955,29.36378
44660,1,14,1956,29.50921
44660,1,14,1957,29.41039
44660,1,14,1958,29.4809
44660,1,14,1959,29.74985
44660,1,14,1960,29.66751
44660,1,14,1961,29.61377
44660,1,14,1962,29.69308
44660,1,14,1963,29.63404
44660,1,14,1964,29.87695
44660,1,14,1965,29.93314
44660,1,14,1966,29.87857
44660,1,14,1967,30.31432
44660,1,14,1968,30.10585
44660,1,14,1969,30.06723
44660,1,14,1970,30.09293
44660,1,14,1971,30.17314
44660,1,14,1972,30.16579
44660,1,14,1973,29.99475
44660,1,14,1974,29.97155
44660,1,14,1975,30.09766
44660,1,14,1976,29.99696
44660,1,14,1977,30.07238
44660,1,14,1978,29.52899
44660,1,14,1979,29.10364
44660,1,14,1980,28.93846
44660,1,14,1981,28.57054
44660,1,14,1982,28.46724
44660,1,14,1983,28.79634
44660,1,14,1984,29.29482
44660,1,14,1985,28.93077
44660,1,14,1986,29.35673
44660,1,14,1987,29.70773
44660,1,14,1988,29.81406
44660,1,14,1989,30.424
44660,1,14,1990,30.22436
44660,1,14,1991,30.50617
44660,1,14,1992,30.87476
44660,1,14,1993,30.81897
44660,1,14,1994,31.31758
44660,1,14,1995,31.50554
44660,1,14,1996,31.80224
44660,1,14,1997,31.98074
44660,1,14,1998,32.20996
44660,1,14,1999,32.11617
44660,1,14,2000,32.64009
44660,1,14,2001,33.09037
44660,1,14,2002,33.28494
44660,1,14,2003,33.54357
44660,1,14,2004,33.80046
44660,1,14,2005,34.08666
44660,1,14,2006,34.53139
44660,1,14,2007,34.58492
44660,1,14,2008,34.68968
44660,1,14,2009,35.0843
44660,1,14,2010,35.46658
44660,1,14,2011,35.60897
44660,1,14,2012,35.93045
44660,1,14,2013,35.97833
44660,1,14,2014,36.14266
44660,1,14,2015,36.24154
44660,1,14,2016,36.05944
44660,1,14,2017,36.10109
44660,1,14,2018,36.56481
44660,1,14,2019,36.83808
44660,2,14,1950,33.09441
44660,2,14,1951,33.02203
44660,2,14,1952,33.43587
44660,2,14,1953,34.00144
44660,2,14,1954,34.00027
44660,2,14,1955,34.23454
44660,2,14,1956,34.20862
44660,2,14,1957,34.43672
44660,2,14,1958,34.54504
44660,2,14,1959,34.74068
44660,2,14,1960,34.90824
44660,2,14,1961,34.73515
44660,2,14,1962,34.64703
44660,2,14,1963,34.68082
44660,2,14,1964,35.08565
44660,2,14,1965,35.17905
44660,2,14,1966,35.25505
44660,2,14,1967,35.41755
44660,2,14,1968,35.3394
44660,2,14,1969,35.13381
44660,2,14,1970,35.52504
44660,2,14,1971,35.48803
44660,2,14,1972,35.47706
44660,2,14,1973,35.41172
44660,2,14,1974,35.47931
44660,2,14,1975,35.41459
44660,2,14,1976,35.22118
44660,2,14,1977,35.25247
44660,2,14,1978,34.85226
44660,2,14,1979,34.42991
44660,2,14,1980,34.09659
44660,2,14,1981,33.79022
44660,2,14,1982,33.69184
44660,2,14,1983,33.79976
44660,2,14,1984,34.02669
44660,2,14,1985,34.08471
44660,2,14,1986,34.26395
44660,2,14,1987,34.58585
44660,2,14,1988,34.52697
44660,2,14,1989,34.66839
44660,2,14,1990,34.80462
44660,2,14,1991,35.03508
44660,2,14,1992,35.04964
44660,2,14,1993,35.18104
44660,2,14,1994,35.66047
44660,2,14,1995,35.70819
44660,2,14,1996,35.85719
44660,2,14,1997,35.8589
44660,2,14,1998,36.0058
44660,2,14,1999,36.15694
44660,2,14,2000,36.58808
44660,2,14,2001,36.66893
44660,2,14,2002,36.78171
44660,2,14,2003,36.81369
44660,2,14,2004,37.21346
44660,2,14,2005,37.38572
44660,2,14,2006,37.59456
44660,2,14,2007,37.67294
44660,2,14,2008,37.77072
44660,2,14,2009,38.15061
44660,2,14,2010,38.48662
44660,2,14,2011,38.67575
44660,2,14,2012,38.63342
44660,2,14,2013,38.69531
44660,2,14,2014,38.76737
44660,2,14,2015,38.53625
44660,2,14,2016,38.3598
44660,2,14,2017,38.5166
44660,2,14,2018,38.79795
44660,2,14,2019,39.32218
44660,3,14,1950,30.37055
44660,3,14,1951,29.97015
44660,3,14,1952,30.48149
44660,3,14,1953,30.89304
44660,3,14,1954,31.02663
44660,3,14,1955,31.08864
44660,3,14,1956,31.30214
44660,3,14,1957,31.13759
44660,3,14,1958,31.3114
44660,3,14,1959,31.45186
44660,3,14,1960,31.52754
44660,3,14,1961,31.52372
44660,3,14,1962,31.34656
44660,3,14,1963,31.41363
44660,3,14,1964,31.7006
44660,3,14,1965,31.89152
44660,3,14,1966,31.86683
44660,3,14,1967,32.16425
44660,3,14,1968,32.06261
44660,3,14,1969,31.94358
44660,3,14,1970,32.19215
44660,3,14,1971,32.13155
44660,3,14,1972,32.1549
44660,3,14,1973,32.22044
44660,3,14,1974,32.2444
44660,3,14,1975,32.20304
44660,3,14,1976,32.16163
44660,3,14,1977,32.23277
44660,3,14,1978,31.93025
44660,3,14,1979,31.53749
44660,3,14,1980,31.32734
44660,3,14,1981,31.20128
44660,3,14,1982,31.07788
44660,3,14,1983,31.33364
44660,3,14,1984,31.71975
44660,3,14,1985,31.51103
44660,3,14,1986,31.81265
44660,3,14,1987,32.14961
44660,3,14,1988,32.18954
44660,3,14,1989,32.55963
44660,3,14,1990,32.52077
44660,3,14,1991,32.78137
44660,3,14,1992,32.97749
44660,3,14,1993,32.99215
44660,3,14,1994,33.51246
44660,3,14,1995,33.6449
44660,3,14,1996,33.83779
44660,3,14,1997,33.91866
44660,3,14,1998,34.11014
44660,3,14,1999,34.09493
44660,3,14,2000,34.5772
44660,3,14,2001,34.87639
44660,3,14,2002,35.0134
44660,3,14,2003,35.14339
44660,3,14,2004,35.48023
44660,3,14,2005,35.71725
44660,3,14,2006,36.00874
44660,3,14,2007,36.09223
44660,3,14,2008,36.18692
44660,3,14,2009,36.55167
44660,3,14,2010,36.94136
44660,3,14,2011,37.09349
44660,3,14,2012,37.21526
44660,3,14,2013,37.29519
44660,3,14,2014,37.40413
44660,3,14,2015,37.33014
44660,3,14,2016,37.13698
44660,3,14,2017,37.25226
44660,3,14,2018,37.44818
44660,3,14,2019,37.65642
44661,1,14,1950,29.49248
44661,1,14,1951,29.2866
44661,1,14,1952,29.70602
44661,1,14,1953,29.79193
44661,1,14,1954,29.84514
44661,1,14,1955,29.98528
44661,1,14,1956,30.09024
44661,1,14,1957,30.19563
44661,1,14,1958,30.23533
44661,1,14,1959,30.2955
44661,1,14,1960,30.42951
44661,1,14,1961,30.06895
44661,1,14,1962,29.99765
44661,1,14,1963,30.04067
44661,1,14,1964,30.37337
44661,1,14,1965,30.25186
44661,1,14,1966,30.40859
44661,1,14,1967,30.50301
44661,1,14,1968,30.20116
44661,1,14,1969,30.0855
44661,1,14,1970,30.45877
44661,1,14,1971,30.36514
44661,1,14,1972,30.24033
44661,1,14,1973,30.32253
44661,1,14,1974,30.29006
44661,1,14,1975,30.426
44661,1,14,1976,30.29446
44661,1,14,1977,30.21035
44661,1,14,1978,29.97533
44661,1,14,1979,29.47923
44661,1,14,1980,29.35317
44661,1,14,1981,29.05772
44661,1,14,1982,29.08414
44661,1,14,1983,29.16466
44661,1,14,1984,29.4021
44661,1,14,1985,29.45131
44661,1,14,1986,29.75302
44661,1,14,1987,29.93884
44661,1,14,1988,29.99573
44661,1,14,1989,30.24072
44661,1,14,1990,30.41971
44661,1,14,1991,30.68624
44661,1,14,1992,31.08524
44661,1,14,1993,31.27747
44661,1,14,1994,31.70666
44661,1,14,1995,31.86355
44661,1,14,1996,32.21286
44661,1,14,1997,32.50568
44661,1,14,1998,32.76447
44661,1,14,1999,32.82932
44661,1,14,2000,33.27737
44661,1,14,2001,33.72836
44661,1,14,2002,34.05077
44661,1,14,2003,34.39014
44661,1,14,2004,34.51076
44661,1,14,2005,34.73119
44661,1,14,2006,35.27531
44661,1,14,2007,35.73391
44661,1,14,2008,35.77815
44661,1,14,2009,36.13842
44661,1,14,2010,36.32494
44661,1,14,2011,36.4853
44661,1,14,2012,36.65862
44661,1,14,2013,36.53024
44661,1,14,2014,36.4914
44661,1,14,2015,36.38577
44661,1,14,2016,36.20589
44661,1,14,2017,36.11675
44661,1,14,2018,36.26719
44661,1,14,2019,36.51435
44661,2,14,1950,33.12207
44661,2,14,1951,33.17261
44661,2,14,1952,33.67273
44661,2,14,1953,33.9093
44661,2,14,1954,34.08838
44661,2,14,1955,33.97925
44661,2,14,1956,34.14923
44661,2,14,1957,34.43242
44661,2,14,1958,34.5301
44661,2,14,1959,34.72388
44661,2,14,1960,34.81333
44661,2,14,1961,34.48235
44661,2,14,1962,34.60935
44661,2,14,1963,34.48322
44661,2,14,1964,34.79601
44661,2,14,1965,34.99119
44661,2,14,1966,35.11426
44661,2,14,1967,35.10815
44661,2,14,1968,35.02061
44661,2,14,1969,35.03348
44661,2,14,1970,35.14288
44661,2,14,1971,35.24057
44661,2,14,1972,35.01661
44661,2,14,1973,35.07473
44661,2,14,1974,35.05618
44661,2,14,1975,34.87752
44661,2,14,1976,34.8061
44661,2,14,1977,34.89273
44661,2,14,1978,34.76767
44661,2,14,1979,34.50078
44661,2,14,1980,34.41941
44661,2,14,1981,34.2899
44661,2,14,1982,34.28283
44661,2,14,1983,34.41572
44661,2,14,1984,34.4768
44661,2,14,1985,34.45657
44661,2,14,1986,34.53692
44661,2,14,1987,34.86118
44661,2,14,1988,34.82885
44661,2,14,1989,34.93791
44661,2,14,1990,35.16286
44661,2,14,1991,35.33058
44661,2,14,1992,35.48134
44661,2,14,1993,35.48125
44661,2,14,1994,35.7632
44661,2,14,1995,35.78995
44661,2,14,1996,35.95724
44661,2,14,1997,36.11493
44661,2,14,1998,36.24333
44661,2,14,1999,36.59186
44661,2,14,2000,37.04051
44661,2,14,2001,37.25025
44661,2,14,2002,37.54997
44661,2,14,2003,37.62241
44661,2,14,2004,37.82621
44661,2,14,2005,37.74783
44661,2,14,2006,37.78398
44661,2,14,2007,37.89318
44661,2,14,2008,38.00812
44661,2,14,2009,38.48095
44661,2,14,2010,38.71525
44661,2,14,2011,38.91076
44661,2,14,2012,38.96549
44661,2,14,2013,39.17162
44661,2,14,2014,39.26071
44661,2,14,2015,39.13451
44661,2,14,2016,39.03797
44661,2,14,2017,39.34409
44661,2,14,2018,39.59935
44661,2,14,2019,39.74812
44661,3,14,1950,30.61106
44661,3,14,1951,30.21843
44661,3,14,1952,30.78201
44661,3,14,1953,31.08469
44661,3,14,1954,31.224
44661,3,14,1955,31.19332
44661,3,14,1956,31.35062
44661,3,14,1957,31.54551
44661,3,14,1958,31.55085
44661,3,14,1959,31.68665
44661,3,14,1960,31.73975
44661,3,14,1961,31.60341
44661,3,14,1962,31.5361
44661,3,14,1963,31.66896
44661,3,14,1964,31.86187
44661,3,14,1965,31.87716
44661,3,14,1966,31.91845
44661,3,14,1967,32.00489
44661,3,14,1968,31.9456
44661,3,14,1969,31.8756
44661,3,14,1970,32.10646
44661,3,14,1971,32.02764
44661,3,14,1972,32.03156
44661,3,14,1973,32.05217
44661,3,14,1974,32.243
44661,3,14,1975,32.32774
44661,3,14,1976,32.15871
44661,3,14,1977,32.13408
44661,3,14,1978,31.95332
44661,3,14,1979,31.70333
44661,3,14,1980,31.70789
44661,3,14,1981,31.61458
44661,3,14,1982,31.66831
44661,3,14,1983,31.74816
44661,3,14,1984,31.92201
44661,3,14,1985,31.93125
44661,3,14,1986,32.1334
44661,3,14,1987,32.36276
44661,3,14,1988,32.38064
44661,3,14,1989,32.55418
44661,3,14,1990,32.76119
44661,3,14,1991,32.96477
44661,3,14,1992,33.26195
44661,3,14,1993,33.36468
44661,3,14,1994,33.7035
44661,3,14,1995,33.8047
44661,3,14,1996,34.06676
44661,3,14,1997,34.27395
44661,3,14,1998,34.47965
44661,3,14,1999,34.67921
44661,3,14,2000,35.12498
44661,3,14,2001,35.50195
44661,3,14,2002,35.79439
44661,3,14,2003,35.97879
44661,3,14,2004,36.14219
44661,3,14,2005,36.19932
44661,3,14,2006,36.49545
44661,3,14,2007,36.76083
44661,3,14,2008,36.8596
44661,3,14,2009,37.20863
44661,3,14,2010,37.46126
44661,3,14,2011,37.62609
44661,3,14,2012,37.72177
44661,3,14,2013,37.76176
44661,3,14,2014,37.76761
44661,3,14,2015,37.64834
44661,3,14,2016,37.48114
44661,3,14,2017,37.56489
44661,3,14,2018,37.67524
44661,3,14,2019,37.82738
44662,1,14,1950,28.73686
44662,1,14,1951,28.18493
44662,1,14,1952,28.70486
44662,1,14,1953,29.01745
44662,1,14,1954,29.06052
44662,1,14,1955,28.99894
44662,1,14,1956,29.06892
44662,1,14,1957,29.10451
44662,1,14,1958,29.17221
44662,1,14,1959,29.20014
44662,1,14,1960,29.11534
44662,1,14,1961,29.16675
44662,1,14,1962,29.05743
44662,1,14,1963,28.88291
44662,1,14,1964,29.02199
44662,1,14,1965,29.1706
44662,1,14,1966,29.16439
44662,1,14,1967,29.44307
44662,1,14,1968,29.39235
44662,1,14,1969,29.00103
44662,1,14,1970,29.01915
44662,1,14,1971,29.0937
44662,1,14,1972,29.09459
44662,1,14,1973,29.03265
44662,1,14,1974,29.17336
44662,1,14,1975,29.13625
44662,1,14,1976,29.0767
44662,1,14,1977,28.85474
44662,1,14,1978,28.56283
44662,1,14,1979,28.31706
44662,1,14,1980,28.15508
44662,1,14,1981,27.94161
44662,1,14,1982,27.77534
44662,1,14,1983,28.06218
44662,1,14,1984,28.35021
44662,1,14,1985,28.30854
44662,1,14,1986,28.55974
44662,1,14,1987,28.97316
44662,1,14,1988,29.20561
44662,1,14,1989,29.7235
44662,1,14,1990,29.87461
44662,1,14,1991,30.27314
44662,1,14,1992,30.52152
44662,1,14,1993,30.38398
44662,1,14,1994,30.73329
44662,1,14,1995,30.84131
44662,1,14,1996,30.95069
44662,1,14,1997,31.24936
44662,1,14,1998,31.5488
44662,1,14,1999,31.67507
44662,1,14,2000,31.88225
44662,1,14,2001,32.10601
44662,1,14,2002,32.45459
44662,1,14,2003,32.70518
44662,1,14,2004,33.10441
44662,1,14,2005,33.44932
44662,1,14,2006,33.73464
44662,1,14,2007,33.89214
44662,1,14,2008,34.19094
44662,1,14,2009,34.5022
44662,1,14,2010,34.62385
44662,1,14,2011,34.8367
44662,1,14,2012,35.09493
44662,1,14,2013,35.31577
44662,1,14,2014,35.37794
44662,1,14,2015,35.37438
44662,1,14,2016,35.3828
44662,1,14,2017,35.43754
44662,1,14,2018,35.83187
44662,1,14,2019,36.04836
44662,2,14,1950,32.634
44662,2,14,1951,32.63505
44662,2,14,1952,33.13222
44662,2,14,1953,33.44656
44662,2,14,1954,33.68422
44662,2,14,1955,33.56061
44662,2,14,1956,33.84575
44662,2,14,1957,33.87343
44662,2,14,1958,33.98881
44662,2,14,1959,34.06314
44662,2,14,1960,34.13023
44662,2,14,1961,34.137
44662,2,14,1962,34.03129
44662,2,14,1963,34.0289
44662,2,14,1964,34.51238
44662,2,14,1965,34.50521
44662,2,14,1966,34.67118
44662,2,14,1967,34.72927
44662,2,14,1968,34.49545
44662,2,14,1969,34.50305
44662,2,14,1970,34.68983
44662,2,14,1971,34.76498
44662,2,14,1972,34.54685
44662,2,14,1973,34.43208
44662,2,14,1974,34.47513
44662,2,14,1975,34.56484
44662,2,14,1976,34.42845
44662,2,14,1977,34.36289
44662,2,14,1978,34.3624
44662,2,14,1979,34.05495
44662,2,14,1980,33.88915
44662,2,14,1981,33.71513
44662,2,14,1982,33.62212
44662,2,14,1983,33.6662
44662,2,14,1984,33.86831
44662,2,14,1985,33.77507
44662,2,14,1986,33.94539
44662,2,14,1987,34.28861
44662,2,14,1988,34.33063
44662,2,14,1989,34.48947
44662,2,14,1990,34.73069
44662,2,14,1991,34.94232
44662,2,14,1992,34.9827
44662,2,14,1993,34.98555
44662,2,14,1994,35.35203
44662,2,14,1995,35.50251
44662,2,14,1996,35.51699
44662,2,14,1997,35.50277
44662,2,14,1998,35.61178
44662,2,14,1999,35.66727
44662,2,14,2000,35.97807
44662,2,14,2001,35.99391
44662,2,14,2002,36.01311
44662,2,14,2003,36.22221
44662,2,14,2004,36.39037
44662,2,14,2005,36.52318
44662,2,14,2006,36.80483
44662,2,14,2007,37.18465
44662,2,14,2008,37.45609
44662,2,14,2009,37.83506
44662,2,14,2010,38.08668
44662,2,14,2011,38.27473
44662,2,14,2012,38.30347
44662,2,14,2013,38.42263
44662,2,14,2014,38.56024
44662,2,14,2015,38.57416
44662,2,14,2016,38.73605
44662,2,14,2017,39.12106
44662,2,14,2018,39.45354
44662,2,14,2019,39.75479
44662,3,14,1950,29.95697
44662,3,14,1951,29.55334
44662,3,14,1952,30.10579
44662,3,14,1953,30.44192
44662,3,14,1954,30.58371
44662,3,14,1955,30.55519
44662,3,14,1956,30.72212
44662,3,14,1957,30.51898
44662,3,14,1958,30.75405
44662,3,14,1959,30.80487
44662,3,14,1960,30.86404
44662,3,14,1961,30.79141
44662,3,14,1962,30.68774
44662,3,14,1963,30.71539
44662,3,14,1964,31.06456
44662,3,14,1965,31.17867
44662,3,14,1966,31.17298
44662,3,14,1967,31.40658
44662,3,14,1968,31.34894
44662,3,14,1969,31.13339
44662,3,14,1970,31.31669
44662,3,14,1971,31.20619
44662,3,14,1972,31.14439
44662,3,14,1973,31.23172
44662,3,14,1974,31.29473
44662,3,14,1975,31.37769
44662,3,14,1976,31.26997
44662,3,14,1977,31.30361
44662,3,14,1978,31.05577
44662,3,14,1979,30.88459
44662,3,14,1980,30.82971
44662,3,14,1981,30.75284
44662,3,14,1982,30.64098
44662,3,14,1983,30.7995
44662,3,14,1984,31.05873
44662,3,14,1985,30.98378
44662,3,14,1986,31.22483
44662,3,14,1987,31.60353
44662,3,14,1988,31.75093
44662,3,14,1989,32.07634
44662,3,14,1990,32.28296
44662,3,14,1991,32.6053
44662,3,14,1992,32.74104
44662,3,14,1993,32.65902
44662,3,14,1994,32.98198
44662,3,14,1995,33.15373
44662,3,14,1996,33.21997
44662,3,14,1997,33.33741
44662,3,14,1998,33.51976
44662,3,14,1999,33.61298
44662,3,14,2000,33.85208
44662,3,14,2001,33.98198
44662,3,14,2002,34.17665
44662,3,14,2003,34.40688
44662,3,14,2004,34.67844
44662,3,14,2005,34.90435
44662,3,14,2006,35.1892
44662,3,14,2007,35.43268
44662,3,14,2008,35.72864
44662,3,14,2009,36.0629
44662,3,14,2010,36.24231
44662,3,14,2011,36.47329
44662,3,14,2012,36.57839
44662,3,14,2013,36.73317
44662,3,14,2014,36.83706
44662,3,14,2015,36.82678
44662,3,14,2016,36.87258
44662,3,14,2017,37.08764
44662,3,14,2018,37.30239
44662,3,14,2019,37.54658
44663,1,14,1950,29.20033
44663,1,14,1951,28.79969
44663,1,14,1952,29.16797
44663,1,14,1953,29.65408
44663,1,14,1954,29.73083
44663,1,14,1955,29.70826
44663,1,14,1956,29.90846
44663,1,14,1957,29.97118
44663,1,14,1958,29.52155
44663,1,14,1959,29.60061
44663,1,14,1960,29.78454
44663,1,14,1961,29.86744
44663,1,14,1962,29.63298
44663,1,14,1963,29.61855
44663,1,14,1964,29.78894
44663,1,14,1965,29.76079
44663,1,14,1966,29.86253
44663,1,14,1967,30.03846
44663,1,14,1968,29.77103
44663,1,14,1969,29.59414
44663,1,14,1970,29.61649
44663,1,14,1971,29.98776
44663,1,14,1972,29.81534
44663,1,14,1973,29.97421
44663,1,14,1974,29.73225
44663,1,14,1975,29.7583
44663,1,14,1976,29.84398
44663,1,14,1977,29.85604
44663,1,14,1978,29.6871
44663,1,14,1979,29.19823
44663,1,14,1980,28.98248
44663,1,14,1981,28.71268
44663,1,14,1982,28.43616
44663,1,14,1983,28.63454
44663,1,14,1984,28.87779
44663,1,14,1985,28.96771
44663,1,14,1986,29.33479
44663,1,14,1987,29.64237
44663,1,14,1988,29.71253
44663,1,14,1989,29.9671
44663,1,14,1990,29.97972
44663,1,14,1991,30.23316
44663,1,14,1992,30.59722
44663,1,14,1993,30.57622
44663,1,14,1994,30.91177
44663,1,14,1995,31.15215
44663,1,14,1996,31.36056
44663,1,14,1997,31.64194
44663,1,14,1998,31.7795
44663,1,14,1999,31.76041
44663,1,14,2000,32.37823
44663,1,14,2001,32.65245
44663,1,14,2002,32.99548
44663,1,14,2003,33.37375
44663,1,14,2004,33.56022
44663,1,14,2005,33.83543
44663,1,14,2006,34.29061
44663,1,14,2007,34.49989
44663,1,14,2008,34.78575
44663,1,14,2009,34.90284
44663,1,14,2010,35.54097
44663,1,14,2011,35.68609
44663,1,14,2012,35.6075
44663,1,14,2013,35.56478
44663,1,14,2014,35.75773
44663,1,14,2015,35.97206
44663,1,14,2016,35.94012
44663,1,14,2017,35.96864
44663,1,14,2018,36.18024
44663,1,14,2019,36.46992
44663,2,14,1950,32.76644
44663,2,14,1951,32.76168
44663,2,14,1952,33.30804
44663,2,14,1953,33.71044
44663,2,14,1954,33.90039
44663,2,14,1955,33.98523
44663,2,14,1956,34.03668
44663,2,14,1957,34.16927
44663,2,14,1958,34.22412
44663,2,14,1959,34.39483
44663,2,14,1960,34.56541
44663,2,14,1961,34.25477
44663,2,14,1962,34.41347
44663,2,14,1963,34.50479
44663,2,14,1964,34.77148
44663,2,14,1965,34.95226
44663,2,14,1966,34.74565
44663,2,14,1967,35.02641
44663,2,14,1968,34.98543
44663,2,14,1969,34.89195
44663,2,14,1970,35.02874
44663,2,14,1971,34.95434
44663,2,14,1972,34.94898
44663,2,14,1973,34.82044
44663,2,14,1974,34.91126
44663,2,14,1975,34.92095
44663,2,14,1976,34.82182
44663,2,14,1977,34.75019
44663,2,14,1978,34.57182
44663,2,14,1979,34.40619
44663,2,14,1980,34.28717
44663,2,14,1981,34.08716
44663,2,14,1982,33.9786
44663,2,14,1983,34.01164
44663,2,14,1984,34.34325
44663,2,14,1985,34.3646
44663,2,14,1986,34.55638
44663,2,14,1987,34.96251
44663,2,14,1988,34.87859
44663,2,14,1989,34.81937
44663,2,14,1990,35.01418
44663,2,14,1991,35.36094
44663,2,14,1992,35.41446
44663,2,14,1993,35.32605
44663,2,14,1994,35.65483
44663,2,14,1995,35.69697
44663,2,14,1996,35.68757
44663,2,14,1997,35.69078
44663,2,14,1998,35.68954
44663,2,14,1999,36.13387
44663,2,14,2000,36.39051
44663,2,14,2001,36.44734
44663,2,14,2002,36.38056
44663,2,14,2003,36.32556
44663,2,14,2004,36.69604
44663,2,14,2005,36.85142
44663,2,14,2006,37.09392
44663,2,14,2007,37.3123
44663,2,14,2008,37.48544
44663,2,14,2009,37.7333
44663,2,14,2010,38.00597
44663,2,14,2011,38.25514
44663,2,14,2012,38.16205
44663,2,14,2013,38.31417
44663,2,14,2014,38.2368
44663,2,14,2015,38.13869
44663,2,14,2016,38.2949
44663,2,14,2017,38.47415
44663,2,14,2018,38.65324
44663,2,14,2019,39.09035
44663,3,14,1950,30.29367
44663,3,14,1951,30.01658
44663,3,14,1952,30.5152
44663,3,14,1953,31.0594
44663,3,14,1954,31.0516
44663,3,14,1955,31.15705
44663,3,14,1956,31.32653
44663,3,14,1957,31.24118
44663,3,14,1958,31.25407
44663,3,14,1959,31.41968
44663,3,14,1960,31.51107
44663,3,14,1961,31.37832
44663,3,14,1962,31.35309
44663,3,14,1963,31.43942
44663,3,14,1964,31.53329
44663,3,14,1965,31.64472
44663,3,14,1966,31.72333
44663,3,14,1967,31.76451
44663,3,14,1968,31.78159
44663,3,14,1969,31.68095
44663,3,14,1970,31.81137
44663,3,14,1971,32.06398
44663,3,14,1972,31.90144
44663,3,14,1973,32.01512
44663,3,14,1974,31.82757
44663,3,14,1975,31.94609
44663,3,14,1976,31.88994
44663,3,14,1977,31.98882
44663,3,14,1978,31.82054
44663,3,14,1979,31.61916
44663,3,14,1980,31.53731
44663,3,14,1981,31.45716
44663,3,14,1982,31.23613
44663,3,14,1983,31.36242
44663,3,14,1984,31.64034
44663,3,14,1985,31.70755
44663,3,14,1986,32.00102
44663,3,14,1987,32.34355
44663,3,14,1988,32.37106
44663,3,14,1989,32.44029
44663,3,14,1990,32.54498
44663,3,14,1991,32.83056
44663,3,14,1992,33.06652
44663,3,14,1993,32.97238
44663,3,14,1994,33.30469
44663,3,14,1995,33.42393
44663,3,14,1996,33.553
44663,3,14,1997,33.68975
44663,3,14,1998,33.72957
44663,3,14,1999,33.97022
44663,3,14,2000,34.40091
44663,3,14,2001,34.58445
44663,3,14,2002,34.66005
44663,3,14,2003,34.84693
44663,3,14,2004,35.08998
44663,3,14,2005,35.30014
44663,3,14,2006,35.68357
44663,3,14,2007,35.87928
44663,3,14,2008,36.09016
44663,3,14,2009,36.26766
44663,3,14,2010,36.69779
44663,3,14,2011,36.89746
44663,3,14,2012,36.8272
44663,3,14,2013,36.8705
44663,3,14,2014,36.93679
44663,3,14,2015,36.96086
44663,3,14,2016,36.99519
44663,3,14,2017,37.08197
44663,3,14,2018,37.21937
44663,3,14,2019,37.42502
44664,1,14,1950,29.58929
44664,1,14,1951,29.17108
44664,1,14,1952,29.58547
44664,1,14,1953,29.936
44664,1,14,1954,30.00895
44664,1,14,1955,29.88285
44664,1,14,1956,30.11863
44664,1,14,1957,30.06152
44664,1,14,1958,30.00723
44664,1,14,1959,30.22018
44664,1,14,1960,30.1891
44664,1,14,1961,30.21564
44664,1,14,1962,30.06176
44664,1,14,1963,29.90493
44664,1,14,1964,30.0802
44664,1,14,1965,30.15665
44664,1,14,1966,30.09008
44664,1,14,1967,30.20499
44664,1,14,1968,30.12615
44664,1,14,1969,29.91062
44664,1,14,1970,30.25259
44664,1,14,1971,30.40823
44664,1,14,1972,29.94579
44664,1,14,1973,30.1541
44664,1,14,1974,30.29407
44664,1,14,1975,30.13435
44664,1,14,1976,30.16301
44664,1,14,1977,30.17895
44664,1,14,1978,29.82226
44664,1,14,1979,29.57737
44664,1,14,1980,29.50004
44664,1,14,1981,29.26353
44664,1,14,1982,29.13756
44664,1,14,1983,29.30981
44664,1,14,1984,29.64284
44664,1,14,1985,29.70876
44664,1,14,1986,30.09259
44664,1,14,1987,30.23215
44664,1,14,1988,30.18197
44664,1,14,1989,30.43506
44664,1,14,1990,30.28145
44664,1,14,1991,30.63304
44664,1,14,1992,30.4935
44664,1,14,1993,30.43226
44664,1,14,1994,30.63045
44664,1,14,1995,31.13338
44664,1,14,1996,31.44891
44664,1,14,1997,31.82715
44664,1,14,1998,32.13641
44664,1,14,1999,32.3905
44664,1,14,2000,32.90621
44664,1,14,2001,33.34465
44664,1,14,2002,33.46399
44664,1,14,2003,33.5961
44664,1,14,2004,33.87543
44664,1,14,2005,34.26323
44664,1,14,2006,34.60786
44664,1,14,2007,34.82708
44664,1,14,2008,35.13957
44664,1,14,2009,35.43423
44664,1,14,2010,35.58123
44664,1,14,2011,35.73262
44664,1,14,2012,35.90488
44664,1,14,2013,35.97532
44664,1,14,2014,35.9734
44664,1,14,2015,36.14436
44664,1,14,2016,36.51901
44664,1,14,2017,36.65381
44664,1,14,2018,36.96435
44664,1,14,2019,37.25181
44664,2,14,1950,33.07805
44664,2,14,1951,33.24555
44664,2,14,1952,33.57117
44664,2,14,1953,34.01088
44664,2,14,1954,34.05751
44664,2,14,1955,34.16367
44664,2,14,1956,34.46793
44664,2,14,1957,34.4758
44664,2,14,1958,34.61891
44664,2,14,1959,34.76451
44664,2,14,1960,34.89319
44664,2,14,1961,34.50358
44664,2,14,1962,34.67755
44664,2,14,1963,34.8756
44664,2,14,1964,35.22235
44664,2,14,1965,35.27768
44664,2,14,1966,35.1846
44664,2,14,1967,35.2739
44664,2,14,1968,35.37912
44664,2,14,1969,35.39672
44664,2,14,1970,35.74158
44664,2,14,1971,35.31443
44664,2,14,1972,35.44744
44664,2,14,1973,35.4498
44664,2,14,1974,35.43888
44664,2,14,1975,35.55821
44664,2,14,1976,35.46165
44664,2,14,1977,35.43144
44664,2,14,1978,35.39544
44664,2,14,1979,35.07357
44664,2,14,1980,34.99187
44664,2,14,1981,34.78644
44664,2,14,1982,34.62355
44664,2,14,1983,34.51322
44664,2,14,1984,34.67818
44664,2,14,1985,34.60247
44664,2,14,1986,34.66672
44664,2,14,1987,35.01051
44664,2,14,1988,34.95512
44664,2,14,1989,34.96344
44664,2,14,1990,35.25326
44664,2,14,1991,35.37597
44664,2,14,1992,35.55709
44664,2,14,1993,35.65153
44664,2,14,1994,36.0699
44664,2,14,1995,36.18076
44664,2,14,1996,36.25869
44664,2,14,1997,36.39876
44664,2,14,1998,36.43691
44664,2,14,1999,36.5391
44664,2,14,2000,36.84005
44664,2,14,2001,37.00583
44664,2,14,2002,36.94597
44664,2,14,2003,36.54281
44664,2,14,2004,36.71629
44664,2,14,2005,36.77992
44664,2,14,2006,37.30658
44664,2,14,2007,37.62935
44664,2,14,2008,37.7506
44664,2,14,2009,38.335
44664,2,14,2010,38.59521
44664,2,14,2011,38.69432
44664,2,14,2012,38.44445
44664,2,14,2013,38.52958
44664,2,14,2014,38.52634
44664,2,14,2015,38.47165
44664,2,14,2016,38.63171
44664,2,14,2017,38.75668
44664,2,14,2018,39.06884
44664,2,14,2019,39.33889
44664,3,14,1950,30.85992
44664,3,14,1951,30.47688
44664,3,14,1952,30.88823
44664,3,14,1953,31.30842
44664,3,14,1954,31.57232
44664,3,14,1955,31.40776
44664,3,14,1956,31.50675
44664,3,14,1957,31.528
44664,3,14,1958,31.59536
44664,3,14,1959,31.7765
44664,3,14,1960,31.91477
44664,3,14,1961,31.78362
44664,3,14,1962,31.81354
44664,3,14,1963,31.64259
44664,3,14,1964,31.93163
44664,3,14,1965,32.06029
44664,3,14,1966,32.09998
44664,3,14,1967,32.27865
44664,3,14,1968,32.20606
44664,3,14,1969,32.20861
44664,3,14,1970,32.30471
44664,3,14,1971,32.20865
44664,3,14,1972,32.2702
44664,3,14,1973,32.3311
44664,3,14,1974,32.23
44664,3,14,1975,32.50502
44664,3,14,1976,32.42737
44664,3,14,1977,32.44498
44664,3,14,1978,32.26363
44664,3,14,1979,32.04305
44664,3,14,1980,32.09666
44664,3,14,1981,31.94425
44664,3,14,1982,31.83299
44664,3,14,1983,31.94127
44664,3,14,1984,32.14901
44664,3,14,1985,32.16053
44664,3,14,1986,32.35629
44664,3,14,1987,32.63941
44664,3,14,1988,32.55089
44664,3,14,1989,32.68051
44664,3,14,1990,32.70899
44664,3,14,1991,32.97044
44664,3,14,1992,32.99538
44664,3,14,1993,32.99789
44664,3,14,1994,33.27471
44664,3,14,1995,33.61194
44664,3,14,1996,33.81865
44664,3,14,1997,34.07871
44664,3,14,1998,34.27474
44664,3,14,1999,34.39973
44664,3,14,2000,34.83046
44664,3,14,2001,35.14497
44664,3,14,2002,35.16951
44664,3,14,2003,35.00625
44664,3,14,2004,35.2225
44664,3,14,2005,35.44743
44664,3,14,2006,35.88086
44664,3,14,2007,36.15903
44664,3,14,2008,36.37828
44664,3,14,2009,36.78786
44664,3,14,2010,36.96627
44664,3,14,2011,37.11084
44664,3,14,2012,37.10402
44664,3,14,2013,37.13779
44664,3,14,2014,37.13619
44664,3,14,2015,37.19574
44664,3,14,2016,37.40685
44664,3,14,2017,37.5406
44664,3,14,2018,37.75685
44664,3,14,2019,37.9638
44665,1,14,1950,28.65697
44665,1,14,1951,28.39108
44665,1,14,1952,28.93256
44665,1,14,1953,29.22558
44665,1,14,1954,29.1095
44665,1,14,1955,29.0072
44665,1,14,1956,29.03418
44665,1,14,1957,29.30554
44665,1,14,1958,29.04591
44665,1,14,1959,29.33124
44665,1,14,1960,29.18242
44665,1,14,1961,28.87756
44665,1,14,1962,28.94986
44665,1,14,1963,28.86023
44665,1,14,1964,29.06102
44665,1,14,1965,29.05252
44665,1,14,1966,29.01869
44665,1,14,1967,29.07652
44665,1,14,1968,28.96631
44665,1,14,1969,28.86562
44665,1,14,1970,28.98071
44665,1,14,1971,29.08409
44665,1,14,1972,28.81822
44665,1,14,1973,28.89936
44665,1,14,1974,28.8395
44665,1,14,1975,28.8694
44665,1,14,1976,28.74229
44665,1,14,1977,28.83914
44665,1,14,1978,28.48305
44665,1,14,1979,28.21694
44665,1,14,1980,28.0076
44665,1,14,1981,27.68574
44665,1,14,1982,27.52101
44665,1,14,1983,27.68575
44665,1,14,1984,28.01397
44665,1,14,1985,28.12538
44665,1,14,1986,28.4818
44665,1,14,1987,28.89507
44665,1,14,1988,28.96305
44665,1,14,1989,29.42245
44665,1,14,1990,29.6247
44665,1,14,1991,29.97751
44665,1,14,1992,30.27158
44665,1,14,1993,30.30372
44665,1,14,1994,30.73656
44665,1,14,1995,30.96185
44665,1,14,1996,31.29632
44665,1,14,1997,31.43923
44665,1,14,1998,31.53843
44665,1,14,1999,31.66846
44665,1,14,2000,32.19428
44665,1,14,2001,32.60146
44665,1,14,2002,32.89055
44665,1,14,2003,33.1042
44665,1,14,2004,33.33865
44665,1,14,2005,33.58395
44665,1,14,2006,33.76669
44665,1,14,2007,33.9048
44665,1,14,2008,34.04065
44665,1,14,2009,34.17061
44665,1,14,2010,34.36942
44665,1,14,2011,34.5164
44665,1,14,2012,34.55717
44665,1,14,2013,34.51989
44665,1,14,2014,34.33571
44665,1,14,2015,34.42299
44665,1,14,2016,34.66298
44665,1,14,2017,34.67317
44665,1,14,2018,34.96219
44665,1,14,2019,35.25185
44665,2,14,1950,32.61165
44665,2,14,1951,32.63559
44665,2,14,1952,33.05197
44665,2,14,1953,33.37087
44665,2,14,1954,33.69778
44665,2,14,1955,33.51294
44665,2,14,1956,33.65745
44665,2,14,1957,33.8058
44665,2,14,1958,33.96863
44665,2,14,1959,33.89812
44665,2,14,1960,34.08193
44665,2,14,1961,33.89866
44665,2,14,1962,34.01129
44665,2,14,1963,34.16003
44665,2,14,1964,34.51439
44665,2,14,1965,34.52862
44665,2,14,1966,34.48524
44665,2,14,1967,34.63549
44665,2,14,1968,34.3641
44665,2,14,1969,34.4369
44665,2,14,1970,34.47152
44665,2,14,1971,34.56843
44665,2,14,1972,34.20837
44665,2,14,1973,34.43647
44665,2,14,1974,34.26645
44665,2,14,1975,34.35916
44665,2,14,1976,34.15295
44665,2,14,1977,34.03686
44665,2,14,1978,33.66601
44665,2,14,1979,33.42274
44665,2,14,1980,33.08935
44665,2,14,1981,32.86404
44665,2,14,1982,32.89856
44665,2,14,1983,33.13101
44665,2,14,1984,33.06386
44665,2,14,1985,33.09303
44665,2,14,1986,33.27756
44665,2,14,1987,33.91389
44665,2,14,1988,34.02776
44665,2,14,1989,34.30905
44665,2,14,1990,34.59825
44665,2,14,1991,34.79086
44665,2,14,1992,34.86131
44665,2,14,1993,34.87161
44665,2,14,1994,35.38571
44665,2,14,1995,35.49414
44665,2,14,1996,35.54872
44665,2,14,1997,35.63876
44665,2,14,1998,35.70685
44665,2,14,1999,35.86875
44665,2,14,2000,36.29653
44665,2,14,2001,36.50221
44665,2,14,2002,36.62598
44665,2,14,2003,36.6296
44665,2,14,2004,37.02725
44665,2,14,2005,37.1081
44665,2,14,2006,37.25915
44665,2,14,2007,37.29168
44665,2,14,2008,37.34406
44665,2,14,2009,37.63581
44665,2,14,2010,37.71265
44665,2,14,2011,37.83075
44665,2,14,2012,37.65065
44665,2,14,2013,37.65499
44665,2,14,2014,37.63519
44665,2,14,2015,37.61715
44665,2,14,2016,37.75582
44665,2,14,2017,38.01213
44665,2,14,2018,38.30556
44665,2,14,2019,38.592
44665,3,14,1950,29.72034
44665,3,14,1951,29.67682
44665,3,14,1952,29.97677
44665,3,14,1953,30.2655
44665,3,14,1954,30.58084
44665,3,14,1955,30.30867
44665,3,14,1956,30.33142
44665,3,14,1957,30.64786
44665,3,14,1958,30.57479
44665,3,14,1959,30.57088
44665,3,14,1960,30.62001
44665,3,14,1961,30.72092
44665,3,14,1962,30.67958
44665,3,14,1963,30.64991
44665,3,14,1964,31.03619
44665,3,14,1965,30.85796
44665,3,14,1966,30.99043
44665,3,14,1967,30.99946
44665,3,14,1968,30.94687
44665,3,14,1969,30.76742
44665,3,14,1970,30.97177
44665,3,14,1971,31.05128
44665,3,14,1972,30.93643
44665,3,14,1973,31.05602
44665,3,14,1974,30.99911
44665,3,14,1975,31.10292
44665,3,14,1976,30.91617
44665,3,14,1977,30.9037
44665,3,14,1978,30.63651
44665,3,14,1979,30.48575
44665,3,14,1980,30.33792
44665,3,14,1981,30.16406
44665,3,14,1982,30.09617
44665,3,14,1983,30.29715
44665,3,14,1984,30.47836
44665,3,14,1985,30.49279
44665,3,14,1986,30.81217
44665,3,14,1987,31.35781
44665,3,14,1988,31.44536
44665,3,14,1989,31.83998
44665,3,14,1990,32.04659
44665,3,14,1991,32.3432
44665,3,14,1992,32.52958
44665,3,14,1993,32.56054
44665,3,14,1994,33.049
44665,3,14,1995,33.19969
44665,3,14,1996,33.38681
44665,3,14,1997,33.49917
44665,3,14,1998,33.59529
44665,3,14,1999,33.68068
44665,3,14,2000,34.18484
44665,3,14,2001,34.52001
44665,3,14,2002,34.70315
44665,3,14,2003,34.80585
44665,3,14,2004,35.10154
44665,3,14,2005,35.26846
44665,3,14,2006,35.41925
44665,3,14,2007,35.48729
44665,3,14,2008,35.56422
44665,3,14,2009,35.78687
44665,3,14,2010,35.93453
44665,3,14,2011,36.06239
44665,3,14,2012,35.97156
44665,3,14,2013,35.95269
44665,3,14,2014,35.83642
44665,3,14,2015,35.84155
44665,3,14,2016,36.02825
44665,3,14,2017,36.12893
44665,3,14,2018,36.29581
44665,3,14,2019,36.5219
44666,1,14,1950,29.93061
44666,1,14,1951,29.56981
44666,1,14,1952,29.74344
44666,1,14,1953,30.00084
44666,1,14,1954,30.19294
44666,1,14,1955,30.11659
44666,1,14,1956,30.095
44666,1,14,1957,30.47782
44666,1,14,1958,30.36974
44666,1,14,1959,30.0954
44666,1,14,1960,30.32227
44666,1,14,1961,30.13501
44666,1,14,1962,30.12008
44666,1,14,1963,29.80235
44666,1,14,1964,30.08231
44666,1,14,1965,30.11867
44666,1,14,1966,30.23242
44666,1,14,1967,30.21591
44666,1,14,1968,30.22884
44666,1,14,1969,29.83377
44666,1,14,1970,29.9148
44666,1,14,1971,30.10124
44666,1,14,1972,29.92323
44666,1,14,1973,30.09902
44666,1,14,1974,30.0977
44666,1,14,1975,30.09487
44666,1,14,1976,29.97842
44666,1,14,1977,29.85085
44666,1,14,1978,29.47402
44666,1,14,1979,29.25993
44666,1,14,1980,29.05382
44666,1,14,1981,28.8933
44666,1,14,1982,28.76862
44666,1,14,1983,28.95423
44666,1,14,1984,29.16439
44666,1,14,1985,29.18762
44666,1,14,1986,29.25597
44666,1,14,1987,29.4337
44666,1,14,1988,29.55044
44666,1,14,1989,30.14695
44666,1,14,1990,30.2867
44666,1,14,1991,30.55645
44666,1,14,1992,30.9766
44666,1,14,1993,31.08013
44666,1,14,1994,31.4678
44666,1,14,1995,31.55936
44666,1,14,1996,31.91122
44666,1,14,1997,32.09945
44666,1,14,1998,32.27824
44666,1,14,1999,32.41296
44666,1,14,2000,33.1815
44666,1,14,2001,33.71707
44666,1,14,2002,34.00155
44666,1,14,2003,34.332
44666,1,14,2004,34.63222
44666,1,14,2005,34.97137
44666,1,14,2006,35.23034
44666,1,14,2007,35.45057
44666,1,14,2008,35.68706
44666,1,14,2009,35.93931
44666,1,14,2010,36.114
44666,1,14,2011,36.26373
44666,1,14,2012,36.38647
44666,1,14,2013,36.38415
44666,1,14,2014,36.29917
44666,1,14,2015,36.42231
44666,1,14,2016,36.67203
44666,1,14,2017,36.6889
44666,1,14,2018,36.88347
44666,1,14,2019,37.15528
44666,2,14,1950,33.16192
44666,2,14,1951,33.2299
44666,2,14,1952,33.50411
44666,2,14,1953,33.77102
44666,2,14,1954,33.87438
44666,2,14,1955,33.86694
44666,2,14,1956,34.20333
44666,2,14,1957,34.15791
44666,2,14,1958,34.35154
44666,2,14,1959,34.42323
44666,2,14,1960,34.56667
44666,2,14,1961,34.31385
44666,2,14,1962,34.16796
44666,2,14,1963,34.43269
44666,2,14,1964,34.71917
44666,2,14,1965,34.83054
44666,2,14,1966,34.95076
44666,2,14,1967,34.88534
44666,2,14,1968,34.92263
44666,2,14,1969,34.69678
44666,2,14,1970,34.92511
44666,2,14,1971,34.935
44666,2,14,1972,34.70763
44666,2,14,1973,34.5681
44666,2,14,1974,34.76786
44666,2,14,1975,34.74041
44666,2,14,1976,34.59034
44666,2,14,1977,34.58144
44666,2,14,1978,34.31074
44666,2,14,1979,34.14754
44666,2,14,1980,34.01219
44666,2,14,1981,33.88834
44666,2,14,1982,33.80418
44666,2,14,1983,33.85259
44666,2,14,1984,33.99439
44666,2,14,1985,34.00703
44666,2,14,1986,34.13147
44666,2,14,1987,34.40414
44666,2,14,1988,34.39593
44666,2,14,1989,34.5197
44666,2,14,1990,34.72369
44666,2,14,1991,34.83697
44666,2,14,1992,34.91387
44666,2,14,1993,35.05658
44666,2,14,1994,35.56738
44666,2,14,1995,35.82672
44666,2,14,1996,35.77002
44666,2,14,1997,35.98839
44666,2,14,1998,36.20536
44666,2,14,1999,36.67452
44666,2,14,2000,37.13113
44666,2,14,2001,37.43869
44666,2,14,2002,37.6368
44666,2,14,2003,37.68262
44666,2,14,2004,37.9639
44666,2,14,2005,38.02351
44666,2,14,2006,38.13087
44666,2,14,2007,38.29364
44666,2,14,2008,38.38813
44666,2,14,2009,38.77926
44666,2,14,2010,38.81966
44666,2,14,2011,38.67581
44666,2,14,2012,38.47448
44666,2,14,2013,38.44078
44666,2,14,2014,38.32309
44666,2,14,2015,38.36906
44666,2,14,2016,38.53371
44666,2,14,2017,39.21593
44666,2,14,2018,39.36514
44666,2,14,2019,39.78534
44666,3,14,1950,30.621
44666,3,14,1951,30.52113
44666,3,14,1952,30.87452
44666,3,14,1953,31.10718
44666,3,14,1954,31.30081
44666,3,14,1955,31.18053
44666,3,14,1956,31.33759
44666,3,14,1957,31.56772
44666,3,14,1958,31.4262
44666,3,14,1959,31.60258
44666,3,14,1960,31.68141
44666,3,14,1961,31.43354
44666,3,14,1962,31.4306
44666,3,14,1963,31.30198
44666,3,14,1964,31.6996
44666,3,14,1965,31.60578
44666,3,14,1966,31.59967
44666,3,14,1967,31.85606
44666,3,14,1968,31.72841
44666,3,14,1969,31.46729
44666,3,14,1970,31.74841
44666,3,14,1971,31.74771
44666,3,14,1972,31.6481
44666,3,14,1973,31.75123
44666,3,14,1974,31.68
44666,3,14,1975,31.87879
44666,3,14,1976,31.77957
44666,3,14,1977,31.87261
44666,3,14,1978,31.48475
44666,3,14,1979,31.41928
44666,3,14,1980,31.38387
44666,3,14,1981,31.31072
44666,3,14,1982,31.24081
44666,3,14,1983,31.3248
44666,3,14,1984,31.52561
44666,3,14,1985,31.55591
44666,3,14,1986,31.64932
44666,3,14,1987,31.8331
44666,3,14,1988,31.9146
44666,3,14,1989,32.30627
44666,3,14,1990,32.45011
44666,3,14,1991,32.66164
44666,3,14,1992,32.91106
44666,3,14,1993,33.03216
44666,3,14,1994,33.47023
44666,3,14,1995,33.59205
44666,3,14,1996,33.75934
44666,3,14,1997,33.949
44666,3,14,1998,34.17336
44666,3,14,1999,34.45105
44666,3,14,2000,35.07768
44666,3,14,2001,35.52055
44666,3,14,2002,35.76646
44666,3,14,2003,35.91207
44666,3,14,2004,36.22703
44666,3,14,2005,36.4231
44666,3,14,2006,36.61083
44666,3,14,2007,36.7712
44666,3,14,2008,36.92852
44666,3,14,2009,37.28216
44666,3,14,2010,37.40008
44666,3,14,2011,37.36023
44666,3,14,2012,37.32031
44666,3,14,2013,37.27834
44666,3,14,2014,37.17733
44666,3,14,2015,37.20014
44666,3,14,2016,37.42846
44666,3,14,2017,37.74772
44666,3,14,2018,37.87476
44666,3,14,2019,38.11414
44667,1,14,1950,28.47204
44667,1,14,1951,28.3313
44667,1,14,1952,28.71476
44667,1,14,1953,29.26083
44667,1,14,1954,28.8461
44667,1,14,1955,28.88061
44667,1,14,1956,28.98683
44667,1,14,1957,29.06858
44667,1,14,1958,29.05997
44667,1,14,1959,29.22001
44667,1,14,1960,29.25994
44667,1,14,1961,28.95972
44667,1,14,1962,29.14064
44667,1,14,1963,28.95157
44667,1,14,1964,29.211
44667,1,14,1965,29.33556
44667,1,14,1966,29.2756
44667,1,14,1967,29.49392
44667,1,14,1968,29.19112
44667,1,14,1969,28.92613
44667,1,14,1970,29.19158
44667,1,14,1971,29.167
44667,1,14,1972,29.21737
44667,1,14,1973,29.24398
44667,1,14,1974,29.31793
44667,1,14,1975,29.19201
44667,1,14,1976,29.32057
44667,1,14,1977,29.26183
44667,1,14,1978,28.87989
44667,1,14,1979,28.44262
44667,1,14,1980,28.32358
44667,1,14,1981,28.15219
44667,1,14,1982,27.90715
44667,1,14,1983,28.09336
44667,1,14,1984,28.39846
44667,1,14,1985,28.30481
44667,1,14,1986,28.50137
44667,1,14,1987,28.83524
44667,1,14,1988,28.99283
44667,1,14,1989,29.27813
44667,1,14,1990,29.35034
44667,1,14,1991,29.62777
44667,1,14,1992,29.83464
44667,1,14,1993,29.8831
44667,1,14,1994,30.15294
44667,1,14,1995,30.11381
44667,1,14,1996,30.20035
44667,1,14,1997,30.49568
44667,1,14,1998,30.70901
44667,1,14,1999,30.81047
44667,1,14,2000,31.56985
44667,1,14,2001,31.82706
44667,1,14,2002,31.85321
44667,1,14,2003,32.04151
44667,1,14,2004,32.41862
44667,1,14,2005,32.74141
44667,1,14,2006,33.04505
44667,1,14,2007,33.35044
44667,1,14,2008,33.67465
44667,1,14,2009,33.93854
44667,1,14,2010,34.045
44667,1,14,2011,34.29458
44667,1,14,2012,34.94562
44667,1,14,2013,35.38685
44667,1,14,2014,35.40507
44667,1,14,2015,35.52012
44667,1,14,2016,35.44581
44667,1,14,2017,35.50872
44667,1,14,2018,35.78975
44667,1,14,2019,36.06407
44667,2,14,1950,32.44325
44667,2,14,1951,32.51468
44667,2,14,1952,33.03276
44667,2,14,1953,32.92704
44667,2,14,1954,33.27644
44667,2,14,1955,33.43263
44667,2,14,1956,33.52574
44667,2,14,1957,33.7083
44667,2,14,1958,33.83566
44667,2,14,1959,33.82725
44667,2,14,1960,33.91999
44667,2,14,1961,33.92871
44667,2,14,1962,33.92865
44667,2,14,1963,33.92495
44667,2,14,1964,34.06096
44667,2,14,1965,34.2303
44667,2,14,1966,34.29325
44667,2,14,1967,34.46911
44667,2,14,1968,34.25677
44667,2,14,1969,34.23236
44667,2,14,1970,34.50689
44667,2,14,1971,34.46821
44667,2,14,1972,34.53567
44667,2,14,1973,34.45097
44667,2,14,1974,34.37226
44667,2,14,1975,34.4383
44667,2,14,1976,34.334
44667,2,14,1977,34.27501
44667,2,14,1978,34.11054
44667,2,14,1979,33.91492
44667,2,14,1980,33.8453
44667,2,14,1981,33.66494
44667,2,14,1982,33.63273
44667,2,14,1983,33.72785
44667,2,14,1984,33.93672
44667,2,14,1985,33.8099
44667,2,14,1986,33.9151
44667,2,14,1987,34.29045
44667,2,14,1988,34.28084
44667,2,14,1989,34.40621
44667,2,14,1990,34.55797
44667,2,14,1991,34.65118
44667,2,14,1992,34.62239
44667,2,14,1993,34.64658
44667,2,14,1994,35.09274
44667,2,14,1995,35.25573
44667,2,14,1996,35.3486
44667,2,14,1997,35.384
44667,2,14,1998,35.42418
44667,2,14,1999,35.53361
44667,2,14,2000,35.98771
44667,2,14,2001,36.18302
44667,2,14,2002,36.28872
44667,2,14,2003,36.31261
44667,2,14,2004,36.63625
44667,2,14,2005,36.64341
44667,2,14,2006,36.75216
44667,2,14,2007,36.92606
44667,2,14,2008,37.084
44667,2,14,2009,37.48871
44667,2,14,2010,37.745
44667,2,14,2011,37.95035
44667,2,14,2012,37.82692
44667,2,14,2013,37.90349
44667,2,14,2014,37.97369
44667,2,14,2015,37.99223
44667,2,14,2016,38.09914
44667,2,14,2017,38.35892
44667,2,14,2018,38.58655
44667,2,14,2019,38.93652
44667,3,14,1950,29.64373
44667,3,14,1951,29.67588
44667,3,14,1952,30.08031
44667,3,14,1953,30.35083
44667,3,14,1954,30.39894
44667,3,14,1955,30.45131
44667,3,14,1956,30.58098
44667,3,14,1957,30.76375
44667,3,14,1958,30.6176
44667,3,14,1959,30.74657
44667,3,14,1960,30.95487
44667,3,14,1961,30.74549
44667,3,14,1962,30.63649
44667,3,14,1963,30.78343
44667,3,14,1964,31.02388
44667,3,14,1965,31.13066
44667,3,14,1966,31.07
44667,3,14,1967,31.30325
44667,3,14,1968,31.02672
44667,3,14,1969,30.93338
44667,3,14,1970,31.32483
44667,3,14,1971,31.32465
44667,3,14,1972,31.12503
44667,3,14,1973,31.21613
44667,3,14,1974,31.20407
44667,3,14,1975,31.32272
44667,3,14,1976,31.38383
44667,3,14,1977,31.47347
44667,3,14,1978,31.11132
44667,3,14,1979,30.87624
44667,3,14,1980,30.91426
44667,3,14,1981,30.8575
44667,3,14,1982,30.69324
44667,3,14,1983,30.84231
44667,3,14,1984,31.112
44667,3,14,1985,31.01217
44667,3,14,1986,31.14331
44667,3,14,1987,31.53434
44667,3,14,1988,31.59275
44667,3,14,1989,31.81544
44667,3,14,1990,31.92787
44667,3,14,1991,32.10338
44667,3,14,1992,32.18656
44667,3,14,1993,32.20011
44667,3,14,1994,32.55231
44667,3,14,1995,32.57563
44667,3,14,1996,32.63162
44667,3,14,1997,32.86764
44667,3,14,1998,32.96873
44667,3,14,1999,33.06294
44667,3,14,2000,33.69557
44667,3,14,2001,33.94677
44667,3,14,2002,33.97319
44667,3,14,2003,34.06606
44667,3,14,2004,34.43566
44667,3,14,2005,34.61901
44667,3,14,2006,34.80237
44667,3,14,2007,35.06542
44667,3,14,2008,35.31156
44667,3,14,2009,35.61853
44667,3,14,2010,35.77637
44667,3,14,2011,36.03755
44667,3,14,2012,36.31135
44667,3,14,2013,36.5339
44667,3,14,2014,36.58635
44667,3,14,2015,36.59518
44667,3,14,2016,36.64706
44667,3,14,2017,36.80379
44667,3,14,2018,36.94298
44667,3,14,2019,37.16038
44668,1,14,1950,28.47964
44668,1,14,1951,28.50184
44668,1,14,1952,28.71902
44668,1,14,1953,29.08512
44668,1,14,1954,29.20357
44668,1,14,1955,29.28737
44668,1,14,1956,29.14864
44668,1,14,1957,29.11919
44668,1,14,1958,29.34151
44668,1,14,1959,29.1323
44668,1,14,1960,29.39236
44668,1,14,1961,29.27718
44668,1,14,1962,29.22229
44668,1,14,1963,29.19305
44668,1,14,1964,29.29107
44668,1,14,1965,29.19081
44668,1,14,1966,29.31699
44668,1,14,1967,29.39903
44668,1,14,1968,29.38766
44668,1,14,1969,29.17181
44668,1,14,1970,29.35272
44668,1,14,1971,29.38609
44668,1,14,1972,29.34012
44668,1,14,1973,29.23735
44668,1,14,1974,29.44133
44668,1,14,1975,29.38358
44668,1,14,1976,29.20946
44668,1,14,1977,29.26037
44668,1,14,1978,28.8785
44668,1,14,1979,28.56539
44668,1,14,1980,28.49846
44668,1,14,1981,28.31667
44668,1,14,1982,28.19284
44668,1,14,1983,28.33
44668,1,14,1984,28.45715
44668,1,14,1985,28.59345
44668,1,14,1986,28.97258
44668,1,14,1987,29.19461
44668,1,14,1988,29.25777
44668,1,14,1989,29.55437
44668,1,14,1990,29.39318
44668,1,14,1991,29.45129
44668,1,14,1992,29.4428
44668,1,14,1993,29.51524
44668,1,14,1994,30.13429
44668,1,14,1995,30.48253
44668,1,14,1996,30.5279
44668,1,14,1997,30.72989
44668,1,14,1998,31.00464
44668,1,14,1999,31.58798
44668,1,14,2000,31.97854
44668,1,14,2001,32.13217
44668,1,14,2002,32.04855
44668,1,14,2003,32.22048
44668,1,14,2004,32.57164
44668,1,14,2005,32.72331
44668,1,14,2006,32.9762
44668,1,14,2007,33.06772
44668,1,14,2008,33.25073
44668,1,14,2009,33.49265
44668,1,14,2010,33.90039
44668,1,14,2011,34.31173
44668,1,14,2012,34.64109
44668,1,14,2013,34.8934
44668,1,14,2014,34.8765
44668,1,14,2015,34.99783
44668,1,14,2016,34.88393
44668,1,14,2017,35.025
44668,1,14,2018,35.41892
44668,1,14,2019,35.64838
44668,2,14,1950,32.35685
44668,2,14,1951,32.46682
44668,2,14,1952,32.93234
44668,2,14,1953,33.13033
44668,2,14,1954,33.414
44668,2,14,1955,33.5316
44668,2,14,1956,33.56289
44668,2,14,1957,33.71786
44668,2,14,1958,33.76411
44668,2,14,1959,33.78954
44668,2,14,1960,34.13628
44668,2,14,1961,33.9882
44668,2,14,1962,33.91035
44668,2,14,1963,34.04036
44668,2,14,1964,34.39837
44668,2,14,1965,34.57558
44668,2,14,1966,34.5239
44668,2,14,1967,34.69825
44668,2,14,1968,34.4748
44668,2,14,1969,34.47826
44668,2,14,1970,34.61901
44668,2,14,1971,34.68556
44668,2,14,1972,34.46672
44668,2,14,1973,34.64924
44668,2,14,1974,34.58202
44668,2,14,1975,34.66992
44668,2,14,1976,34.55598
44668,2,14,1977,34.52556
44668,2,14,1978,34.35371
44668,2,14,1979,34.22024
44668,2,14,1980,34.0946
44668,2,14,1981,33.95109
44668,2,14,1982,33.85282
44668,2,14,1983,33.87178
44668,2,14,1984,33.9972
44668,2,14,1985,33.72875
44668,2,14,1986,33.71737
44668,2,14,1987,33.78028
44668,2,14,1988,33.74123
44668,2,14,1989,33.7121
44668,2,14,1990,33.74922
44668,2,14,1991,33.80208
44668,2,14,1992,33.85043
44668,2,14,1993,33.79435
44668,2,14,1994,34.19953
44668,2,14,1995,34.30122
44668,2,14,1996,34.45585
44668,2,14,1997,34.7409
44668,2,14,1998,34.91421
44668,2,14,1999,35.17022
44668,2,14,2000,35.63996
44668,2,14,2001,35.87803
44668,2,14,2002,35.89301
44668,2,14,2003,35.87981
44668,2,14,2004,36.17568
44668,2,14,2005,36.33904
44668,2,14,2006,36.55527
44668,2,14,2007,36.79367
44668,2,14,2008,36.94126
44668,2,14,2009,37.25855
44668,2,14,2010,37.35937
44668,2,14,2011,37.43641
44668,2,14,2012,37.21564
44668,2,14,2013,37.25017
44668,2,14,2014,37.1955
44668,2,14,2015,37.12002
44668,2,14,2016,37.29004
44668,2,14,2017,37.54344
44668,2,14,2018,37.77409
44668,2,14,2019,38.24091
44668,3,14,1950,29.84351
44668,3,14,1951,29.7542
44668,3,14,1952,30.17538
44668,3,14,1953,30.48871
44668,3,14,1954,30.78265
44668,3,14,1955,30.56054
44668,3,14,1956,30.54963
44668,3,14,1957,30.66877
44668,3,14,1958,30.96204
44668,3,14,1959,30.93645
44668,3,14,1960,31.04819
44668,3,14,1961,30.9155
44668,3,14,1962,30.81265
44668,3,14,1963,30.87497
44668,3,14,1964,31.04192
44668,3,14,1965,31.12343
44668,3,14,1966,31.28296
44668,3,14,1967,31.50913
44668,3,14,1968,31.36858
44668,3,14,1969,31.22601
44668,3,14,1970,31.3802
44668,3,14,1971,31.39822
44668,3,14,1972,31.42424
44668,3,14,1973,31.478
44668,3,14,1974,31.477
44668,3,14,1975,31.56723
44668,3,14,1976,31.3886
44668,3,14,1977,31.39684
44668,3,14,1978,31.25766
44668,3,14,1979,30.99243
44668,3,14,1980,31.07427
44668,3,14,1981,31.0296
44668,3,14,1982,30.93614
44668,3,14,1983,31.02878
44668,3,14,1984,31.15607
44668,3,14,1985,31.16304
44668,3,14,1986,31.31489
44668,3,14,1987,31.4673
44668,3,14,1988,31.47846
44668,3,14,1989,31.58712
44668,3,14,1990,31.55858
44668,3,14,1991,31.5522
44668,3,14,1992,31.62109
44668,3,14,1993,31.59198
44668,3,14,1994,32.10786
44668,3,14,1995,32.33046
44668,3,14,1996,32.43213
44668,3,14,1997,32.64817
44668,3,14,1998,32.8608
44668,3,14,1999,33.2856
44668,3,14,2000,33.73612
44668,3,14,2001,33.92788
44668,3,14,2002,33.8705
44668,3,14,2003,33.95713
44668,3,14,2004,34.26367
44668,3,14,2005,34.41392
44668,3,14,2006,34.69556
44668,3,14,2007,34.80676
44668,3,14,2008,34.9811
44668,3,14,2009,35.25729
44668,3,14,2010,35.50045
44668,3,14,2011,35.75757
44668,3,14,2012,35.83166
44668,3,14,2013,35.95387
44668,3,14,2014,35.92091
44668,3,14,2015,35.93279
44668,3,14,2016,35.93264
44668,3,14,2017,36.06211
44668,3,14,2018,36.31041
44668,3,14,2019,36.52488
44669,1,14,1950,28.77106
44669,1,14,1951,28.58584
44669,1,14,1952,28.84955
44669,1,14,1953,29.30965
44669,1,14,1954,29.26581
44669,1,14,1955,29.28585
44669,1,14,1956,29.49009
44669,1,14,1957,29.31833
44669,1,14,1958,29.42892
44669,1,14,1959,29.27663
44669,1,14,1960,29.14878
44669,1,14,1961,29.01901
44669,1,14,1962,29.18779
44669,1,14,1963,29.12712
44669,1,14,1964,29.36331
44669,1,14,1965,29.18801
44669,1,14,1966,29.10727
44669,1,14,1967,29.52415
44669,1,14,1968,29.33078
44669,1,14,1969,29.26502
44669,1,14,1970,29.16315
44669,1,14,1971,29.26901
44669,1,14,1972,29.1125
44669,1,14,1973,29.18966
44669,1,14,1974,29.22711
44669,1,14,1975,29.03107
44669,1,14,1976,29.0555
44669,1,14,1977,29.10874
44669,1,14,1978,28.81481
44669,1,14,1979,28.50657
44669,1,14,1980,28.13336
44669,1,14,1981,27.89872
44669,1,14,1982,27.62413
44669,1,14,1983,27.7355
44669,1,14,1984,28.00048
44669,1,14,1985,28.08644
44669,1,14,1986,28.39587
44669,1,14,1987,28.72915
44669,1,14,1988,28.69812
44669,1,14,1989,29.14244
44669,1,14,1990,29.40195
44669,1,14,1991,29.89292
44669,1,14,1992,30.45826
44669,1,14,1993,30.81721
44669,1,14,1994,31.03434
44669,1,14,1995,30.99973
44669,1,14,1996,31.17047
44669,1,14,1997,31.76796
44669,1,14,1998,31.73682
44669,1,14,1999,31.55151
44669,1,14,2000,31.86109
44669,1,14,2001,31.89798
44669,1,14,2002,31.81735
44669,1,14,2003,31.98426
44669,1,14,2004,32.4782
44669,1,14,2005,32.61604
44669,1,14,2006,32.72771
44669,1,14,2007,32.7972
44669,1,14,2008,33.41235
44669,1,14,2009,33.85594
44669,1,14,2010,34.21738
44669,1,14,2011,34.76012
44669,1,14,2012,35.01999
44669,1,14,2013,35.06204
44669,1,14,2014,35.02196
44669,1,14,2015,35.06412
44669,1,14,2016,35.08837
44669,1,14,2017,35.35193
44669,1,14,2018,35.74007
44669,1,14,2019,36.0098
44669,2,14,1950,32.56126
44669,2,14,1951,32.49081
44669,2,14,1952,33.09056
44669,2,14,1953,33.40288
44669,2,14,1954,33.64021
44669,2,14,1955,33.63121
44669,2,14,1956,33.92729
44669,2,14,1957,33.85303
44669,2,14,1958,34.01489
44669,2,14,1959,34.01648
44669,2,14,1960,34.0736
44669,2,14,1961,33.98072
44669,2,14,1962,33.97485
44669,2,14,1963,34.05982
44669,2,14,1964,34.55697
44669,2,14,1965,34.44863
44669,2,14,1966,34.45092
44669,2,14,1967,34.61645
44669,2,14,1968,34.44778
44669,2,14,1969,34.63449
44669,2,14,1970,34.69637
44669,2,14,1971,34.64664
44669,2,14,1972,34.42384
44669,2,14,1973,34.47772
44669,2,14,1974,34.57924
44669,2,14,1975,34.52506
44669,2,14,1976,34.43665
44669,2,14,1977,34.48859
44669,2,14,1978,34.25638
44669,2,14,1979,34.00328
44669,2,14,1980,33.86964
44669,2,14,1981,33.71599
44669,2,14,1982,33.69047
44669,2,14,1983,33.81118
44669,2,14,1984,33.96384
44669,2,14,1985,33.83009
44669,2,14,1986,33.91293
44669,2,14,1987,34.25075
44669,2,14,1988,34.26034
44669,2,14,1989,34.33776
44669,2,14,1990,34.59551
44669,2,14,1991,34.62402
44669,2,14,1992,34.44519
44669,2,14,1993,34.49099
44669,2,14,1994,34.86966
44669,2,14,1995,34.816
44669,2,14,1996,34.72377
44669,2,14,1997,34.86497
44669,2,14,1998,34.94707
44669,2,14,1999,35.04218
44669,2,14,2000,35.8883
44669,2,14,2001,36.37831
44669,2,14,2002,36.61578
44669,2,14,2003,36.77541
44669,2,14,2004,37.20968
44669,2,14,2005,37.27489
44669,2,14,2006,37.36606
44669,2,14,2007,37.44603
44669,2,14,2008,37.54779
44669,2,14,2009,37.8356
44669,2,14,2010,37.85218
44669,2,14,2011,37.97789
44669,2,14,2012,37.85892
44669,2,14,2013,38.00025
44669,2,14,2014,38.05648
44669,2,14,2015,38.03002
44669,2,14,2016,38.21512
44669,2,14,2017,38.48311
44669,2,14,2018,38.70927
44669,2,14,2019,39.02376
44669,3,14,1950,29.78284
44669,3,14,1951,29.55116
44669,3,14,1952,30.19085
44669,3,14,1953,30.48265
44669,3,14,1954,30.84917
44669,3,14,1955,30.46368
44669,3,14,1956,30.88149
44669,3,14,1957,30.66497
44669,3,14,1958,30.77362
44669,3,14,1959,30.84809
44669,3,14,1960,30.90698
44669,3,14,1961,30.76115
44669,3,14,1962,30.83294
44669,3,14,1963,30.90125
44669,3,14,1964,31.02226
44669,3,14,1965,31.03644
44669,3,14,1966,31.0473
44669,3,14,1967,31.43329
44669,3,14,1968,31.13756
44669,3,14,1969,31.03386
44669,3,14,1970,31.17988
44669,3,14,1971,31.33068
44669,3,14,1972,31.04456
44669,3,14,1973,31.27522
44669,3,14,1974,31.16645
44669,3,14,1975,31.23487
44669,3,14,1976,31.34168
44669,3,14,1977,31.31803
44669,3,14,1978,31.11296
44669,3,14,1979,30.88261
44669,3,14,1980,30.87004
44669,3,14,1981,30.74519
44669,3,14,1982,30.57368
44669,3,14,1983,30.71588
44669,3,14,1984,30.909
44669,3,14,1985,30.90046
44669,3,14,1986,31.12476
44669,3,14,1987,31.47018
44669,3,14,1988,31.44161
44669,3,14,1989,31.73539
44669,3,14,1990,31.96374
44669,3,14,1991,32.25277
44669,3,14,1992,32.46789
44669,3,14,1993,32.64521
44669,3,14,1994,32.94664
44669,3,14,1995,32.89444
44669,3,14,1996,32.94732
44669,3,14,1997,33.29701
44669,3,14,1998,33.34089
44669,3,14,1999,33.25508
44669,3,14,2000,33.82387
44669,3,14,2001,34.07268
44669,3,14,2002,34.14065
44669,3,14,2003,34.30422
44669,3,14,2004,34.73718
44669,3,14,2005,34.85125
44669,3,14,2006,34.95274
44669,3,14,2007,35.00661
44669,3,14,2008,35.40385
44669,3,14,2009,35.74081
44669,3,14,2010,35.96325
44669,3,14,2011,36.25724
44669,3,14,2012,36.3458
44669,3,14,2013,36.42597
44669,3,14,2014,36.41709
44669,3,14,2015,36.40525
44669,3,14,2016,36.51137
44669,3,14,2017,36.72569
44669,3,14,2018,36.93584
44669,3,14,2019,37.13314
44670,1,14,1950,29.02719
44670,1,14,1951,28.73535
44670,1,14,1952,29.11125
44670,1,14,1953,29.1386
44670,1,14,1954,29.21382
44670,1,14,1955,29.31868
44670,1,14,1956,29.3089
44670,1,14,1957,29.31066
44670,1,14,1958,29.27683
44670,1,14,1959,29.35877
44670,1,14,1960,29.40466
44670,1,14,1961,29.29405
44670,1,14,1962,29.12769
44670,1,14,1963,29.37782
44670,1,14,1964,29.21406
44670,1,14,1965,29.36826
44670,1,14,1966,29.45702
44670,1,14,1967,29.57513
44670,1,14,1968,29.31456
44670,1,14,1969,28.9755
44670,1,14,1970,29.26469
44670,1,14,1971,29.279
44670,1,14,1972,29.12534
44670,1,14,1973,29.2158
44670,1,14,1974,29.24715
44670,1,14,1975,29.24352
44670,1,14,1976,29.21376
44670,1,14,1977,29.21755
44670,1,14,1978,28.82074
44670,1,14,1979,28.52544
44670,1,14,1980,28.25576
44670,1,14,1981,28.18948
44670,1,14,1982,28.01306
44670,1,14,1983,28.33494
44670,1,14,1984,28.75553
44670,1,14,1985,28.80175
44670,1,14,1986,28.86078
44670,1,14,1987,29.07481
44670,1,14,1988,29.44712
44670,1,14,1989,29.76064
44670,1,14,1990,29.78715
44670,1,14,1991,30.00833
44670,1,14,1992,30.34459
44670,1,14,1993,30.34331
44670,1,14,1994,30.5881
44670,1,14,1995,30.61371
44670,1,14,1996,30.86073
44670,1,14,1997,31.09913
44670,1,14,1998,31.2717
44670,1,14,1999,31.24632
44670,1,14,2000,31.64782
44670,1,14,2001,31.92326
44670,1,14,2002,31.96654
44670,1,14,2003,32.17152
44670,1,14,2004,32.50517
44670,1,14,2005,32.91378
44670,1,14,2006,33.35632
44670,1,14,2007,33.77239
44670,1,14,2008,34.19313
44670,1,14,2009,34.56744
44670,1,14,2010,34.85309
44670,1,14,2011,35.06411
44670,1,14,2012,35.16192
44670,1,14,2013,35.08108
44670,1,14,2014,34.94853
44670,1,14,2015,35.02665
44670,1,14,2016,35.1782
44670,1,14,2017,35.1299
44670,1,14,2018,35.31838
44670,1,14,2019,35.62678
44670,2,14,1950,32.31621
44670,2,14,1951,32.26522
44670,2,14,1952,32.85662
44670,2,14,1953,33.07544
44670,2,14,1954,33.10052
44670,2,14,1955,33.20094
44670,2,14,1956,33.35074
44670,2,14,1957,33.29771
44670,2,14,1958,33.66213
44670,2,14,1959,33.73227
44670,2,14,1960,33.75539
44670,2,14,1961,33.57902
44670,2,14,1962,33.67557
44670,2,14,1963,33.77809
44670,2,14,1964,34.18789
44670,2,14,1965,34.17336
44670,2,14,1966,34.0648
44670,2,14,1967,34.0632
44670,2,14,1968,34.11445
44670,2,14,1969,33.85244
44670,2,14,1970,34.13276
44670,2,14,1971,34.07837
44670,2,14,1972,33.95281
44670,2,14,1973,34.09185
44670,2,14,1974,33.92607
44670,2,14,1975,34.00646
44670,2,14,1976,33.84883
44670,2,14,1977,33.79093
44670,2,14,1978,33.65931
44670,2,14,1979,33.4539
44670,2,14,1980,33.30792
44670,2,14,1981,33.13565
44670,2,14,1982,33.03531
44670,2,14,1983,33.08414
44670,2,14,1984,33.34151
44670,2,14,1985,33.29093
44670,2,14,1986,33.42834
44670,2,14,1987,33.71734
44670,2,14,1988,33.82412
44670,2,14,1989,34.01533
44670,2,14,1990,34.35676
44670,2,14,1991,34.59408
44670,2,14,1992,34.70919
44670,2,14,1993,34.66537
44670,2,14,1994,35.00523
44670,2,14,1995,35.0181
44670,2,14,1996,34.96744
44670,2,14,1997,35.033
44670,2,14,1998,34.96228
44670,2,14,1999,35.07621
44670,2,14,2000,35.47272
44670,2,14,2001,35.64806
44670,2,14,2002,35.59959
44670,2,14,2003,35.5953
44670,2,14,2004,35.89582
44670,2,14,2005,36.03577
44670,2,14,2006,36.322
44670,2,14,2007,36.59404
44670,2,14,2008,36.83672
44670,2,14,2009,37.29049
44670,2,14,2010,37.53553
44670,2,14,2011,37.81037
44670,2,14,2012,37.75574
44670,2,14,2013,37.98782
44670,2,14,2014,38.13755
44670,2,14,2015,38.15122
44670,2,14,2016,38.34132
44670,2,14,2017,38.59518
44670,2,14,2018,38.81949
44670,2,14,2019,39.24533
44670,3,14,1950,29.81292
44670,3,14,1951,29.72897
44670,3,14,1952,30.11986
44670,3,14,1953,30.44561
44670,3,14,1954,30.4533
44670,3,14,1955,30.5152
44670,3,14,1956,30.53695
44670,3,14,1957,30.52337
44670,3,14,1958,30.64516
44670,3,14,1959,30.53475
44670,3,14,1960,30.6619
44670,3,14,1961,30.55812
44670,3,14,1962,30.69658
44670,3,14,1963,30.63586
44670,3,14,1964,30.79452
44670,3,14,1965,31.00457
44670,3,14,1966,30.76951
44670,3,14,1967,31.0241
44670,3,14,1968,30.93144
44670,3,14,1969,30.6297
44670,3,14,1970,30.90144
44670,3,14,1971,30.95299
44670,3,14,1972,30.93786
44670,3,14,1973,30.99685
44670,3,14,1974,30.8259
44670,3,14,1975,31.12334
44670,3,14,1976,30.98329
44670,3,14,1977,31.09378
44670,3,14,1978,30.85626
44670,3,14,1979,30.60025
44670,3,14,1980,30.58412
44670,3,14,1981,30.58186
44670,3,14,1982,30.44515
44670,3,14,1983,30.62059
44670,3,14,1984,30.97956
44670,3,14,1985,30.97976
44670,3,14,1986,31.08844
44670,3,14,1987,31.35236
44670,3,14,1988,31.54914
44670,3,14,1989,31.80542
44670,3,14,1990,31.99621
44670,3,14,1991,32.20155
44670,3,14,1992,32.43321
44670,3,14,1993,32.4304
44670,3,14,1994,32.70113
44670,3,14,1995,32.71724
44670,3,14,1996,32.80492
44670,3,14,1997,32.97077
44670,3,14,1998,33.01931
44670,3,14,1999,33.03955
44670,3,14,2000,33.42621
44670,3,14,2001,33.66556
44670,3,14,2002,33.69743
44670,3,14,2003,33.74927
44670,3,14,2004,34.09573
44670,3,14,2005,34.36801
44670,3,14,2006,34.74773
44670,3,14,2007,35.07489
44670,3,14,2008,35.41114
44670,3,14,2009,35.78376
44670,3,14,2010,36.06315
44670,3,14,2011,36.33245
44670,3,14,2012,36.35925
44670,3,14,2013,36.43791
44670,3,14,2014,36.39649
44670,3,14,2015,36.44954
44670,3,14,2016,36.59694
44670,3,14,2017,36.63198
44670,3,14,2018,36.75928
44670,3,14,2019,37.09233
44671,1,14,1950,27.844
44671,1,14,1951,27.65762
44671,1,14,1952,27.84087
44671,1,14,1953,28.40645
44671,1,14,1954,28.34171
44671,1,14,1955,28.19363
44671,1,14,1956,28.44232
44671,1,14,1957,28.32638
44671,1,14,1958,28.78533
44671,1,14,1959,28.46675
44671,1,14,1960,28.60834
44671,1,14,1961,28.56155
44671,1,14,1962,28.49147
44671,1,14,1963,28.48316
44671,1,14,1964,28.43246
44671,1,14,1965,28.60444
44671,1,14,1966,28.42283
44671,1,14,1967,28.73541
44671,1,14,1968,28.67939
44671,1,14,1969,28.45466
44671,1,14,1970,28.62616
44671,1,14,1971,28.61316
44671,1,14,1972,28.39334
44671,1,14,1973,28.47543
44671,1,14,1974,28.43699
44671,1,14,1975,28.41968
44671,1,14,1976,28.36133
44671,1,14,1977,28.31818
44671,1,14,1978,28.13112
44671,1,14,1979,27.76286
44671,1,14,1980,27.80332
44671,1,14,1981,27.63166
44671,1,14,1982,27.52514
44671,1,14,1983,27.4542
44671,1,14,1984,27.73124
44671,1,14,1985,27.58399
44671,1,14,1986,27.83024
44671,1,14,1987,28.14868
44671,1,14,1988,28.20986
44671,1,14,1989,28.59698
44671,1,14,1990,28.59852
44671,1,14,1991,28.71902
44671,1,14,1992,28.87358
44671,1,14,1993,28.9278
44671,1,14,1994,29.10979
44671,1,14,1995,28.95755
44671,1,14,1996,29.10152
44671,1,14,1997,29.35022
44671,1,14,1998,29.68233
44671,1,14,1999,29.78642
44671,1,14,2000,30.28899
44671,1,14,2001,30.63987
44671,1,14,2002,30.88023
44671,1,14,2003,31.09464
44671,1,14,2004,31.35923
44671,1,14,2005,31.52898
44671,1,14,2006,31.96567
44671,1,14,2007,32.28632
44671,1,14,2008,32.61002
44671,1,14,2009,32.77188
44671,1,14,2010,33.10555
44671,1,14,2011,33.29757
44671,1,14,2012,33.45842
44671,1,14,2013,33.54685
44671,1,14,2014,33.56039
44671,1,14,2015,33.57613
44671,1,14,2016,33.38967
44671,1,14,2017,33.47628
44671,1,14,2018,33.9202
44671,1,14,2019,34.16117
44671,2,14,1950,31.7456
44671,2,14,1951,31.6991
44671,2,14,1952,32.44293
44671,2,14,1953,32.74015
44671,2,14,1954,32.77299
44671,2,14,1955,33.0011
44671,2,14,1956,32.90202
44671,2,14,1957,33.09448
44671,2,14,1958,33.14764
44671,2,14,1959,33.18215
44671,2,14,1960,33.29203
44671,2,14,1961,33.07545
44671,2,14,1962,33.13012
44671,2,14,1963,33.20826
44671,2,14,1964,33.45436
44671,2,14,1965,33.66944
44671,2,14,1966,33.58393
44671,2,14,1967,33.52416
44671,2,14,1968,33.52945
44671,2,14,1969,33.23583
44671,2,14,1970,33.39645
44671,2,14,1971,33.62576
44671,2,14,1972,33.06383
44671,2,14,1973,33.41701
44671,2,14,1974,33.24271
44671,2,14,1975,33.28526
44671,2,14,1976,33.04825
44671,2,14,1977,33.24061
44671,2,14,1978,33.12546
44671,2,14,1979,32.8399
44671,2,14,1980,32.9798
44671,2,14,1981,32.82233
44671,2,14,1982,32.81299
44671,2,14,1983,32.95996
44671,2,14,1984,33.24436
44671,2,14,1985,33.20202
44671,2,14,1986,33.26181
44671,2,14,1987,33.49224
44671,2,14,1988,33.47422
44671,2,14,1989,33.52556
44671,2,14,1990,33.72388
44671,2,14,1991,33.89141
44671,2,14,1992,33.9273
44671,2,14,1993,33.89882
44671,2,14,1994,34.12188
44671,2,14,1995,34.14236
44671,2,14,1996,33.97605
44671,2,14,1997,34.00415
44671,2,14,1998,33.89645
44671,2,14,1999,33.93964
44671,2,14,2000,34.28244
44671,2,14,2001,34.55233
44671,2,14,2002,34.80124
44671,2,14,2003,34.97592
44671,2,14,2004,35.40408
44671,2,14,2005,35.63124
44671,2,14,2006,35.95056
44671,2,14,2007,36.1701
44671,2,14,2008,36.26501
44671,2,14,2009,36.54505
44671,2,14,2010,36.74314
44671,2,14,2011,37.01445
44671,2,14,2012,36.98848
44671,2,14,2013,37.15607
44671,2,14,2014,37.12764
44671,2,14,2015,36.91817
44671,2,14,2016,36.82247
44671,2,14,2017,37.21398
44671,2,14,2018,37.54451
44671,2,14,2019,37.96404
44671,3,14,1950,29.26576
44671,3,14,1951,29.0929
44671,3,14,1952,29.38475
44671,3,14,1953,29.97803
44671,3,14,1954,29.90944
44671,3,14,1955,29.852
44671,3,14,1956,30.12645
44671,3,14,1957,30.05407
44671,3,14,1958,30.11781
44671,3,14,1959,30.29309
44671,3,14,1960,30.30885
44671,3,14,1961,30.24612
44671,3,14,1962,30.13105
44671,3,14,1963,30.17068
44671,3,14,1964,30.4032
44671,3,14,1965,30.48392
44671,3,14,1966,30.44841
44671,3,14,1967,30.67722
44671,3,14,1968,30.48625
44671,3,14,1969,30.33377
44671,3,14,1970,30.39683
44671,3,14,1971,30.50521
44671,3,14,1972,30.35592
44671,3,14,1973,30.25592
44671,3,14,1974,30.34208
44671,3,14,1975,30.34907
44671,3,14,1976,30.33407
44671,3,14,1977,30.40458
44671,3,14,1978,30.34858
44671,3,14,1979,30.11735
44671,3,14,1980,30.29009
44671,3,14,1981,30.28343
44671,3,14,1982,30.23296
44671,3,14,1983,30.25446
44671,3,14,1984,30.53447
44671,3,14,1985,30.42583
44671,3,14,1986,30.58527
44671,3,14,1987,30.82347
44671,3,14,1988,30.82707
44671,3,14,1989,31.0685
44671,3,14,1990,31.15599
44671,3,14,1991,31.30003
44671,3,14,1992,31.38763
44671,3,14,1993,31.38313
44671,3,14,1994,31.58623
44671,3,14,1995,31.48911
44671,3,14,1996,31.49513
44671,3,14,1997,31.63493
44671,3,14,1998,31.74459
44671,3,14,1999,31.81368
44671,3,14,2000,32.23422
44671,3,14,2001,32.54636
44671,3,14,2002,32.77944
44671,3,14,2003,32.9485
44671,3,14,2004,33.3114
44671,3,14,2005,33.51554
44671,3,14,2006,33.87632
44671,3,14,2007,34.14092
44671,3,14,2008,34.38396
44671,3,14,2009,34.57587
44671,3,14,2010,34.85861
44671,3,14,2011,35.10006
44671,3,14,2012,35.12334
44671,3,14,2013,35.24989
44671,3,14,2014,35.24621
44671,3,14,2015,35.14675
44671,3,14,2016,34.98425
44671,3,14,2017,35.1869
44671,3,14,2018,35.51504
44671,3,14,2019,35.66266
44672,1,14,1950,28.78862
44672,1,14,1951,28.57852
44672,1,14,1952,28.69278
44672,1,14,1953,29.12401
44672,1,14,1954,29.05406
44672,1,14,1955,29.26477
44672,1,14,1956,29.16292
44672,1,14,1957,29.25686
44672,1,14,1958,29.54952
44672,1,14,1959,29.47224
44672,1,14,1960,29.34822
44672,1,14,1961,29.4906
44672,1,14,1962,29.56178
44672,1,14,1963,29.21591
44672,1,14,1964,29.46267
44672,1,14,1965,29.56976
44672,1,14,1966,29.51632
44672,1,14,1967,29.78929
44672,1,14,1968,29.48143
44672,1,14,1969,29.20634
44672,1,14,1970,29.4439
44672,1,14,1971,29.61689
44672,1,14,1972,29.45334
44672,1,14,1973,29.55248
44672,1,14,1974,29.7396
44672,1,14,1975,29.47569
44672,1,14,1976,29.49684
44672,1,14,1977,29.68867
44672,1,14,1978,29.22963
44672,1,14,1979,28.93425
44672,1,14,1980,28.71686
44672,1,14,1981,28.46342
44672,1,14,1982,28.20599
44672,1,14,1983,28.30775
44672,1,14,1984,28.54859
44672,1,14,1985,28.52559
44672,1,14,1986,28.84579
44672,1,14,1987,29.1208
44672,1,14,1988,29.30633
44672,1,14,1989,29.64392
44672,1,14,1990,29.5762
44672,1,14,1991,29.57446
44672,1,14,1992,29.70625
44672,1,14,1993,29.84113
44672,1,14,1994,30.01242
44672,1,14,1995,30.05439
44672,1,14,1996,30.34846
44672,1,14,1997,30.59381
44672,1,14,1998,30.63643
44672,1,14,1999,30.66818
44672,1,14,2000,31.0791
44672,1,14,2001,31.43192
44672,1,14,2002,31.65324
44672,1,14,2003,31.97992
44672,1,14,2004,32.34021
44672,1,14,2005,32.76806
44672,1,14,2006,33.20872
44672,1,14,2007,33.37854
44672,1,14,2008,33.63311
44672,1,14,2009,33.80942
44672,1,14,2010,34.04151
44672,1,14,2011,34.32196
44672,1,14,2012,34.58273
44672,1,14,2013,34.79458
44672,1,14,2014,34.9942
44672,1,14,2015,35.32567
44672,1,14,2016,35.85607
44672,1,14,2017,36.02831
44672,1,14,2018,36.43605
44672,1,14,2019,36.7859
44672,2,14,1950,32.28271
44672,2,14,1951,32.34245
44672,2,14,1952,32.89615
44672,2,14,1953,33.09731
44672,2,14,1954,33.36874
44672,2,14,1955,33.38253
44672,2,14,1956,33.55559
44672,2,14,1957,33.53556
44672,2,14,1958,33.64404
44672,2,14,1959,33.79524
44672,2,14,1960,33.84464
44672,2,14,1961,33.71015
44672,2,14,1962,33.84211
44672,2,14,1963,33.90193
44672,2,14,1964,33.99332
44672,2,14,1965,34.09584
44672,2,14,1966,34.2126
44672,2,14,1967,34.35084
44672,2,14,1968,34.17217
44672,2,14,1969,34.24287
44672,2,14,1970,34.27639
44672,2,14,1971,34.28085
44672,2,14,1972,34.26004
44672,2,14,1973,34.09151
44672,2,14,1974,34.20521
44672,2,14,1975,34.12705
44672,2,14,1976,33.92574
44672,2,14,1977,34.11008
44672,2,14,1978,33.84869
44672,2,14,1979,33.6887
44672,2,14,1980,33.49324
44672,2,14,1981,33.3734
44672,2,14,1982,33.29994
44672,2,14,1983,33.35764
44672,2,14,1984,33.70267
44672,2,14,1985,33.80909
44672,2,14,1986,33.92161
44672,2,14,1987,34.18543
44672,2,14,1988,34.03683
44672,2,14,1989,34.01092
44672,2,14,1990,34.23183
44672,2,14,1991,34.49872
44672,2,14,1992,34.66614
44672,2,14,1993,34.76042
44672,2,14,1994,35.24142
44672,2,14,1995,35.42634
44672,2,14,1996,35.5875
44672,2,14,1997,35.72891
44672,2,14,1998,35.69703
44672,2,14,1999,35.74753
44672,2,14,2000,36.10314
44672,2,14,2001,36.35318
44672,2,14,2002,36.3519
44672,2,14,2003,36.35776
44672,2,14,2004,36.7077
44672,2,14,2005,36.84256
44672,2,14,2006,36.99862
44672,2,14,2007,37.1513
44672,2,14,2008,37.26622
44672,2,14,2009,37.59678
44672,2,14,2010,37.78321
44672,2,14,2011,37.99012
44672,2,14,2012,37.8865
44672,2,14,2013,38.01567
44672,2,14,2014,38.10018
44672,2,14,2015,38.12685
44672,2,14,2016,38.33302
44672,2,14,2017,38.5725
44672,2,14,2018,38.85757
44672,2,14,2019,39.21387
44672,3,14,1950,29.87774
44672,3,14,1951,29.76473
44672,3,14,1952,30.19124
44672,3,14,1953,30.54865
44672,3,14,1954,30.66471
44672,3,14,1955,30.58389
44672,3,14,1956,30.82707
44672,3,14,1957,30.69369
44672,3,14,1958,30.8155
44672,3,14,1959,30.84257
44672,3,14,1960,31.10249
44672,3,14,1961,30.73456
44672,3,14,1962,30.94124
44672,3,14,1963,30.91238
44672,3,14,1964,31.05431
44672,3,14,1965,31.16587
44672,3,14,1966,31.18691
44672,3,14,1967,31.40202
44672,3,14,1968,31.19379
44672,3,14,1969,31.15563
44672,3,14,1970,31.38676
44672,3,14,1971,31.41116
44672,3,14,1972,31.34322
44672,3,14,1973,31.19903
44672,3,14,1974,31.33955
44672,3,14,1975,31.36288
44672,3,14,1976,31.32268
44672,3,14,1977,31.42292
44672,3,14,1978,31.26216
44672,3,14,1979,31.00667
44672,3,14,1980,30.96923
44672,3,14,1981,30.88723
44672,3,14,1982,30.72308
44672,3,14,1983,30.83625
44672,3,14,1984,31.12032
44672,3,14,1985,31.15398
44672,3,14,1986,31.34199
44672,3,14,1987,31.635
44672,3,14,1988,31.64933
44672,3,14,1989,31.81473
44672,3,14,1990,31.8612
44672,3,14,1991,31.99994
44672,3,14,1992,32.14712
44672,3,14,1993,32.24314
44672,3,14,1994,32.57277
44672,3,14,1995,32.68264
44672,3,14,1996,32.9103
44672,3,14,1997,33.07744
44672,3,14,1998,33.08673
44672,3,14,1999,33.11301
44672,3,14,2000,33.50976
44672,3,14,2001,33.78298
44672,3,14,2002,33.90063
44672,3,14,2003,34.04877
44672,3,14,2004,34.42921
44672,3,14,2005,34.73772
44672,3,14,2006,34.99737
44672,3,14,2007,35.1639
44672,3,14,2008,35.32556
44672,3,14,2009,35.57236
44672,3,14,2010,35.76294
44672,3,14,2011,36.03745
44672,3,14,2012,36.12264
44672,3,14,2013,36.31213
44672,3,14,2014,36.41156
44672,3,14,2015,36.56474
44672,3,14,2016,36.95353
44672,3,14,2017,37.11474
44672,3,14,2018,37.37361
44672,3,14,2019,37.62417
44673,1,14,1950,27.85258
44673,1,14,1951,27.73784
44673,1,14,1952,27.94954
44673,1,14,1953,28.22765
44673,1,14,1954,28.38465
44673,1,14,1955,28.38723
44673,1,14,1956,28.40323
44673,1,14,1957,28.20675
44673,1,14,1958,28.41233
44673,1,14,1959,28.32132
44673,1,14,1960,28.40996
44673,1,14,1961,28.22366
44673,1,14,1962,28.36322
44673,1,14,1963,28.01511
44673,1,14,1964,28.00768
44673,1,14,1965,28.06561
44673,1,14,1966,28.07544
44673,1,14,1967,28.41299
44673,1,14,1968,28.07518
44673,1,14,1969,28.12616
44673,1,14,1970,28.21989
44673,1,14,1971,28.10483
44673,1,14,1972,28.09267
44673,1,14,1973,27.91705
44673,1,14,1974,28.02935
44673,1,14,1975,27.93066
44673,1,14,1976,27.75844
44673,1,14,1977,27.71449
44673,1,14,1978,27.52819
44673,1,14,1979,27.28081
44673,1,14,1980,26.93317
44673,1,14,1981,26.71577
44673,1,14,1982,26.50044
44673,1,14,1983,26.70177
44673,1,14,1984,27.05379
44673,1,14,1985,27.26085
44673,1,14,1986,27.51653
44673,1,14,1987,27.84043
44673,1,14,1988,28.16663
44673,1,14,1989,28.59106
44673,1,14,1990,28.50918
44673,1,14,1991,28.58868
44673,1,14,1992,28.9839
44673,1,14,1993,29.14633
44673,1,14,1994,29.51063
44673,1,14,1995,29.61051
44673,1,14,1996,29.77366
44673,1,14,1997,29.98914
44673,1,14,1998,30.35467
44673,1,14,1999,30.4845
44673,1,14,2000,30.9724
44673,1,14,2001,31.3491
44673,1,14,2002,31.52793
44673,1,14,2003,31.72483
44673,1,14,2004,31.97445
44673,1,14,2005,32.26947
44673,1,14,2006,32.44423
44673,1,14,2007,32.48227
44673,1,14,2008,32.63829
44673,1,14,2009,32.91191
44673,1,14,2010,33.27951
44673,1,14,2011,33.59752
44673,1,14,2012,33.93811
44673,1,14,2013,34.18494
44673,1,14,2014,34.3226
44673,1,14,2015,34.4206
44673,1,14,2016,34.4417
44673,1,14,2017,34.71163
44673,1,14,2018,35.10585
44673,1,14,2019,35.48514
44673,2,14,1950,32.27699
44673,2,14,1951,32.39367
44673,2,14,1952,32.81725
44673,2,14,1953,32.99199
44673,2,14,1954,33.28204
44673,2,14,1955,33.33169
44673,2,14,1956,33.49211
44673,2,14,1957,33.83043
44673,2,14,1958,33.74087
44673,2,14,1959,33.68236
44673,2,14,1960,34.01787
44673,2,14,1961,33.76932
44673,2,14,1962,33.95327
44673,2,14,1963,33.9052
44673,2,14,1964,34.21946
44673,2,14,1965,34.30988
44673,2,14,1966,34.39955
44673,2,14,1967,34.41164
44673,2,14,1968,34.35517
44673,2,14,1969,34.1436
44673,2,14,1970,34.38966
44673,2,14,1971,34.43351
44673,2,14,1972,34.28175
44673,2,14,1973,34.38455
44673,2,14,1974,34.24643
44673,2,14,1975,34.31401
44673,2,14,1976,34.12555
44673,2,14,1977,34.12003
44673,2,14,1978,34.01334
44673,2,14,1979,33.69335
44673,2,14,1980,33.56697
44673,2,14,1981,33.45623
44673,2,14,1982,33.2984
44673,2,14,1983,33.34575
44673,2,14,1984,33.52734
44673,2,14,1985,33.47126
44673,2,14,1986,33.54015
44673,2,14,1987,33.81312
44673,2,14,1988,33.77985
44673,2,14,1989,33.79912
44673,2,14,1990,33.73161
44673,2,14,1991,33.54518
44673,2,14,1992,33.58349
44673,2,14,1993,33.691
44673,2,14,1994,33.9964
44673,2,14,1995,34.12683
44673,2,14,1996,34.25468
44673,2,14,1997,34.46814
44673,2,14,1998,34.59907
44673,2,14,1999,34.65
44673,2,14,2000,35.02173
44673,2,14,2001,35.2623
44673,2,14,2002,35.58506
44673,2,14,2003,35.6539
44673,2,14,2004,35.9259
44673,2,14,2005,36.02128
44673,2,14,2006,36.37004
44673,2,14,2007,36.71071
44673,2,14,2008,36.91709
44673,2,14,2009,37.31244
44673,2,14,2010,37.49351
44673,2,14,2011,37.6986
44673,2,14,2012,37.61817
44673,2,14,2013,37.79589
44673,2,14,2014,37.94208
44673,2,14,2015,37.98742
44673,2,14,2016,38.25044
44673,2,14,2017,38.43627
44673,2,14,2018,38.67505
44673,2,14,2019,39.02755
44673,3,14,1950,29.33946
44673,3,14,1951,29.15778
44673,3,14,1952,29.51423
44673,3,14,1953,29.99348
44673,3,14,1954,30.04436
44673,3,14,1955,30.10026
44673,3,14,1956,30.12865
44673,3,14,1957,30.11996
44673,3,14,1958,30.29389
44673,3,14,1959,30.27081
44673,3,14,1960,30.55195
44673,3,14,1961,30.25145
44673,3,14,1962,30.35133
44673,3,14,1963,30.33809
44673,3,14,1964,30.42879
44673,3,14,1965,30.54998
44673,3,14,1966,30.5146
44673,3,14,1967,30.82747
44673,3,14,1968,30.64512
44673,3,14,1969,30.42312
44673,3,14,1970,30.51828
44673,3,14,1971,30.59693
44673,3,14,1972,30.52727
44673,3,14,1973,30.49998
44673,3,14,1974,30.49678
44673,3,14,1975,30.58287
44673,3,14,1976,30.38118
44673,3,14,1977,30.48696
44673,3,14,1978,30.24259
44673,3,14,1979,30.10591
44673,3,14,1980,30.01018
44673,3,14,1981,29.93925
44673,3,14,1982,29.77374
44673,3,14,1983,29.90656
44673,3,14,1984,30.18325
44673,3,14,1985,30.25341
44673,3,14,1986,30.44594
44673,3,14,1987,30.75168
44673,3,14,1988,30.92375
44673,3,14,1989,31.14174
44673,3,14,1990,31.04856
44673,3,14,1991,31.03718
44673,3,14,1992,31.22383
44673,3,14,1993,31.35676
44673,3,14,1994,31.70399
44673,3,14,1995,31.81773
44673,3,14,1996,31.96458
44673,3,14,1997,32.17546
44673,3,14,1998,32.41126
44673,3,14,1999,32.51346
44673,3,14,2000,32.96375
44673,3,14,2001,33.2609
44673,3,14,2002,33.47863
44673,3,14,2003,33.59012
44673,3,14,2004,33.85472
44673,3,14,2005,34.04193
44673,3,14,2006,34.32047
44673,3,14,2007,34.45046
44673,3,14,2008,34.62128
44673,3,14,2009,34.97314
44673,3,14,2010,35.24322
44673,3,14,2011,35.513
44673,3,14,2012,35.64616
44673,3,14,2013,35.84309
44673,3,14,2014,35.93558
44673,3,14,2015,36.02237
44673,3,14,2016,36.11968
44673,3,14,2017,36.37087
44673,3,14,2018,36.56623
44673,3,14,2019,36.858
44674,1,14,1950,28.63207
44674,1,14,1951,28.02683
44674,1,14,1952,28.63548
44674,1,14,1953,29.06979
44674,1,14,1954,28.9425
44674,1,14,1955,28.86279
44674,1,14,1956,28.92485
44674,1,14,1957,29.16987
44674,1,14,1958,29.29603
44674,1,14,1959,29.17713
44674,1,14,1960,29.27075
44674,1,14,1961,28.95092
44674,1,14,1962,28.89564
44674,1,14,1963,29.04496
44674,1,14,1964,29.18939
44674,1,14,1965,29.16788
44674,1,14,1966,29.0874
44674,1,14,1967,29.2943
44674,1,14,1968,29.33331
44674,1,14,1969,28.90325
44674,1,14,1970,29.14843
44674,1,14,1971,29.14982
44674,1,14,1972,29.13308
44674,1,14,1973,29.28912
44674,1,14,1974,29.1489
44674,1,14,1975,29.0898
44674,1,14,1976,29.04661
44674,1,14,1977,29.11149
44674,1,14,1978,28.76553
44674,1,14,1979,28.6067
44674,1,14,1980,28.35417
44674,1,14,1981,28.14036
44674,1,14,1982,27.77064
44674,1,14,1983,27.8516
44674,1,14,1984,27.98353
44674,1,14,1985,28.13047
44674,1,14,1986,28.39916
44674,1,14,1987,28.599
44674,1,14,1988,28.70329
44674,1,14,1989,29.03841
44674,1,14,1990,29.06352
44674,1,14,1991,29.34549
44674,1,14,1992,29.68026
44674,1,14,1993,29.8938
44674,1,14,1994,30.20025
44674,1,14,1995,30.37317
44674,1,14,1996,30.43855
44674,1,14,1997,30.63041
44674,1,14,1998,30.75891
44674,1,14,1999,30.64637
44674,1,14,2000,31.08289
44674,1,14,2001,31.41184
44674,1,14,2002,32.05583
44674,1,14,2003,32.3725
44674,1,14,2004,32.55237
44674,1,14,2005,32.51069
44674,1,14,2006,32.77599
44674,1,14,2007,32.92724
44674,1,14,2008,33.31316
44674,1,14,2009,33.79269
44674,1,14,2010,34.07824
44674,1,14,2011,34.34024
44674,1,14,2012,34.45129
44674,1,14,2013,34.52338
44674,1,14,2014,34.52151
44674,1,14,2015,34.4028
44674,1,14,2016,34.6223
44674,1,14,2017,34.86849
44674,1,14,2018,35.19845
44674,1,14,2019,35.611
44674,2,14,1950,32.20261
44674,2,14,1951,32.24424
44674,2,14,1952,32.79764
44674,2,14,1953,33.13796
44674,2,14,1954,33.14009
44674,2,14,1955,33.24508
44674,2,14,1956,33.35088
44674,2,14,1957,33.47964
44674,2,14,1958,33.77684
44674,2,14,1959,33.69082
44674,2,14,1960,33.81378
44674,2,14,1961,33.90579
44674,2,14,1962,33.6286
44674,2,14,1963,33.72787
44674,2,14,1964,34.05078
44674,2,14,1965,34.30373
44674,2,14,1966,34.00375
44674,2,14,1967,34.23754
44674,2,14,1968,34.22968
44674,2,14,1969,34.16963
44674,2,14,1970,34.38963
44674,2,14,1971,34.47501
44674,2,14,1972,34.11829
44674,2,14,1973,34.29743
44674,2,14,1974,34.17323
44674,2,14,1975,34.28363
44674,2,14,1976,34.17726
44674,2,14,1977,34.20855
44674,2,14,1978,34.06975
44674,2,14,1979,33.83058
44674,2,14,1980,33.62602
44674,2,14,1981,33.48175
44674,2,14,1982,33.32594
44674,2,14,1983,33.34423
44674,2,14,1984,33.68437
44674,2,14,1985,33.68482
44674,2,14,1986,33.85572
44674,2,14,1987,34.096
44674,2,14,1988,34.09382
44674,2,14,1989,34.15516
44674,2,14,1990,34.3641
44674,2,14,1991,34.49337
44674,2,14,1992,34.4471
44674,2,14,1993,34.43647
44674,2,14,1994,34.84735
44674,2,14,1995,34.84248
44674,2,14,1996,34.91317
44674,2,14,1997,35.03148
44674,2,14,1998,35.04069
44674,2,14,1999,35.22329
44674,2,14,2000,35.69288
44674,2,14,2001,35.94591
44674,2,14,2002,36.02546
44674,2,14,2003,36.10218
44674,2,14,2004,36.51903
44674,2,14,2005,36.78893
44674,2,14,2006,37.07193
44674,2,14,2007,37.29643
44674,2,14,2008,37.48823
44674,2,14,2009,37.88135
44674,2,14,2010,38.06447
44674,2,14,2011,38.32519
44674,2,14,2012,38.23222
44674,2,14,2013,38.3069
44674,2,14,2014,38.33074
44674,2,14,2015,38.16774
44674,2,14,2016,38.24784
44674,2,14,2017,38.49401
44674,2,14,2018,38.65821
44674,2,14,2019,39.02184
44674,3,14,1950,29.85308
44674,3,14,1951,29.52443
44674,3,14,1952,30.10582
44674,3,14,1953,30.46935
44674,3,14,1954,30.54804
44674,3,14,1955,30.36477
44674,3,14,1956,30.46461
44674,3,14,1957,30.6529
44674,3,14,1958,30.71049
44674,3,14,1959,30.74527
44674,3,14,1960,30.84275
44674,3,14,1961,30.77718
44674,3,14,1962,30.71678
44674,3,14,1963,30.85837
44674,3,14,1964,31.12684
44674,3,14,1965,31.12082
44674,3,14,1966,30.97749
44674,3,14,1967,31.17339
44674,3,14,1968,31.05245
44674,3,14,1969,30.96121
44674,3,14,1970,31.20753
44674,3,14,1971,31.29989
44674,3,14,1972,31.08501
44674,3,14,1973,31.1467
44674,3,14,1974,31.17198
44674,3,14,1975,31.20787
44674,3,14,1976,31.17587
44674,3,14,1977,31.30613
44674,3,14,1978,31.05239
44674,3,14,1979,30.85732
44674,3,14,1980,30.8432
44674,3,14,1981,30.69547
44674,3,14,1982,30.5181
44674,3,14,1983,30.51456
44674,3,14,1984,30.77637
44674,3,14,1985,30.81725
44674,3,14,1986,31.01736
44674,3,14,1987,31.27763
44674,3,14,1988,31.2976
44674,3,14,1989,31.51291
44674,3,14,1990,31.64395
44674,3,14,1991,31.8473
44674,3,14,1992,31.99076
44674,3,14,1993,32.04827
44674,3,14,1994,32.44052
44674,3,14,1995,32.5706
44674,3,14,1996,32.58704
44674,3,14,1997,32.71778
44674,3,14,1998,32.79839
44674,3,14,1999,32.83678
44674,3,14,2000,33.25161
44674,3,14,2001,33.56481
44674,3,14,2002,33.93355
44674,3,14,2003,34.11928
44674,3,14,2004,34.41081
44674,3,14,2005,34.49711
44674,3,14,2006,34.77676
44674,3,14,2007,34.97649
44674,3,14,2008,35.27107
44674,3,14,2009,35.68282
44674,3,14,2010,35.90367
44674,3,14,2011,36.18265
44674,3,14,2012,36.13281
44674,3,14,2013,36.22737
44674,3,14,2014,36.22338
44674,3,14,2015,36.06462
44674,3,14,2016,36.22505
44674,3,14,2017,36.4066
44674,3,14,2018,36.59799
44674,3,14,2019,36.90415
44675,1,14,1950,28.67981
44675,1,14,1951,28.56257
44675,1,14,1952,28.48359
44675,1,14,1953,28.90226
44675,1,14,1954,29.07004
44675,1,14,1955,29.10589
44675,1,14,1956,29.0818
44675,1,14,1957,28.87717
44675,1,14,1958,28.92542
44675,1,14,1959,29.06171
44675,1,14,1960,28.99367
44675,1,14,1961,28.9572
44675,1,14,1962,28.88813
44675,1,14,1963,28.84317
44675,1,14,1964,29.04633
44675,1,14,1965,29.09883
44675,1,14,1966,29.01104
44675,1,14,1967,28.99879
44675,1,14,1968,29.11901
44675,1,14,1969,29.08746
44675,1,14,1970,28.96589
44675,1,14,1971,28.9787
44675,1,14,1972,29.1183
44675,1,14,1973,28.88049
44675,1,14,1974,29.1022
44675,1,14,1975,29.01908
44675,1,14,1976,28.90318
44675,1,14,1977,28.86329
44675,1,14,1978,28.66468
44675,1,14,1979,28.42528
44675,1,14,1980,28.17733
44675,1,14,1981,27.89025
44675,1,14,1982,27.62612
44675,1,14,1983,27.68285
44675,1,14,1984,27.99652
44675,1,14,1985,28.17089
44675,1,14,1986,28.33678
44675,1,14,1987,28.61845
44675,1,14,1988,28.66701
44675,1,14,1989,29.08168
44675,1,14,1990,29.22297
44675,1,14,1991,29.45442
44675,1,14,1992,29.80128
44675,1,14,1993,29.86815
44675,1,14,1994,30.20789
44675,1,14,1995,30.23408
44675,1,14,1996,30.4617
44675,1,14,1997,30.5912
44675,1,14,1998,30.54058
44675,1,14,1999,30.43686
44675,1,14,2000,30.67953
44675,1,14,2001,30.84328
44675,1,14,2002,31.10163
44675,1,14,2003,31.31579
44675,1,14,2004,31.72028
44675,1,14,2005,32.34393
44675,1,14,2006,32.84731
44675,1,14,2007,33.16268
44675,1,14,2008,33.36292
44675,1,14,2009,33.39034
44675,1,14,2010,33.57578
44675,1,14,2011,33.74827
44675,1,14,2012,34.06289
44675,1,14,2013,34.18491
44675,1,14,2014,34.21904
44675,1,14,2015,34.47064
44675,1,14,2016,34.87029
44675,1,14,2017,34.9701
44675,1,14,2018,35.24094
44675,1,14,2019,35.54206
44675,2,14,1950,32.14333
44675,2,14,1951,32.14952
44675,2,14,1952,32.63967
44675,2,14,1953,32.85769
44675,2,14,1954,32.90644
44675,2,14,1955,32.96191
44675,2,14,1956,33.14128
44675,2,14,1957,33.23195
44675,2,14,1958,33.32608
44675,2,14,1959,33.43769
44675,2,14,1960,33.49027
44675,2,14,1961,33.33057
44675,2,14,1962,33.4272
44675,2,14,1963,33.46902
44675,2,14,1964,33.96814
44675,2,14,1965,33.59435
44675,2,14,1966,33.77399
44675,2,14,1967,34.13275
44675,2,14,1968,33.86173
44675,2,14,1969,33.85122
44675,2,14,1970,34.05989
44675,2,14,1971,34.01951
44675,2,14,1972,33.60732
44675,2,14,1973,33.69322
44675,2,14,1974,33.69288
44675,2,14,1975,33.60622
44675,2,14,1976,33.38368
44675,2,14,1977,33.49018
44675,2,14,1978,33.35742
44675,2,14,1979,33.14113
44675,2,14,1980,32.9507
44675,2,14,1981,32.85339
44675,2,14,1982,32.75885
44675,2,14,1983,32.74681
44675,2,14,1984,32.88152
44675,2,14,1985,32.88611
44675,2,14,1986,33.07216
44675,2,14,1987,33.49141
44675,2,14,1988,33.56377
44675,2,14,1989,33.78021
44675,2,14,1990,34.07586
44675,2,14,1991,34.20693
44675,2,14,1992,34.30422
44675,2,14,1993,34.30178
44675,2,14,1994,34.73837
44675,2,14,1995,34.82585
44675,2,14,1996,34.87996
44675,2,14,1997,34.97071
44675,2,14,1998,34.98597
44675,2,14,1999,35.10201
44675,2,14,2000,35.51064
44675,2,14,2001,35.68618
44675,2,14,2002,35.79941
44675,2,14,2003,35.82018
44675,2,14,2004,36.25883
44675,2,14,2005,36.41086
44675,2,14,2006,36.62416
44675,2,14,2007,36.92376
44675,2,14,2008,37.0848
44675,2,14,2009,37.44836
44675,2,14,2010,37.56661
44675,2,14,2011,37.75444
44675,2,14,2012,37.59743
44675,2,14,2013,37.66947
44675,2,14,2014,37.69089
44675,2,14,2015,37.6798
44675,2,14,2016,37.83925
44675,2,14,2017,38.15107
44675,2,14,2018,38.37849
44675,2,14,2019,38.78665
44675,3,14,1950,29.75461
44675,3,14,1951,29.38622
44675,3,14,1952,29.96259
44675,3,14,1953,30.15022
44675,3,14,1954,30.37856
44675,3,14,1955,30.38939
44675,3,14,1956,30.39242
44675,3,14,1957,30.43261
44675,3,14,1958,30.32848
44675,3,14,1959,30.5151
44675,3,14,1960,30.60035
44675,3,14,1961,30.43692
44675,3,14,1962,30.43449
44675,3,14,1963,30.4468
44675,3,14,1964,30.68347
44675,3,14,1965,30.77349
44675,3,14,1966,30.79693
44675,3,14,1967,30.89143
44675,3,14,1968,30.84506
44675,3,14,1969,30.66286
44675,3,14,1970,30.93474
44675,3,14,1971,30.94218
44675,3,14,1972,30.74639
44675,3,14,1973,30.76505
44675,3,14,1974,30.80392
44675,3,14,1975,30.79607
44675,3,14,1976,30.84769
44675,3,14,1977,30.96967
44675,3,14,1978,30.7254
44675,3,14,1979,30.5492
44675,3,14,1980,30.40381
44675,3,14,1981,30.27336
44675,3,14,1982,30.13232
44675,3,14,1983,30.19106
44675,3,14,1984,30.4002
44675,3,14,1985,30.49887
44675,3,14,1986,30.67792
44675,3,14,1987,30.97663
44675,3,14,1988,31.06655
44675,3,14,1989,31.3718
44675,3,14,1990,31.59928
44675,3,14,1991,31.82035
44675,3,14,1992,32.04959
44675,3,14,1993,32.08361
44675,3,14,1994,32.47321
44675,3,14,1995,32.51163
44675,3,14,1996,32.61794
44675,3,14,1997,32.7566
44675,3,14,1998,32.72675
44675,3,14,1999,32.70727
44675,3,14,2000,33.01958
44675,3,14,2001,33.22051
44675,3,14,2002,33.38451
44675,3,14,2003,33.49344
44675,3,14,2004,33.90463
44675,3,14,2005,34.32654
44675,3,14,2006,34.67203
44675,3,14,2007,34.93864
44675,3,14,2008,35.16689
44675,3,14,2009,35.3165
44675,3,14,2010,35.46277
44675,3,14,2011,35.65865
44675,3,14,2012,35.6925
44675,3,14,2013,35.81505
44675,3,14,2014,35.81818
44675,3,14,2015,35.94089
44675,3,14,2016,36.21685
44675,3,14,2017,36.35021
44675,3,14,2018,36.57339
44675,3,14,2019,36.79882
44676,1,14,1950,28.43412
44676,1,14,1951,28.42403
44676,1,14,1952,28.58915
44676,1,14,1953,28.75922
44676,1,14,1954,28.78635
44676,1,14,1955,29.07126
44676,1,14,1956,28.90682
44676,1,14,1957,29.06777
44676,1,14,1958,29.13627
44676,1,14,1959,28.9484
44676,1,14,1960,29.11614
44676,1,14,1961,28.86377
44676,1,14,1962,28.90641
44676,1,14,1963,28.96107
44676,1,14,1964,29.23738
44676,1,14,1965,29.23413
44676,1,14,1966,29.09044
44676,1,14,1967,29.4693
44676,1,14,1968,29.22807
44676,1,14,1969,29.18552
44676,1,14,1970,29.25142
44676,1,14,1971,29.4455
44676,1,14,1972,29.27552
44676,1,14,1973,29.32203
44676,1,14,1974,29.45926
44676,1,14,1975,29.27444
44676,1,14,1976,29.33598
44676,1,14,1977,29.38449
44676,1,14,1978,29.16252
44676,1,14,1979,28.7439
44676,1,14,1980,28.54903
44676,1,14,1981,28.40772
44676,1,14,1982,28.19292
44676,1,14,1983,28.27637
44676,1,14,1984,28.41142
44676,1,14,1985,28.26301
44676,1,14,1986,28.44938
44676,1,14,1987,28.61434
44676,1,14,1988,28.59645
44676,1,14,1989,28.76435
44676,1,14,1990,28.65684
44676,1,14,1991,28.69135
44676,1,14,1992,28.8292
44676,1,14,1993,28.71124
44676,1,14,1994,28.82229
44676,1,14,1995,28.73218
44676,1,14,1996,28.99851
44676,1,14,1997,29.19921
44676,1,14,1998,29.18747
44676,1,14,1999,29.03358
44676,1,14,2000,29.30825
44676,1,14,2001,29.48515
44676,1,14,2002,29.52137
44676,1,14,2003,29.67918
44676,1,14,2004,29.90132
44676,1,14,2005,30.03928
44676,1,14,2006,30.19236
44676,1,14,2007,30.28907
44676,1,14,2008,30.42207
44676,1,14,2009,30.58844
44676,1,14,2010,30.64209
44676,1,14,2011,30.79666
44676,1,14,2012,30.93358
44676,1,14,2013,31.00201
44676,1,14,2014,30.99396
44676,1,14,2015,31.09163
44676,1,14,2016,31.38578
44676,1,14,2017,31.50634
44676,1,14,2018,31.95217
44676,1,14,2019,32.29729
44676,2,14,1950,32.27836
44676,2,14,1951,32.14335
44676,2,14,1952,32.55317
44676,2,14,1953,32.82224
44676,2,14,1954,33.04264
44676,2,14,1955,33.02032
44676,2,14,1956,33.18935
44676,2,14,1957,33.45503
44676,2,14,1958,33.38708
44676,2,14,1959,33.67433
44676,2,14,1960,33.59396
44676,2,14,1961,33.50517
44676,2,14,1962,33.51317
44676,2,14,1963,33.65016
44676,2,14,1964,34.17031
44676,2,14,1965,34.1513
44676,2,14,1966,34.2676
44676,2,14,1967,34.37771
44676,2,14,1968,34.37718
44676,2,14,1969,34.20813
44676,2,14,1970,34.34516
44676,2,14,1971,34.29477
44676,2,14,1972,34.3628
44676,2,14,1973,34.34974
44676,2,14,1974,34.15635
44676,2,14,1975,34.15827
44676,2,14,1976,34.07674
44676,2,14,1977,34.0589
44676,2,14,1978,33.88302
44676,2,14,1979,33.71379
44676,2,14,1980,33.66985
44676,2,14,1981,33.50608
44676,2,14,1982,33.47949
44676,2,14,1983,33.56815
44676,2,14,1984,33.86579
44676,2,14,1985,33.84894
44676,2,14,1986,33.95484
44676,2,14,1987,34.27604
44676,2,14,1988,34.19516
44676,2,14,1989,34.20034
44676,2,14,1990,34.42987
44676,2,14,1991,34.57168
44676,2,14,1992,35.00188
44676,2,14,1993,34.96857
44676,2,14,1994,35.11815
44676,2,14,1995,34.66814
44676,2,14,1996,34.51052
44676,2,14,1997,34.50967
44676,2,14,1998,34.43102
44676,2,14,1999,34.52128
44676,2,14,2000,34.84242
44676,2,14,2001,35.00555
44676,2,14,2002,34.99792
44676,2,14,2003,34.89832
44676,2,14,2004,35.16417
44676,2,14,2005,35.26521
44676,2,14,2006,35.44566
44676,2,14,2007,35.62501
44676,2,14,2008,35.73345
44676,2,14,2009,36.03974
44676,2,14,2010,36.21595
44676,2,14,2011,36.28991
44676,2,14,2012,36.14612
44676,2,14,2013,36.23592
44676,2,14,2014,36.27253
44676,2,14,2015,36.20523
44676,2,14,2016,36.3896
44676,2,14,2017,36.64776
44676,2,14,2018,36.89012
44676,2,14,2019,37.36399
44676,3,14,1950,29.64365
44676,3,14,1951,29.35252
44676,3,14,1952,29.8692
44676,3,14,1953,30.25556
44676,3,14,1954,30.3056
44676,3,14,1955,30.3479
44676,3,14,1956,30.41296
44676,3,14,1957,30.61863
44676,3,14,1958,30.45301
44676,3,14,1959,30.57367
44676,3,14,1960,30.66519
44676,3,14,1961,30.48944
44676,3,14,1962,30.63457
44676,3,14,1963,30.60288
44676,3,14,1964,30.96653
44676,3,14,1965,31.05643
44676,3,14,1966,31.14306
44676,3,14,1967,31.25188
44676,3,14,1968,31.09741
44676,3,14,1969,31.03061
44676,3,14,1970,31.18328
44676,3,14,1971,31.4269
44676,3,14,1972,31.21324
44676,3,14,1973,31.29492
44676,3,14,1974,31.24564
44676,3,14,1975,31.35004
44676,3,14,1976,31.24755
44676,3,14,1977,31.32221
44676,3,14,1978,31.27563
44676,3,14,1979,31.0892
44676,3,14,1980,30.98844
44676,3,14,1981,30.93611
44676,3,14,1982,30.81538
44676,3,14,1983,30.89951
44676,3,14,1984,31.10799
44676,3,14,1985,31.03784
44676,3,14,1986,31.15553
44676,3,14,1987,31.39699
44676,3,14,1988,31.32628
44676,3,14,1989,31.4073
44676,3,14,1990,31.44046
44676,3,14,1991,31.50143
44676,3,14,1992,31.80278
44676,3,14,1993,31.67865
44676,3,14,1994,31.80898
44676,3,14,1995,31.55631
44676,3,14,1996,31.60813
44676,3,14,1997,31.68303
44676,3,14,1998,31.6351
44676,3,14,1999,31.58878
44676,3,14,2000,31.89338
44676,3,14,2001,32.03334
44676,3,14,2002,32.0119
44676,3,14,2003,32.04306
44676,3,14,2004,32.28023
44676,3,14,2005,32.4288
44676,3,14,2006,32.56649
44676,3,14,2007,32.68404
44676,3,14,2008,32.80932
44676,3,14,2009,33.05948
44676,3,14,2010,33.10237
44676,3,14,2011,33.25944
44676,3,14,2012,33.29796
44676,3,14,2013,33.31268
44676,3,14,2014,33.33425
44676,3,14,2015,33.37675
44676,3,14,2016,33.57802
44676,3,14,2017,33.77235
44676,3,14,2018,34.03232
44676,3,14,2019,34.36549
44677,1,14,1950,27.37637
44677,1,14,1951,26.98897
44677,1,14,1952,27.40344
44677,1,14,1953,27.7663
44677,1,14,1954,27.83722
44677,1,14,1955,27.90902
44677,1,14,1956,27.81914
44677,1,14,1957,27.98407
44677,1,14,1958,28.30253
44677,1,14,1959,28.06453
44677,1,14,1960,28.03023
44677,1,14,1961,28.00849
44677,1,14,1962,28.00967
44677,1,14,1963,28.13053
44677,1,14,1964,28.05343
44677,1,14,1965,28.02499
44677,1,14,1966,27.88419
44677,1,14,1967,28.36887
44677,1,14,1968,28.40493
44677,1,14,1969,28.01665
44677,1,14,1970,28.09301
44677,1,14,1971,28.17038
44677,1,14,1972,27.96255
44677,1,14,1973,27.84965
44677,1,14,1974,27.83703
44677,1,14,1975,27.93787
44677,1,14,1976,27.90432
44677,1,14,1977,27.78345
44677,1,14,1978,27.5121
44677,1,14,1979,27.28541
44677,1,14,1980,27.07301
44677,1,14,1981,26.90976
44677,1,14,1982,26.79518
44677,1,14,1983,26.96008
44677,1,14,1984,27.26565
44677,1,14,1985,27.28156
44677,1,14,1986,27.46603
44677,1,14,1987,27.63869
44677,1,14,1988,27.63107
44677,1,14,1989,27.93704
44677,1,14,1990,27.88191
44677,1,14,1991,27.98521
44677,1,14,1992,28.25902
44677,1,14,1993,28.3071
44677,1,14,1994,28.47189
44677,1,14,1995,28.46907
44677,1,14,1996,28.73131
44677,1,14,1997,28.86243
44677,1,14,1998,29.04343
44677,1,14,1999,29.05729
44677,1,14,2000,29.53786
44677,1,14,2001,29.84537
44677,1,14,2002,30.11059
44677,1,14,2003,30.28455
44677,1,14,2004,30.70044
44677,1,14,2005,30.89484
44677,1,14,2006,31.20866
44677,1,14,2007,31.39322
44677,1,14,2008,31.53184
44677,1,14,2009,31.7468
44677,1,14,2010,32.11713
44677,1,14,2011,32.4821
44677,1,14,2012,32.79284
44677,1,14,2013,32.99357
44677,1,14,2014,33.10369
44677,1,14,2015,33.61915
44677,1,14,2016,33.77471
44677,1,14,2017,34.2325
44677,1,14,2018,35.01485
44677,1,14,2019,35.81548
44677,2,14,1950,32.00846
44677,2,14,1951,31.92243
44677,2,14,1952,32.3041
44677,2,14,1953,32.92222
44677,2,14,1954,33.20056
44677,2,14,1955,33.06218
44677,2,14,1956,33.53319
44677,2,14,1957,33.1696
44677,2,14,1958,33.54071
44677,2,14,1959,33.53652
44677,2,14,1960,33.6857
44677,2,14,1961,33.48453
44677,2,14,1962,33.54219
44677,2,14,1963,33.46836
44677,2,14,1964,33.90699
44677,2,14,1965,34.11235
44677,2,14,1966,34.00229
44677,2,14,1967,34.21291
44677,2,14,1968,33.9205
44677,2,14,1969,33.80188
44677,2,14,1970,34.0826
44677,2,14,1971,34.03431
44677,2,14,1972,33.85351
44677,2,14,1973,33.9605
44677,2,14,1974,33.81134
44677,2,14,1975,33.83175
44677,2,14,1976,33.78333
44677,2,14,1977,33.73455
44677,2,14,1978,33.46211
44677,2,14,1979,33.15164
44677,2,14,1980,32.92874
44677,2,14,1981,32.73321
44677,2,14,1982,32.52806
44677,2,14,1983,32.51634
44677,2,14,1984,32.81285
44677,2,14,1985,32.80695
44677,2,14,1986,32.85357
44677,2,14,1987,33.20456
44677,2,14,1988,33.2633
44677,2,14,1989,33.45282
44677,2,14,1990,33.70707
44677,2,14,1991,33.84546
44677,2,14,1992,33.87214
44677,2,14,1993,33.8397
44677,2,14,1994,34.11567
44677,2,14,1995,34.19573
44677,2,14,1996,34.21961
44677,2,14,1997,34.20641
44677,2,14,1998,34.00761
44677,2,14,1999,33.78543
44677,2,14,2000,34.11015
44677,2,14,2001,34.65228
44677,2,14,2002,34.97073
44677,2,14,2003,35.01565
44677,2,14,2004,35.45277
44677,2,14,2005,35.7967
44677,2,14,2006,35.9893
44677,2,14,2007,35.96949
44677,2,14,2008,36.0148
44677,2,14,2009,36.30857
44677,2,14,2010,36.38674
44677,2,14,2011,36.65087
44677,2,14,2012,36.7307
44677,2,14,2013,37.01515
44677,2,14,2014,37.15588
44677,2,14,2015,37.16294
44677,2,14,2016,37.34328
44677,2,14,2017,37.77672
44677,2,14,2018,38.13128
44677,2,14,2019,38.63952
44677,3,14,1950,28.84236
44677,3,14,1951,28.78805
44677,3,14,1952,29.13085
44677,3,14,1953,29.63433
44677,3,14,1954,29.82262
44677,3,14,1955,29.72429
44677,3,14,1956,29.87972
44677,3,14,1957,29.76522
44677,3,14,1958,29.94593
44677,3,14,1959,30.09551
44677,3,14,1960,30.15233
44677,3,14,1961,30.1566
44677,3,14,1962,30.06564
44677,3,14,1963,30.03834
44677,3,14,1964,30.31197
44677,3,14,1965,30.54771
44677,3,14,1966,30.20503
44677,3,14,1967,30.54515
44677,3,14,1968,30.42725
44677,3,14,1969,30.21304
44677,3,14,1970,30.41405
44677,3,14,1971,30.44582
44677,3,14,1972,30.28418
44677,3,14,1973,30.39218
44677,3,14,1974,30.2567
44677,3,14,1975,30.29187
44677,3,14,1976,30.32956
44677,3,14,1977,30.3603
44677,3,14,1978,30.17589
44677,3,14,1979,29.9178
44677,3,14,1980,29.86481
44677,3,14,1981,29.71815
44677,3,14,1982,29.59783
44677,3,14,1983,29.66113
44677,3,14,1984,29.99064
44677,3,14,1985,29.97305
44677,3,14,1986,30.11364
44677,3,14,1987,30.3653
44677,3,14,1988,30.35442
44677,3,14,1989,30.61939
44677,3,14,1990,30.66787
44677,3,14,1991,30.80719
44677,3,14,1992,30.95082
44677,3,14,1993,30.97994
44677,3,14,1994,31.171
44677,3,14,1995,31.18514
44677,3,14,1996,31.34078
44677,3,14,1997,31.38872
44677,3,14,1998,31.42913
44677,3,14,1999,31.29263
44677,3,14,2000,31.70544
44677,3,14,2001,32.14973
44677,3,14,2002,32.41469
44677,3,14,2003,32.49973
44677,3,14,2004,32.95143
44677,3,14,2005,33.22676
44677,3,14,2006,33.46915
44677,3,14,2007,33.53495
44677,3,14,2008,33.63099
44677,3,14,2009,33.88697
44677,3,14,2010,34.10702
44677,3,14,2011,34.43072
44677,3,14,2012,34.64534
44677,3,14,2013,34.86521
44677,3,14,2014,35.0116
44677,3,14,2015,35.26318
44677,3,14,2016,35.41729
44677,3,14,2017,35.83497
44677,3,14,2018,36.33025
44677,3,14,2019,36.8971
44678,1,14,1950,30.52764
44678,1,14,1951,30.52861
44678,1,14,1952,30.77783
44678,1,14,1953,30.90079
44678,1,14,1954,31.05778
44678,1,14,1955,30.85123
44678,1,14,1956,30.92142
44678,1,14,1957,30.92347
44678,1,14,1958,31.10667
44678,1,14,1959,31.19655
44678,1,14,1960,31.3258
44678,1,14,1961,30.98052
44678,1,14,1962,31.02856
44678,1,14,1963,30.9231
44678,1,14,1964,31.23373
44678,1,14,1965,31.07167
44678,1,14,1966,31.27322
44678,1,14,1967,31.21849
44678,1,14,1968,31.28215
44678,1,14,1969,30.9683
44678,1,14,1970,31.19537
44678,1,14,1971,31.22197
44678,1,14,1972,31.07696
44678,1,14,1973,30.98736
44678,1,14,1974,31.26947
44678,1,14,1975,31.04203
44678,1,14,1976,30.88475
44678,1,14,1977,30.78813
44678,1,14,1978,30.58223
44678,1,14,1979,30.26565
44678,1,14,1980,30.08556
44678,1,14,1981,30.0448
44678,1,14,1982,30.19139
44678,1,14,1983,30.47644
44678,1,14,1984,30.70609
44678,1,14,1985,30.64331
44678,1,14,1986,30.72994
44678,1,14,1987,31.08045
44678,1,14,1988,31.15415
44678,1,14,1989,31.39933
44678,1,14,1990,31.74658
44678,1,14,1991,32.03898
44678,1,14,1992,32.21126
44678,1,14,1993,32.39056
44678,1,14,1994,32.77477
44678,1,14,1995,32.98471
44678,1,14,1996,33.27848
44678,1,14,1997,33.63363
44678,1,14,1998,33.68358
44678,1,14,1999,33.94908
44678,1,14,2000,34.67067
44678,1,14,2001,34.78529
44678,1,14,2002,34.77938
44678,1,14,2003,34.90226
44678,1,14,2004,35.31353
44678,1,14,2005,35.50698
44678,1,14,2006,35.80227
44678,1,14,2007,36.14828
44678,1,14,2008,36.2642
44678,1,14,2009,36.73489
44678,1,14,2010,37.00915
44678,1,14,2011,37.27996
44678,1,14,2012,37.44304
44678,1,14,2013,37.46737
44678,1,14,2014,37.57699
44678,1,14,2015,37.57673
44678,1,14,2016,37.7605
44678,1,14,2017,37.84091
44678,1,14,2018,38.05726
44678,1,14,2019,38.4897
44678,2,14,1950,33.87739
44678,2,14,1951,33.83788
44678,2,14,1952,34.26124
44678,2,14,1953,34.72146
44678,2,14,1954,34.81624
44678,2,14,1955,34.98698
44678,2,14,1956,35.00396
44678,2,14,1957,35.4572
44678,2,14,1958,35.4051
44678,2,14,1959,35.66479
44678,2,14,1960,35.37173
44678,2,14,1961,35.43596
44678,2,14,1962,35.43531
44678,2,14,1963,35.5577
44678,2,14,1964,35.7258
44678,2,14,1965,35.75652
44678,2,14,1966,36.02933
44678,2,14,1967,35.90296
44678,2,14,1968,35.93489
44678,2,14,1969,35.92589
44678,2,14,1970,35.9234
44678,2,14,1971,35.91607
44678,2,14,1972,35.76498
44678,2,14,1973,35.81149
44678,2,14,1974,35.84658
44678,2,14,1975,35.98456
44678,2,14,1976,35.80642
44678,2,14,1977,35.8691
44678,2,14,1978,35.6739
44678,2,14,1979,35.3685
44678,2,14,1980,35.11029
44678,2,14,1981,35.01107
44678,2,14,1982,35.04742
44678,2,14,1983,35.20777
44678,2,14,1984,35.43611
44678,2,14,1985,35.57928
44678,2,14,1986,35.88367
44678,2,14,1987,35.93453
44678,2,14,1988,36.05357
44678,2,14,1989,36.10662
44678,2,14,1990,36.29499
44678,2,14,1991,36.42899
44678,2,14,1992,36.44844
44678,2,14,1993,36.61864
44678,2,14,1994,36.6623
44678,2,14,1995,36.89552
44678,2,14,1996,37.0023
44678,2,14,1997,37.174
44678,2,14,1998,37.18323
44678,2,14,1999,37.52606
44678,2,14,2000,37.62615
44678,2,14,2001,37.99834
44678,2,14,2002,38.16389
44678,2,14,2003,38.44889
44678,2,14,2004,38.71365
44678,2,14,2005,38.85544
44678,2,14,2006,38.94623
44678,2,14,2007,39.01818
44678,2,14,2008,39.2804
44678,2,14,2009,39.60233
44678,2,14,2010,39.81554
44678,2,14,2011,39.8173
44678,2,14,2012,39.83796
44678,2,14,2013,39.92217
44678,2,14,2014,40.11158
44678,2,14,2015,40.19387
44678,2,14,2016,40.34836
44678,2,14,2017,40.33186
44678,2,14,2018,40.45724
44678,2,14,2019,40.68916
44678,3,14,1950,31.29144
44678,3,14,1951,31.3987
44678,3,14,1952,31.72987
44678,3,14,1953,31.96131
44678,3,14,1954,32.12133
44678,3,14,1955,32.08574
44678,3,14,1956,32.43693
44678,3,14,1957,32.33991
44678,3,14,1958,32.60545
44678,3,14,1959,32.57954
44678,3,14,1960,32.50359
44678,3,14,1961,32.45897
44678,3,14,1962,32.30266
44678,3,14,1963,32.33606
44678,3,14,1964,32.75892
44678,3,14,1965,32.87804
44678,3,14,1966,32.80893
44678,3,14,1967,32.91107
44678,3,14,1968,32.77436
44678,3,14,1969,32.69148
44678,3,14,1970,32.92323
44678,3,14,1971,33.07388
44678,3,14,1972,32.81833
44678,3,14,1973,32.89222
44678,3,14,1974,33.05824
44678,3,14,1975,33.04793
44678,3,14,1976,32.80411
44678,3,14,1977,32.87196
44678,3,14,1978,32.74995
44678,3,14,1979,32.60931
44678,3,14,1980,32.47477
44678,3,14,1981,32.51835
44678,3,14,1982,32.62174
44678,3,14,1983,32.84111
44678,3,14,1984,33.06318
44678,3,14,1985,33.10118
44678,3,14,1986,33.2795
44678,3,14,1987,33.4953
44678,3,14,1988,33.60459
44678,3,14,1989,33.72444
44678,3,14,1990,34.01031
44678,3,14,1991,34.23933
44678,3,14,1992,34.32221
44678,3,14,1993,34.48891
44678,3,14,1994,34.72615
44678,3,14,1995,34.92878
44678,3,14,1996,35.1213
44678,3,14,1997,35.38459
44678,3,14,1998,35.43076
44678,3,14,1999,35.74142
44678,3,14,2000,36.13657
44678,3,14,2001,36.39251
44678,3,14,2002,36.4484
44678,3,14,2003,36.64592
44678,3,14,2004,36.98427
44678,3,14,2005,37.15155
44678,3,14,2006,37.33569
44678,3,14,2007,37.54338
44678,3,14,2008,37.74452
44678,3,14,2009,38.10819
44678,3,14,2010,38.39227
44678,3,14,2011,38.52348
44678,3,14,2012,38.60796
44678,3,14,2013,38.65061
44678,3,14,2014,38.80942
44678,3,14,2015,38.8536
44678,3,14,2016,38.9776
44678,3,14,2017,39.02108
44678,3,14,2018,39.0974
44678,3,14,2019,39.27606
44679,1,14,1950,30.68363
44679,1,14,1951,30.3442
44679,1,14,1952,30.65148
44679,1,14,1953,31.03835
44679,1,14,1954,31.18089
44679,1,14,1955,31.13579
44679,1,14,1956,31.24534
44679,1,14,1957,31.24854
44679,1,14,1958,31.19318
44679,1,14,1959,31.33955
44679,1,14,1960,31.61703
44679,1,14,1961,31.19434
44679,1,14,1962,31.17251
44679,1,14,1963,30.85234
44679,1,14,1964,31.30481
44679,1,14,1965,31.45899
44679,1,14,1966,31.3329
44679,1,14,1967,31.6664
44679,1,14,1968,31.63269
44679,1,14,1969,31.20976
44679,1,14,1970,31.30807
44679,1,14,1971,31.42992
44679,1,14,1972,31.40134
44679,1,14,1973,31.32743
44679,1,14,1974,31.56186
44679,1,14,1975,31.35729
44679,1,14,1976,31.21526
44679,1,14,1977,31.31497
44679,1,14,1978,31.02299
44679,1,14,1979,30.83242
44679,1,14,1980,30.51422
44679,1,14,1981,30.35589
44679,1,14,1982,30.26535
44679,1,14,1983,30.45198
44679,1,14,1984,30.6516
44679,1,14,1985,30.70459
44679,1,14,1986,30.89965
44679,1,14,1987,31.29334
44679,1,14,1988,31.12745
44679,1,14,1989,31.34618
44679,1,14,1990,31.69514
44679,1,14,1991,31.9229
44679,1,14,1992,32.15244
44679,1,14,1993,32.32947
44679,1,14,1994,32.69079
44679,1,14,1995,32.92719
44679,1,14,1996,33.29884
44679,1,14,1997,33.54738
44679,1,14,1998,33.46115
44679,1,14,1999,33.55654
44679,1,14,2000,34.10865
44679,1,14,2001,34.71693
44679,1,14,2002,34.58163
44679,1,14,2003,34.65872
44679,1,14,2004,35.09585
44679,1,14,2005,35.30198
44679,1,14,2006,35.47879
44679,1,14,2007,35.82021
44679,1,14,2008,35.82216
44679,1,14,2009,36.29148
44679,1,14,2010,36.50012
44679,1,14,2011,36.56679
44679,1,14,2012,36.68271
44679,1,14,2013,37.01223
44679,1,14,2014,37.21783
44679,1,14,2015,37.20742
44679,1,14,2016,37.64554
44679,1,14,2017,37.56849
44679,1,14,2018,37.54872
44679,1,14,2019,37.80763
44679,2,14,1950,33.90991
44679,2,14,1951,34.01576
44679,2,14,1952,34.35066
44679,2,14,1953,34.92022
44679,2,14,1954,34.69537
44679,2,14,1955,35.09038
44679,2,14,1956,35.17001
44679,2,14,1957,35.13501
44679,2,14,1958,35.36048
44679,2,14,1959,35.50995
44679,2,14,1960,35.38188
44679,2,14,1961,35.45095
44679,2,14,1962,35.56283
44679,2,14,1963,35.35301
44679,2,14,1964,36.02731
44679,2,14,1965,35.68839
44679,2,14,1966,35.80246
44679,2,14,1967,36.23519
44679,2,14,1968,36.14641
44679,2,14,1969,35.78572
44679,2,14,1970,36.11534
44679,2,14,1971,36.15338
44679,2,14,1972,35.97789
44679,2,14,1973,36.01422
44679,2,14,1974,36.10237
44679,2,14,1975,36.06218
44679,2,14,1976,35.99585
44679,2,14,1977,36.01745
44679,2,14,1978,35.68302
44679,2,14,1979,35.55229
44679,2,14,1980,35.28653
44679,2,14,1981,35.02711
44679,2,14,1982,34.93675
44679,2,14,1983,35.03608
44679,2,14,1984,35.26477
44679,2,14,1985,35.35514
44679,2,14,1986,35.7064
44679,2,14,1987,35.88683
44679,2,14,1988,36.12647
44679,2,14,1989,36.16876
44679,2,14,1990,36.29484
44679,2,14,1991,36.43036
44679,2,14,1992,36.57177
44679,2,14,1993,36.9441
44679,2,14,1994,37.19357
44679,2,14,1995,37.33225
44679,2,14,1996,37.23742
44679,2,14,1997,37.3609
44679,2,14,1998,37.42307
44679,2,14,1999,37.66284
44679,2,14,2000,37.65767
44679,2,14,2001,38.00458
44679,2,14,2002,37.89119
44679,2,14,2003,37.60237
44679,2,14,2004,37.8509
44679,2,14,2005,38.30144
44679,2,14,2006,38.61301
44679,2,14,2007,38.47915
44679,2,14,2008,38.72946
44679,2,14,2009,39.18233
44679,2,14,2010,39.60646
44679,2,14,2011,39.70596
44679,2,14,2012,39.79366
44679,2,14,2013,39.89481
44679,2,14,2014,40.15816
44679,2,14,2015,40.28488
44679,2,14,2016,40.49672
44679,2,14,2017,40.54027
44679,2,14,2018,40.62718
44679,2,14,2019,40.84946
44679,3,14,1950,31.32473
44679,3,14,1951,31.25926
44679,3,14,1952,31.74775
44679,3,14,1953,32.15393
44679,3,14,1954,32.20707
44679,3,14,1955,32.2313
44679,3,14,1956,32.39178
44679,3,14,1957,32.40514
44679,3,14,1958,32.51434
44679,3,14,1959,32.55783
44679,3,14,1960,32.68831
44679,3,14,1961,32.66789
44679,3,14,1962,32.4734
44679,3,14,1963,32.27844
44679,3,14,1964,32.92009
44679,3,14,1965,32.81601
44679,3,14,1966,32.92171
44679,3,14,1967,33.16557
44679,3,14,1968,33.17329
44679,3,14,1969,32.84275
44679,3,14,1970,33.04246
44679,3,14,1971,33.1269
44679,3,14,1972,33.00054
44679,3,14,1973,33.05938
44679,3,14,1974,33.09317
44679,3,14,1975,33.26377
44679,3,14,1976,33.07254
44679,3,14,1977,33.06481
44679,3,14,1978,32.96406
44679,3,14,1979,32.85487
44679,3,14,1980,32.7324
44679,3,14,1981,32.59406
44679,3,14,1982,32.54014
44679,3,14,1983,32.66714
44679,3,14,1984,32.89609
44679,3,14,1985,32.94114
44679,3,14,1986,33.23502
44679,3,14,1987,33.53487
44679,3,14,1988,33.53949
44679,3,14,1989,33.70931
44679,3,14,1990,33.94166
44679,3,14,1991,34.1298
44679,3,14,1992,34.32021
44679,3,14,1993,34.56615
44679,3,14,1994,34.91838
44679,3,14,1995,35.09934
44679,3,14,1996,35.25201
44679,3,14,1997,35.40685
44679,3,14,1998,35.40732
44679,3,14,1999,35.5641
44679,3,14,2000,35.84728
44679,3,14,2001,36.32693
44679,3,14,2002,36.20741
44679,3,14,2003,36.07541
44679,3,14,2004,36.44229
44679,3,14,2005,36.74834
44679,3,14,2006,36.96168
44679,3,14,2007,37.11033
44679,3,14,2008,37.19555
44679,3,14,2009,37.68024
44679,3,14,2010,37.98414
44679,3,14,2011,38.05048
44679,3,14,2012,38.15547
44679,3,14,2013,38.35158
44679,3,14,2014,38.56759
44679,3,14,2015,38.61212
44679,3,14,2016,38.93395
44679,3,14,2017,38.93973
44679,3,14,2018,38.9215
44679,3,14,2019,38.97933
44680,1,14,1950,30.84234
44680,1,14,1951,30.32392
44680,1,14,1952,30.91852
44680,1,14,1953,31.11187
44680,1,14,1954,31.29481
44680,1,14,1955,31.08578
44680,1,14,1956,31.19925
44680,1,14,1957,31.04397
44680,1,14,1958,31.35582
44680,1,14,1959,31.38755
44680,1,14,1960,31.56772
44680,1,14,1961,31.18123
44680,1,14,1962,31.14455
44680,1,14,1963,31.1562
44680,1,14,1964,31.30174
44680,1,14,1965,31.49371
44680,1,14,1966,31.37046
44680,1,14,1967,31.5861
44680,1,14,1968,31.3928
44680,1,14,1969,31.19574
44680,1,14,1970,31.18069
44680,1,14,1971,31.48438
44680,1,14,1972,31.35806
44680,1,14,1973,31.10306
44680,1,14,1974,31.39739
44680,1,14,1975,31.3285
44680,1,14,1976,31.21859
44680,1,14,1977,31.50301
44680,1,14,1978,31.05498
44680,1,14,1979,30.69912
44680,1,14,1980,30.50126
44680,1,14,1981,30.23204
44680,1,14,1982,30.20032
44680,1,14,1983,30.26781
44680,1,14,1984,30.37223
44680,1,14,1985,30.26931
44680,1,14,1986,30.25076
44680,1,14,1987,30.77491
44680,1,14,1988,30.83868
44680,1,14,1989,31.11559
44680,1,14,1990,31.41637
44680,1,14,1991,31.66711
44680,1,14,1992,31.9025
44680,1,14,1993,32.06971
44680,1,14,1994,32.58668
44680,1,14,1995,32.83942
44680,1,14,1996,33.35287
44680,1,14,1997,33.2738
44680,1,14,1998,33.22433
44680,1,14,1999,33.45587
44680,1,14,2000,34.57588
44680,1,14,2001,34.82801
44680,1,14,2002,34.82808
44680,1,14,2003,35.08055
44680,1,14,2004,35.58301
44680,1,14,2005,35.8482
44680,1,14,2006,36.2081
44680,1,14,2007,36.57454
44680,1,14,2008,36.66646
44680,1,14,2009,37.05414
44680,1,14,2010,37.27501
44680,1,14,2011,37.39605
44680,1,14,2012,37.41575
44680,1,14,2013,37.45544
44680,1,14,2014,37.56495
44680,1,14,2015,37.39283
44680,1,14,2016,37.80012
44680,1,14,2017,37.54363
44680,1,14,2018,37.76581
44680,1,14,2019,38.06237
44680,2,14,1950,34.01829
44680,2,14,1951,33.98929
44680,2,14,1952,34.45484
44680,2,14,1953,34.93087
44680,2,14,1954,34.90022
44680,2,14,1955,35.10411
44680,2,14,1956,34.99267
44680,2,14,1957,35.09966
44680,2,14,1958,35.45729
44680,2,14,1959,35.31351
44680,2,14,1960,35.6249
44680,2,14,1961,35.39706
44680,2,14,1962,35.17513
44680,2,14,1963,35.40436
44680,2,14,1964,36.02039
44680,2,14,1965,36.06562
44680,2,14,1966,35.95559
44680,2,14,1967,36.06422
44680,2,14,1968,36.05967
44680,2,14,1969,36.13905
44680,2,14,1970,35.98462
44680,2,14,1971,36.09002
44680,2,14,1972,36.07025
44680,2,14,1973,35.96393
44680,2,14,1974,35.89548
44680,2,14,1975,35.99431
44680,2,14,1976,35.87941
44680,2,14,1977,35.86236
44680,2,14,1978,35.69452
44680,2,14,1979,35.42944
44680,2,14,1980,35.31797
44680,2,14,1981,35.13304
44680,2,14,1982,34.94364
44680,2,14,1983,34.9348
44680,2,14,1984,35.09869
44680,2,14,1985,35.2422
44680,2,14,1986,35.67842
44680,2,14,1987,35.9539
44680,2,14,1988,36.15749
44680,2,14,1989,36.17434
44680,2,14,1990,36.5003
44680,2,14,1991,36.74267
44680,2,14,1992,36.82563
44680,2,14,1993,37.08919
44680,2,14,1994,37.24411
44680,2,14,1995,37.37429
44680,2,14,1996,37.55952
44680,2,14,1997,37.92107
44680,2,14,1998,38.05258
44680,2,14,1999,38.40084
44680,2,14,2000,38.56976
44680,2,14,2001,39.03557
44680,2,14,2002,39.07306
44680,2,14,2003,39.33497
44680,2,14,2004,39.71733
44680,2,14,2005,39.99999
44680,2,14,2006,40.2344
44680,2,14,2007,40.27973
44680,2,14,2008,40.39233
44680,2,14,2009,40.43705
44680,2,14,2010,40.36248
44680,2,14,2011,40.05931
44680,2,14,2012,39.90257
44680,2,14,2013,39.77912
44680,2,14,2014,39.88404
44680,2,14,2015,39.86993
44680,2,14,2016,39.9473
44680,2,14,2017,39.95919
44680,2,14,2018,40.14862
44680,2,14,2019,40.50701
44680,3,14,1950,31.81697
44680,3,14,1951,31.41988
44680,3,14,1952,31.8644
44680,3,14,1953,32.28893
44680,3,14,1954,32.39179
44680,3,14,1955,32.23482
44680,3,14,1956,32.31865
44680,3,14,1957,32.33202
44680,3,14,1958,32.56928
44680,3,14,1959,32.5999
44680,3,14,1960,32.64514
44680,3,14,1961,32.50594
44680,3,14,1962,32.52042
44680,3,14,1963,32.55113
44680,3,14,1964,32.97488
44680,3,14,1965,32.98384
44680,3,14,1966,32.88238
44680,3,14,1967,33.02868
44680,3,14,1968,33.12262
44680,3,14,1969,32.93249
44680,3,14,1970,32.9854
44680,3,14,1971,33.12567
44680,3,14,1972,32.93517
44680,3,14,1973,32.88208
44680,3,14,1974,33.21372
44680,3,14,1975,33.19061
44680,3,14,1976,33.01388
44680,3,14,1977,33.19141
44680,3,14,1978,32.9887
44680,3,14,1979,32.7651
44680,3,14,1980,32.67307
44680,3,14,1981,32.62901
44680,3,14,1982,32.49663
44680,3,14,1983,32.54673
44680,3,14,1984,32.69344
44680,3,14,1985,32.69603
44680,3,14,1986,32.88285
44680,3,14,1987,33.30077
44680,3,14,1988,33.42267
44680,3,14,1989,33.60275
44680,3,14,1990,33.88523
44680,3,14,1991,34.18483
44680,3,14,1992,34.33904
44680,3,14,1993,34.53961
44680,3,14,1994,34.86036
44680,3,14,1995,35.11147
44680,3,14,1996,35.44989
44680,3,14,1997,35.54761
44680,3,14,1998,35.57856
44680,3,14,1999,35.92025
44680,3,14,2000,36.57104
44680,3,14,2001,36.90346
44680,3,14,2002,36.92115
44680,3,14,2003,37.16486
44680,3,14,2004,37.59844
44680,3,14,2005,37.89002
44680,3,14,2006,38.18554
44680,3,14,2007,38.39683
44680,3,14,2008,38.4454
44680,3,14,2009,38.71739
44680,3,14,2010,38.75926
44680,3,14,2011,38.65378
44680,3,14,2012,38.59027
44680,3,14,2013,38.54129
44680,3,14,2014,38.63676
44680,3,14,2015,38.53868
44680,3,14,2016,38.73139
44680,3,14,2017,38.63421
44680,3,14,2018,38.72218
44680,3,14,2019,38.93459
44681,1,14,1950,29.94183
44681,1,14,1951,29.37678
44681,1,14,1952,29.84209
44681,1,14,1953,30.23253
44681,1,14,1954,30.35835
44681,1,14,1955,30.18391
44681,1,14,1956,30.29078
44681,1,14,1957,30.37379
44681,1,14,1958,30.84609
44681,1,14,1959,30.44107
44681,1,14,1960,30.66678
44681,1,14,1961,30.40353
44681,1,14,1962,30.66724
44681,1,14,1963,30.36176
44681,1,14,1964,30.79465
44681,1,14,1965,30.60516
44681,1,14,1966,30.75748
44681,1,14,1967,31.04233
44681,1,14,1968,30.81507
44681,1,14,1969,30.88031
44681,1,14,1970,30.85779
44681,1,14,1971,31.10181
44681,1,14,1972,30.98171
44681,1,14,1973,30.80465
44681,1,14,1974,30.99482
44681,1,14,1975,31.03512
44681,1,14,1976,30.85454
44681,1,14,1977,30.85361
44681,1,14,1978,30.84705
44681,1,14,1979,30.38625
44681,1,14,1980,30.16283
44681,1,14,1981,29.91876
44681,1,14,1982,29.64707
44681,1,14,1983,29.67134
44681,1,14,1984,29.79752
44681,1,14,1985,29.46393
44681,1,14,1986,29.37767
44681,1,14,1987,29.59028
44681,1,14,1988,29.57625
44681,1,14,1989,29.81613
44681,1,14,1990,30.18455
44681,1,14,1991,30.38663
44681,1,14,1992,31.05662
44681,1,14,1993,31.09728
44681,1,14,1994,31.15158
44681,1,14,1995,31.34052
44681,1,14,1996,31.85392
44681,1,14,1997,31.76809
44681,1,14,1998,31.9125
44681,1,14,1999,32.48003
44681,1,14,2000,32.87917
44681,1,14,2001,32.39847
44681,1,14,2002,32.35795
44681,1,14,2003,32.63235
44681,1,14,2004,32.94779
44681,1,14,2005,33.20515
44681,1,14,2006,33.53683
44681,1,14,2007,33.88374
44681,1,14,2008,33.99554
44681,1,14,2009,34.49064
44681,1,14,2010,34.87758
44681,1,14,2011,35.27705
44681,1,14,2012,35.43593
44681,1,14,2013,35.64475
44681,1,14,2014,36.10486
44681,1,14,2015,35.79284
44681,1,14,2016,35.51362
44681,1,14,2017,35.31637
44681,1,14,2018,35.73151
44681,1,14,2019,36.23519
44681,2,14,1950,33.14653
44681,2,14,1951,33.08513
44681,2,14,1952,33.40459
44681,2,14,1953,34.1825
44681,2,14,1954,34.1157
44681,2,14,1955,34.03736
44681,2,14,1956,34.23772
44681,2,14,1957,34.41992
44681,2,14,1958,34.36291
44681,2,14,1959,34.56696
44681,2,14,1960,34.78749
44681,2,14,1961,34.51864
44681,2,14,1962,34.7637
44681,2,14,1963,34.67751
44681,2,14,1964,35.16575
44681,2,14,1965,35.18453
44681,2,14,1966,35.29876
44681,2,14,1967,35.38606
44681,2,14,1968,35.33971
44681,2,14,1969,35.13488
44681,2,14,1970,35.42253
44681,2,14,1971,35.36792
44681,2,14,1972,35.35599
44681,2,14,1973,35.18471
44681,2,14,1974,35.30803
44681,2,14,1975,35.36578
44681,2,14,1976,35.27088
44681,2,14,1977,35.21807
44681,2,14,1978,35.23721
44681,2,14,1979,34.83454
44681,2,14,1980,34.56048
44681,2,14,1981,34.45688
44681,2,14,1982,34.31842
44681,2,14,1983,34.30622
44681,2,14,1984,34.28836
44681,2,14,1985,34.25702
44681,2,14,1986,34.46723
44681,2,14,1987,34.45766
44681,2,14,1988,34.55863
44681,2,14,1989,34.48484
44681,2,14,1990,34.64601
44681,2,14,1991,34.86336
44681,2,14,1992,34.97214
44681,2,14,1993,35.42018
44681,2,14,1994,35.6909
44681,2,14,1995,35.92735
44681,2,14,1996,36.12867
44681,2,14,1997,36.3816
44681,2,14,1998,36.41329
44681,2,14,1999,36.71526
44681,2,14,2000,36.79577
44681,2,14,2001,37.20915
44681,2,14,2002,37.21557
44681,2,14,2003,37.40461
44681,2,14,2004,37.67318
44681,2,14,2005,37.79347
44681,2,14,2006,37.99517
44681,2,14,2007,38.12152
44681,2,14,2008,38.33837
44681,2,14,2009,38.56839
44681,2,14,2010,38.77437
44681,2,14,2011,38.73058
44681,2,14,2012,38.84111
44681,2,14,2013,38.88989
44681,2,14,2014,39.13494
44681,2,14,2015,39.18048
44681,2,14,2016,39.2709
44681,2,14,2017,39.26275
44681,2,14,2018,39.43216
44681,2,14,2019,39.67694
44681,3,14,1950,30.71182
44681,3,14,1951,30.56551
44681,3,14,1952,30.91252
44681,3,14,1953,31.27546
44681,3,14,1954,31.21683
44681,3,14,1955,31.31421
44681,3,14,1956,31.48769
44681,3,14,1957,31.63777
44681,3,14,1958,31.90137
44681,3,14,1959,31.99566
44681,3,14,1960,31.94686
44681,3,14,1961,31.7695
44681,3,14,1962,31.7951
44681,3,14,1963,31.77672
44681,3,14,1964,32.30138
44681,3,14,1965,32.0604
44681,3,14,1966,32.21295
44681,3,14,1967,32.37971
44681,3,14,1968,32.27843
44681,3,14,1969,32.06864
44681,3,14,1970,32.45816
44681,3,14,1971,32.57268
44681,3,14,1972,32.55316
44681,3,14,1973,32.50226
44681,3,14,1974,32.66568
44681,3,14,1975,32.70319
44681,3,14,1976,32.4755
44681,3,14,1977,32.68484
44681,3,14,1978,32.56776
44681,3,14,1979,32.38062
44681,3,14,1980,32.16739
44681,3,14,1981,32.07904
44681,3,14,1982,31.9071
44681,3,14,1983,31.9223
44681,3,14,1984,31.96689
44681,3,14,1985,31.77969
44681,3,14,1986,31.83667
44681,3,14,1987,31.91141
44681,3,14,1988,31.98038
44681,3,14,1989,32.07151
44681,3,14,1990,32.34136
44681,3,14,1991,32.54111
44681,3,14,1992,32.95936
44681,3,14,1993,33.19755
44681,3,14,1994,33.32236
44681,3,14,1995,33.5527
44681,3,14,1996,33.89118
44681,3,14,1997,33.95718
44681,3,14,1998,34.03423
44681,3,14,1999,34.50333
44681,3,14,2000,34.7247
44681,3,14,2001,34.67439
44681,3,14,2002,34.67677
44681,3,14,2003,34.88135
44681,3,14,2004,35.17379
44681,3,14,2005,35.39255
44681,3,14,2006,35.63358
44681,3,14,2007,35.83621
44681,3,14,2008,36.00905
44681,3,14,2009,36.38374
44681,3,14,2010,36.65557
44681,3,14,2011,36.9065
44681,3,14,2012,36.97907
44681,3,14,2013,37.10752
44681,3,14,2014,37.43246
44681,3,14,2015,37.32303
44681,3,14,2016,37.16088
44681,3,14,2017,37.02353
44681,3,14,2018,37.24271
44681,3,14,2019,37.47118
44682,1,14,1950,28.99789
44682,1,14,1951,28.91651
44682,1,14,1952,28.84547
44682,1,14,1953,29.47174
44682,1,14,1954,29.3939
44682,1,14,1955,29.31925
44682,1,14,1956,29.31024
44682,1,14,1957,29.66252
44682,1,14,1958,29.55761
44682,1,14,1959,29.69603
44682,1,14,1960,29.59679
44682,1,14,1961,29.28998
44682,1,14,1962,29.32274
44682,1,14,1963,29.25062
44682,1,14,1964,29.47986
44682,1,14,1965,29.52635
44682,1,14,1966,29.62094
44682,1,14,1967,29.62416
44682,1,14,1968,29.59472
44682,1,14,1969,29.28768
44682,1,14,1970,29.47109
44682,1,14,1971,29.41056
44682,1,14,1972,29.24039
44682,1,14,1973,29.26034
44682,1,14,1974,29.48648
44682,1,14,1975,29.49368
44682,1,14,1976,29.29161
44682,1,14,1977,29.09129
44682,1,14,1978,29.13168
44682,1,14,1979,28.84434
44682,1,14,1980,28.58456
44682,1,14,1981,28.36526
44682,1,14,1982,28.45917
44682,1,14,1983,28.67059
44682,1,14,1984,28.88795
44682,1,14,1985,28.7544
44682,1,14,1986,28.73331
44682,1,14,1987,29.0346
44682,1,14,1988,29.20277
44682,1,14,1989,29.54696
44682,1,14,1990,29.92891
44682,1,14,1991,30.208
44682,1,14,1992,30.32869
44682,1,14,1993,30.27985
44682,1,14,1994,30.66767
44682,1,14,1995,31.16876
44682,1,14,1996,31.7965
44682,1,14,1997,31.84744
44682,1,14,1998,31.91755
44682,1,14,1999,32.44637
44682,1,14,2000,33.0587
44682,1,14,2001,33.26245
44682,1,14,2002,33.3999
44682,1,14,2003,33.62295
44682,1,14,2004,34.07809
44682,1,14,2005,34.29348
44682,1,14,2006,34.46815
44682,1,14,2007,34.72443
44682,1,14,2008,34.71216
44682,1,14,2009,35.09719
44682,1,14,2010,35.28029
44682,1,14,2011,35.4629
44682,1,14,2012,35.59955
44682,1,14,2013,35.74962
44682,1,14,2014,35.95657
44682,1,14,2015,36.0982
44682,1,14,2016,36.62283
44682,1,14,2017,36.5146
44682,1,14,2018,36.75182
44682,1,14,2019,37.08211
44682,2,14,1950,33.21998
44682,2,14,1951,33.32597
44682,2,14,1952,33.81244
44682,2,14,1953,33.99912
44682,2,14,1954,34.02624
44682,2,14,1955,34.02665
44682,2,14,1956,34.11594
44682,2,14,1957,34.29896
44682,2,14,1958,34.40972
44682,2,14,1959,34.53482
44682,2,14,1960,34.56593
44682,2,14,1961,34.57839
44682,2,14,1962,34.40421
44682,2,14,1963,34.69345
44682,2,14,1964,35.07247
44682,2,14,1965,35.26083
44682,2,14,1966,34.82227
44682,2,14,1967,35.4199
44682,2,14,1968,35.24517
44682,2,14,1969,35.27375
44682,2,14,1970,35.2935
44682,2,14,1971,35.38492
44682,2,14,1972,35.25307
44682,2,14,1973,35.21321
44682,2,14,1974,35.14224
44682,2,14,1975,35.29202
44682,2,14,1976,35.1516
44682,2,14,1977,35.10508
44682,2,14,1978,34.90049
44682,2,14,1979,34.61793
44682,2,14,1980,34.53964
44682,2,14,1981,34.37869
44682,2,14,1982,34.20408
44682,2,14,1983,34.20397
44682,2,14,1984,34.37797
44682,2,14,1985,34.52653
44682,2,14,1986,34.75158
44682,2,14,1987,34.67952
44682,2,14,1988,34.77798
44682,2,14,1989,34.91089
44682,2,14,1990,35.10976
44682,2,14,1991,35.37393
44682,2,14,1992,35.42092
44682,2,14,1993,35.70259
44682,2,14,1994,35.91163
44682,2,14,1995,36.1302
44682,2,14,1996,36.00618
44682,2,14,1997,36.16795
44682,2,14,1998,36.27419
44682,2,14,1999,36.88018
44682,2,14,2000,37.09376
44682,2,14,2001,37.56313
44682,2,14,2002,37.65395
44682,2,14,2003,37.72924
44682,2,14,2004,37.981
44682,2,14,2005,38.11636
44682,2,14,2006,38.22597
44682,2,14,2007,38.08369
44682,2,14,2008,38.20367
44682,2,14,2009,38.36448
44682,2,14,2010,38.50233
44682,2,14,2011,38.44349
44682,2,14,2012,38.43865
44682,2,14,2013,38.41681
44682,2,14,2014,38.58238
44682,2,14,2015,38.68579
44682,2,14,2016,38.92212
44682,2,14,2017,39.03019
44682,2,14,2018,39.20248
44682,2,14,2019,39.47846
44682,3,14,1950,30.31519
44682,3,14,1951,30.34786
44682,3,14,1952,30.64154
44682,3,14,1953,30.87107
44682,3,14,1954,30.9135
44682,3,14,1955,30.98313
44682,3,14,1956,31.08653
44682,3,14,1957,31.12489
44682,3,14,1958,31.3827
44682,3,14,1959,31.20655
44682,3,14,1960,31.41344
44682,3,14,1961,31.33265
44682,3,14,1962,31.28353
44682,3,14,1963,31.2966
44682,3,14,1964,31.76285
44682,3,14,1965,31.78767
44682,3,14,1966,31.61077
44682,3,14,1967,31.82935
44682,3,14,1968,31.78171
44682,3,14,1969,31.59641
44682,3,14,1970,31.61762
44682,3,14,1971,31.77467
44682,3,14,1972,31.73119
44682,3,14,1973,31.77275
44682,3,14,1974,31.90889
44682,3,14,1975,31.88739
44682,3,14,1976,31.81199
44682,3,14,1977,31.80086
44682,3,14,1978,31.66134
44682,3,14,1979,31.46916
44682,3,14,1980,31.39039
44682,3,14,1981,31.31833
44682,3,14,1982,31.272
44682,3,14,1983,31.39456
44682,3,14,1984,31.62156
44682,3,14,1985,31.57344
44682,3,14,1986,31.68609
44682,3,14,1987,31.83484
44682,3,14,1988,31.97784
44682,3,14,1989,32.20787
44682,3,14,1990,32.50995
44682,3,14,1991,32.74883
44682,3,14,1992,32.83529
44682,3,14,1993,32.95161
44682,3,14,1994,33.261
44682,3,14,1995,33.59503
44682,3,14,1996,33.82489
44682,3,14,1997,33.93591
44682,3,14,1998,34.01424
44682,3,14,1999,34.59318
44682,3,14,2000,35.05716
44682,3,14,2001,35.37597
44682,3,14,2002,35.47988
44682,3,14,2003,35.63409
44682,3,14,2004,35.98858
44682,3,14,2005,36.15953
44682,3,14,2006,36.30187
44682,3,14,2007,36.35963
44682,3,14,2008,36.39258
44682,3,14,2009,36.65351
44682,3,14,2010,36.83892
44682,3,14,2011,36.89589
44682,3,14,2012,36.94844
44682,3,14,2013,36.97109
44682,3,14,2014,37.18798
44682,3,14,2015,37.27628
44682,3,14,2016,37.60729
44682,3,14,2017,37.59369
44682,3,14,2018,37.7273
44682,3,14,2019,37.93814
44683,1,14,1950,29.53685
44683,1,14,1951,29.41995
44683,1,14,1952,29.54435
44683,1,14,1953,30.08128
44683,1,14,1954,30.06463
44683,1,14,1955,30.08351
44683,1,14,1956,30.29501
44683,1,14,1957,30.01592
44683,1,14,1958,30.38189
44683,1,14,1959,30.26416
44683,1,14,1960,30.29686
44683,1,14,1961,29.85359
44683,1,14,1962,29.99478
44683,1,14,1963,29.79245
44683,1,14,1964,30.13349
44683,1,14,1965,30.37346
44683,1,14,1966,30.06725
44683,1,14,1967,30.48198
44683,1,14,1968,30.18328
44683,1,14,1969,29.87059
44683,1,14,1970,30.2244
44683,1,14,1971,30.1982
44683,1,14,1972,30.12169
44683,1,14,1973,29.89642
44683,1,14,1974,30.13286
44683,1,14,1975,30.14133
44683,1,14,1976,29.93823
44683,1,14,1977,29.94441
44683,1,14,1978,29.61187
44683,1,14,1979,29.33551
44683,1,14,1980,29.23837
44683,1,14,1981,28.98367
44683,1,14,1982,28.99331
44683,1,14,1983,29.21175
44683,1,14,1984,29.50329
44683,1,14,1985,29.54109
44683,1,14,1986,29.63412
44683,1,14,1987,30.17722
44683,1,14,1988,30.13414
44683,1,14,1989,30.23985
44683,1,14,1990,30.47372
44683,1,14,1991,30.41489
44683,1,14,1992,30.60508
44683,1,14,1993,30.72465
44683,1,14,1994,31.06219
44683,1,14,1995,31.42223
44683,1,14,1996,32.00216
44683,1,14,1997,32.24162
44683,1,14,1998,32.38039
44683,1,14,1999,32.94313
44683,1,14,2000,33.5442
44683,1,14,2001,33.64973
44683,1,14,2002,33.70663
44683,1,14,2003,34.01101
44683,1,14,2004,34.43716
44683,1,14,2005,34.67743
44683,1,14,2006,34.90745
44683,1,14,2007,35.14266
44683,1,14,2008,35.25114
44683,1,14,2009,35.7369
44683,1,14,2010,35.92019
44683,1,14,2011,35.99223
44683,1,14,2012,36.0834
44683,1,14,2013,36.19804
44683,1,14,2014,36.45009
44683,1,14,2015,36.55903
44683,1,14,2016,37.11631
44683,1,14,2017,37.06983
44683,1,14,2018,37.21888
44683,1,14,2019,37.68748
44683,2,14,1950,33.66213
44683,2,14,1951,33.42209
44683,2,14,1952,34.05995
44683,2,14,1953,34.30864
44683,2,14,1954,34.57163
44683,2,14,1955,34.40807
44683,2,14,1956,34.57041
44683,2,14,1957,34.72916
44683,2,14,1958,34.92253
44683,2,14,1959,34.92324
44683,2,14,1960,35.13661
44683,2,14,1961,35.01874
44683,2,14,1962,34.8912
44683,2,14,1963,35.10698
44683,2,14,1964,35.51444
44683,2,14,1965,35.53805
44683,2,14,1966,35.4926
44683,2,14,1967,35.87669
44683,2,14,1968,35.6472
44683,2,14,1969,35.50018
44683,2,14,1970,35.90535
44683,2,14,1971,35.77419
44683,2,14,1972,35.71754
44683,2,14,1973,35.71309
44683,2,14,1974,35.71879
44683,2,14,1975,35.88725
44683,2,14,1976,35.5985
44683,2,14,1977,35.64572
44683,2,14,1978,35.55732
44683,2,14,1979,35.18053
44683,2,14,1980,34.99035
44683,2,14,1981,34.84628
44683,2,14,1982,34.72827
44683,2,14,1983,34.62591
44683,2,14,1984,34.59981
44683,2,14,1985,34.4942
44683,2,14,1986,34.80673
44683,2,14,1987,34.91605
44683,2,14,1988,35.08396
44683,2,14,1989,34.99403
44683,2,14,1990,35.11179
44683,2,14,1991,35.2769
44683,2,14,1992,35.23652
44683,2,14,1993,35.46019
44683,2,14,1994,35.53243
44683,2,14,1995,35.63078
44683,2,14,1996,35.69271
44683,2,14,1997,35.9729
44683,2,14,1998,36.10296
44683,2,14,1999,36.54469
44683,2,14,2000,36.79643
44683,2,14,2001,37.26851
44683,2,14,2002,37.27822
44683,2,14,2003,37.42453
44683,2,14,2004,37.74929
44683,2,14,2005,37.88873
44683,2,14,2006,38.06217
44683,2,14,2007,38.16494
44683,2,14,2008,38.44583
44683,2,14,2009,38.75983
44683,2,14,2010,39.06079
44683,2,14,2011,39.13432
44683,2,14,2012,39.20864
44683,2,14,2013,39.30973
44683,2,14,2014,39.52126
44683,2,14,2015,39.68891
44683,2,14,2016,39.86588
44683,2,14,2017,39.92203
44683,2,14,2018,40.14018
44683,2,14,2019,40.44444
44683,3,14,1950,30.56629
44683,3,14,1951,30.565
44683,3,14,1952,30.77701
44683,3,14,1953,31.09806
44683,3,14,1954,31.11721
44683,3,14,1955,31.22606
44683,3,14,1956,31.25497
44683,3,14,1957,31.31836
44683,3,14,1958,31.6058
44683,3,14,1959,31.65929
44683,3,14,1960,31.70186
44683,3,14,1961,31.36606
44683,3,14,1962,31.59281
44683,3,14,1963,31.36289
44683,3,14,1964,31.792
44683,3,14,1965,31.89595
44683,3,14,1966,31.83908
44683,3,14,1967,32.11637
44683,3,14,1968,32.0445
44683,3,14,1969,31.8274
44683,3,14,1970,31.96107
44683,3,14,1971,32.16145
44683,3,14,1972,31.89365
44683,3,14,1973,31.9998
44683,3,14,1974,32.08052
44683,3,14,1975,32.19267
44683,3,14,1976,32.10511
44683,3,14,1977,32.17386
44683,3,14,1978,31.93886
44683,3,14,1979,31.75801
44683,3,14,1980,31.69927
44683,3,14,1981,31.66845
44683,3,14,1982,31.55557
44683,3,14,1983,31.67717
44683,3,14,1984,31.9076
44683,3,14,1985,31.85911
44683,3,14,1986,31.9848
44683,3,14,1987,32.39069
44683,3,14,1988,32.45224
44683,3,14,1989,32.48886
44683,3,14,1990,32.63718
44683,3,14,1991,32.71829
44683,3,14,1992,32.79068
44683,3,14,1993,32.91353
44683,3,14,1994,33.16989
44683,3,14,1995,33.42965
44683,3,14,1996,33.74698
44683,3,14,1997,33.98221
44683,3,14,1998,34.14996
44683,3,14,1999,34.62007
44683,3,14,2000,35.0786
44683,3,14,2001,35.3459
44683,3,14,2002,35.40185
44683,3,14,2003,35.62955
44683,3,14,2004,36.00638
44683,3,14,2005,36.18814
44683,3,14,2006,36.36683
44683,3,14,2007,36.54297
44683,3,14,2008,36.7139
44683,3,14,2009,37.12716
44683,3,14,2010,37.35527
44683,3,14,2011,37.44169
44683,3,14,2012,37.50063
44683,3,14,2013,37.60364
44683,3,14,2014,37.87087
44683,3,14,2015,37.95541
44683,3,14,2016,38.32146
44683,3,14,2017,38.25814
44683,3,14,2018,38.41832
44683,3,14,2019,38.65808
44684,1,14,1950,28.77469
44684,1,14,1951,28.71989
44684,1,14,1952,28.84928
44684,1,14,1953,29.25669
44684,1,14,1954,29.56236
44684,1,14,1955,29.2976
44684,1,14,1956,29.23239
44684,1,14,1957,29.33073
44684,1,14,1958,29.58322
44684,1,14,1959,29.72896
44684,1,14,1960,29.57635
44684,1,14,1961,29.36475
44684,1,14,1962,29.62813
44684,1,14,1963,29.48983
44684,1,14,1964,29.70517
44684,1,14,1965,29.62741
44684,1,14,1966,29.64606
44684,1,14,1967,29.77096
44684,1,14,1968,29.72799
44684,1,14,1969,29.62596
44684,1,14,1970,29.67459
44684,1,14,1971,29.90392
44684,1,14,1972,29.81829
44684,1,14,1973,29.75688
44684,1,14,1974,29.78782
44684,1,14,1975,29.69448
44684,1,14,1976,29.70095
44684,1,14,1977,29.75395
44684,1,14,1978,29.40067
44684,1,14,1979,29.03333
44684,1,14,1980,28.76913
44684,1,14,1981,28.51625
44684,1,14,1982,28.36709
44684,1,14,1983,28.4896
44684,1,14,1984,28.69483
44684,1,14,1985,28.49172
44684,1,14,1986,28.74881
44684,1,14,1987,29.12243
44684,1,14,1988,29.29092
44684,1,14,1989,29.59223
44684,1,14,1990,29.87597
44684,1,14,1991,30.03691
44684,1,14,1992,30.3409
44684,1,14,1993,30.41012
44684,1,14,1994,30.66088
44684,1,14,1995,30.77008
44684,1,14,1996,31.01512
44684,1,14,1997,31.19826
44684,1,14,1998,31.13301
44684,1,14,1999,31.2749
44684,1,14,2000,32.08157
44684,1,14,2001,32.48428
44684,1,14,2002,32.62492
44684,1,14,2003,32.70997
44684,1,14,2004,33.03318
44684,1,14,2005,33.21253
44684,1,14,2006,33.43194
44684,1,14,2007,33.6282
44684,1,14,2008,33.97092
44684,1,14,2009,34.709
44684,1,14,2010,34.86825
44684,1,14,2011,34.92713
44684,1,14,2012,34.96642
44684,1,14,2013,35.01443
44684,1,14,2014,35.29093
44684,1,14,2015,35.26664
44684,1,14,2016,35.33149
44684,1,14,2017,35.49933
44684,1,14,2018,36.01749
44684,1,14,2019,36.45614
44684,2,14,1950,32.95473
44684,2,14,1951,32.63908
44684,2,14,1952,33.40791
44684,2,14,1953,33.69445
44684,2,14,1954,33.8113
44684,2,14,1955,33.86665
44684,2,14,1956,33.76717
44684,2,14,1957,34.24536
44684,2,14,1958,34.29479
44684,2,14,1959,34.42418
44684,2,14,1960,34.487
44684,2,14,1961,34.27399
44684,2,14,1962,34.39839
44684,2,14,1963,34.25982
44684,2,14,1964,34.65542
44684,2,14,1965,34.82073
44684,2,14,1966,34.84059
44684,2,14,1967,34.99122
44684,2,14,1968,34.72693
44684,2,14,1969,34.66088
44684,2,14,1970,34.80783
44684,2,14,1971,34.93584
44684,2,14,1972,34.76449
44684,2,14,1973,34.69572
44684,2,14,1974,34.78219
44684,2,14,1975,34.78895
44684,2,14,1976,34.61105
44684,2,14,1977,34.59841
44684,2,14,1978,34.44656
44684,2,14,1979,34.13609
44684,2,14,1980,33.87881
44684,2,14,1981,33.72379
44684,2,14,1982,33.7361
44684,2,14,1983,33.84456
44684,2,14,1984,33.97958
44684,2,14,1985,33.96993
44684,2,14,1986,34.40868
44684,2,14,1987,34.47894
44684,2,14,1988,34.58722
44684,2,14,1989,34.55766
44684,2,14,1990,34.85694
44684,2,14,1991,35.13464
44684,2,14,1992,35.07939
44684,2,14,1993,35.2748
44684,2,14,1994,35.39826
44684,2,14,1995,35.41816
44684,2,14,1996,35.53985
44684,2,14,1997,35.83479
44684,2,14,1998,35.99975
44684,2,14,1999,36.4954
44684,2,14,2000,36.45964
44684,2,14,2001,36.58645
44684,2,14,2002,36.44327
44684,2,14,2003,36.68877
44684,2,14,2004,36.99748
44684,2,14,2005,37.22377
44684,2,14,2006,37.39292
44684,2,14,2007,37.37109
44684,2,14,2008,37.58744
44684,2,14,2009,37.96877
44684,2,14,2010,38.34684
44684,2,14,2011,38.52253
44684,2,14,2012,38.42308
44684,2,14,2013,38.28283
44684,2,14,2014,38.38734
44684,2,14,2015,38.24168
44684,2,14,2016,38.1071
44684,2,14,2017,38.25696
44684,2,14,2018,38.69099
44684,2,14,2019,39.11392
44684,3,14,1950,30.09384
44684,3,14,1951,30.11578
44684,3,14,1952,30.36384
44684,3,14,1953,30.80995
44684,3,14,1954,30.94767
44684,3,14,1955,30.86141
44684,3,14,1956,30.82057
44684,3,14,1957,31.20308
44684,3,14,1958,31.22874
44684,3,14,1959,31.28061
44684,3,14,1960,31.50132
44684,3,14,1961,31.28396
44684,3,14,1962,31.31476
44684,3,14,1963,31.29882
44684,3,14,1964,31.51215
44684,3,14,1965,31.47699
44684,3,14,1966,31.5574
44684,3,14,1967,31.83985
44684,3,14,1968,31.73285
44684,3,14,1969,31.59761
44684,3,14,1970,31.79459
44684,3,14,1971,31.69033
44684,3,14,1972,31.72434
44684,3,14,1973,31.67568
44684,3,14,1974,31.92494
44684,3,14,1975,31.84828
44684,3,14,1976,31.67238
44684,3,14,1977,31.78136
44684,3,14,1978,31.61399
44684,3,14,1979,31.35578
44684,3,14,1980,31.21806
44684,3,14,1981,31.1201
44684,3,14,1982,31.056
44684,3,14,1983,31.17401
44684,3,14,1984,31.34081
44684,3,14,1985,31.22749
44684,3,14,1986,31.54366
44684,3,14,1987,31.75827
44684,3,14,1988,31.92394
44684,3,14,1989,32.06222
44684,3,14,1990,32.38162
44684,3,14,1991,32.57562
44684,3,14,1992,32.68922
44684,3,14,1993,32.824
44684,3,14,1994,33.02031
44684,3,14,1995,33.07435
44684,3,14,1996,33.27092
44684,3,14,1997,33.48224
44684,3,14,1998,33.50645
44684,3,14,1999,33.82894
44684,3,14,2000,34.24021
44684,3,14,2001,34.51901
44684,3,14,2002,34.50592
44684,3,14,2003,34.61657
44684,3,14,2004,34.96741
44684,3,14,2005,35.16601
44684,3,14,2006,35.3785
44684,3,14,2007,35.44749
44684,3,14,2008,35.69643
44684,3,14,2009,36.27
44684,3,14,2010,36.56254
44684,3,14,2011,36.68456
44684,3,14,2012,36.63313
44684,3,14,2013,36.59929
44684,3,14,2014,36.76554
44684,3,14,2015,36.68225
44684,3,14,2016,36.60864
44684,3,14,2017,36.77294
44684,3,14,2018,37.0706
44684,3,14,2019,37.45252
44685,1,14,1950,29.07967
44685,1,14,1951,28.65191
44685,1,14,1952,28.88391
44685,1,14,1953,29.52272
44685,1,14,1954,29.29168
44685,1,14,1955,29.5634
44685,1,14,1956,29.25296
44685,1,14,1957,29.59151
44685,1,14,1958,29.84119
44685,1,14,1959,29.5309
44685,1,14,1960,29.58347
44685,1,14,1961,29.38193
44685,1,14,1962,29.43811
44685,1,14,1963,29.30624
44685,1,14,1964,29.65922
44685,1,14,1965,29.63298
44685,1,14,1966,29.59716
44685,1,14,1967,29.62861
44685,1,14,1968,29.8329
44685,1,14,1969,29.11719
44685,1,14,1970,29.33457
44685,1,14,1971,29.51828
44685,1,14,1972,29.34207
44685,1,14,1973,29.23152
44685,1,14,1974,29.47823
44685,1,14,1975,29.32566
44685,1,14,1976,29.13641
44685,1,14,1977,29.19769
44685,1,14,1978,28.97055
44685,1,14,1979,28.50594
44685,1,14,1980,28.35313
44685,1,14,1981,28.13095
44685,1,14,1982,28.19159
44685,1,14,1983,28.59663
44685,1,14,1984,28.92588
44685,1,14,1985,28.92368
44685,1,14,1986,29.09548
44685,1,14,1987,29.42239
44685,1,14,1988,29.46305
44685,1,14,1989,29.69833
44685,1,14,1990,30.21775
44685,1,14,1991,30.52369
44685,1,14,1992,30.77503
44685,1,14,1993,30.94954
44685,1,14,1994,31.38678
44685,1,14,1995,31.61828
44685,1,14,1996,31.93936
44685,1,14,1997,32.05466
44685,1,14,1998,32.06377
44685,1,14,1999,32.38769
44685,1,14,2000,33.13355
44685,1,14,2001,33.25306
44685,1,14,2002,33.32669
44685,1,14,2003,33.52665
44685,1,14,2004,33.95416
44685,1,14,2005,34.2283
44685,1,14,2006,34.54875
44685,1,14,2007,34.67519
44685,1,14,2008,34.46167
44685,1,14,2009,34.86513
44685,1,14,2010,35.2413
44685,1,14,2011,35.37505
44685,1,14,2012,35.49134
44685,1,14,2013,35.61135
44685,1,14,2014,35.78467
44685,1,14,2015,35.68573
44685,1,14,2016,35.82229
44685,1,14,2017,35.63045
44685,1,14,2018,35.89569
44685,1,14,2019,36.57409
44685,2,14,1950,33.23559
44685,2,14,1951,32.89012
44685,2,14,1952,33.4542
44685,2,14,1953,33.93894
44685,2,14,1954,34.07493
44685,2,14,1955,34.08133
44685,2,14,1956,34.2305
44685,2,14,1957,34.30624
44685,2,14,1958,34.37536
44685,2,14,1959,34.47857
44685,2,14,1960,34.66046
44685,2,14,1961,34.3548
44685,2,14,1962,34.46207
44685,2,14,1963,34.60053
44685,2,14,1964,34.79172
44685,2,14,1965,34.87864
44685,2,14,1966,35.07261
44685,2,14,1967,34.91375
44685,2,14,1968,35.17839
44685,2,14,1969,34.79697
44685,2,14,1970,35.20384
44685,2,14,1971,34.96448
44685,2,14,1972,34.9546
44685,2,14,1973,34.9526
44685,2,14,1974,35.04004
44685,2,14,1975,35.05125
44685,2,14,1976,34.92327
44685,2,14,1977,34.67244
44685,2,14,1978,34.27602
44685,2,14,1979,33.98623
44685,2,14,1980,33.83155
44685,2,14,1981,33.37745
44685,2,14,1982,33.4318
44685,2,14,1983,33.63054
44685,2,14,1984,33.83436
44685,2,14,1985,33.9441
44685,2,14,1986,34.37464
44685,2,14,1987,34.4756
44685,2,14,1988,34.63495
44685,2,14,1989,34.65791
44685,2,14,1990,34.83327
44685,2,14,1991,35.33234
44685,2,14,1992,35.42504
44685,2,14,1993,35.68725
44685,2,14,1994,35.87289
44685,2,14,1995,36.08157
44685,2,14,1996,36.17378
44685,2,14,1997,36.51213
44685,2,14,1998,36.60697
44685,2,14,1999,36.92908
44685,2,14,2000,36.94294
44685,2,14,2001,37.17638
44685,2,14,2002,37.12845
44685,2,14,2003,37.23729
44685,2,14,2004,37.37756
44685,2,14,2005,37.47933
44685,2,14,2006,37.55361
44685,2,14,2007,37.71125
44685,2,14,2008,37.82893
44685,2,14,2009,38.16756
44685,2,14,2010,38.65823
44685,2,14,2011,38.60473
44685,2,14,2012,38.62796
44685,2,14,2013,38.80416
44685,2,14,2014,38.98696
44685,2,14,2015,39.0058
44685,2,14,2016,39.12131
44685,2,14,2017,39.27622
44685,2,14,2018,39.54741
44685,2,14,2019,39.87483
44685,3,14,1950,30.24617
44685,3,14,1951,30.12139
44685,3,14,1952,30.5361
44685,3,14,1953,30.80501
44685,3,14,1954,30.88279
44685,3,14,1955,30.88426
44685,3,14,1956,30.95829
44685,3,14,1957,31.25144
44685,3,14,1958,31.53118
44685,3,14,1959,31.24286
44685,3,14,1960,31.11807
44685,3,14,1961,31.21809
44685,3,14,1962,31.27239
44685,3,14,1963,31.04222
44685,3,14,1964,31.55942
44685,3,14,1965,31.58519
44685,3,14,1966,31.58348
44685,3,14,1967,31.63377
44685,3,14,1968,31.6882
44685,3,14,1969,31.37834
44685,3,14,1970,31.57865
44685,3,14,1971,31.71027
44685,3,14,1972,31.49866
44685,3,14,1973,31.58097
44685,3,14,1974,31.81407
44685,3,14,1975,31.62459
44685,3,14,1976,31.48858
44685,3,14,1977,31.61034
44685,3,14,1978,31.23067
44685,3,14,1979,30.96491
44685,3,14,1980,30.90508
44685,3,14,1981,30.71392
44685,3,14,1982,30.77068
44685,3,14,1983,31.1023
44685,3,14,1984,31.35777
44685,3,14,1985,31.43447
44685,3,14,1986,31.70516
44685,3,14,1987,31.92854
44685,3,14,1988,32.02309
44685,3,14,1989,32.17555
44685,3,14,1990,32.54508
44685,3,14,1991,32.93771
44685,3,14,1992,33.10553
44685,3,14,1993,33.31223
44685,3,14,1994,33.61516
44685,3,14,1995,33.81884
44685,3,14,1996,34.04375
44685,3,14,1997,34.26578
44685,3,14,1998,34.27773
44685,3,14,1999,34.63034
44685,3,14,2000,35.02045
44685,3,14,2001,35.21661
44685,3,14,2002,35.18328
44685,3,14,2003,35.35546
44685,3,14,2004,35.6067
44685,3,14,2005,35.78654
44685,3,14,2006,36.0129
44685,3,14,2007,36.13248
44685,3,14,2008,36.07692
44685,3,14,2009,36.46829
44685,3,14,2010,36.89176
44685,3,14,2011,36.93066
44685,3,14,2012,37.01236
44685,3,14,2013,37.14441
44685,3,14,2014,37.31284
44685,3,14,2015,37.23288
44685,3,14,2016,37.36373
44685,3,14,2017,37.34689
44685,3,14,2018,37.52892
44685,3,14,2019,37.87595
44686,1,14,1950,29.20058
44686,1,14,1951,29.14533
44686,1,14,1952,29.22962
44686,1,14,1953,29.65501
44686,1,14,1954,29.60383
44686,1,14,1955,29.52433
44686,1,14,1956,29.82568
44686,1,14,1957,29.93147
44686,1,14,1958,29.95718
44686,1,14,1959,30.03562
44686,1,14,1960,29.97027
44686,1,14,1961,29.8356
44686,1,14,1962,29.63578
44686,1,14,1963,29.75903
44686,1,14,1964,29.71317
44686,1,14,1965,29.87434
44686,1,14,1966,29.78091
44686,1,14,1967,30.20248
44686,1,14,1968,29.7847
44686,1,14,1969,29.86021
44686,1,14,1970,29.77874
44686,1,14,1971,30.07593
44686,1,14,1972,29.73844
44686,1,14,1973,29.80544
44686,1,14,1974,29.57649
44686,1,14,1975,29.7111
44686,1,14,1976,29.48297
44686,1,14,1977,29.60606
44686,1,14,1978,29.21534
44686,1,14,1979,28.76793
44686,1,14,1980,28.72679
44686,1,14,1981,28.57861
44686,1,14,1982,28.76775
44686,1,14,1983,29.00648
44686,1,14,1984,29.28367
44686,1,14,1985,29.266
44686,1,14,1986,29.44086
44686,1,14,1987,29.80136
44686,1,14,1988,29.73057
44686,1,14,1989,29.97146
44686,1,14,1990,30.3894
44686,1,14,1991,30.84021
44686,1,14,1992,31.19079
44686,1,14,1993,31.2916
44686,1,14,1994,31.70799
44686,1,14,1995,31.72691
44686,1,14,1996,32.00573
44686,1,14,1997,32.19796
44686,1,14,1998,32.17337
44686,1,14,1999,32.33522
44686,1,14,2000,33.01451
44686,1,14,2001,33.16706
44686,1,14,2002,33.25145
44686,1,14,2003,33.59767
44686,1,14,2004,34.09317
44686,1,14,2005,34.27338
44686,1,14,2006,34.43938
44686,1,14,2007,34.61432
44686,1,14,2008,34.64373
44686,1,14,2009,35.0592
44686,1,14,2010,35.17068
44686,1,14,2011,35.35278
44686,1,14,2012,35.33001
44686,1,14,2013,35.40599
44686,1,14,2014,35.57963
44686,1,14,2015,35.47159
44686,1,14,2016,35.48
44686,1,14,2017,35.54161
44686,1,14,2018,36.12044
44686,1,14,2019,36.65246
44686,2,14,1950,33.16405
44686,2,14,1951,33.23502
44686,2,14,1952,33.73248
44686,2,14,1953,34.24539
44686,2,14,1954,34.31435
44686,2,14,1955,34.18439
44686,2,14,1956,34.47591
44686,2,14,1957,34.53933
44686,2,14,1958,34.87305
44686,2,14,1959,34.9262
44686,2,14,1960,35.13452
44686,2,14,1961,34.92696
44686,2,14,1962,34.73082
44686,2,14,1963,34.97188
44686,2,14,1964,34.99743
44686,2,14,1965,35.11934
44686,2,14,1966,35.30573
44686,2,14,1967,35.30285
44686,2,14,1968,35.24554
44686,2,14,1969,35.26898
44686,2,14,1970,35.28387
44686,2,14,1971,35.24459
44686,2,14,1972,35.27036
44686,2,14,1973,35.0048
44686,2,14,1974,35.24993
44686,2,14,1975,35.03607
44686,2,14,1976,35.03404
44686,2,14,1977,34.97724
44686,2,14,1978,34.78568
44686,2,14,1979,34.50112
44686,2,14,1980,34.33282
44686,2,14,1981,34.11107
44686,2,14,1982,34.11004
44686,2,14,1983,34.16614
44686,2,14,1984,34.28659
44686,2,14,1985,34.39331
44686,2,14,1986,34.78542
44686,2,14,1987,34.94512
44686,2,14,1988,35.18453
44686,2,14,1989,35.21371
44686,2,14,1990,35.40351
44686,2,14,1991,35.72678
44686,2,14,1992,35.94832
44686,2,14,1993,36.09448
44686,2,14,1994,36.12948
44686,2,14,1995,36.22954
44686,2,14,1996,36.25951
44686,2,14,1997,36.55466
44686,2,14,1998,36.66009
44686,2,14,1999,37.06373
44686,2,14,2000,37.08858
44686,2,14,2001,37.36987
44686,2,14,2002,37.35431
44686,2,14,2003,37.54772
44686,2,14,2004,37.78647
44686,2,14,2005,37.89402
44686,2,14,2006,37.96546
44686,2,14,2007,37.96216
44686,2,14,2008,38.26292
44686,2,14,2009,38.54234
44686,2,14,2010,38.66285
44686,2,14,2011,38.62089
44686,2,14,2012,38.81077
44686,2,14,2013,38.92879
44686,2,14,2014,39.09466
44686,2,14,2015,39.00405
44686,2,14,2016,39.0748
44686,2,14,2017,39.14643
44686,2,14,2018,39.27183
44686,2,14,2019,39.74068
44686,3,14,1950,30.449
44686,3,14,1951,30.54666
44686,3,14,1952,30.78206
44686,3,14,1953,31.03887
44686,3,14,1954,31.21051
44686,3,14,1955,31.29361
44686,3,14,1956,31.44201
44686,3,14,1957,31.512
44686,3,14,1958,31.65156
44686,3,14,1959,31.65919
44686,3,14,1960,31.66292
44686,3,14,1961,31.63035
44686,3,14,1962,31.58653
44686,3,14,1963,31.56104
44686,3,14,1964,31.87167
44686,3,14,1965,31.85345
44686,3,14,1966,31.97429
44686,3,14,1967,32.07634
44686,3,14,1968,31.95338
44686,3,14,1969,31.84922
44686,3,14,1970,32.01733
44686,3,14,1971,31.83938
44686,3,14,1972,31.86962
44686,3,14,1973,31.88232
44686,3,14,1974,31.80736
44686,3,14,1975,31.8527
44686,3,14,1976,31.63697
44686,3,14,1977,31.92193
44686,3,14,1978,31.58992
44686,3,14,1979,31.4095
44686,3,14,1980,31.39641
44686,3,14,1981,31.34074
44686,3,14,1982,31.44441
44686,3,14,1983,31.62452
44686,3,14,1984,31.7896
44686,3,14,1985,31.83014
44686,3,14,1986,32.07927
44686,3,14,1987,32.38619
44686,3,14,1988,32.43839
44686,3,14,1989,32.57827
44686,3,14,1990,32.89563
44686,3,14,1991,33.29879
44686,3,14,1992,33.56549
44686,3,14,1993,33.68315
44686,3,14,1994,33.90405
44686,3,14,1995,33.96194
44686,3,14,1996,34.13589
44686,3,14,1997,34.37125
44686,3,14,1998,34.37615
44686,3,14,1999,34.65776
44686,3,14,2000,35.0253
44686,3,14,2001,35.24557
44686,3,14,2002,35.29277
44686,3,14,2003,35.52471
44686,3,14,2004,35.87474
44686,3,14,2005,36.04429
44686,3,14,2006,36.14252
44686,3,14,2007,36.25966
44686,3,14,2008,36.37947
44686,3,14,2009,36.73435
44686,3,14,2010,36.86309
44686,3,14,2011,36.95219
44686,3,14,2012,37.03012
44686,3,14,2013,37.13261
44686,3,14,2014,37.28313
44686,3,14,2015,37.17569
44686,3,14,2016,37.19498
44686,3,14,2017,37.23597
44686,3,14,2018,37.52541
44686,3,14,2019,37.85787
44687,1,14,1950,29.55685
44687,1,14,1951,29.26188
44687,1,14,1952,29.68999
44687,1,14,1953,29.89332
44687,1,14,1954,30.02865
44687,1,14,1955,29.75826
44687,1,14,1956,29.94966
44687,1,14,1957,30.26582
44687,1,14,1958,30.26372
44687,1,14,1959,30.15967
44687,1,14,1960,30.32647
44687,1,14,1961,30.15672
44687,1,14,1962,29.8819
44687,1,14,1963,29.80427
44687,1,14,1964,30.22226
44687,1,14,1965,30.09358
44687,1,14,1966,29.88981
44687,1,14,1967,30.29678
44687,1,14,1968,29.7845
44687,1,14,1969,29.68775
44687,1,14,1970,30.13967
44687,1,14,1971,30.17039
44687,1,14,1972,29.96384
44687,1,14,1973,29.86716
44687,1,14,1974,29.9959
44687,1,14,1975,29.9394
44687,1,14,1976,29.66871
44687,1,14,1977,29.70952
44687,1,14,1978,29.39786
44687,1,14,1979,29.07842
44687,1,14,1980,28.97041
44687,1,14,1981,28.80427
44687,1,14,1982,28.87751
44687,1,14,1983,29.10717
44687,1,14,1984,29.36965
44687,1,14,1985,29.24047
44687,1,14,1986,29.16607
44687,1,14,1987,29.48469
44687,1,14,1988,29.62286
44687,1,14,1989,29.91532
44687,1,14,1990,30.24521
44687,1,14,1991,30.39284
44687,1,14,1992,30.67218
44687,1,14,1993,30.85247
44687,1,14,1994,31.2024
44687,1,14,1995,31.28347
44687,1,14,1996,31.70765
44687,1,14,1997,31.87112
44687,1,14,1998,31.88248
44687,1,14,1999,32.2772
44687,1,14,2000,32.8881
44687,1,14,2001,33.06715
44687,1,14,2002,33.36679
44687,1,14,2003,33.74461
44687,1,14,2004,34.18853
44687,1,14,2005,34.72988
44687,1,14,2006,34.89222
44687,1,14,2007,34.93421
44687,1,14,2008,34.75419
44687,1,14,2009,35.03939
44687,1,14,2010,35.2865
44687,1,14,2011,35.31809
44687,1,14,2012,35.53791
44687,1,14,2013,35.60622
44687,1,14,2014,35.94184
44687,1,14,2015,35.95779
44687,1,14,2016,36.08579
44687,1,14,2017,36.09863
44687,1,14,2018,36.66862
44687,1,14,2019,37.14475
44687,2,14,1950,33.5389
44687,2,14,1951,33.50065
44687,2,14,1952,33.68199
44687,2,14,1953,34.03816
44687,2,14,1954,34.33748
44687,2,14,1955,34.46929
44687,2,14,1956,34.65272
44687,2,14,1957,34.70779
44687,2,14,1958,34.80392
44687,2,14,1959,34.83741
44687,2,14,1960,34.95552
44687,2,14,1961,34.89584
44687,2,14,1962,34.92854
44687,2,14,1963,35.03463
44687,2,14,1964,35.13614
44687,2,14,1965,35.29933
44687,2,14,1966,35.43284
44687,2,14,1967,35.43311
44687,2,14,1968,35.42017
44687,2,14,1969,35.03394
44687,2,14,1970,35.33536
44687,2,14,1971,35.50879
44687,2,14,1972,35.2441
44687,2,14,1973,35.17148
44687,2,14,1974,35.25899
44687,2,14,1975,35.26886
44687,2,14,1976,35.06141
44687,2,14,1977,35.11898
44687,2,14,1978,34.88492
44687,2,14,1979,34.53263
44687,2,14,1980,34.44043
44687,2,14,1981,34.19235
44687,2,14,1982,34.12504
44687,2,14,1983,34.14496
44687,2,14,1984,34.10618
44687,2,14,1985,34.18735
44687,2,14,1986,34.4352
44687,2,14,1987,34.51388
44687,2,14,1988,34.75685
44687,2,14,1989,34.89557
44687,2,14,1990,35.09992
44687,2,14,1991,35.37054
44687,2,14,1992,35.59516
44687,2,14,1993,35.86208
44687,2,14,1994,35.95608
44687,2,14,1995,35.93831
44687,2,14,1996,36.0403
44687,2,14,1997,36.29813
44687,2,14,1998,36.54255
44687,2,14,1999,36.89907
44687,2,14,2000,37.01172
44687,2,14,2001,37.25017
44687,2,14,2002,37.19867
44687,2,14,2003,37.41287
44687,2,14,2004,37.65112
44687,2,14,2005,37.77896
44687,2,14,2006,37.9726
44687,2,14,2007,38.06587
44687,2,14,2008,38.28714
44687,2,14,2009,38.43101
44687,2,14,2010,38.68019
44687,2,14,2011,38.77701
44687,2,14,2012,38.85904
44687,2,14,2013,38.81398
44687,2,14,2014,38.90836
44687,2,14,2015,38.80441
44687,2,14,2016,38.79636
44687,2,14,2017,38.95006
44687,2,14,2018,39.10858
44687,2,14,2019,39.43742
44687,3,14,1950,30.56399
44687,3,14,1951,30.67495
44687,3,14,1952,30.78405
44687,3,14,1953,31.24642
44687,3,14,1954,31.33653
44687,3,14,1955,31.29121
44687,3,14,1956,31.31657
44687,3,14,1957,31.34336
44687,3,14,1958,31.77355
44687,3,14,1959,31.64499
44687,3,14,1960,31.56049
44687,3,14,1961,31.72184
44687,3,14,1962,31.53745
44687,3,14,1963,31.70297
44687,3,14,1964,31.95391
44687,3,14,1965,31.88694
44687,3,14,1966,31.94265
44687,3,14,1967,32.03201
44687,3,14,1968,32.02488
44687,3,14,1969,31.6592
44687,3,14,1970,32.04829
44687,3,14,1971,32.21178
44687,3,14,1972,32.05275
44687,3,14,1973,31.94536
44687,3,14,1974,32.00496
44687,3,14,1975,32.07097
44687,3,14,1976,31.92858
44687,3,14,1977,32.05792
44687,3,14,1978,31.74796
44687,3,14,1979,31.58252
44687,3,14,1980,31.538
44687,3,14,1981,31.47172
44687,3,14,1982,31.49819
44687,3,14,1983,31.59948
44687,3,14,1984,31.76852
44687,3,14,1985,31.71226
44687,3,14,1986,31.76661
44687,3,14,1987,31.97295
44687,3,14,1988,32.16548
44687,3,14,1989,32.39644
44687,3,14,1990,32.67776
44687,3,14,1991,32.86699
44687,3,14,1992,33.1064
44687,3,14,1993,33.32809
44687,3,14,1994,33.55699
44687,3,14,1995,33.61459
44687,3,14,1996,33.86352
44687,3,14,1997,34.06596
44687,3,14,1998,34.18602
44687,3,14,1999,34.56999
44687,3,14,2000,34.97268
44687,3,14,2001,35.12285
44687,3,14,2002,35.27367
44687,3,14,2003,35.56484
44687,3,14,2004,35.89093
44687,3,14,2005,36.21661
44687,3,14,2006,36.38136
44687,3,14,2007,36.43389
44687,3,14,2008,36.45151
44687,3,14,2009,36.64539
44687,3,14,2010,36.89991
44687,3,14,2011,36.97916
44687,3,14,2012,37.08407
44687,3,14,2013,37.13072
44687,3,14,2014,37.32767
44687,3,14,2015,37.27998
44687,3,14,2016,37.32254
44687,3,14,2017,37.39228
44687,3,14,2018,37.68429
44687,3,14,2019,37.96553
44688,1,14,1950,28.98331
44688,1,14,1951,28.82068
44688,1,14,1952,29.00417
44688,1,14,1953,29.2828
44688,1,14,1954,29.26836
44688,1,14,1955,29.46448
44688,1,14,1956,29.49139
44688,1,14,1957,29.142
44688,1,14,1958,29.47074
44688,1,14,1959,29.37893
44688,1,14,1960,29.18704
44688,1,14,1961,29.1879
44688,1,14,1962,29.1187
44688,1,14,1963,28.92763
44688,1,14,1964,29.01716
44688,1,14,1965,29.22852
44688,1,14,1966,28.98188
44688,1,14,1967,29.64853
44688,1,14,1968,29.32429
44688,1,14,1969,28.98327
44688,1,14,1970,28.96329
44688,1,14,1971,29.12715
44688,1,14,1972,28.7111
44688,1,14,1973,28.8566
44688,1,14,1974,29.25488
44688,1,14,1975,28.91181
44688,1,14,1976,28.87773
44688,1,14,1977,28.57439
44688,1,14,1978,28.12872
44688,1,14,1979,27.85124
44688,1,14,1980,27.85835
44688,1,14,1981,27.84021
44688,1,14,1982,27.87862
44688,1,14,1983,28.11939
44688,1,14,1984,28.57875
44688,1,14,1985,28.74861
44688,1,14,1986,28.86651
44688,1,14,1987,29.32689
44688,1,14,1988,29.56249
44688,1,14,1989,29.7944
44688,1,14,1990,30.10797
44688,1,14,1991,30.2811
44688,1,14,1992,30.48815
44688,1,14,1993,30.58691
44688,1,14,1994,31.10784
44688,1,14,1995,31.24665
44688,1,14,1996,31.52773
44688,1,14,1997,31.85252
44688,1,14,1998,32.04046
44688,1,14,1999,32.37521
44688,1,14,2000,32.96978
44688,1,14,2001,32.9201
44688,1,14,2002,32.8759
44688,1,14,2003,33.04277
44688,1,14,2004,33.47509
44688,1,14,2005,33.72778
44688,1,14,2006,34.02445
44688,1,14,2007,34.35857
44688,1,14,2008,34.44567
44688,1,14,2009,34.77429
44688,1,14,2010,34.88342
44688,1,14,2011,34.96206
44688,1,14,2012,35.07435
44688,1,14,2013,35.18776
44688,1,14,2014,35.33316
44688,1,14,2015,35.16577
44688,1,14,2016,35.34948
44688,1,14,2017,35.37637
44688,1,14,2018,35.71928
44688,1,14,2019,35.9913
44688,2,14,1950,32.93811
44688,2,14,1951,32.87068
44688,2,14,1952,33.40935
44688,2,14,1953,33.71763
44688,2,14,1954,33.98525
44688,2,14,1955,34.05112
44688,2,14,1956,34.06067
44688,2,14,1957,34.31337
44688,2,14,1958,34.46546
44688,2,14,1959,34.35358
44688,2,14,1960,34.55028
44688,2,14,1961,34.21021
44688,2,14,1962,34.31545
44688,2,14,1963,34.32638
44688,2,14,1964,34.71671
44688,2,14,1965,34.9849
44688,2,14,1966,34.78231
44688,2,14,1967,35.04103
44688,2,14,1968,35.00512
44688,2,14,1969,34.9048
44688,2,14,1970,35.20093
44688,2,14,1971,34.94158
44688,2,14,1972,34.89681
44688,2,14,1973,34.92884
44688,2,14,1974,34.9675
44688,2,14,1975,35.01571
44688,2,14,1976,34.98152
44688,2,14,1977,34.83344
44688,2,14,1978,34.59422
44688,2,14,1979,34.35627
44688,2,14,1980,34.19036
44688,2,14,1981,34.03335
44688,2,14,1982,33.92105
44688,2,14,1983,33.93458
44688,2,14,1984,34.0526
44688,2,14,1985,34.07985
44688,2,14,1986,34.41856
44688,2,14,1987,34.59492
44688,2,14,1988,34.73621
44688,2,14,1989,34.68284
44688,2,14,1990,34.83101
44688,2,14,1991,34.97965
44688,2,14,1992,34.96898
44688,2,14,1993,35.21316
44688,2,14,1994,35.24106
44688,2,14,1995,35.34717
44688,2,14,1996,35.45518
44688,2,14,1997,35.73944
44688,2,14,1998,35.88919
44688,2,14,1999,36.26901
44688,2,14,2000,36.45345
44688,2,14,2001,36.92341
44688,2,14,2002,37.01265
44688,2,14,2003,37.16609
44688,2,14,2004,37.45293
44688,2,14,2005,37.59509
44688,2,14,2006,37.69323
44688,2,14,2007,37.66718
44688,2,14,2008,37.90058
44688,2,14,2009,38.19345
44688,2,14,2010,38.42226
44688,2,14,2011,38.50749
44688,2,14,2012,38.54596
44688,2,14,2013,38.57642
44688,2,14,2014,38.69149
44688,2,14,2015,38.65636
44688,2,14,2016,38.73238
44688,2,14,2017,38.77714
44688,2,14,2018,38.9624
44688,2,14,2019,39.35262
44688,3,14,1950,29.75738
44688,3,14,1951,29.77608
44688,3,14,1952,30.23378
44688,3,14,1953,30.58846
44688,3,14,1954,30.45056
44688,3,14,1955,30.4916
44688,3,14,1956,30.78365
44688,3,14,1957,30.64179
44688,3,14,1958,30.8836
44688,3,14,1959,30.76401
44688,3,14,1960,30.84669
44688,3,14,1961,30.92587
44688,3,14,1962,30.75497
44688,3,14,1963,30.7673
44688,3,14,1964,31.13179
44688,3,14,1965,31.14512
44688,3,14,1966,31.13812
44688,3,14,1967,31.39151
44688,3,14,1968,31.27183
44688,3,14,1969,30.88133
44688,3,14,1970,31.12562
44688,3,14,1971,31.30368
44688,3,14,1972,30.95263
44688,3,14,1973,31.19482
44688,3,14,1974,31.26886
44688,3,14,1975,31.41079
44688,3,14,1976,31.18477
44688,3,14,1977,31.07339
44688,3,14,1978,30.82095
44688,3,14,1979,30.63485
44688,3,14,1980,30.69416
44688,3,14,1981,30.73041
44688,3,14,1982,30.69743
44688,3,14,1983,30.87973
44688,3,14,1984,31.19721
44688,3,14,1985,31.30546
44688,3,14,1986,31.54611
44688,3,14,1987,31.87804
44688,3,14,1988,32.0558
44688,3,14,1989,32.20072
44688,3,14,1990,32.4198
44688,3,14,1991,32.58789
44688,3,14,1992,32.67403
44688,3,14,1993,32.84822
44688,3,14,1994,33.14278
44688,3,14,1995,33.24504
44688,3,14,1996,33.47411
44688,3,14,1997,33.77958
44688,3,14,1998,33.91831
44688,3,14,1999,34.29537
44688,3,14,2000,34.68209
44688,3,14,2001,34.89401
44688,3,14,2002,34.89463
44688,3,14,2003,35.04301
44688,3,14,2004,35.39526
44688,3,14,2005,35.5752
44688,3,14,2006,35.77429
44688,3,14,2007,35.95244
44688,3,14,2008,36.08606
44688,3,14,2009,36.39306
44688,3,14,2010,36.58427
44688,3,14,2011,36.63865
44688,3,14,2012,36.72522
44688,3,14,2013,36.7589
44688,3,14,2014,36.89152
44688,3,14,2015,36.76515
44688,3,14,2016,36.91436
44688,3,14,2017,36.93104
44688,3,14,2018,37.09456
44688,3,14,2019,37.3283
44689,1,14,1950,29.13408
44689,1,14,1951,29.10911
44689,1,14,1952,29.34298
44689,1,14,1953,29.85193
44689,1,14,1954,29.76521
44689,1,14,1955,29.55073
44689,1,14,1956,29.75595
44689,1,14,1957,29.84194
44689,1,14,1958,29.75534
44689,1,14,1959,30.06431
44689,1,14,1960,29.86858
44689,1,14,1961,29.61265
44689,1,14,1962,29.66429
44689,1,14,1963,29.37465
44689,1,14,1964,29.90158
44689,1,14,1965,29.82469
44689,1,14,1966,29.69982
44689,1,14,1967,30.00593
44689,1,14,1968,29.95958
44689,1,14,1969,29.48153
44689,1,14,1970,29.62738
44689,1,14,1971,29.70222
44689,1,14,1972,29.61083
44689,1,14,1973,29.68333
44689,1,14,1974,29.83198
44689,1,14,1975,29.5627
44689,1,14,1976,29.48526
44689,1,14,1977,29.49001
44689,1,14,1978,28.98983
44689,1,14,1979,28.76915
44689,1,14,1980,28.55017
44689,1,14,1981,28.2477
44689,1,14,1982,28.36604
44689,1,14,1983,28.69708
44689,1,14,1984,29.29478
44689,1,14,1985,29.5271
44689,1,14,1986,29.76551
44689,1,14,1987,30.07718
44689,1,14,1988,30.15027
44689,1,14,1989,30.24203
44689,1,14,1990,30.26942
44689,1,14,1991,30.36737
44689,1,14,1992,30.5908
44689,1,14,1993,30.70312
44689,1,14,1994,31.10875
44689,1,14,1995,31.26043
44689,1,14,1996,31.66086
44689,1,14,1997,32.14388
44689,1,14,1998,32.13183
44689,1,14,1999,32.41568
44689,1,14,2000,32.67457
44689,1,14,2001,32.586
44689,1,14,2002,32.91103
44689,1,14,2003,33.36679
44689,1,14,2004,33.63504
44689,1,14,2005,33.63326
44689,1,14,2006,34.07922
44689,1,14,2007,34.57117
44689,1,14,2008,34.94046
44689,1,14,2009,35.37995
44689,1,14,2010,35.54808
44689,1,14,2011,35.59817
44689,1,14,2012,35.59382
44689,1,14,2013,35.57027
44689,1,14,2014,35.52642
44689,1,14,2015,35.285
44689,1,14,2016,35.38134
44689,1,14,2017,35.24262
44689,1,14,2018,35.4154
44689,1,14,2019,35.80986
44689,2,14,1950,33.47112
44689,2,14,1951,33.28357
44689,2,14,1952,33.64466
44689,2,14,1953,34.34542
44689,2,14,1954,34.24275
44689,2,14,1955,34.54595
44689,2,14,1956,34.43492
44689,2,14,1957,34.58662
44689,2,14,1958,34.75088
44689,2,14,1959,34.78618
44689,2,14,1960,34.98781
44689,2,14,1961,34.7376
44689,2,14,1962,34.75085
44689,2,14,1963,34.78789
44689,2,14,1964,35.45104
44689,2,14,1965,35.37194
44689,2,14,1966,35.31289
44689,2,14,1967,35.6261
44689,2,14,1968,35.35384
44689,2,14,1969,35.33469
44689,2,14,1970,35.68568
44689,2,14,1971,35.5299
44689,2,14,1972,35.38161
44689,2,14,1973,35.33752
44689,2,14,1974,35.51937
44689,2,14,1975,35.65211
44689,2,14,1976,35.54509
44689,2,14,1977,35.50349
44689,2,14,1978,35.24942
44689,2,14,1979,35.12446
44689,2,14,1980,34.79227
44689,2,14,1981,34.70944
44689,2,14,1982,34.52736
44689,2,14,1983,34.45184
44689,2,14,1984,34.58501
44689,2,14,1985,34.57178
44689,2,14,1986,34.87575
44689,2,14,1987,34.99375
44689,2,14,1988,35.17098
44689,2,14,1989,35.11925
44689,2,14,1990,35.30946
44689,2,14,1991,35.45831
44689,2,14,1992,35.56609
44689,2,14,1993,35.92634
44689,2,14,1994,36.15885
44689,2,14,1995,36.28371
44689,2,14,1996,36.35722
44689,2,14,1997,36.53126
44689,2,14,1998,36.5443
44689,2,14,1999,36.776
44689,2,14,2000,36.85375
44689,2,14,2001,37.19341
44689,2,14,2002,37.13854
44689,2,14,2003,37.27406
44689,2,14,2004,37.67928
44689,2,14,2005,37.87641
44689,2,14,2006,38.03069
44689,2,14,2007,37.9988
44689,2,14,2008,38.16551
44689,2,14,2009,38.32922
44689,2,14,2010,38.42319
44689,2,14,2011,38.38753
44689,2,14,2012,38.31726
44689,2,14,2013,38.29066
44689,2,14,2014,38.4381
44689,2,14,2015,38.49645
44689,2,14,2016,38.60064
44689,2,14,2017,38.57359
44689,2,14,2018,38.85769
44689,2,14,2019,39.23722
44689,3,14,1950,30.1861
44689,3,14,1951,30.10505
44689,3,14,1952,30.53013
44689,3,14,1953,31.00964
44689,3,14,1954,30.89432
44689,3,14,1955,30.99531
44689,3,14,1956,30.96999
44689,3,14,1957,31.2457
44689,3,14,1958,31.29918
44689,3,14,1959,31.26089
44689,3,14,1960,31.31852
44689,3,14,1961,31.29004
44689,3,14,1962,31.19935
44689,3,14,1963,31.13703
44689,3,14,1964,31.59386
44689,3,14,1965,31.65864
44689,3,14,1966,31.60459
44689,3,14,1967,31.82931
44689,3,14,1968,31.79168
44689,3,14,1969,31.65526
44689,3,14,1970,31.79359
44689,3,14,1971,31.8469
44689,3,14,1972,31.70944
44689,3,14,1973,31.82508
44689,3,14,1974,31.86535
44689,3,14,1975,32.00309
44689,3,14,1976,31.82266
44689,3,14,1977,31.79914
44689,3,14,1978,31.5522
44689,3,14,1979,31.44402
44689,3,14,1980,31.37293
44689,3,14,1981,31.19465
44689,3,14,1982,31.2494
44689,3,14,1983,31.44279
44689,3,14,1984,31.83752
44689,3,14,1985,31.97785
44689,3,14,1986,32.21318
44689,3,14,1987,32.49578
44689,3,14,1988,32.56461
44689,3,14,1989,32.61071
44689,3,14,1990,32.68878
44689,3,14,1991,32.83278
44689,3,14,1992,33.02294
44689,3,14,1993,33.20899
44689,3,14,1994,33.55184
44689,3,14,1995,33.6965
44689,3,14,1996,33.95256
44689,3,14,1997,34.30169
44689,3,14,1998,34.29749
44689,3,14,1999,34.52968
44689,3,14,2000,34.72549
44689,3,14,2001,34.80711
44689,3,14,2002,34.96385
44689,3,14,2003,35.28075
44689,3,14,2004,35.57012
44689,3,14,2005,35.66607
44689,3,14,2006,35.98684
44689,3,14,2007,36.19307
44689,3,14,2008,36.48956
44689,3,14,2009,36.78685
44689,3,14,2010,36.93928
44689,3,14,2011,36.90505
44689,3,14,2012,36.88202
44689,3,14,2013,36.86672
44689,3,14,2014,36.88512
44689,3,14,2015,36.79236
44689,3,14,2016,36.85711
44689,3,14,2017,36.74944
44689,3,14,2018,36.89633
44689,3,14,2019,37.08739
44690,1,14,1950,29.73332
44690,1,14,1951,29.39475
44690,1,14,1952,29.7158
44690,1,14,1953,29.91371
44690,1,14,1954,30.08741
44690,1,14,1955,30.0749
44690,1,14,1956,30.17898
44690,1,14,1957,30.24867
44690,1,14,1958,30.23994
44690,1,14,1959,30.28497
44690,1,14,1960,30.3648
44690,1,14,1961,30.13157
44690,1,14,1962,30.08757
44690,1,14,1963,30.07871
44690,1,14,1964,30.35565
44690,1,14,1965,30.39003
44690,1,14,1966,30.31699
44690,1,14,1967,30.68777
44690,1,14,1968,30.06183
44690,1,14,1969,30.22233
44690,1,14,1970,30.39186
44690,1,14,1971,30.6264
44690,1,14,1972,30.26427
44690,1,14,1973,30.26412
44690,1,14,1974,30.58852
44690,1,14,1975,30.40858
44690,1,14,1976,30.34618
44690,1,14,1977,30.37168
44690,1,14,1978,30.04373
44690,1,14,1979,29.58224
44690,1,14,1980,29.43369
44690,1,14,1981,29.17392
44690,1,14,1982,29.08454
44690,1,14,1983,29.12507
44690,1,14,1984,29.26
44690,1,14,1985,29.3045
44690,1,14,1986,29.38185
44690,1,14,1987,29.80237
44690,1,14,1988,30.00366
44690,1,14,1989,30.27371
44690,1,14,1990,30.62016
44690,1,14,1991,30.7803
44690,1,14,1992,30.87127
44690,1,14,1993,30.8366
44690,1,14,1994,31.06486
44690,1,14,1995,31.13018
44690,1,14,1996,31.56005
44690,1,14,1997,31.72575
44690,1,14,1998,31.63531
44690,1,14,1999,31.8666
44690,1,14,2000,32.48326
44690,1,14,2001,32.48814
44690,1,14,2002,32.56688
44690,1,14,2003,32.814
44690,1,14,2004,33.37172
44690,1,14,2005,33.68968
44690,1,14,2006,33.95994
44690,1,14,2007,34.37389
44690,1,14,2008,34.32012
44690,1,14,2009,34.72091
44690,1,14,2010,34.52972
44690,1,14,2011,34.56329
44690,1,14,2012,34.63283
44690,1,14,2013,35.32489
44690,1,14,2014,35.61136
44690,1,14,2015,35.65818
44690,1,14,2016,35.80014
44690,1,14,2017,35.89794
44690,1,14,2018,36.21293
44690,1,14,2019,36.46981
44690,2,14,1950,33.36564
44690,2,14,1951,33.24734
44690,2,14,1952,33.62001
44690,2,14,1953,34.11129
44690,2,14,1954,34.09445
44690,2,14,1955,34.41898
44690,2,14,1956,34.27898
44690,2,14,1957,34.4114
44690,2,14,1958,34.51115
44690,2,14,1959,34.59724
44690,2,14,1960,34.6686
44690,2,14,1961,34.87208
44690,2,14,1962,34.76459
44690,2,14,1963,34.80375
44690,2,14,1964,35.45031
44690,2,14,1965,35.26015
44690,2,14,1966,35.33652
44690,2,14,1967,35.41455
44690,2,14,1968,35.30812
44690,2,14,1969,35.24181
44690,2,14,1970,35.26686
44690,2,14,1971,35.4437
44690,2,14,1972,35.28958
44690,2,14,1973,35.44577
44690,2,14,1974,35.35085
44690,2,14,1975,35.53866
44690,2,14,1976,35.39252
44690,2,14,1977,35.23313
44690,2,14,1978,35.16317
44690,2,14,1979,34.72731
44690,2,14,1980,34.57525
44690,2,14,1981,34.30103
44690,2,14,1982,34.03917
44690,2,14,1983,33.93104
44690,2,14,1984,33.93712
44690,2,14,1985,33.87915
44690,2,14,1986,34.11705
44690,2,14,1987,34.16043
44690,2,14,1988,34.32855
44690,2,14,1989,34.27802
44690,2,14,1990,34.32152
44690,2,14,1991,34.74022
44690,2,14,1992,34.99093
44690,2,14,1993,35.29646
44690,2,14,1994,35.30162
44690,2,14,1995,35.34459
44690,2,14,1996,35.23494
44690,2,14,1997,35.44131
44690,2,14,1998,35.45629
44690,2,14,1999,35.80048
44690,2,14,2000,36.18502
44690,2,14,2001,36.48232
44690,2,14,2002,36.54303
44690,2,14,2003,36.80281
44690,2,14,2004,37.14441
44690,2,14,2005,37.38979
44690,2,14,2006,37.61391
44690,2,14,2007,37.75116
44690,2,14,2008,38.12201
44690,2,14,2009,38.35202
44690,2,14,2010,38.43788
44690,2,14,2011,38.22173
44690,2,14,2012,38.17126
44690,2,14,2013,38.17641
44690,2,14,2014,38.24153
44690,2,14,2015,38.13008
44690,2,14,2016,38.04054
44690,2,14,2017,38.24681
44690,2,14,2018,38.46718
44690,2,14,2019,38.89405
44690,3,14,1950,30.38027
44690,3,14,1951,30.26179
44690,3,14,1952,30.74429
44690,3,14,1953,30.98116
44690,3,14,1954,31.19748
44690,3,14,1955,31.05855
44690,3,14,1956,31.18214
44690,3,14,1957,31.19319
44690,3,14,1958,31.39337
44690,3,14,1959,31.32274
44690,3,14,1960,31.50835
44690,3,14,1961,31.39749
44690,3,14,1962,31.29541
44690,3,14,1963,31.47575
44690,3,14,1964,31.78841
44690,3,14,1965,31.64226
44690,3,14,1966,31.83264
44690,3,14,1967,32.18106
44690,3,14,1968,31.9649
44690,3,14,1969,31.82563
44690,3,14,1970,31.87923
44690,3,14,1971,32.24122
44690,3,14,1972,31.98136
44690,3,14,1973,32.03581
44690,3,14,1974,32.34056
44690,3,14,1975,32.27535
44690,3,14,1976,32.20125
44690,3,14,1977,32.19201
44690,3,14,1978,32.06676
44690,3,14,1979,31.78561
44690,3,14,1980,31.66489
44690,3,14,1981,31.56909
44690,3,14,1982,31.40604
44690,3,14,1983,31.40085
44690,3,14,1984,31.50593
44690,3,14,1985,31.48658
44690,3,14,1986,31.6274
44690,3,14,1987,31.88724
44690,3,14,1988,32.06622
44690,3,14,1989,32.20767
44690,3,14,1990,32.41597
44690,3,14,1991,32.69536
44690,3,14,1992,32.86433
44690,3,14,1993,32.98932
44690,3,14,1994,33.12237
44690,3,14,1995,33.17411
44690,3,14,1996,33.3321
44690,3,14,1997,33.53753
44690,3,14,1998,33.47724
44690,3,14,1999,33.75813
44690,3,14,2000,34.26799
44690,3,14,2001,34.39124
44690,3,14,2002,34.45956
44690,3,14,2003,34.70992
44690,3,14,2004,35.19104
44690,3,14,2005,35.46669
44690,3,14,2006,35.71956
44690,3,14,2007,35.96766
44690,3,14,2008,36.1262
44690,3,14,2009,36.42617
44690,3,14,2010,36.3742
44690,3,14,2011,36.26961
44690,3,14,2012,36.30596
44690,3,14,2013,36.65875
44690,3,14,2014,36.80161
44690,3,14,2015,36.7766
44690,3,14,2016,36.77487
44690,3,14,2017,36.86656
44690,3,14,2018,37.13154
44690,3,14,2019,37.28791
44691,1,14,1950,29.11471
44691,1,14,1951,28.84196
44691,1,14,1952,28.98528
44691,1,14,1953,29.29666
44691,1,14,1954,29.52205
44691,1,14,1955,29.48965
44691,1,14,1956,29.55418
44691,1,14,1957,29.72387
44691,1,14,1958,29.51699
44691,1,14,1959,29.89656
44691,1,14,1960,29.73875
44691,1,14,1961,29.7323
44691,1,14,1962,29.47609
44691,1,14,1963,29.59557
44691,1,14,1964,29.63253
44691,1,14,1965,29.84144
44691,1,14,1966,30.00314
44691,1,14,1967,30.13027
44691,1,14,1968,29.84488
44691,1,14,1969,29.80257
44691,1,14,1970,29.7514
44691,1,14,1971,30.14831
44691,1,14,1972,29.89916
44691,1,14,1973,30.12615
44691,1,14,1974,30.0021
44691,1,14,1975,29.87153
44691,1,14,1976,29.98813
44691,1,14,1977,29.8788
44691,1,14,1978,29.57645
44691,1,14,1979,29.27048
44691,1,14,1980,28.99186
44691,1,14,1981,28.75342
44691,1,14,1982,28.56593
44691,1,14,1983,28.56714
44691,1,14,1984,28.83487
44691,1,14,1985,28.81549
44691,1,14,1986,28.82282
44691,1,14,1987,29.04166
44691,1,14,1988,29.09018
44691,1,14,1989,29.32306
44691,1,14,1990,29.63154
44691,1,14,1991,29.77
44691,1,14,1992,29.90494
44691,1,14,1993,30.0201
44691,1,14,1994,30.33354
44691,1,14,1995,30.37571
44691,1,14,1996,30.48799
44691,1,14,1997,30.39029
44691,1,14,1998,30.22027
44691,1,14,1999,30.75885
44691,1,14,2000,31.46365
44691,1,14,2001,31.8123
44691,1,14,2002,31.87929
44691,1,14,2003,31.9058
44691,1,14,2004,32.0846
44691,1,14,2005,32.37589
44691,1,14,2006,32.45975
44691,1,14,2007,32.55916
44691,1,14,2008,32.51886
44691,1,14,2009,33.04152
44691,1,14,2010,33.28814
44691,1,14,2011,33.4495
44691,1,14,2012,33.51301
44691,1,14,2013,33.4942
44691,1,14,2014,33.6373
44691,1,14,2015,33.39517
44691,1,14,2016,33.2381
44691,1,14,2017,33.11031
44691,1,14,2018,33.35587
44691,1,14,2019,33.82024
44691,2,14,1950,33.03831
44691,2,14,1951,32.80404
44691,2,14,1952,33.3845
44691,2,14,1953,33.72828
44691,2,14,1954,33.70344
44691,2,14,1955,33.87599
44691,2,14,1956,34.10452
44691,2,14,1957,34.31123
44691,2,14,1958,34.3362
44691,2,14,1959,34.61087
44691,2,14,1960,34.61874
44691,2,14,1961,34.45226
44691,2,14,1962,34.52088
44691,2,14,1963,34.5933
44691,2,14,1964,35.17748
44691,2,14,1965,34.94218
44691,2,14,1966,34.93827
44691,2,14,1967,35.16487
44691,2,14,1968,35.09175
44691,2,14,1969,35.04338
44691,2,14,1970,35.17074
44691,2,14,1971,35.15172
44691,2,14,1972,35.12016
44691,2,14,1973,34.93153
44691,2,14,1974,35.08433
44691,2,14,1975,35.32967
44691,2,14,1976,35.08317
44691,2,14,1977,35.10839
44691,2,14,1978,34.86565
44691,2,14,1979,34.65654
44691,2,14,1980,34.51352
44691,2,14,1981,34.28513
44691,2,14,1982,34.32633
44691,2,14,1983,34.3589
44691,2,14,1984,34.50822
44691,2,14,1985,34.37311
44691,2,14,1986,34.64265
44691,2,14,1987,34.57247
44691,2,14,1988,34.67343
44691,2,14,1989,34.69768
44691,2,14,1990,34.72594
44691,2,14,1991,34.63265
44691,2,14,1992,34.49555
44691,2,14,1993,34.64912
44691,2,14,1994,34.68079
44691,2,14,1995,34.80076
44691,2,14,1996,34.89136
44691,2,14,1997,35.13536
44691,2,14,1998,35.2039
44691,2,14,1999,35.66448
44691,2,14,2000,35.81611
44691,2,14,2001,36.28719
44691,2,14,2002,36.20999
44691,2,14,2003,36.31061
44691,2,14,2004,36.45487
44691,2,14,2005,36.58033
44691,2,14,2006,36.85543
44691,2,14,2007,36.89592
44691,2,14,2008,37.15756
44691,2,14,2009,37.42445
44691,2,14,2010,37.51729
44691,2,14,2011,37.49132
44691,2,14,2012,37.63906
44691,2,14,2013,37.66392
44691,2,14,2014,37.82529
44691,2,14,2015,37.77156
44691,2,14,2016,37.79991
44691,2,14,2017,37.8457
44691,2,14,2018,38.09965
44691,2,14,2019,38.43187
44691,3,14,1950,30.14865
44691,3,14,1951,29.98124
44691,3,14,1952,30.48524
44691,3,14,1953,30.90264
44691,3,14,1954,30.95299
44691,3,14,1955,30.81095
44691,3,14,1956,31.03698
44691,3,14,1957,31.1046
44691,3,14,1958,31.24722
44691,3,14,1959,31.33085
44691,3,14,1960,31.27097
44691,3,14,1961,31.429
44691,3,14,1962,31.25494
44691,3,14,1963,31.26213
44691,3,14,1964,31.62111
44691,3,14,1965,31.68285
44691,3,14,1966,31.65113
44691,3,14,1967,31.88635
44691,3,14,1968,31.78415
44691,3,14,1969,31.71793
44691,3,14,1970,31.94121
44691,3,14,1971,31.94151
44691,3,14,1972,31.79021
44691,3,14,1973,32.04695
44691,3,14,1974,31.93108
44691,3,14,1975,32.11562
44691,3,14,1976,32.04416
44691,3,14,1977,32.01523
44691,3,14,1978,31.91941
44691,3,14,1979,31.68427
44691,3,14,1980,31.58387
44691,3,14,1981,31.46674
44691,3,14,1982,31.40623
44691,3,14,1983,31.44529
44691,3,14,1984,31.61629
44691,3,14,1985,31.56404
44691,3,14,1986,31.69015
44691,3,14,1987,31.77006
44691,3,14,1988,31.86254
44691,3,14,1989,31.98339
44691,3,14,1990,32.16593
44691,3,14,1991,32.19796
44691,3,14,1992,32.15802
44691,3,14,1993,32.29281
44691,3,14,1994,32.42888
44691,3,14,1995,32.50777
44691,3,14,1996,32.61936
44691,3,14,1997,32.67427
44691,3,14,1998,32.5961
44691,3,14,1999,33.12129
44691,3,14,2000,33.54833
44691,3,14,2001,33.94038
44691,3,14,2002,33.93738
44691,3,14,2003,33.95984
44691,3,14,2004,34.15544
44691,3,14,2005,34.35767
44691,3,14,2006,34.51786
44691,3,14,2007,34.58813
44691,3,14,2008,34.73431
44691,3,14,2009,35.10107
44691,3,14,2010,35.27955
44691,3,14,2011,35.29705
44691,3,14,2012,35.38045
44691,3,14,2013,35.41488
44691,3,14,2014,35.58956
44691,3,14,2015,35.39325
44691,3,14,2016,35.29933
44691,3,14,2017,35.24628
44691,3,14,2018,35.40324
44691,3,14,2019,35.69614
44692,1,14,1950,29.4151
44692,1,14,1951,28.9995
44692,1,14,1952,29.50177
44692,1,14,1953,29.64975
44692,1,14,1954,29.65353
44692,1,14,1955,29.6409
44692,1,14,1956,29.6603
44692,1,14,1957,29.77752
44692,1,14,1958,29.71456
44692,1,14,1959,29.92059
44692,1,14,1960,29.83728
44692,1,14,1961,29.76595
44692,1,14,1962,29.63591
44692,1,14,1963,29.82486
44692,1,14,1964,29.79802
44692,1,14,1965,29.93875
44692,1,14,1966,29.96731
44692,1,14,1967,30.23109
44692,1,14,1968,29.7617
44692,1,14,1969,29.75017
44692,1,14,1970,29.89946
44692,1,14,1971,30.14764
44692,1,14,1972,30.01921
44692,1,14,1973,29.80877
44692,1,14,1974,30.23243
44692,1,14,1975,30.01967
44692,1,14,1976,29.94483
44692,1,14,1977,29.4699
44692,1,14,1978,29.25842
44692,1,14,1979,28.91678
44692,1,14,1980,28.83405
44692,1,14,1981,28.72552
44692,1,14,1982,28.81222
44692,1,14,1983,28.83603
44692,1,14,1984,29.01124
44692,1,14,1985,29.08604
44692,1,14,1986,29.2465
44692,1,14,1987,29.50207
44692,1,14,1988,29.72017
44692,1,14,1989,30.0248
44692,1,14,1990,30.38707
44692,1,14,1991,30.61829
44692,1,14,1992,30.8154
44692,1,14,1993,30.77022
44692,1,14,1994,31.04948
44692,1,14,1995,31.07733
44692,1,14,1996,31.16556
44692,1,14,1997,31.37995
44692,1,14,1998,31.59255
44692,1,14,1999,32.05938
44692,1,14,2000,32.80056
44692,1,14,2001,32.94222
44692,1,14,2002,32.9445
44692,1,14,2003,33.04581
44692,1,14,2004,33.53517
44692,1,14,2005,33.68426
44692,1,14,2006,34.0672
44692,1,14,2007,34.6183
44692,1,14,2008,34.88706
44692,1,14,2009,35.29474
44692,1,14,2010,35.51955
44692,1,14,2011,35.6128
44692,1,14,2012,35.61088
44692,1,14,2013,35.66332
44692,1,14,2014,35.75412
44692,1,14,2015,35.70192
44692,1,14,2016,36.13646
44692,1,14,2017,35.96922
44692,1,14,2018,36.24054
44692,1,14,2019,36.59537
44692,2,14,1950,32.87896
44692,2,14,1951,32.79979
44692,2,14,1952,33.28103
44692,2,14,1953,33.61205
44692,2,14,1954,34.04155
44692,2,14,1955,33.94719
44692,2,14,1956,33.87657
44692,2,14,1957,34.27896
44692,2,14,1958,34.28815
44692,2,14,1959,34.23682
44692,2,14,1960,34.42661
44692,2,14,1961,34.38839
44692,2,14,1962,34.19611
44692,2,14,1963,34.27965
44692,2,14,1964,34.82207
44692,2,14,1965,34.86147
44692,2,14,1966,35.01677
44692,2,14,1967,34.97302
44692,2,14,1968,34.87344
44692,2,14,1969,34.82689
44692,2,14,1970,35.06181
44692,2,14,1971,34.99858
44692,2,14,1972,34.81245
44692,2,14,1973,34.89638
44692,2,14,1974,34.87466
44692,2,14,1975,34.9004
44692,2,14,1976,34.82028
44692,2,14,1977,34.90449
44692,2,14,1978,34.66537
44692,2,14,1979,34.28445
44692,2,14,1980,34.13802
44692,2,14,1981,34.05904
44692,2,14,1982,33.90541
44692,2,14,1983,33.88734
44692,2,14,1984,33.98693
44692,2,14,1985,33.99392
44692,2,14,1986,34.41523
44692,2,14,1987,34.64161
44692,2,14,1988,34.82502
44692,2,14,1989,34.84685
44692,2,14,1990,34.9973
44692,2,14,1991,35.14526
44692,2,14,1992,35.05882
44692,2,14,1993,35.29117
44692,2,14,1994,35.31625
44692,2,14,1995,35.35186
44692,2,14,1996,35.52458
44692,2,14,1997,35.86403
44692,2,14,1998,36.01793
44692,2,14,1999,36.38502
44692,2,14,2000,36.47208
44692,2,14,2001,36.91993
44692,2,14,2002,36.88529
44692,2,14,2003,36.9644
44692,2,14,2004,37.16171
44692,2,14,2005,37.27269
44692,2,14,2006,37.36166
44692,2,14,2007,37.41044
44692,2,14,2008,37.63002
44692,2,14,2009,38.00033
44692,2,14,2010,38.27021
44692,2,14,2011,38.42881
44692,2,14,2012,38.55797
44692,2,14,2013,38.67916
44692,2,14,2014,38.82164
44692,2,14,2015,38.80699
44692,2,14,2016,38.91543
44692,2,14,2017,38.88697
44692,2,14,2018,39.14579
44692,2,14,2019,39.42638
44692,3,14,1950,29.97536
44692,3,14,1951,29.86769
44692,3,14,1952,30.30545
44692,3,14,1953,30.73133
44692,3,14,1954,30.65344
44692,3,14,1955,30.7615
44692,3,14,1956,30.95586
44692,3,14,1957,30.96217
44692,3,14,1958,31.05809
44692,3,14,1959,31.09834
44692,3,14,1960,31.23742
44692,3,14,1961,31.26913
44692,3,14,1962,31.09443
44692,3,14,1963,30.95584
44692,3,14,1964,31.35482
44692,3,14,1965,31.41837
44692,3,14,1966,31.49783
44692,3,14,1967,31.66154
44692,3,14,1968,31.47327
44692,3,14,1969,31.16265
44692,3,14,1970,31.65454
44692,3,14,1971,31.59024
44692,3,14,1972,31.5925
44692,3,14,1973,31.57523
44692,3,14,1974,31.73798
44692,3,14,1975,31.74459
44692,3,14,1976,31.64861
44692,3,14,1977,31.58386
44692,3,14,1978,31.37146
44692,3,14,1979,31.27591
44692,3,14,1980,31.15365
44692,3,14,1981,31.18192
44692,3,14,1982,31.17216
44692,3,14,1983,31.1899
44692,3,14,1984,31.33954
44692,3,14,1985,31.40545
44692,3,14,1986,31.70798
44692,3,14,1987,31.93851
44692,3,14,1988,32.16805
44692,3,14,1989,32.33911
44692,3,14,1990,32.6192
44692,3,14,1991,32.80899
44692,3,14,1992,32.85801
44692,3,14,1993,32.93634
44692,3,14,1994,33.11302
44692,3,14,1995,33.17889
44692,3,14,1996,33.25892
44692,3,14,1997,33.53721
44692,3,14,1998,33.7487
44692,3,14,1999,34.14163
44692,3,14,2000,34.60747
44692,3,14,2001,34.86375
44692,3,14,2002,34.83354
44692,3,14,2003,34.92877
44692,3,14,2004,35.28117
44692,3,14,2005,35.3981
44692,3,14,2006,35.62683
44692,3,14,2007,35.93108
44692,3,14,2008,36.18965
44692,3,14,2009,36.56124
44692,3,14,2010,36.80043
44692,3,14,2011,36.9262
44692,3,14,2012,36.9948
44692,3,14,2013,37.05562
44692,3,14,2014,37.15436
44692,3,14,2015,37.12537
44692,3,14,2016,37.35091
44692,3,14,2017,37.20976
44692,3,14,2018,37.39479
44692,3,14,2019,37.59977
44693,1,14,1950,30.68629
44693,1,14,1951,30.47389
44693,1,14,1952,30.72463
44693,1,14,1953,31.07364
44693,1,14,1954,31.30305
44693,1,14,1955,31.08004
44693,1,14,1956,31.29371
44693,1,14,1957,31.31498
44693,1,14,1958,31.52825
44693,1,14,1959,31.33423
44693,1,14,1960,31.5416
44693,1,14,1961,31.36886
44693,1,14,1962,31.41199
44693,1,14,1963,31.11424
44693,1,14,1964,31.41423
44693,1,14,1965,31.19236
44693,1,14,1966,31.33317
44693,1,14,1967,31.67482
44693,1,14,1968,31.51293
44693,1,14,1969,31.55454
44693,1,14,1970,31.50276
44693,1,14,1971,31.86388
44693,1,14,1972,31.56475
44693,1,14,1973,31.45352
44693,1,14,1974,31.59742
44693,1,14,1975,31.76153
44693,1,14,1976,31.44519
44693,1,14,1977,31.27432
44693,1,14,1978,30.85002
44693,1,14,1979,30.70021
44693,1,14,1980,30.46037
44693,1,14,1981,30.32732
44693,1,14,1982,30.25828
44693,1,14,1983,30.47573
44693,1,14,1984,30.82108
44693,1,14,1985,30.63691
44693,1,14,1986,30.78733
44693,1,14,1987,31.01102
44693,1,14,1988,31.11377
44693,1,14,1989,31.22439
44693,1,14,1990,31.64855
44693,1,14,1991,31.81897
44693,1,14,1992,31.89389
44693,1,14,1993,32.02903
44693,1,14,1994,32.47549
44693,1,14,1995,32.61615
44693,1,14,1996,32.64042
44693,1,14,1997,32.85303
44693,1,14,1998,32.98164
44693,1,14,1999,33.07521
44693,1,14,2000,33.58625
44693,1,14,2001,34.1344
44693,1,14,2002,34.11996
44693,1,14,2003,34.26814
44693,1,14,2004,34.76045
44693,1,14,2005,35.07456
44693,1,14,2006,34.97803
44693,1,14,2007,35.26616
44693,1,14,2008,35.42375
44693,1,14,2009,35.49461
44693,1,14,2010,35.65993
44693,1,14,2011,35.94839
44693,1,14,2012,36.16223
44693,1,14,2013,36.05046
44693,1,14,2014,36.46243
44693,1,14,2015,36.57175
44693,1,14,2016,36.72244
44693,1,14,2017,36.88949
44693,1,14,2018,36.98946
44693,1,14,2019,37.39205
44693,2,14,1950,34.2676
44693,2,14,1951,33.92486
44693,2,14,1952,34.58294
44693,2,14,1953,34.67432
44693,2,14,1954,34.93395
44693,2,14,1955,35.17033
44693,2,14,1956,35.12683
44693,2,14,1957,35.42159
44693,2,14,1958,35.35194
44693,2,14,1959,35.46061
44693,2,14,1960,35.34934
44693,2,14,1961,35.33241
44693,2,14,1962,35.35976
44693,2,14,1963,35.53646
44693,2,14,1964,35.76239
44693,2,14,1965,35.72959
44693,2,14,1966,35.82716
44693,2,14,1967,35.96887
44693,2,14,1968,35.88476
44693,2,14,1969,35.9225
44693,2,14,1970,35.98146
44693,2,14,1971,36.04971
44693,2,14,1972,36.05342
44693,2,14,1973,35.86791
44693,2,14,1974,35.92309
44693,2,14,1975,35.89271
44693,2,14,1976,35.6864
44693,2,14,1977,35.76184
44693,2,14,1978,35.61855
44693,2,14,1979,35.21893
44693,2,14,1980,35.21336
44693,2,14,1981,35.01229
44693,2,14,1982,35.29304
44693,2,14,1983,35.47961
44693,2,14,1984,35.48187
44693,2,14,1985,35.39543
44693,2,14,1986,35.31334
44693,2,14,1987,35.53733
44693,2,14,1988,35.56738
44693,2,14,1989,35.78389
44693,2,14,1990,36.07426
44693,2,14,1991,35.84028
44693,2,14,1992,36.04455
44693,2,14,1993,36.03013
44693,2,14,1994,36.27123
44693,2,14,1995,36.45213
44693,2,14,1996,36.652
44693,2,14,1997,36.85473
44693,2,14,1998,37.1418
44693,2,14,1999,37.26569
44693,2,14,2000,37.56561
44693,2,14,2001,37.79526
44693,2,14,2002,37.6913
44693,2,14,2003,37.85014
44693,2,14,2004,38.07223
44693,2,14,2005,38.16056
44693,2,14,2006,38.57124
44693,2,14,2007,38.59562
44693,2,14,2008,38.6749
44693,2,14,2009,38.93533
44693,2,14,2010,39.26687
44693,2,14,2011,39.31862
44693,2,14,2012,39.26163
44693,2,14,2013,39.45246
44693,2,14,2014,39.34423
44693,2,14,2015,39.03099
44693,2,14,2016,39.03168
44693,2,14,2017,39.07359
44693,2,14,2018,39.34741
44693,2,14,2019,39.50621
44693,3,14,1950,31.45431
44693,3,14,1951,31.49846
44693,3,14,1952,31.87356
44693,3,14,1953,32.31141
44693,3,14,1954,32.43676
44693,3,14,1955,32.25294
44693,3,14,1956,32.36361
44693,3,14,1957,32.5563
44693,3,14,1958,32.61295
44693,3,14,1959,32.63005
44693,3,14,1960,32.70598
44693,3,14,1961,32.60915
44693,3,14,1962,32.63964
44693,3,14,1963,32.54497
44693,3,14,1964,32.99665
44693,3,14,1965,32.83958
44693,3,14,1966,32.91599
44693,3,14,1967,33.06775
44693,3,14,1968,32.89576
44693,3,14,1969,33.20279
44693,3,14,1970,33.0193
44693,3,14,1971,33.21867
44693,3,14,1972,33.06782
44693,3,14,1973,33.00463
44693,3,14,1974,33.2422
44693,3,14,1975,33.23279
44693,3,14,1976,33.04728
44693,3,14,1977,33.07587
44693,3,14,1978,32.7898
44693,3,14,1979,32.71636
44693,3,14,1980,32.64672
44693,3,14,1981,32.60685
44693,3,14,1982,32.73206
44693,3,14,1983,32.91928
44693,3,14,1984,33.09103
44693,3,14,1985,32.94852
44693,3,14,1986,32.9566
44693,3,14,1987,33.17259
44693,3,14,1988,33.27602
44693,3,14,1989,33.44206
44693,3,14,1990,33.80579
44693,3,14,1991,33.79636
44693,3,14,1992,33.90045
44693,3,14,1993,33.97746
44693,3,14,1994,34.32339
44693,3,14,1995,34.48131
44693,3,14,1996,34.59335
44693,3,14,1997,34.80279
44693,3,14,1998,34.98895
44693,3,14,1999,35.11191
44693,3,14,2000,35.53384
44693,3,14,2001,35.91194
44693,3,14,2002,35.85303
44693,3,14,2003,35.99192
44693,3,14,2004,36.37847
44693,3,14,2005,36.54958
44693,3,14,2006,36.725
44693,3,14,2007,36.86879
44693,3,14,2008,36.97472
44693,3,14,2009,37.13421
44693,3,14,2010,37.37549
44693,3,14,2011,37.54756
44693,3,14,2012,37.62822
44693,3,14,2013,37.66148
44693,3,14,2014,37.82952
44693,3,14,2015,37.71359
44693,3,14,2016,37.76975
44693,3,14,2017,37.87128
44693,3,14,2018,37.86271
44693,3,14,2019,38.17561
44694,1,14,1950,31.37361
44694,1,14,1951,31.13846
44694,1,14,1952,31.40855
44694,1,14,1953,31.86011
44694,1,14,1954,31.87042
44694,1,14,1955,31.84973
44694,1,14,1956,32.01076
44694,1,14,1957,31.69546
44694,1,14,1958,31.90903
44694,1,14,1959,31.82391
44694,1,14,1960,31.92126
44694,1,14,1961,32.00071
44694,1,14,1962,31.73095
44694,1,14,1963,31.73417
44694,1,14,1964,31.91948
44694,1,14,1965,32.08807
44694,1,14,1966,31.82792
44694,1,14,1967,32.13094
44694,1,14,1968,31.91891
44694,1,14,1969,31.88946
44694,1,14,1970,32.06226
44694,1,14,1971,32.05052
44694,1,14,1972,31.69032
44694,1,14,1973,31.97533
44694,1,14,1974,31.83146
44694,1,14,1975,32.1083
44694,1,14,1976,31.66646
44694,1,14,1977,31.79594
44694,1,14,1978,31.20006
44694,1,14,1979,30.91303
44694,1,14,1980,30.69923
44694,1,14,1981,30.35976
44694,1,14,1982,30.41173
44694,1,14,1983,30.64196
44694,1,14,1984,31.0874
44694,1,14,1985,31.05205
44694,1,14,1986,31.28567
44694,1,14,1987,31.59752
44694,1,14,1988,31.69964
44694,1,14,1989,31.91557
44694,1,14,1990,32.37829
44694,1,14,1991,32.48063
44694,1,14,1992,32.53124
44694,1,14,1993,32.67479
44694,1,14,1994,33.11875
44694,1,14,1995,33.33968
44694,1,14,1996,33.46383
44694,1,14,1997,33.74997
44694,1,14,1998,33.8375
44694,1,14,1999,33.81587
44694,1,14,2000,34.4761
44694,1,14,2001,35.21353
44694,1,14,2002,35.09851
44694,1,14,2003,35.14833
44694,1,14,2004,35.5879
44694,1,14,2005,35.82425
44694,1,14,2006,35.83883
44694,1,14,2007,36.16664
44694,1,14,2008,36.2993
44694,1,14,2009,36.55154
44694,1,14,2010,36.61637
44694,1,14,2011,36.89147
44694,1,14,2012,37.26691
44694,1,14,2013,37.20892
44694,1,14,2014,37.41464
44694,1,14,2015,37.57072
44694,1,14,2016,37.6211
44694,1,14,2017,37.85019
44694,1,14,2018,38.14852
44694,1,14,2019,38.6582
44694,2,14,1950,34.65326
44694,2,14,1951,34.41409
44694,2,14,1952,35.12272
44694,2,14,1953,35.49598
44694,2,14,1954,35.63224
44694,2,14,1955,35.64076
44694,2,14,1956,35.7095
44694,2,14,1957,35.78336
44694,2,14,1958,36.05187
44694,2,14,1959,36.04585
44694,2,14,1960,36.03416
44694,2,14,1961,35.82253
44694,2,14,1962,36.04421
44694,2,14,1963,36.12365
44694,2,14,1964,36.34841
44694,2,14,1965,36.55064
44694,2,14,1966,36.2744
44694,2,14,1967,36.57998
44694,2,14,1968,36.46498
44694,2,14,1969,36.29031
44694,2,14,1970,36.47413
44694,2,14,1971,36.54139
44694,2,14,1972,36.57083
44694,2,14,1973,36.24411
44694,2,14,1974,36.3881
44694,2,14,1975,36.49179
44694,2,14,1976,36.3378
44694,2,14,1977,36.36856
44694,2,14,1978,36.09128
44694,2,14,1979,35.85095
44694,2,14,1980,35.88473
44694,2,14,1981,35.66165
44694,2,14,1982,35.67145
44694,2,14,1983,35.71075
44694,2,14,1984,35.78519
44694,2,14,1985,35.79999
44694,2,14,1986,35.8898
44694,2,14,1987,36.23787
44694,2,14,1988,36.37472
44694,2,14,1989,36.51811
44694,2,14,1990,36.82362
44694,2,14,1991,36.72052
44694,2,14,1992,37.05167
44694,2,14,1993,37.12808
44694,2,14,1994,37.42788
44694,2,14,1995,37.58767
44694,2,14,1996,37.70409
44694,2,14,1997,37.53961
44694,2,14,1998,37.6327
44694,2,14,1999,37.70949
44694,2,14,2000,37.95099
44694,2,14,2001,38.25679
44694,2,14,2002,38.2522
44694,2,14,2003,38.36981
44694,2,14,2004,38.78531
44694,2,14,2005,38.8766
44694,2,14,2006,39.00849
44694,2,14,2007,39.76891
44694,2,14,2008,39.83189
44694,2,14,2009,40.1239
44694,2,14,2010,40.34766
44694,2,14,2011,40.26969
44694,2,14,2012,40.21593
44694,2,14,2013,40.3905
44694,2,14,2014,40.46345
44694,2,14,2015,40.38907
44694,2,14,2016,40.57508
44694,2,14,2017,40.63638
44694,2,14,2018,40.8216
44694,2,14,2019,41.02565
44694,3,14,1950,32.14108
44694,3,14,1951,31.91167
44694,3,14,1952,32.43018
44694,3,14,1953,32.65355
44694,3,14,1954,32.78449
44694,3,14,1955,32.86073
44694,3,14,1956,32.91029
44694,3,14,1957,33.09162
44694,3,14,1958,33.0405
44694,3,14,1959,33.09679
44694,3,14,1960,33.16577
44694,3,14,1961,33.08138
44694,3,14,1962,33.06352
44694,3,14,1963,32.91487
44694,3,14,1964,33.38744
44694,3,14,1965,33.43247
44694,3,14,1966,33.43395
44694,3,14,1967,33.7442
44694,3,14,1968,33.41801
44694,3,14,1969,33.3022
44694,3,14,1970,33.52004
44694,3,14,1971,33.58097
44694,3,14,1972,33.35766
44694,3,14,1973,33.46797
44694,3,14,1974,33.55036
44694,3,14,1975,33.66741
44694,3,14,1976,33.4075
44694,3,14,1977,33.66583
44694,3,14,1978,33.23198
44694,3,14,1979,32.95025
44694,3,14,1980,33.09516
44694,3,14,1981,32.89113
44694,3,14,1982,32.96673
44694,3,14,1983,33.12737
44694,3,14,1984,33.38041
44694,3,14,1985,33.35428
44694,3,14,1986,33.53574
44694,3,14,1987,33.88568
44694,3,14,1988,34.01197
44694,3,14,1989,34.16115
44694,3,14,1990,34.58441
44694,3,14,1991,34.58224
44694,3,14,1992,34.75173
44694,3,14,1993,34.86211
44694,3,14,1994,35.23996
44694,3,14,1995,35.43642
44694,3,14,1996,35.52628
44694,3,14,1997,35.59773
44694,3,14,1998,35.70457
44694,3,14,1999,35.72843
44694,3,14,2000,36.14697
44694,3,14,2001,36.70508
44694,3,14,2002,36.62018
44694,3,14,2003,36.70139
44694,3,14,2004,37.11831
44694,3,14,2005,37.29707
44694,3,14,2006,37.3662
44694,3,14,2007,37.86753
44694,3,14,2008,37.99992
44694,3,14,2009,38.2797
44694,3,14,2010,38.39328
44694,3,14,2011,38.53443
44694,3,14,2012,38.67938
44694,3,14,2013,38.74845
44694,3,14,2014,38.86901
44694,3,14,2015,38.91368
44694,3,14,2016,39.01858
44694,3,14,2017,39.12756
44694,3,14,2018,39.25114
44694,3,14,2019,39.51577
44695,1,14,1950,30.28304
44695,1,14,1951,29.99201
44695,1,14,1952,30.51565
44695,1,14,1953,30.69263
44695,1,14,1954,31.02098
44695,1,14,1955,30.97856
44695,1,14,1956,31.12133
44695,1,14,1957,31.08484
44695,1,14,1958,31.19747
44695,1,14,1959,31.01713
44695,1,14,1960,30.98582
44695,1,14,1961,30.78221
44695,1,14,1962,30.83879
44695,1,14,1963,30.74567
44695,1,14,1964,31.19159
44695,1,14,1965,31.23985
44695,1,14,1966,31.28369
44695,1,14,1967,31.30699
44695,1,14,1968,30.97865
44695,1,14,1969,31.06822
44695,1,14,1970,31.24732
44695,1,14,1971,31.46454
44695,1,14,1972,31.11445
44695,1,14,1973,31.02808
44695,1,14,1974,30.9636
44695,1,14,1975,31.21792
44695,1,14,1976,30.99574
44695,1,14,1977,30.90115
44695,1,14,1978,30.60678
44695,1,14,1979,30.20166
44695,1,14,1980,30.08888
44695,1,14,1981,29.9405
44695,1,14,1982,29.91454
44695,1,14,1983,30.00775
44695,1,14,1984,30.43732
44695,1,14,1985,30.36837
44695,1,14,1986,30.75763
44695,1,14,1987,31.03851
44695,1,14,1988,31.14441
44695,1,14,1989,31.28192
44695,1,14,1990,31.58696
44695,1,14,1991,31.58301
44695,1,14,1992,31.54431
44695,1,14,1993,31.7308
44695,1,14,1994,32.26504
44695,1,14,1995,32.49299
44695,1,14,1996,32.64909
44695,1,14,1997,32.94555
44695,1,14,1998,33.10961
44695,1,14,1999,33.14557
44695,1,14,2000,33.53857
44695,1,14,2001,34.09028
44695,1,14,2002,34.2256
44695,1,14,2003,34.37225
44695,1,14,2004,34.75493
44695,1,14,2005,35.07779
44695,1,14,2006,35.1186
44695,1,14,2007,35.39563
44695,1,14,2008,35.68133
44695,1,14,2009,35.92912
44695,1,14,2010,36.17654
44695,1,14,2011,36.4615
44695,1,14,2012,36.63087
44695,1,14,2013,36.59575
44695,1,14,2014,36.74548
44695,1,14,2015,36.40635
44695,1,14,2016,36.35383
44695,1,14,2017,36.36269
44695,1,14,2018,36.40345
44695,1,14,2019,36.70403
44695,2,14,1950,34.13169
44695,2,14,1951,33.64395
44695,2,14,1952,34.3151
44695,2,14,1953,34.48555
44695,2,14,1954,34.79127
44695,2,14,1955,34.77693
44695,2,14,1956,35.19269
44695,2,14,1957,35.11449
44695,2,14,1958,35.15358
44695,2,14,1959,35.25766
44695,2,14,1960,35.4508
44695,2,14,1961,35.41419
44695,2,14,1962,35.37422
44695,2,14,1963,35.37771
44695,2,14,1964,35.47684
44695,2,14,1965,35.63858
44695,2,14,1966,35.70202
44695,2,14,1967,36.23677
44695,2,14,1968,35.87013
44695,2,14,1969,35.87825
44695,2,14,1970,35.87826
44695,2,14,1971,36.01184
44695,2,14,1972,35.64793
44695,2,14,1973,35.66425
44695,2,14,1974,35.82554
44695,2,14,1975,35.76458
44695,2,14,1976,35.52846
44695,2,14,1977,35.57632
44695,2,14,1978,35.29441
44695,2,14,1979,35.04485
44695,2,14,1980,34.89851
44695,2,14,1981,34.75726
44695,2,14,1982,35.08469
44695,2,14,1983,35.35199
44695,2,14,1984,35.20916
44695,2,14,1985,35.22656
44695,2,14,1986,35.27578
44695,2,14,1987,35.54966
44695,2,14,1988,35.66261
44695,2,14,1989,35.72802
44695,2,14,1990,36.0782
44695,2,14,1991,35.99737
44695,2,14,1992,36.30276
44695,2,14,1993,36.24237
44695,2,14,1994,36.38952
44695,2,14,1995,36.56539
44695,2,14,1996,36.84136
44695,2,14,1997,36.93395
44695,2,14,1998,37.03224
44695,2,14,1999,37.13311
44695,2,14,2000,37.3231
44695,2,14,2001,37.58901
44695,2,14,2002,37.54731
44695,2,14,2003,37.56774
44695,2,14,2004,37.92022
44695,2,14,2005,38.20418
44695,2,14,2006,38.34642
44695,2,14,2007,38.54209
44695,2,14,2008,38.78369
44695,2,14,2009,39.23629
44695,2,14,2010,39.44938
44695,2,14,2011,39.61135
44695,2,14,2012,39.58524
44695,2,14,2013,39.62151
44695,2,14,2014,39.74928
44695,2,14,2015,39.64967
44695,2,14,2016,39.52498
44695,2,14,2017,39.50055
44695,2,14,2018,39.72343
44695,2,14,2019,40.07222
44695,3,14,1950,31.15382
44695,3,14,1951,30.96109
44695,3,14,1952,31.55683
44695,3,14,1953,31.91783
44695,3,14,1954,31.94799
44695,3,14,1955,31.96523
44695,3,14,1956,32.00161
44695,3,14,1957,32.09978
44695,3,14,1958,32.31586
44695,3,14,1959,32.23969
44695,3,14,1960,32.48324
44695,3,14,1961,32.04783
44695,3,14,1962,32.08508
44695,3,14,1963,32.13211
44695,3,14,1964,32.66449
44695,3,14,1965,32.60473
44695,3,14,1966,32.43346
44695,3,14,1967,32.81888
44695,3,14,1968,32.5621
44695,3,14,1969,32.68077
44695,3,14,1970,32.76327
44695,3,14,1971,32.71766
44695,3,14,1972,32.62175
44695,3,14,1973,32.78658
44695,3,14,1974,32.68817
44695,3,14,1975,32.80758
44695,3,14,1976,32.6742
44695,3,14,1977,32.76443
44695,3,14,1978,32.50108
44695,3,14,1979,32.24985
44695,3,14,1980,32.21406
44695,3,14,1981,32.2228
44695,3,14,1982,32.38383
44695,3,14,1983,32.55262
44695,3,14,1984,32.72399
44695,3,14,1985,32.71052
44695,3,14,1986,32.94776
44695,3,14,1987,33.21975
44695,3,14,1988,33.33172
44695,3,14,1989,33.43895
44695,3,14,1990,33.74273
44695,3,14,1991,33.71974
44695,3,14,1992,33.84104
44695,3,14,1993,33.90157
44695,3,14,1994,34.23429
44695,3,14,1995,34.47388
44695,3,14,1996,34.69046
44695,3,14,1997,34.85301
44695,3,14,1998,34.99952
44695,3,14,1999,35.06837
44695,3,14,2000,35.37169
44695,3,14,2001,35.7631
44695,3,14,2002,35.82548
44695,3,14,2003,35.88212
44695,3,14,2004,36.26866
44695,3,14,2005,36.56623
44695,3,14,2006,36.65399
44695,3,14,2007,36.92947
44695,3,14,2008,37.15167
44695,3,14,2009,37.51392
44695,3,14,2010,37.72914
44695,3,14,2011,37.97014
44695,3,14,2012,38.02785
44695,3,14,2013,38.03661
44695,3,14,2014,38.14779
44695,3,14,2015,37.91912
44695,3,14,2016,37.83027
44695,3,14,2017,37.82272
44695,3,14,2018,37.81844
44695,3,14,2019,37.99881
44696,1,14,1950,31.93205
44696,1,14,1951,31.6131
44696,1,14,1952,32.18109
44696,1,14,1953,32.31187
44696,1,14,1954,32.44184
44696,1,14,1955,32.38644
44696,1,14,1956,32.42117
44696,1,14,1957,32.53918
44696,1,14,1958,32.56338
44696,1,14,1959,32.445
44696,1,14,1960,32.64915
44696,1,14,1961,32.60259
44696,1,14,1962,32.52535
44696,1,14,1963,32.51155
44696,1,14,1964,32.67484
44696,1,14,1965,32.75409
44696,1,14,1966,32.90648
44696,1,14,1967,33.25301
44696,1,14,1968,32.923
44696,1,14,1969,32.82121
44696,1,14,1970,32.97482
44696,1,14,1971,33.24792
44696,1,14,1972,33.07833
44696,1,14,1973,33.04572
44696,1,14,1974,33.18257
44696,1,14,1975,33.02834
44696,1,14,1976,33.21893
44696,1,14,1977,33.10662
44696,1,14,1978,32.96108
44696,1,14,1979,32.60595
44696,1,14,1980,32.39394
44696,1,14,1981,32.33833
44696,1,14,1982,31.96497
44696,1,14,1983,31.87441
44696,1,14,1984,32.20801
44696,1,14,1985,32.10005
44696,1,14,1986,32.2437
44696,1,14,1987,32.56287
44696,1,14,1988,32.80445
44696,1,14,1989,32.90103
44696,1,14,1990,33.23399
44696,1,14,1991,33.41241
44696,1,14,1992,33.42296
44696,1,14,1993,33.59872
44696,1,14,1994,34.03496
44696,1,14,1995,34.39414
44696,1,14,1996,34.72635
44696,1,14,1997,35.06546
44696,1,14,1998,35.26046
44696,1,14,1999,35.41964
44696,1,14,2000,35.78854
44696,1,14,2001,36.25015
44696,1,14,2002,36.2406
44696,1,14,2003,36.29133
44696,1,14,2004,36.74359
44696,1,14,2005,37.15442
44696,1,14,2006,37.20316
44696,1,14,2007,37.50046
44696,1,14,2008,37.8999
44696,1,14,2009,38.11772
44696,1,14,2010,38.25985
44696,1,14,2011,38.46303
44696,1,14,2012,38.5266
44696,1,14,2013,38.47058
44696,1,14,2014,38.71018
44696,1,14,2015,39.04105
44696,1,14,2016,39.61476
44696,1,14,2017,39.64619
44696,1,14,2018,39.76929
44696,1,14,2019,40.21156
44696,2,14,1950,34.85301
44696,2,14,1951,34.8281
44696,2,14,1952,35.22939
44696,2,14,1953,35.78506
44696,2,14,1954,35.91904
44696,2,14,1955,35.74176
44696,2,14,1956,35.75414
44696,2,14,1957,36.02083
44696,2,14,1958,36.31754
44696,2,14,1959,36.3895
44696,2,14,1960,36.59989
44696,2,14,1961,36.16762
44696,2,14,1962,36.09297
44696,2,14,1963,36.34548
44696,2,14,1964,36.81476
44696,2,14,1965,36.87082
44696,2,14,1966,36.96889
44696,2,14,1967,37.04816
44696,2,14,1968,36.89422
44696,2,14,1969,36.90567
44696,2,14,1970,36.90306
44696,2,14,1971,36.98924
44696,2,14,1972,36.93463
44696,2,14,1973,36.70537
44696,2,14,1974,36.76249
44696,2,14,1975,36.83616
44696,2,14,1976,36.66857
44696,2,14,1977,36.88443
44696,2,14,1978,36.57975
44696,2,14,1979,36.43606
44696,2,14,1980,36.3869
44696,2,14,1981,36.36126
44696,2,14,1982,36.44521
44696,2,14,1983,36.49606
44696,2,14,1984,36.20051
44696,2,14,1985,36.09817
44696,2,14,1986,36.02119
44696,2,14,1987,36.43613
44696,2,14,1988,36.49034
44696,2,14,1989,36.70424
44696,2,14,1990,37.10315
44696,2,14,1991,37.13138
44696,2,14,1992,37.48019
44696,2,14,1993,37.54681
44696,2,14,1994,37.68968
44696,2,14,1995,38.01294
44696,2,14,1996,38.30272
44696,2,14,1997,38.52184
44696,2,14,1998,38.61053
44696,2,14,1999,38.83401
44696,2,14,2000,39.23287
44696,2,14,2001,39.70799
44696,2,14,2002,39.75857
44696,2,14,2003,39.91114
44696,2,14,2004,40.24209
44696,2,14,2005,40.39079
44696,2,14,2006,40.56729
44696,2,14,2007,40.63211
44696,2,14,2008,40.72731
44696,2,14,2009,41.15709
44696,2,14,2010,41.41677
44696,2,14,2011,41.53115
44696,2,14,2012,41.3426
44696,2,14,2013,41.41464
44696,2,14,2014,41.56919
44696,2,14,2015,41.73205
44696,2,14,2016,41.99827
44696,2,14,2017,41.92879
44696,2,14,2018,41.98369
44696,2,14,2019,42.27606
44696,3,14,1950,32.65137
44696,3,14,1951,32.4277
44696,3,14,1952,32.95825
44696,3,14,1953,33.1266
44696,3,14,1954,33.34731
44696,3,14,1955,33.20815
44696,3,14,1956,33.37805
44696,3,14,1957,33.56431
44696,3,14,1958,33.49521
44696,3,14,1959,33.62821
44696,3,14,1960,33.6539
44696,3,14,1961,33.59359
44696,3,14,1962,33.57366
44696,3,14,1963,33.64493
44696,3,14,1964,33.9677
44696,3,14,1965,34.06144
44696,3,14,1966,34.05431
44696,3,14,1967,34.22243
44696,3,14,1968,34.15028
44696,3,14,1969,34.1072
44696,3,14,1970,34.27942
44696,3,14,1971,34.30609
44696,3,14,1972,34.14433
44696,3,14,1973,34.08659
44696,3,14,1974,34.35859
44696,3,14,1975,34.359
44696,3,14,1976,34.23291
44696,3,14,1977,34.47295
44696,3,14,1978,34.20509
44696,3,14,1979,34.02688
44696,3,14,1980,34.01272
44696,3,14,1981,33.93502
44696,3,14,1982,33.92299
44696,3,14,1983,33.93035
44696,3,14,1984,33.98039
44696,3,14,1985,33.81845
44696,3,14,1986,33.93776
44696,3,14,1987,34.22333
44696,3,14,1988,34.40712
44696,3,14,1989,34.55595
44696,3,14,1990,35.00331
44696,3,14,1991,35.00647
44696,3,14,1992,35.20098
44696,3,14,1993,35.36134
44696,3,14,1994,35.69667
44696,3,14,1995,35.95488
44696,3,14,1996,36.31383
44696,3,14,1997,36.62097
44696,3,14,1998,36.75098
44696,3,14,1999,36.91616
44696,3,14,2000,37.3084
44696,3,14,2001,37.73736
44696,3,14,2002,37.80047
44696,3,14,2003,37.8471
44696,3,14,2004,38.31815
44696,3,14,2005,38.60242
44696,3,14,2006,38.66823
44696,3,14,2007,38.88799
44696,3,14,2008,39.05994
44696,3,14,2009,39.37231
44696,3,14,2010,39.57939
44696,3,14,2011,39.69274
44696,3,14,2012,39.63132
44696,3,14,2013,39.65117
44696,3,14,2014,39.8295
44696,3,14,2015,40.12201
44696,3,14,2016,40.51704
44696,3,14,2017,40.41767
44696,3,14,2018,40.60039
44696,3,14,2019,40.6855
44697,1,14,1950,29.98031
44697,1,14,1951,29.39454
44697,1,14,1952,29.84959
44697,1,14,1953,30.25482
44697,1,14,1954,30.18
44697,1,14,1955,30.15441
44697,1,14,1956,30.27691
44697,1,14,1957,30.31414
44697,1,14,1958,30.4587
44697,1,14,1959,30.54857
44697,1,14,1960,30.36224
44697,1,14,1961,30.39574
44697,1,14,1962,30.18445
44697,1,14,1963,30.06777
44697,1,14,1964,30.42648
44697,1,14,1965,30.39633
44697,1,14,1966,30.53173
44697,1,14,1967,30.67779
44697,1,14,1968,30.53491
44697,1,14,1969,30.3598
44697,1,14,1970,30.49877
44697,1,14,1971,30.47987
44697,1,14,1972,30.28337
44697,1,14,1973,30.38324
44697,1,14,1974,30.32715
44697,1,14,1975,30.45446
44697,1,14,1976,30.23242
44697,1,14,1977,30.25527
44697,1,14,1978,29.8481
44697,1,14,1979,29.47339
44697,1,14,1980,29.36261
44697,1,14,1981,29.12988
44697,1,14,1982,28.96321
44697,1,14,1983,29.0198
44697,1,14,1984,29.31679
44697,1,14,1985,29.15412
44697,1,14,1986,29.34287
44697,1,14,1987,29.70751
44697,1,14,1988,29.90206
44697,1,14,1989,30.09462
44697,1,14,1990,30.57462
44697,1,14,1991,30.91061
44697,1,14,1992,31.18211
44697,1,14,1993,31.42713
44697,1,14,1994,31.70889
44697,1,14,1995,32.10085
44697,1,14,1996,32.24758
44697,1,14,1997,32.53884
44697,1,14,1998,32.80924
44697,1,14,1999,32.89023
44697,1,14,2000,33.24006
44697,1,14,2001,33.57824
44697,1,14,2002,33.59457
44697,1,14,2003,33.83703
44697,1,14,2004,34.36261
44697,1,14,2005,34.5625
44697,1,14,2006,34.23329
44697,1,14,2007,34.43149
44697,1,14,2008,34.61741
44697,1,14,2009,34.5041
44697,1,14,2010,34.73432
44697,1,14,2011,35.0522
44697,1,14,2012,35.50592
44697,1,14,2013,35.40003
44697,1,14,2014,35.57932
44697,1,14,2015,35.831
44697,1,14,2016,36.43748
44697,1,14,2017,36.49534
44697,1,14,2018,36.68415
44697,1,14,2019,37.27896
44697,2,14,1950,33.409
44697,2,14,1951,33.27058
44697,2,14,1952,33.9447
44697,2,14,1953,34.22796
44697,2,14,1954,34.28507
44697,2,14,1955,34.22316
44697,2,14,1956,34.4491
44697,2,14,1957,34.61633
44697,2,14,1958,34.66147
44697,2,14,1959,34.61093
44697,2,14,1960,34.89658
44697,2,14,1961,34.84396
44697,2,14,1962,34.36575
44697,2,14,1963,34.85134
44697,2,14,1964,35.20706
44697,2,14,1965,35.19548
44697,2,14,1966,35.17069
44697,2,14,1967,35.37065
44697,2,14,1968,35.08179
44697,2,14,1969,34.9849
44697,2,14,1970,35.1811
44697,2,14,1971,35.25373
44697,2,14,1972,35.0439
44697,2,14,1973,35.12322
44697,2,14,1974,35.02171
44697,2,14,1975,35.12013
44697,2,14,1976,34.93255
44697,2,14,1977,35.05368
44697,2,14,1978,34.85944
44697,2,14,1979,34.35155
44697,2,14,1980,34.40223
44697,2,14,1981,34.28264
44697,2,14,1982,34.38122
44697,2,14,1983,34.55056
44697,2,14,1984,34.55891
44697,2,14,1985,34.57321
44697,2,14,1986,34.60582
44697,2,14,1987,34.95469
44697,2,14,1988,35.0954
44697,2,14,1989,35.10989
44697,2,14,1990,35.36345
44697,2,14,1991,35.17087
44697,2,14,1992,35.47399
44697,2,14,1993,35.55694
44697,2,14,1994,35.80209
44697,2,14,1995,36.04186
44697,2,14,1996,36.41203
44697,2,14,1997,36.55929
44697,2,14,1998,36.76484
44697,2,14,1999,36.88785
44697,2,14,2000,37.23036
44697,2,14,2001,37.58505
44697,2,14,2002,37.56824
44697,2,14,2003,37.65676
44697,2,14,2004,37.99415
44697,2,14,2005,38.1174
44697,2,14,2006,38.11669
44697,2,14,2007,38.05876
44697,2,14,2008,38.00496
44697,2,14,2009,38.32063
44697,2,14,2010,38.6677
44697,2,14,2011,38.80285
44697,2,14,2012,38.73747
44697,2,14,2013,38.99809
44697,2,14,2014,39.18316
44697,2,14,2015,39.21511
44697,2,14,2016,39.15956
44697,2,14,2017,39.34052
44697,2,14,2018,39.63831
44697,2,14,2019,39.99336
44697,3,14,1950,30.98125
44697,3,14,1951,30.67367
44697,3,14,1952,31.05336
44697,3,14,1953,31.33329
44697,3,14,1954,31.38243
44697,3,14,1955,31.49443
44697,3,14,1956,31.44865
44697,3,14,1957,31.69887
44697,3,14,1958,31.73323
44697,3,14,1959,31.78796
44697,3,14,1960,31.7334
44697,3,14,1961,31.72282
44697,3,14,1962,31.62241
44697,3,14,1963,31.73657
44697,3,14,1964,31.93772
44697,3,14,1965,32.02296
44697,3,14,1966,31.95954
44697,3,14,1967,32.34294
44697,3,14,1968,32.01903
44697,3,14,1969,31.9782
44697,3,14,1970,32.10853
44697,3,14,1971,32.14605
44697,3,14,1972,31.93124
44697,3,14,1973,31.99818
44697,3,14,1974,32.13806
44697,3,14,1975,32.14891
44697,3,14,1976,32.00523
44697,3,14,1977,32.1487
44697,3,14,1978,31.83825
44697,3,14,1979,31.60991
44697,3,14,1980,31.68026
44697,3,14,1981,31.51682
44697,3,14,1982,31.537
44697,3,14,1983,31.64252
44697,3,14,1984,31.83146
44697,3,14,1985,31.77956
44697,3,14,1986,31.87446
44697,3,14,1987,32.2413
44697,3,14,1988,32.3859
44697,3,14,1989,32.48468
44697,3,14,1990,32.89681
44697,3,14,1991,32.96594
44697,3,14,1992,33.26637
44697,3,14,1993,33.41183
44697,3,14,1994,33.6581
44697,3,14,1995,34.00308
44697,3,14,1996,34.25722
44697,3,14,1997,34.45307
44697,3,14,1998,34.71444
44697,3,14,1999,34.82147
44697,3,14,2000,35.10601
44697,3,14,2001,35.47976
44697,3,14,2002,35.48207
44697,3,14,2003,35.63965
44697,3,14,2004,36.06209
44697,3,14,2005,36.24077
44697,3,14,2006,36.05042
44697,3,14,2007,36.1458
44697,3,14,2008,36.21207
44697,3,14,2009,36.32124
44697,3,14,2010,36.55787
44697,3,14,2011,36.82042
44697,3,14,2012,37.01701
44697,3,14,2013,37.07972
44697,3,14,2014,37.24742
44697,3,14,2015,37.38021
44697,3,14,2016,37.67786
44697,3,14,2017,37.77791
44697,3,14,2018,37.9094
44697,3,14,2019,38.25423
44698,1,14,1950,29.8848
44698,1,14,1951,29.6713
44698,1,14,1952,30.0762
44698,1,14,1953,30.49139
44698,1,14,1954,30.35024
44698,1,14,1955,30.29133
44698,1,14,1956,30.38911
44698,1,14,1957,30.42759
44698,1,14,1958,30.59739
44698,1,14,1959,30.54683
44698,1,14,1960,30.64457
44698,1,14,1961,30.54165
44698,1,14,1962,30.42566
44698,1,14,1963,30.25931
44698,1,14,1964,30.41216
44698,1,14,1965,30.48424
44698,1,14,1966,30.65593
44698,1,14,1967,30.81262
44698,1,14,1968,30.46607
44698,1,14,1969,30.45252
44698,1,14,1970,30.52231
44698,1,14,1971,30.54539
44698,1,14,1972,30.49
44698,1,14,1973,30.34385
44698,1,14,1974,30.47503
44698,1,14,1975,30.42529
44698,1,14,1976,30.36526
44698,1,14,1977,30.25355
44698,1,14,1978,30.14323
44698,1,14,1979,29.6575
44698,1,14,1980,29.53153
44698,1,14,1981,29.36024
44698,1,14,1982,29.35421
44698,1,14,1983,29.59876
44698,1,14,1984,29.97837
44698,1,14,1985,29.85511
44698,1,14,1986,30.06318
44698,1,14,1987,30.33537
44698,1,14,1988,30.48819
44698,1,14,1989,30.60388
44698,1,14,1990,30.86206
44698,1,14,1991,30.96369
44698,1,14,1992,31.23564
44698,1,14,1993,31.29909
44698,1,14,1994,31.83066
44698,1,14,1995,32.0762
44698,1,14,1996,32.29563
44698,1,14,1997,32.60508
44698,1,14,1998,32.68455
44698,1,14,1999,32.72591
44698,1,14,2000,33.28517
44698,1,14,2001,33.75424
44698,1,14,2002,33.78333
44698,1,14,2003,33.85648
44698,1,14,2004,34.24628
44698,1,14,2005,34.79975
44698,1,14,2006,35.08714
44698,1,14,2007,35.30388
44698,1,14,2008,35.58256
44698,1,14,2009,35.90567
44698,1,14,2010,36.0746
44698,1,14,2011,36.25157
44698,1,14,2012,36.37046
44698,1,14,2013,36.18832
44698,1,14,2014,36.33561
44698,1,14,2015,36.47407
44698,1,14,2016,36.56255
44698,1,14,2017,36.81813
44698,1,14,2018,37.02099
44698,1,14,2019,37.46793
44698,2,14,1950,33.7079
44698,2,14,1951,33.49531
44698,2,14,1952,34.12788
44698,2,14,1953,34.52473
44698,2,14,1954,34.59155
44698,2,14,1955,34.8612
44698,2,14,1956,34.81947
44698,2,14,1957,35.04762
44698,2,14,1958,35.03062
44698,2,14,1959,35.02168
44698,2,14,1960,35.46632
44698,2,14,1961,35.12416
44698,2,14,1962,35.00704
44698,2,14,1963,35.12954
44698,2,14,1964,35.31704
44698,2,14,1965,35.41321
44698,2,14,1966,35.56432
44698,2,14,1967,35.51539
44698,2,14,1968,35.59747
44698,2,14,1969,35.39414
44698,2,14,1970,35.62392
44698,2,14,1971,35.58541
44698,2,14,1972,35.35176
44698,2,14,1973,35.51625
44698,2,14,1974,35.52842
44698,2,14,1975,35.39792
44698,2,14,1976,35.17506
44698,2,14,1977,35.354
44698,2,14,1978,34.9466
44698,2,14,1979,34.67258
44698,2,14,1980,34.55226
44698,2,14,1981,34.31165
44698,2,14,1982,34.57825
44698,2,14,1983,34.73394
44698,2,14,1984,34.83364
44698,2,14,1985,34.96587
44698,2,14,1986,35.01318
44698,2,14,1987,35.28407
44698,2,14,1988,35.27937
44698,2,14,1989,35.29425
44698,2,14,1990,35.62669
44698,2,14,1991,35.44768
44698,2,14,1992,35.77166
44698,2,14,1993,35.71608
44698,2,14,1994,35.81793
44698,2,14,1995,36.02441
44698,2,14,1996,36.25701
44698,2,14,1997,36.33403
44698,2,14,1998,36.48578
44698,2,14,1999,36.66556
44698,2,14,2000,37.07485
44698,2,14,2001,37.35281
44698,2,14,2002,37.20924
44698,2,14,2003,37.16408
44698,2,14,2004,37.39589
44698,2,14,2005,37.74991
44698,2,14,2006,38.1429
44698,2,14,2007,38.35464
44698,2,14,2008,38.4366
44698,2,14,2009,38.84066
44698,2,14,2010,39.2946
44698,2,14,2011,39.40295
44698,2,14,2012,39.28485
44698,2,14,2013,39.37751
44698,2,14,2014,39.41996
44698,2,14,2015,39.37114
44698,2,14,2016,39.50633
44698,2,14,2017,39.59248
44698,2,14,2018,39.76769
44698,2,14,2019,40.05318
44698,3,14,1950,30.94415
44698,3,14,1951,30.63383
44698,3,14,1952,31.23353
44698,3,14,1953,31.59293
44698,3,14,1954,31.47435
44698,3,14,1955,31.59013
44698,3,14,1956,31.58342
44698,3,14,1957,31.75068
44698,3,14,1958,31.81746
44698,3,14,1959,31.85534
44698,3,14,1960,31.96683
44698,3,14,1961,31.95509
44698,3,14,1962,31.80302
44698,3,14,1963,31.74209
44698,3,14,1964,32.06751
44698,3,14,1965,32.17783
44698,3,14,1966,32.2055
44698,3,14,1967,32.37362
44698,3,14,1968,32.22253
44698,3,14,1969,32.19846
44698,3,14,1970,32.19535
44698,3,14,1971,32.40747
44698,3,14,1972,32.19534
44698,3,14,1973,32.31044
44698,3,14,1974,32.21576
44698,3,14,1975,32.33667
44698,3,14,1976,32.23553
44698,3,14,1977,32.21928
44698,3,14,1978,32.01847
44698,3,14,1979,31.84622
44698,3,14,1980,31.79473
44698,3,14,1981,31.74939
44698,3,14,1982,31.88921
44698,3,14,1983,32.07918
44698,3,14,1984,32.3466
44698,3,14,1985,32.32098
44698,3,14,1986,32.47631
44698,3,14,1987,32.75549
44698,3,14,1988,32.79418
44698,3,14,1989,32.87998
44698,3,14,1990,33.18015
44698,3,14,1991,33.17356
44698,3,14,1992,33.4237
44698,3,14,1993,33.44891
44698,3,14,1994,33.80095
44698,3,14,1995,34.02782
44698,3,14,1996,34.23432
44698,3,14,1997,34.42402
44698,3,14,1998,34.5471
44698,3,14,1999,34.64314
44698,3,14,2000,35.11532
44698,3,14,2001,35.49139
44698,3,14,2002,35.44656
44698,3,14,2003,35.4824
44698,3,14,2004,35.7754
44698,3,14,2005,36.22922
44698,3,14,2006,36.54597
44698,3,14,2007,36.75921
44698,3,14,2008,36.96402
44698,3,14,2009,37.31729
44698,3,14,2010,37.61833
44698,3,14,2011,37.74999
44698,3,14,2012,37.77393
44698,3,14,2013,37.69216
44698,3,14,2014,37.8036
44698,3,14,2015,37.83057
44698,3,14,2016,37.95252
44698,3,14,2017,38.09741
44698,3,14,2018,38.24302
44698,3,14,2019,38.43387
44699,1,14,1950,30.29347
44699,1,14,1951,30.20638
44699,1,14,1952,30.44448
44699,1,14,1953,30.47257
44699,1,14,1954,30.81802
44699,1,14,1955,30.57066
44699,1,14,1956,30.74204
44699,1,14,1957,30.8637
44699,1,14,1958,30.81898
44699,1,14,1959,30.99537
44699,1,14,1960,31.1369
44699,1,14,1961,30.84819
44699,1,14,1962,30.60084
44699,1,14,1963,30.49408
44699,1,14,1964,30.93823
44699,1,14,1965,31.04924
44699,1,14,1966,30.88137
44699,1,14,1967,31.20677
44699,1,14,1968,31.07619
44699,1,14,1969,30.82031
44699,1,14,1970,30.95673
44699,1,14,1971,31.02101
44699,1,14,1972,30.81871
44699,1,14,1973,30.71067
44699,1,14,1974,30.75093
44699,1,14,1975,30.9477
44699,1,14,1976,30.74639
44699,1,14,1977,30.79444
44699,1,14,1978,30.32495
44699,1,14,1979,30.07955
44699,1,14,1980,29.80568
44699,1,14,1981,29.69656
44699,1,14,1982,29.66738
44699,1,14,1983,29.7991
44699,1,14,1984,30.20848
44699,1,14,1985,30.13237
44699,1,14,1986,30.37492
44699,1,14,1987,30.6831
44699,1,14,1988,30.87995
44699,1,14,1989,31.07924
44699,1,14,1990,31.42832
44699,1,14,1991,31.51978
44699,1,14,1992,31.73418
44699,1,14,1993,31.87458
44699,1,14,1994,32.27151
44699,1,14,1995,32.30571
44699,1,14,1996,32.43256
44699,1,14,1997,32.63714
44699,1,14,1998,32.76822
44699,1,14,1999,32.84484
44699,1,14,2000,33.35364
44699,1,14,2001,33.77805
44699,1,14,2002,33.78442
44699,1,14,2003,33.96289
44699,1,14,2004,34.48349
44699,1,14,2005,34.75743
44699,1,14,2006,34.8358
44699,1,14,2007,35.28884
44699,1,14,2008,35.58521
44699,1,14,2009,35.78673
44699,1,14,2010,36.0799
44699,1,14,2011,36.47053
44699,1,14,2012,36.59891
44699,1,14,2013,36.66459
44699,1,14,2014,36.85072
44699,1,14,2015,36.67216
44699,1,14,2016,36.53371
44699,1,14,2017,36.80692
44699,1,14,2018,37.01502
44699,1,14,2019,37.48503
44699,2,14,1950,33.68916
44699,2,14,1951,33.72477
44699,2,14,1952,34.29141
44699,2,14,1953,34.55486
44699,2,14,1954,34.75185
44699,2,14,1955,34.6595
44699,2,14,1956,34.69973
44699,2,14,1957,35.13246
44699,2,14,1958,35.03165
44699,2,14,1959,35.50856
44699,2,14,1960,35.31665
44699,2,14,1961,35.27931
44699,2,14,1962,35.23409
44699,2,14,1963,35.33657
44699,2,14,1964,35.34759
44699,2,14,1965,35.67327
44699,2,14,1966,35.63927
44699,2,14,1967,35.84185
44699,2,14,1968,35.63434
44699,2,14,1969,35.6728
44699,2,14,1970,35.63106
44699,2,14,1971,35.72317
44699,2,14,1972,35.51132
44699,2,14,1973,35.60687
44699,2,14,1974,35.65012
44699,2,14,1975,35.59464
44699,2,14,1976,35.59359
44699,2,14,1977,35.48805
44699,2,14,1978,35.0699
44699,2,14,1979,34.84124
44699,2,14,1980,34.75621
44699,2,14,1981,34.59969
44699,2,14,1982,34.82314
44699,2,14,1983,34.96347
44699,2,14,1984,34.93172
44699,2,14,1985,35.03814
44699,2,14,1986,35.15605
44699,2,14,1987,35.42099
44699,2,14,1988,35.42149
44699,2,14,1989,35.499
44699,2,14,1990,35.79884
44699,2,14,1991,35.7492
44699,2,14,1992,36.03567
44699,2,14,1993,36.03133
44699,2,14,1994,36.23117
44699,2,14,1995,36.37121
44699,2,14,1996,36.6095
44699,2,14,1997,36.64115
44699,2,14,1998,36.71863
44699,2,14,1999,36.71822
44699,2,14,2000,37.13753
44699,2,14,2001,37.49529
44699,2,14,2002,37.44319
44699,2,14,2003,37.65717
44699,2,14,2004,38.01104
44699,2,14,2005,38.225
44699,2,14,2006,38.47287
44699,2,14,2007,38.5278
44699,2,14,2008,38.48057
44699,2,14,2009,38.69878
44699,2,14,2010,38.99002
44699,2,14,2011,39.03572
44699,2,14,2012,38.96996
44699,2,14,2013,39.14155
44699,2,14,2014,39.15545
44699,2,14,2015,38.89996
44699,2,14,2016,38.75212
44699,2,14,2017,38.91737
44699,2,14,2018,39.15953
44699,2,14,2019,39.43975
44699,3,14,1950,31.24298
44699,3,14,1951,30.94199
44699,3,14,1952,31.37325
44699,3,14,1953,31.70099
44699,3,14,1954,32.00152
44699,3,14,1955,31.78362
44699,3,14,1956,31.94929
44699,3,14,1957,32.13198
44699,3,14,1958,31.97413
44699,3,14,1959,32.17937
44699,3,14,1960,32.24302
44699,3,14,1961,32.12875
44699,3,14,1962,32.12274
44699,3,14,1963,32.07816
44699,3,14,1964,32.36267
44699,3,14,1965,32.38511
44699,3,14,1966,32.45462
44699,3,14,1967,32.75306
44699,3,14,1968,32.46549
44699,3,14,1969,32.32796
44699,3,14,1970,32.55218
44699,3,14,1971,32.5669
44699,3,14,1972,32.51043
44699,3,14,1973,32.47621
44699,3,14,1974,32.60667
44699,3,14,1975,32.73976
44699,3,14,1976,32.61644
44699,3,14,1977,32.62143
44699,3,14,1978,32.2607
44699,3,14,1979,32.15223
44699,3,14,1980,32.11602
44699,3,14,1981,32.05487
44699,3,14,1982,32.17295
44699,3,14,1983,32.29464
44699,3,14,1984,32.51879
44699,3,14,1985,32.52673
44699,3,14,1986,32.70922
44699,3,14,1987,33.01818
44699,3,14,1988,33.08175
44699,3,14,1989,33.25209
44699,3,14,1990,33.5659
44699,3,14,1991,33.55644
44699,3,14,1992,33.82403
44699,3,14,1993,33.8978
44699,3,14,1994,34.20345
44699,3,14,1995,34.29929
44699,3,14,1996,34.47281
44699,3,14,1997,34.57971
44699,3,14,1998,34.68054
44699,3,14,1999,34.74081
44699,3,14,2000,35.21152
44699,3,14,2001,35.61745
44699,3,14,2002,35.58078
44699,3,14,2003,35.75132
44699,3,14,2004,36.18523
44699,3,14,2005,36.4259
44699,3,14,2006,36.60781
44699,3,14,2007,36.8431
44699,3,14,2008,36.97774
44699,3,14,2009,37.14935
44699,3,14,2010,37.47204
44699,3,14,2011,37.69576
44699,3,14,2012,37.71951
44699,3,14,2013,37.83136
44699,3,14,2014,37.92858
44699,3,14,2015,37.7081
44699,3,14,2016,37.54129
44699,3,14,2017,37.73577
44699,3,14,2018,37.86413
44699,3,14,2019,38.11054
44700,1,14,1950,29.33549
44700,1,14,1951,28.64011
44700,1,14,1952,29.05725
44700,1,14,1953,29.42005
44700,1,14,1954,29.56098
44700,1,14,1955,29.27523
44700,1,14,1956,29.3606
44700,1,14,1957,29.46254
44700,1,14,1958,29.64455
44700,1,14,1959,29.73408
44700,1,14,1960,29.57943
44700,1,14,1961,29.5086
44700,1,14,1962,29.1279
44700,1,14,1963,29.15293
44700,1,14,1964,29.47207
44700,1,14,1965,29.3047
44700,1,14,1966,29.56148
44700,1,14,1967,29.66404
44700,1,14,1968,29.35408
44700,1,14,1969,29.12075
44700,1,14,1970,29.37744
44700,1,14,1971,29.40987
44700,1,14,1972,29.13001
44700,1,14,1973,29.08464
44700,1,14,1974,29.41178
44700,1,14,1975,29.28877
44700,1,14,1976,29.19831
44700,1,14,1977,29.26684
44700,1,14,1978,28.86329
44700,1,14,1979,28.50945
44700,1,14,1980,28.31664
44700,1,14,1981,28.16806
44700,1,14,1982,28.15527
44700,1,14,1983,28.29986
44700,1,14,1984,28.67447
44700,1,14,1985,28.57029
44700,1,14,1986,28.77036
44700,1,14,1987,29.03283
44700,1,14,1988,29.13854
44700,1,14,1989,29.10193
44700,1,14,1990,29.41307
44700,1,14,1991,29.34924
44700,1,14,1992,29.25444
44700,1,14,1993,29.33603
44700,1,14,1994,29.72238
44700,1,14,1995,29.85527
44700,1,14,1996,30.2925
44700,1,14,1997,30.30371
44700,1,14,1998,30.27311
44700,1,14,1999,30.11116
44700,1,14,2000,30.53894
44700,1,14,2001,31.09525
44700,1,14,2002,31.15912
44700,1,14,2003,31.31984
44700,1,14,2004,32.00964
44700,1,14,2005,32.33646
44700,1,14,2006,32.34876
44700,1,14,2007,32.6941
44700,1,14,2008,33.24025
44700,1,14,2009,33.60326
44700,1,14,2010,33.92719
44700,1,14,2011,34.41963
44700,1,14,2012,34.70005
44700,1,14,2013,34.52805
44700,1,14,2014,34.52103
44700,1,14,2015,34.55123
44700,1,14,2016,34.9466
44700,1,14,2017,34.97723
44700,1,14,2018,35.20042
44700,1,14,2019,35.76302
44700,2,14,1950,33.03075
44700,2,14,1951,32.80657
44700,2,14,1952,33.60749
44700,2,14,1953,33.96979
44700,2,14,1954,34.05107
44700,2,14,1955,33.92965
44700,2,14,1956,34.00317
44700,2,14,1957,34.20667
44700,2,14,1958,34.51775
44700,2,14,1959,34.45728
44700,2,14,1960,34.41595
44700,2,14,1961,34.38192
44700,2,14,1962,34.31288
44700,2,14,1963,34.4438
44700,2,14,1964,34.836
44700,2,14,1965,34.83227
44700,2,14,1966,35.0299
44700,2,14,1967,34.99158
44700,2,14,1968,34.86034
44700,2,14,1969,34.92036
44700,2,14,1970,34.83929
44700,2,14,1971,35.03164
44700,2,14,1972,34.71072
44700,2,14,1973,34.77392
44700,2,14,1974,34.67838
44700,2,14,1975,34.84102
44700,2,14,1976,34.57772
44700,2,14,1977,34.64262
44700,2,14,1978,34.37824
44700,2,14,1979,34.23779
44700,2,14,1980,33.99005
44700,2,14,1981,33.79795
44700,2,14,1982,33.97424
44700,2,14,1983,34.08609
44700,2,14,1984,34.00709
44700,2,14,1985,34.21107
44700,2,14,1986,34.17795
44700,2,14,1987,34.43335
44700,2,14,1988,34.47629
44700,2,14,1989,34.62754
44700,2,14,1990,34.99396
44700,2,14,1991,34.93015
44700,2,14,1992,35.19518
44700,2,14,1993,34.79745
44700,2,14,1994,34.91496
44700,2,14,1995,34.96532
44700,2,14,1996,35.15912
44700,2,14,1997,35.2409
44700,2,14,1998,35.17125
44700,2,14,1999,34.86086
44700,2,14,2000,35.10221
44700,2,14,2001,35.39086
44700,2,14,2002,35.47567
44700,2,14,2003,35.6628
44700,2,14,2004,36.08408
44700,2,14,2005,36.32739
44700,2,14,2006,36.5537
44700,2,14,2007,36.73458
44700,2,14,2008,36.90564
44700,2,14,2009,37.33805
44700,2,14,2010,37.78108
44700,2,14,2011,37.95551
44700,2,14,2012,37.9173
44700,2,14,2013,38.14918
44700,2,14,2014,38.42005
44700,2,14,2015,38.60453
44700,2,14,2016,38.84196
44700,2,14,2017,38.90379
44700,2,14,2018,39.14809
44700,2,14,2019,39.5174
44700,3,14,1950,30.26446
44700,3,14,1951,29.88067
44700,3,14,1952,30.6406
44700,3,14,1953,30.78002
44700,3,14,1954,30.73107
44700,3,14,1955,30.87308
44700,3,14,1956,30.90521
44700,3,14,1957,31.08069
44700,3,14,1958,31.15772
44700,3,14,1959,31.28112
44700,3,14,1960,31.11793
44700,3,14,1961,31.02942
44700,3,14,1962,30.86482
44700,3,14,1963,31.26801
44700,3,14,1964,31.47547
44700,3,14,1965,31.30766
44700,3,14,1966,31.43802
44700,3,14,1967,31.493
44700,3,14,1968,31.53791
44700,3,14,1969,31.32093
44700,3,14,1970,31.32061
44700,3,14,1971,31.51715
44700,3,14,1972,31.23601
44700,3,14,1973,31.21239
44700,3,14,1974,31.32064
44700,3,14,1975,31.48463
44700,3,14,1976,31.28784
44700,3,14,1977,31.42389
44700,3,14,1978,31.17329
44700,3,14,1979,30.9627
44700,3,14,1980,30.97182
44700,3,14,1981,30.84905
44700,3,14,1982,30.9623
44700,3,14,1983,31.07852
44700,3,14,1984,31.28041
44700,3,14,1985,31.26702
44700,3,14,1986,31.37487
44700,3,14,1987,31.63961
44700,3,14,1988,31.68179
44700,3,14,1989,31.76207
44700,3,14,1990,32.09885
44700,3,14,1991,32.02833
44700,3,14,1992,32.06681
44700,3,14,1993,31.92389
44700,3,14,1994,32.1866
44700,3,14,1995,32.291
44700,3,14,1996,32.60904
44700,3,14,1997,32.6664
44700,3,14,1998,32.58202
44700,3,14,1999,32.31226
44700,3,14,2000,32.648
44700,3,14,2001,33.12447
44700,3,14,2002,33.16596
44700,3,14,2003,33.35207
44700,3,14,2004,33.91609
44700,3,14,2005,34.19057
44700,3,14,2006,34.29834
44700,3,14,2007,34.57776
44700,3,14,2008,34.95342
44700,3,14,2009,35.34799
44700,3,14,2010,35.71553
44700,3,14,2011,36.0583
44700,3,14,2012,36.20697
44700,3,14,2013,36.21656
44700,3,14,2014,36.31726
44700,3,14,2015,36.42993
44700,3,14,2016,36.71396
44700,3,14,2017,36.74468
44700,3,14,2018,36.9118
44700,3,14,2019,37.23005
44701,1,14,1950,29.04613
44701,1,14,1951,28.90982
44701,1,14,1952,29.35099
44701,1,14,1953,29.51494
44701,1,14,1954,29.68189
44701,1,14,1955,29.48928
44701,1,14,1956,29.70273
44701,1,14,1957,29.67479
44701,1,14,1958,29.67672
44701,1,14,1959,29.91482
44701,1,14,1960,30.10903
44701,1,14,1961,29.67291
44701,1,14,1962,29.59854
44701,1,14,1963,29.66234
44701,1,14,1964,30.11884
44701,1,14,1965,29.96646
44701,1,14,1966,29.97873
44701,1,14,1967,30.34759
44701,1,14,1968,29.90222
44701,1,14,1969,30.01398
44701,1,14,1970,30.11349
44701,1,14,1971,30.11278
44701,1,14,1972,29.83912
44701,1,14,1973,29.91124
44701,1,14,1974,30.10835
44701,1,14,1975,29.99137
44701,1,14,1976,29.81947
44701,1,14,1977,29.95235
44701,1,14,1978,29.53393
44701,1,14,1979,29.29926
44701,1,14,1980,29.10055
44701,1,14,1981,28.87303
44701,1,14,1982,28.82438
44701,1,14,1983,29.06153
44701,1,14,1984,29.55543
44701,1,14,1985,29.53223
44701,1,14,1986,29.70541
44701,1,14,1987,29.80966
44701,1,14,1988,29.55212
44701,1,14,1989,29.47241
44701,1,14,1990,29.90756
44701,1,14,1991,30.30272
44701,1,14,1992,30.37386
44701,1,14,1993,30.58994
44701,1,14,1994,30.98215
44701,1,14,1995,30.99553
44701,1,14,1996,30.98898
44701,1,14,1997,31.04913
44701,1,14,1998,31.24908
44701,1,14,1999,31.2431
44701,1,14,2000,31.59455
44701,1,14,2001,32.02678
44701,1,14,2002,32.13717
44701,1,14,2003,32.32417
44701,1,14,2004,32.93002
44701,1,14,2005,33.32404
44701,1,14,2006,33.28856
44701,1,14,2007,33.51444
44701,1,14,2008,33.90655
44701,1,14,2009,34.05952
44701,1,14,2010,34.1848
44701,1,14,2011,34.44636
44701,1,14,2012,34.84364
44701,1,14,2013,34.52545
44701,1,14,2014,34.71635
44701,1,14,2015,34.89186
44701,1,14,2016,35.07797
44701,1,14,2017,35.26165
44701,1,14,2018,35.62049
44701,1,14,2019,36.29424
44701,2,14,1950,32.99425
44701,2,14,1951,32.81399
44701,2,14,1952,33.48082
44701,2,14,1953,33.65475
44701,2,14,1954,33.91771
44701,2,14,1955,33.71899
44701,2,14,1956,33.98233
44701,2,14,1957,33.87843
44701,2,14,1958,34.11621
44701,2,14,1959,34.20035
44701,2,14,1960,34.32208
44701,2,14,1961,33.98325
44701,2,14,1962,34.35262
44701,2,14,1963,34.31939
44701,2,14,1964,34.68325
44701,2,14,1965,34.69678
44701,2,14,1966,34.70492
44701,2,14,1967,34.75811
44701,2,14,1968,34.60642
44701,2,14,1969,34.80568
44701,2,14,1970,34.74894
44701,2,14,1971,34.68164
44701,2,14,1972,34.53003
44701,2,14,1973,34.48836
44701,2,14,1974,34.52872
44701,2,14,1975,34.4844
44701,2,14,1976,34.49091
44701,2,14,1977,34.36755
44701,2,14,1978,34.13915
44701,2,14,1979,33.8468
44701,2,14,1980,33.78728
44701,2,14,1981,33.61639
44701,2,14,1982,33.86949
44701,2,14,1983,33.98967
44701,2,14,1984,34.12591
44701,2,14,1985,34.34202
44701,2,14,1986,34.4878
44701,2,14,1987,34.85456
44701,2,14,1988,34.92502
44701,2,14,1989,35.10153
44701,2,14,1990,35.42221
44701,2,14,1991,35.14909
44701,2,14,1992,35.35245
44701,2,14,1993,35.22332
44701,2,14,1994,35.3141
44701,2,14,1995,35.45792
44701,2,14,1996,35.68705
44701,2,14,1997,35.77938
44701,2,14,1998,35.81994
44701,2,14,1999,35.83483
44701,2,14,2000,36.07366
44701,2,14,2001,36.332
44701,2,14,2002,36.28701
44701,2,14,2003,36.39846
44701,2,14,2004,36.84455
44701,2,14,2005,37.28845
44701,2,14,2006,37.54372
44701,2,14,2007,37.71685
44701,2,14,2008,37.78821
44701,2,14,2009,38.1316
44701,2,14,2010,38.55651
44701,2,14,2011,38.75307
44701,2,14,2012,38.66811
44701,2,14,2013,38.80098
44701,2,14,2014,39.02394
44701,2,14,2015,39.10668
44701,2,14,2016,39.32592
44701,2,14,2017,39.44654
44701,2,14,2018,39.67128
44701,2,14,2019,40.01527
44701,3,14,1950,30.30366
44701,3,14,1951,30.05015
44701,3,14,1952,30.68574
44701,3,14,1953,31.10003
44701,3,14,1954,31.0616
44701,3,14,1955,31.00343
44701,3,14,1956,31.07064
44701,3,14,1957,31.10178
44701,3,14,1958,31.22878
44701,3,14,1959,31.38449
44701,3,14,1960,31.31443
44701,3,14,1961,31.22782
44701,3,14,1962,31.17785
44701,3,14,1963,31.22492
44701,3,14,1964,31.76469
44701,3,14,1965,31.61912
44701,3,14,1966,31.58779
44701,3,14,1967,31.81175
44701,3,14,1968,31.66305
44701,3,14,1969,31.68548
44701,3,14,1970,31.64745
44701,3,14,1971,31.74633
44701,3,14,1972,31.50782
44701,3,14,1973,31.66368
44701,3,14,1974,31.78631
44701,3,14,1975,31.813
44701,3,14,1976,31.67431
44701,3,14,1977,31.77902
44701,3,14,1978,31.48453
44701,3,14,1979,31.25824
44701,3,14,1980,31.27516
44701,3,14,1981,31.17081
44701,3,14,1982,31.29087
44701,3,14,1983,31.47484
44701,3,14,1984,31.78853
44701,3,14,1985,31.84332
44701,3,14,1986,32.04039
44701,3,14,1987,32.27145
44701,3,14,1988,32.13003
44701,3,14,1989,32.15041
44701,3,14,1990,32.54429
44701,3,14,1991,32.6675
44701,3,14,1992,32.76408
44701,3,14,1993,32.85408
44701,3,14,1994,33.08216
44701,3,14,1995,33.12523
44701,3,14,1996,33.25233
44701,3,14,1997,33.31056
44701,3,14,1998,33.45027
44701,3,14,1999,33.41773
44701,3,14,2000,33.71913
44701,3,14,2001,34.08945
44701,3,14,2002,34.10977
44701,3,14,2003,34.27377
44701,3,14,2004,34.82209
44701,3,14,2005,35.20606
44701,3,14,2006,35.2875
44701,3,14,2007,35.51855
44701,3,14,2008,35.72424
44701,3,14,2009,35.96715
44701,3,14,2010,36.24027
44701,3,14,2011,36.50584
44701,3,14,2012,36.61201
44701,3,14,2013,36.51086
44701,3,14,2014,36.72262
44701,3,14,2015,36.84445
44701,3,14,2016,37.04999
44701,3,14,2017,37.18112
44701,3,14,2018,37.36009
44701,3,14,2019,37.72995
44702,1,14,1950,30.65767
44702,1,14,1951,30.23963
44702,1,14,1952,30.7827
44702,1,14,1953,31.23357
44702,1,14,1954,31.03321
44702,1,14,1955,31.42811
44702,1,14,1956,31.05115
44702,1,14,1957,30.96729
44702,1,14,1958,31.06714
44702,1,14,1959,31.33395
44702,1,14,1960,31.3669
44702,1,14,1961,31.02865
44702,1,14,1962,30.87554
44702,1,14,1963,30.84417
44702,1,14,1964,31.08746
44702,1,14,1965,31.20614
44702,1,14,1966,31.13541
44702,1,14,1967,31.3362
44702,1,14,1968,31.18778
44702,1,14,1969,30.80329
44702,1,14,1970,30.94466
44702,1,14,1971,31.24754
44702,1,14,1972,30.95783
44702,1,14,1973,31.10394
44702,1,14,1974,30.90642
44702,1,14,1975,30.8882
44702,1,14,1976,30.63321
44702,1,14,1977,30.6977
44702,1,14,1978,30.44576
44702,1,14,1979,29.91787
44702,1,14,1980,29.76419
44702,1,14,1981,29.54143
44702,1,14,1982,29.61394
44702,1,14,1983,29.86173
44702,1,14,1984,30.09585
44702,1,14,1985,30.0952
44702,1,14,1986,30.28095
44702,1,14,1987,30.71188
44702,1,14,1988,30.90869
44702,1,14,1989,31.33854
44702,1,14,1990,31.61515
44702,1,14,1991,31.83662
44702,1,14,1992,31.89966
44702,1,14,1993,31.78635
44702,1,14,1994,32.06295
44702,1,14,1995,32.25023
44702,1,14,1996,32.61141
44702,1,14,1997,32.8533
44702,1,14,1998,33.20977
44702,1,14,1999,33.30627
44702,1,14,2000,33.81779
44702,1,14,2001,34.17233
44702,1,14,2002,34.35889
44702,1,14,2003,34.42153
44702,1,14,2004,34.82839
44702,1,14,2005,35.14268
44702,1,14,2006,35.29445
44702,1,14,2007,35.63359
44702,1,14,2008,35.91782
44702,1,14,2009,36.23675
44702,1,14,2010,36.46569
44702,1,14,2011,36.56477
44702,1,14,2012,36.60822
44702,1,14,2013,36.84576
44702,1,14,2014,37.09112
44702,1,14,2015,37.16932
44702,1,14,2016,37.02798
44702,1,14,2017,37.13513
44702,1,14,2018,37.52715
44702,1,14,2019,37.92841
44702,2,14,1950,34.29106
44702,2,14,1951,34.10261
44702,2,14,1952,34.49411
44702,2,14,1953,34.88029
44702,2,14,1954,35.08739
44702,2,14,1955,35.14558
44702,2,14,1956,35.15369
44702,2,14,1957,35.28588
44702,2,14,1958,35.28772
44702,2,14,1959,35.55414
44702,2,14,1960,35.50276
44702,2,14,1961,35.55957
44702,2,14,1962,35.52683
44702,2,14,1963,35.57911
44702,2,14,1964,36.01227
44702,2,14,1965,35.96356
44702,2,14,1966,35.82227
44702,2,14,1967,35.99208
44702,2,14,1968,35.86698
44702,2,14,1969,35.90315
44702,2,14,1970,35.98738
44702,2,14,1971,35.90245
44702,2,14,1972,35.73912
44702,2,14,1973,35.84438
44702,2,14,1974,35.92966
44702,2,14,1975,35.92584
44702,2,14,1976,35.74286
44702,2,14,1977,35.74496
44702,2,14,1978,35.47259
44702,2,14,1979,35.3022
44702,2,14,1980,34.95819
44702,2,14,1981,34.77422
44702,2,14,1982,34.69901
44702,2,14,1983,34.75031
44702,2,14,1984,34.90073
44702,2,14,1985,34.82148
44702,2,14,1986,35.08064
44702,2,14,1987,35.39093
44702,2,14,1988,35.48014
44702,2,14,1989,35.51472
44702,2,14,1990,35.7711
44702,2,14,1991,36.05177
44702,2,14,1992,36.02904
44702,2,14,1993,36.18048
44702,2,14,1994,36.33106
44702,2,14,1995,36.44466
44702,2,14,1996,36.6323
44702,2,14,1997,36.98314
44702,2,14,1998,37.04473
44702,2,14,1999,37.10476
44702,2,14,2000,37.69024
44702,2,14,2001,37.83232
44702,2,14,2002,38.02264
44702,2,14,2003,38.21322
44702,2,14,2004,38.41017
44702,2,14,2005,38.6044
44702,2,14,2006,38.68306
44702,2,14,2007,38.84817
44702,2,14,2008,39.05554
44702,2,14,2009,39.66028
44702,2,14,2010,39.75105
44702,2,14,2011,39.80178
44702,2,14,2012,39.86056
44702,2,14,2013,39.8757
44702,2,14,2014,39.78573
44702,2,14,2015,39.83584
44702,2,14,2016,39.95957
44702,2,14,2017,40.02117
44702,2,14,2018,40.10395
44702,2,14,2019,40.42693
44702,3,14,1950,31.53858
44702,3,14,1951,31.29334
44702,3,14,1952,31.8167
44702,3,14,1953,32.16961
44702,3,14,1954,32.08516
44702,3,14,1955,32.18232
44702,3,14,1956,32.27071
44702,3,14,1957,32.22416
44702,3,14,1958,32.43323
44702,3,14,1959,32.56929
44702,3,14,1960,32.4796
44702,3,14,1961,32.47834
44702,3,14,1962,32.36543
44702,3,14,1963,32.31204
44702,3,14,1964,32.72106
44702,3,14,1965,32.79384
44702,3,14,1966,32.76314
44702,3,14,1967,32.89644
44702,3,14,1968,32.73344
44702,3,14,1969,32.65404
44702,3,14,1970,32.65478
44702,3,14,1971,32.87237
44702,3,14,1972,32.70002
44702,3,14,1973,32.78779
44702,3,14,1974,32.78581
44702,3,14,1975,32.8985
44702,3,14,1976,32.66678
44702,3,14,1977,32.67258
44702,3,14,1978,32.44593
44702,3,14,1979,32.18949
44702,3,14,1980,32.11999
44702,3,14,1981,32.02541
44702,3,14,1982,32.07728
44702,3,14,1983,32.23142
44702,3,14,1984,32.41599
44702,3,14,1985,32.3735
44702,3,14,1986,32.61535
44702,3,14,1987,32.98606
44702,3,14,1988,33.13377
44702,3,14,1989,33.37086
44702,3,14,1990,33.61425
44702,3,14,1991,33.90554
44702,3,14,1992,33.91976
44702,3,14,1993,33.9257
44702,3,14,1994,34.14782
44702,3,14,1995,34.29157
44702,3,14,1996,34.57374
44702,3,14,1997,34.87086
44702,3,14,1998,35.12569
44702,3,14,1999,35.16418
44702,3,14,2000,35.69104
44702,3,14,2001,35.95488
44702,3,14,2002,36.11224
44702,3,14,2003,36.26488
44702,3,14,2004,36.58411
44702,3,14,2005,36.84198
44702,3,14,2006,36.9149
44702,3,14,2007,37.19691
44702,3,14,2008,37.40944
44702,3,14,2009,37.91815
44702,3,14,2010,38.05448
44702,3,14,2011,38.10873
44702,3,14,2012,38.17867
44702,3,14,2013,38.30125
44702,3,14,2014,38.40938
44702,3,14,2015,38.42834
44702,3,14,2016,38.40301
44702,3,14,2017,38.48444
44702,3,14,2018,38.61383
44702,3,14,2019,38.85198
44703,1,14,1950,31.14403
44703,1,14,1951,30.53172
44703,1,14,1952,31.05054
44703,1,14,1953,31.34085
44703,1,14,1954,31.5168
44703,1,14,1955,31.34068
44703,1,14,1956,31.39219
44703,1,14,1957,31.74116
44703,1,14,1958,31.66879
44703,1,14,1959,31.58685
44703,1,14,1960,31.95271
44703,1,14,1961,31.5228
44703,1,14,1962,31.41053
44703,1,14,1963,31.15325
44703,1,14,1964,31.64451
44703,1,14,1965,31.66473
44703,1,14,1966,31.81252
44703,1,14,1967,32.10827
44703,1,14,1968,31.77863
44703,1,14,1969,31.76061
44703,1,14,1970,31.73309
44703,1,14,1971,31.9241
44703,1,14,1972,31.60913
44703,1,14,1973,31.72225
44703,1,14,1974,31.79832
44703,1,14,1975,31.80618
44703,1,14,1976,31.77
44703,1,14,1977,31.76224
44703,1,14,1978,31.39815
44703,1,14,1979,31.2259
44703,1,14,1980,31.04138
44703,1,14,1981,30.87779
44703,1,14,1982,30.91941
44703,1,14,1983,31.00416
44703,1,14,1984,31.29529
44703,1,14,1985,31.39124
44703,1,14,1986,31.65647
44703,1,14,1987,32.07837
44703,1,14,1988,32.22636
44703,1,14,1989,32.50806
44703,1,14,1990,32.78769
44703,1,14,1991,33.15922
44703,1,14,1992,33.30208
44703,1,14,1993,33.19911
44703,1,14,1994,33.63374
44703,1,14,1995,33.81851
44703,1,14,1996,34.02648
44703,1,14,1997,34.23493
44703,1,14,1998,34.34184
44703,1,14,1999,34.15837
44703,1,14,2000,34.37662
44703,1,14,2001,34.8016
44703,1,14,2002,35.10696
44703,1,14,2003,35.00573
44703,1,14,2004,35.17283
44703,1,14,2005,35.39316
44703,1,14,2006,35.64342
44703,1,14,2007,35.92254
44703,1,14,2008,36.30253
44703,1,14,2009,36.68112
44703,1,14,2010,36.91603
44703,1,14,2011,36.98742
44703,1,14,2012,36.96246
44703,1,14,2013,37.09151
44703,1,14,2014,37.10875
44703,1,14,2015,37.11284
44703,1,14,2016,37.31529
44703,1,14,2017,37.38092
44703,1,14,2018,37.73363
44703,1,14,2019,38.1164
44703,2,14,1950,33.79435
44703,2,14,1951,33.80374
44703,2,14,1952,34.21917
44703,2,14,1953,34.60369
44703,2,14,1954,34.6528
44703,2,14,1955,34.78076
44703,2,14,1956,34.84745
44703,2,14,1957,35.01872
44703,2,14,1958,35.14561
44703,2,14,1959,35.14191
44703,2,14,1960,35.27415
44703,2,14,1961,35.10588
44703,2,14,1962,35.07722
44703,2,14,1963,35.35062
44703,2,14,1964,35.60586
44703,2,14,1965,35.67977
44703,2,14,1966,35.7034
44703,2,14,1967,35.69967
44703,2,14,1968,35.70937
44703,2,14,1969,35.65666
44703,2,14,1970,35.62372
44703,2,14,1971,35.73476
44703,2,14,1972,35.6506
44703,2,14,1973,35.80602
44703,2,14,1974,35.99195
44703,2,14,1975,35.65116
44703,2,14,1976,35.57782
44703,2,14,1977,35.63395
44703,2,14,1978,35.54824
44703,2,14,1979,35.251
44703,2,14,1980,35.00553
44703,2,14,1981,34.94586
44703,2,14,1982,34.93323
44703,2,14,1983,35.0824
44703,2,14,1984,35.37801
44703,2,14,1985,35.39211
44703,2,14,1986,35.66705
44703,2,14,1987,36.01739
44703,2,14,1988,36.26676
44703,2,14,1989,36.35648
44703,2,14,1990,36.62694
44703,2,14,1991,36.94576
44703,2,14,1992,36.94142
44703,2,14,1993,37.09251
44703,2,14,1994,37.17747
44703,2,14,1995,37.31163
44703,2,14,1996,37.45383
44703,2,14,1997,37.78088
44703,2,14,1998,37.77622
44703,2,14,1999,37.74362
44703,2,14,2000,38.30845
44703,2,14,2001,38.58446
44703,2,14,2002,38.73252
44703,2,14,2003,38.91854
44703,2,14,2004,39.2293
44703,2,14,2005,39.40551
44703,2,14,2006,39.48536
44703,2,14,2007,39.58968
44703,2,14,2008,39.54038
44703,2,14,2009,39.91797
44703,2,14,2010,39.92002
44703,2,14,2011,39.94698
44703,2,14,2012,39.85185
44703,2,14,2013,39.80473
44703,2,14,2014,39.77188
44703,2,14,2015,39.80292
44703,2,14,2016,39.96349
44703,2,14,2017,40.05088
44703,2,14,2018,40.24508
44703,2,14,2019,40.48635
44703,3,14,1950,31.76144
44703,3,14,1951,31.49511
44703,3,14,1952,31.71362
44703,3,14,1953,32.1024
44703,3,14,1954,32.22344
44703,3,14,1955,32.34218
44703,3,14,1956,32.3582
44703,3,14,1957,32.48015
44703,3,14,1958,32.55799
44703,3,14,1959,32.67073
44703,3,14,1960,32.80405
44703,3,14,1961,32.59373
44703,3,14,1962,32.52699
44703,3,14,1963,32.34095
44703,3,14,1964,32.79297
44703,3,14,1965,32.76079
44703,3,14,1966,32.90227
44703,3,14,1967,33.19916
44703,3,14,1968,32.98609
44703,3,14,1969,32.82933
44703,3,14,1970,33.06
44703,3,14,1971,33.14651
44703,3,14,1972,32.87617
44703,3,14,1973,33.00213
44703,3,14,1974,33.16357
44703,3,14,1975,33.19067
44703,3,14,1976,33.07966
44703,3,14,1977,33.12231
44703,3,14,1978,33.06177
44703,3,14,1979,32.82721
44703,3,14,1980,32.75155
44703,3,14,1981,32.74815
44703,3,14,1982,32.77895
44703,3,14,1983,32.92786
44703,3,14,1984,33.22061
44703,3,14,1985,33.29838
44703,3,14,1986,33.56725
44703,3,14,1987,33.96165
44703,3,14,1988,34.12894
44703,3,14,1989,34.34321
44703,3,14,1990,34.60216
44703,3,14,1991,34.94954
44703,3,14,1992,35.03817
44703,3,14,1993,35.07304
44703,3,14,1994,35.32709
44703,3,14,1995,35.49697
44703,3,14,1996,35.67398
44703,3,14,1997,35.91654
44703,3,14,1998,35.97035
44703,3,14,1999,35.90008
44703,3,14,2000,36.20361
44703,3,14,2001,36.61579
44703,3,14,2002,36.82258
44703,3,14,2003,36.89473
44703,3,14,2004,37.14904
44703,3,14,2005,37.27773
44703,3,14,2006,37.44652
44703,3,14,2007,37.657
44703,3,14,2008,37.82033
44703,3,14,2009,38.21346
44703,3,14,2010,38.27925
44703,3,14,2011,38.38173
44703,3,14,2012,38.27823
44703,3,14,2013,38.30668
44703,3,14,2014,38.30902
44703,3,14,2015,38.32897
44703,3,14,2016,38.4866
44703,3,14,2017,38.53324
44703,3,14,2018,38.68031
44703,3,14,2019,38.90454
44704,1,14,1950,31.5987
44704,1,14,1951,31.12035
44704,1,14,1952,31.464
44704,1,14,1953,31.87118
44704,1,14,1954,32.0737
44704,1,14,1955,31.90056
44704,1,14,1956,31.80385
44704,1,14,1957,31.79216
44704,1,14,1958,32.09272
44704,1,14,1959,31.74106
44704,1,14,1960,32.09097
44704,1,14,1961,31.73757
44704,1,14,1962,31.51747
44704,1,14,1963,31.62573
44704,1,14,1964,32.02252
44704,1,14,1965,31.70659
44704,1,14,1966,32.07868
44704,1,14,1967,32.18363
44704,1,14,1968,31.98812
44704,1,14,1969,31.76367
44704,1,14,1970,31.75804
44704,1,14,1971,32.03469
44704,1,14,1972,31.60693
44704,1,14,1973,31.75351
44704,1,14,1974,32.01145
44704,1,14,1975,31.76243
44704,1,14,1976,31.71053
44704,1,14,1977,31.61621
44704,1,14,1978,31.46853
44704,1,14,1979,31.15216
44704,1,14,1980,31.02111
44704,1,14,1981,30.85742
44704,1,14,1982,30.98935
44704,1,14,1983,31.25143
44704,1,14,1984,31.60167
44704,1,14,1985,31.70184
44704,1,14,1986,31.93647
44704,1,14,1987,32.2524
44704,1,14,1988,32.36734
44704,1,14,1989,32.59753
44704,1,14,1990,32.7635
44704,1,14,1991,33.10297
44704,1,14,1992,33.4708
44704,1,14,1993,33.45011
44704,1,14,1994,33.70612
44704,1,14,1995,33.69145
44704,1,14,1996,33.97725
44704,1,14,1997,34.02212
44704,1,14,1998,34.12848
44704,1,14,1999,34.15184
44704,1,14,2000,34.64368
44704,1,14,2001,35.07494
44704,1,14,2002,35.1789
44704,1,14,2003,35.05252
44704,1,14,2004,35.30248
44704,1,14,2005,35.45575
44704,1,14,2006,36.06402
44704,1,14,2007,36.6218
44704,1,14,2008,37.00471
44704,1,14,2009,37.72671
44704,1,14,2010,38.01955
44704,1,14,2011,38.01994
44704,1,14,2012,37.83348
44704,1,14,2013,37.7912
44704,1,14,2014,37.78171
44704,1,14,2015,37.77461
44704,1,14,2016,37.9217
44704,1,14,2017,37.85405
44704,1,14,2018,38.14509
44704,1,14,2019,38.57768
44704,2,14,1950,35.12754
44704,2,14,1951,34.73466
44704,2,14,1952,35.31884
44704,2,14,1953,35.55154
44704,2,14,1954,35.87252
44704,2,14,1955,35.8074
44704,2,14,1956,35.92147
44704,2,14,1957,36.09635
44704,2,14,1958,36.21945
44704,2,14,1959,36.34391
44704,2,14,1960,36.50723
44704,2,14,1961,36.15571
44704,2,14,1962,36.24224
44704,2,14,1963,36.32628
44704,2,14,1964,36.95561
44704,2,14,1965,37.01948
44704,2,14,1966,36.95642
44704,2,14,1967,37.23836
44704,2,14,1968,36.95969
44704,2,14,1969,36.905
44704,2,14,1970,37.12907
44704,2,14,1971,37.05896
44704,2,14,1972,37.07966
44704,2,14,1973,37.00573
44704,2,14,1974,37.07458
44704,2,14,1975,37.13844
44704,2,14,1976,36.99477
44704,2,14,1977,37.0342
44704,2,14,1978,36.86396
44704,2,14,1979,36.68802
44704,2,14,1980,36.55839
44704,2,14,1981,36.41607
44704,2,14,1982,36.418
44704,2,14,1983,36.54559
44704,2,14,1984,36.69796
44704,2,14,1985,36.4902
44704,2,14,1986,36.56842
44704,2,14,1987,36.76393
44704,2,14,1988,36.81107
44704,2,14,1989,36.73222
44704,2,14,1990,36.89305
44704,2,14,1991,36.9967
44704,2,14,1992,36.85354
44704,2,14,1993,36.90711
44704,2,14,1994,36.91947
44704,2,14,1995,37.0066
44704,2,14,1996,37.19124
44704,2,14,1997,37.45045
44704,2,14,1998,37.43719
44704,2,14,1999,37.33896
44704,2,14,2000,37.80943
44704,2,14,2001,38.14353
44704,2,14,2002,38.32822
44704,2,14,2003,38.63706
44704,2,14,2004,39.18385
44704,2,14,2005,39.54444
44704,2,14,2006,39.79198
44704,2,14,2007,40.03685
44704,2,14,2008,40.05351
44704,2,14,2009,40.45418
44704,2,14,2010,40.47851
44704,2,14,2011,40.57874
44704,2,14,2012,40.48657
44704,2,14,2013,40.38349
44704,2,14,2014,40.3033
44704,2,14,2015,40.33183
44704,2,14,2016,40.46648
44704,2,14,2017,40.40136
44704,2,14,2018,40.50704
44704,2,14,2019,40.82154
44704,3,14,1950,32.44702
44704,3,14,1951,32.07585
44704,3,14,1952,32.66483
44704,3,14,1953,32.96324
44704,3,14,1954,33.08188
44704,3,14,1955,33.25921
44704,3,14,1956,33.00242
44704,3,14,1957,33.48849
44704,3,14,1958,33.35086
44704,3,14,1959,33.44691
44704,3,14,1960,33.4834
44704,3,14,1961,33.35728
44704,3,14,1962,33.23179
44704,3,14,1963,33.44635
44704,3,14,1964,33.67724
44704,3,14,1965,33.92692
44704,3,14,1966,33.74719
44704,3,14,1967,33.90951
44704,3,14,1968,33.64053
44704,3,14,1969,33.60922
44704,3,14,1970,33.80558
44704,3,14,1971,33.93119
44704,3,14,1972,33.82233
44704,3,14,1973,33.82658
44704,3,14,1974,34.10067
44704,3,14,1975,33.99174
44704,3,14,1976,33.84823
44704,3,14,1977,34.00011
44704,3,14,1978,33.85421
44704,3,14,1979,33.60588
44704,3,14,1980,33.58958
44704,3,14,1981,33.57764
44704,3,14,1982,33.65263
44704,3,14,1983,33.84962
44704,3,14,1984,34.11779
44704,3,14,1985,34.09542
44704,3,14,1986,34.24557
44704,3,14,1987,34.48016
44704,3,14,1988,34.56848
44704,3,14,1989,34.67171
44704,3,14,1990,34.84116
44704,3,14,1991,35.05553
44704,3,14,1992,35.16402
44704,3,14,1993,35.1654
44704,3,14,1994,35.28997
44704,3,14,1995,35.31092
44704,3,14,1996,35.53307
44704,3,14,1997,35.72434
44704,3,14,1998,35.75405
44704,3,14,1999,35.72219
44704,3,14,2000,36.1755
44704,3,14,2001,36.56632
44704,3,14,2002,36.72339
44704,3,14,2003,36.80231
44704,3,14,2004,37.1916
44704,3,14,2005,37.40895
44704,3,14,2006,37.84055
44704,3,14,2007,38.24364
44704,3,14,2008,38.47017
44704,3,14,2009,39.04033
44704,3,14,2010,39.18432
44704,3,14,2011,39.24889
44704,3,14,2012,39.12522
44704,3,14,2013,39.00808
44704,3,14,2014,38.96025
44704,3,14,2015,38.93782
44704,3,14,2016,39.04013
44704,3,14,2017,38.97249
44704,3,14,2018,39.10609
44704,3,14,2019,39.35174
44705,1,14,1950,30.67812
44705,1,14,1951,30.32486
44705,1,14,1952,30.66117
44705,1,14,1953,30.9326
44705,1,14,1954,31.15726
44705,1,14,1955,31.04562
44705,1,14,1956,30.89268
44705,1,14,1957,31.22758
44705,1,14,1958,31.07349
44705,1,14,1959,31.18389
44705,1,14,1960,31.17758
44705,1,14,1961,30.96516
44705,1,14,1962,30.80356
44705,1,14,1963,30.60797
44705,1,14,1964,31.01788
44705,1,14,1965,30.67312
44705,1,14,1966,30.8359
44705,1,14,1967,31.19225
44705,1,14,1968,30.79593
44705,1,14,1969,30.63343
44705,1,14,1970,31.0458
44705,1,14,1971,30.88395
44705,1,14,1972,30.67275
44705,1,14,1973,30.86928
44705,1,14,1974,30.68607
44705,1,14,1975,30.87974
44705,1,14,1976,30.81509
44705,1,14,1977,30.5976
44705,1,14,1978,30.38464
44705,1,14,1979,30.02803
44705,1,14,1980,30.05491
44705,1,14,1981,30.03681
44705,1,14,1982,30.19782
44705,1,14,1983,30.39902
44705,1,14,1984,30.64525
44705,1,14,1985,30.67185
44705,1,14,1986,30.90332
44705,1,14,1987,31.35253
44705,1,14,1988,31.36241
44705,1,14,1989,31.65334
44705,1,14,1990,31.72863
44705,1,14,1991,32.02512
44705,1,14,1992,32.24244
44705,1,14,1993,32.22392
44705,1,14,1994,32.2087
44705,1,14,1995,32.47434
44705,1,14,1996,32.86835
44705,1,14,1997,33.05193
44705,1,14,1998,33.49158
44705,1,14,1999,33.60357
44705,1,14,2000,33.90707
44705,1,14,2001,34.23402
44705,1,14,2002,34.77078
44705,1,14,2003,34.91408
44705,1,14,2004,35.41999
44705,1,14,2005,35.48633
44705,1,14,2006,35.62308
44705,1,14,2007,35.92645
44705,1,14,2008,36.24346
44705,1,14,2009,36.66704
44705,1,14,2010,36.98015
44705,1,14,2011,37.22803
44705,1,14,2012,37.33453
44705,1,14,2013,37.67299
44705,1,14,2014,37.90726
44705,1,14,2015,38.10771
44705,1,14,2016,38.11289
44705,1,14,2017,38.29202
44705,1,14,2018,38.66081
44705,1,14,2019,39.0542
44705,2,14,1950,34.20458
44705,2,14,1951,34.05489
44705,2,14,1952,34.6827
44705,2,14,1953,34.9391
44705,2,14,1954,35.04179
44705,2,14,1955,35.12134
44705,2,14,1956,35.01661
44705,2,14,1957,35.47417
44705,2,14,1958,35.50693
44705,2,14,1959,35.5417
44705,2,14,1960,35.85885
44705,2,14,1961,35.51968
44705,2,14,1962,35.65054
44705,2,14,1963,35.84321
44705,2,14,1964,35.95406
44705,2,14,1965,36.06788
44705,2,14,1966,36.07433
44705,2,14,1967,36.38177
44705,2,14,1968,36.22227
44705,2,14,1969,36.05777
44705,2,14,1970,36.1807
44705,2,14,1971,36.27197
44705,2,14,1972,35.93224
44705,2,14,1973,36.09943
44705,2,14,1974,36.42472
44705,2,14,1975,36.43307
44705,2,14,1976,35.90343
44705,2,14,1977,36.09416
44705,2,14,1978,35.90349
44705,2,14,1979,35.75547
44705,2,14,1980,35.48169
44705,2,14,1981,35.43913
44705,2,14,1982,35.42074
44705,2,14,1983,35.49499
44705,2,14,1984,35.69841
44705,2,14,1985,35.55874
44705,2,14,1986,35.76431
44705,2,14,1987,35.99329
44705,2,14,1988,36.12353
44705,2,14,1989,36.19599
44705,2,14,1990,36.41703
44705,2,14,1991,36.61103
44705,2,14,1992,36.57998
44705,2,14,1993,36.66454
44705,2,14,1994,36.79478
44705,2,14,1995,36.98441
44705,2,14,1996,37.23315
44705,2,14,1997,37.79846
44705,2,14,1998,37.84021
44705,2,14,1999,37.74886
44705,2,14,2000,38.14572
44705,2,14,2001,38.4464
44705,2,14,2002,38.62702
44705,2,14,2003,38.78286
44705,2,14,2004,39.05297
44705,2,14,2005,39.19955
44705,2,14,2006,39.27495
44705,2,14,2007,39.45454
44705,2,14,2008,39.49699
44705,2,14,2009,40.00414
44705,2,14,2010,40.06848
44705,2,14,2011,40.24493
44705,2,14,2012,40.17822
44705,2,14,2013,40.1715
44705,2,14,2014,40.17857
44705,2,14,2015,40.35847
44705,2,14,2016,40.57183
44705,2,14,2017,40.73377
44705,2,14,2018,40.92628
44705,2,14,2019,41.25569
44705,3,14,1950,31.4302
44705,3,14,1951,31.30797
44705,3,14,1952,31.73339
44705,3,14,1953,32.07613
44705,3,14,1954,32.18579
44705,3,14,1955,32.15203
44705,3,14,1956,32.0935
44705,3,14,1957,32.36143
44705,3,14,1958,32.32439
44705,3,14,1959,32.66019
44705,3,14,1960,32.38928
44705,3,14,1961,32.29763
44705,3,14,1962,32.43893
44705,3,14,1963,32.27081
44705,3,14,1964,32.80482
44705,3,14,1965,32.64636
44705,3,14,1966,32.67649
44705,3,14,1967,32.83164
44705,3,14,1968,32.65401
44705,3,14,1969,32.57683
44705,3,14,1970,32.86565
44705,3,14,1971,32.93475
44705,3,14,1972,32.75738
44705,3,14,1973,32.88111
44705,3,14,1974,32.91579
44705,3,14,1975,32.89481
44705,3,14,1976,32.84751
44705,3,14,1977,32.77054
44705,3,14,1978,32.74577
44705,3,14,1979,32.46797
44705,3,14,1980,32.55977
44705,3,14,1981,32.58836
44705,3,14,1982,32.71541
44705,3,14,1983,32.88607
44705,3,14,1984,33.10372
44705,3,14,1985,33.01983
44705,3,14,1986,33.26047
44705,3,14,1987,33.63752
44705,3,14,1988,33.69423
44705,3,14,1989,33.86629
44705,3,14,1990,34.02914
44705,3,14,1991,34.2789
44705,3,14,1992,34.36522
44705,3,14,1993,34.36602
44705,3,14,1994,34.44608
44705,3,14,1995,34.65705
44705,3,14,1996,34.9599
44705,3,14,1997,35.34076
44705,3,14,1998,35.62407
44705,3,14,1999,35.61735
44705,3,14,2000,35.95658
44705,3,14,2001,36.26846
44705,3,14,2002,36.62954
44705,3,14,2003,36.75581
44705,3,14,2004,37.17878
44705,3,14,2005,37.28885
44705,3,14,2006,37.38049
44705,3,14,2007,37.61875
44705,3,14,2008,37.77288
44705,3,14,2009,38.27986
44705,3,14,2010,38.47333
44705,3,14,2011,38.67787
44705,3,14,2012,38.71467
44705,3,14,2013,38.85598
44705,3,14,2014,38.9565
44705,3,14,2015,39.11609
44705,3,14,2016,39.21733
44705,3,14,2017,39.34597
44705,3,14,2018,39.56714
44705,3,14,2019,39.81368
44706,1,14,1950,31.14265
44706,1,14,1951,30.76512
44706,1,14,1952,30.96498
44706,1,14,1953,31.21839
44706,1,14,1954,31.62362
44706,1,14,1955,31.51494
44706,1,14,1956,31.38661
44706,1,14,1957,31.49841
44706,1,14,1958,31.48459
44706,1,14,1959,31.81336
44706,1,14,1960,31.53242
44706,1,14,1961,31.52196
44706,1,14,1962,31.41361
44706,1,14,1963,31.34392
44706,1,14,1964,31.65939
44706,1,14,1965,31.70397
44706,1,14,1966,31.72223
44706,1,14,1967,31.73319
44706,1,14,1968,31.76295
44706,1,14,1969,31.3175
44706,1,14,1970,31.52924
44706,1,14,1971,31.83403
44706,1,14,1972,31.69347
44706,1,14,1973,31.45927
44706,1,14,1974,31.75584
44706,1,14,1975,31.71993
44706,1,14,1976,31.49112
44706,1,14,1977,31.30248
44706,1,14,1978,30.78768
44706,1,14,1979,30.46037
44706,1,14,1980,30.23622
44706,1,14,1981,29.84718
44706,1,14,1982,29.95808
44706,1,14,1983,30.10447
44706,1,14,1984,30.43677
44706,1,14,1985,30.56741
44706,1,14,1986,30.71378
44706,1,14,1987,30.97701
44706,1,14,1988,31.13106
44706,1,14,1989,31.48482
44706,1,14,1990,31.74097
44706,1,14,1991,32.00668
44706,1,14,1992,32.26333
44706,1,14,1993,32.34441
44706,1,14,1994,32.67567
44706,1,14,1995,32.96518
44706,1,14,1996,33.07741
44706,1,14,1997,33.0886
44706,1,14,1998,33.30988
44706,1,14,1999,33.51174
44706,1,14,2000,34.02558
44706,1,14,2001,34.34693
44706,1,14,2002,34.60626
44706,1,14,2003,34.86755
44706,1,14,2004,35.31082
44706,1,14,2005,35.46476
44706,1,14,2006,35.65503
44706,1,14,2007,35.82467
44706,1,14,2008,35.8148
44706,1,14,2009,35.99845
44706,1,14,2010,36.33801
44706,1,14,2011,36.68888
44706,1,14,2012,36.7139
44706,1,14,2013,36.88469
44706,1,14,2014,36.84635
44706,1,14,2015,36.95301
44706,1,14,2016,37.03565
44706,1,14,2017,37.0487
44706,1,14,2018,37.29757
44706,1,14,2019,37.53894
44706,2,14,1950,34.28921
44706,2,14,1951,34.23099
44706,2,14,1952,34.69428
44706,2,14,1953,35.20871
44706,2,14,1954,35.12378
44706,2,14,1955,35.32344
44706,2,14,1956,35.32074
44706,2,14,1957,35.64124
44706,2,14,1958,35.72995
44706,2,14,1959,35.70932
44706,2,14,1960,35.71228
44706,2,14,1961,35.62834
44706,2,14,1962,35.62925
44706,2,14,1963,35.80061
44706,2,14,1964,36.05166
44706,2,14,1965,36.28263
44706,2,14,1966,35.84687
44706,2,14,1967,36.28543
44706,2,14,1968,36.18838
44706,2,14,1969,36.06757
44706,2,14,1970,36.19748
44706,2,14,1971,36.36937
44706,2,14,1972,36.10246
44706,2,14,1973,36.03762
44706,2,14,1974,35.93905
44706,2,14,1975,36.08395
44706,2,14,1976,35.98855
44706,2,14,1977,35.84162
44706,2,14,1978,35.67236
44706,2,14,1979,35.33962
44706,2,14,1980,35.10361
44706,2,14,1981,34.98909
44706,2,14,1982,34.93707
44706,2,14,1983,34.93928
44706,2,14,1984,35.25985
44706,2,14,1985,35.36774
44706,2,14,1986,35.54762
44706,2,14,1987,35.66507
44706,2,14,1988,35.76845
44706,2,14,1989,35.83109
44706,2,14,1990,36.16626
44706,2,14,1991,36.5259
44706,2,14,1992,36.48291
44706,2,14,1993,36.70575
44706,2,14,1994,36.76193
44706,2,14,1995,36.72106
44706,2,14,1996,36.79176
44706,2,14,1997,37.01632
44706,2,14,1998,37.0963
44706,2,14,1999,36.97501
44706,2,14,2000,37.25324
44706,2,14,2001,37.58175
44706,2,14,2002,37.84842
44706,2,14,2003,37.94938
44706,2,14,2004,38.15186
44706,2,14,2005,38.31822
44706,2,14,2006,38.40998
44706,2,14,2007,38.68101
44706,2,14,2008,38.79754
44706,2,14,2009,39.30413
44706,2,14,2010,39.4647
44706,2,14,2011,39.61981
44706,2,14,2012,39.69538
44706,2,14,2013,39.79707
44706,2,14,2014,39.88275
44706,2,14,2015,40.08015
44706,2,14,2016,40.13729
44706,2,14,2017,40.36859
44706,2,14,2018,40.49879
44706,2,14,2019,40.84022
44706,3,14,1950,31.9977
44706,3,14,1951,31.69333
44706,3,14,1952,32.02158
44706,3,14,1953,32.43686
44706,3,14,1954,32.47867
44706,3,14,1955,32.66653
44706,3,14,1956,32.6945
44706,3,14,1957,32.86364
44706,3,14,1958,32.82847
44706,3,14,1959,33.00549
44706,3,14,1960,33.11051
44706,3,14,1961,32.94771
44706,3,14,1962,32.73954
44706,3,14,1963,32.8098
44706,3,14,1964,33.13355
44706,3,14,1965,33.32773
44706,3,14,1966,33.12951
44706,3,14,1967,33.27047
44706,3,14,1968,33.21799
44706,3,14,1969,33.08166
44706,3,14,1970,33.06219
44706,3,14,1971,33.45638
44706,3,14,1972,33.33419
44706,3,14,1973,33.17228
44706,3,14,1974,33.21076
44706,3,14,1975,33.30068
44706,3,14,1976,33.15133
44706,3,14,1977,33.14309
44706,3,14,1978,32.88151
44706,3,14,1979,32.66908
44706,3,14,1980,32.47968
44706,3,14,1981,32.33763
44706,3,14,1982,32.37317
44706,3,14,1983,32.52009
44706,3,14,1984,32.82892
44706,3,14,1985,32.93843
44706,3,14,1986,33.09896
44706,3,14,1987,33.29075
44706,3,14,1988,33.42507
44706,3,14,1989,33.64513
44706,3,14,1990,33.90623
44706,3,14,1991,34.22707
44706,3,14,1992,34.35939
44706,3,14,1993,34.50251
44706,3,14,1994,34.68639
44706,3,14,1995,34.80233
44706,3,14,1996,34.91092
44706,3,14,1997,35.02002
44706,3,14,1998,35.16455
44706,3,14,1999,35.20625
44706,3,14,2000,35.59776
44706,3,14,2001,35.93504
44706,3,14,2002,36.16485
44706,3,14,2003,36.37124
44706,3,14,2004,36.64954
44706,3,14,2005,36.83539
44706,3,14,2006,36.96481
44706,3,14,2007,37.18156
44706,3,14,2008,37.2593
44706,3,14,2009,37.57609
44706,3,14,2010,37.81324
44706,3,14,2011,38.05594
44706,3,14,2012,38.12131
44706,3,14,2013,38.25543
44706,3,14,2014,38.261
44706,3,14,2015,38.42276
44706,3,14,2016,38.48322
44706,3,14,2017,38.56467
44706,3,14,2018,38.62249
44706,3,14,2019,38.77734
44707,1,14,1950,30.17855
44707,1,14,1951,29.75561
44707,1,14,1952,30.13628
44707,1,14,1953,30.56249
44707,1,14,1954,30.51536
44707,1,14,1955,30.71368
44707,1,14,1956,30.66452
44707,1,14,1957,30.51885
44707,1,14,1958,30.65672
44707,1,14,1959,30.4021
44707,1,14,1960,30.74205
44707,1,14,1961,30.30568
44707,1,14,1962,30.17709
44707,1,14,1963,30.47404
44707,1,14,1964,30.55783
44707,1,14,1965,30.52274
44707,1,14,1966,30.49637
44707,1,14,1967,30.81578
44707,1,14,1968,30.57895
44707,1,14,1969,30.30975
44707,1,14,1970,30.58235
44707,1,14,1971,30.49482
44707,1,14,1972,30.43831
44707,1,14,1973,30.22189
44707,1,14,1974,30.1068
44707,1,14,1975,30.20382
44707,1,14,1976,30.02482
44707,1,14,1977,29.73637
44707,1,14,1978,29.44969
44707,1,14,1979,29.03381
44707,1,14,1980,29.00528
44707,1,14,1981,28.76591
44707,1,14,1982,29.06677
44707,1,14,1983,29.46538
44707,1,14,1984,29.7267
44707,1,14,1985,29.80315
44707,1,14,1986,30.01454
44707,1,14,1987,30.38954
44707,1,14,1988,30.49211
44707,1,14,1989,30.57707
44707,1,14,1990,30.65038
44707,1,14,1991,31.09302
44707,1,14,1992,31.20866
44707,1,14,1993,31.32973
44707,1,14,1994,31.83122
44707,1,14,1995,32.04434
44707,1,14,1996,32.34196
44707,1,14,1997,32.60106
44707,1,14,1998,32.77922
44707,1,14,1999,32.84098
44707,1,14,2000,33.2288
44707,1,14,2001,33.58604
44707,1,14,2002,33.75698
44707,1,14,2003,33.99508
44707,1,14,2004,34.53
44707,1,14,2005,34.87491
44707,1,14,2006,34.99021
44707,1,14,2007,35.3424
44707,1,14,2008,35.50314
44707,1,14,2009,35.94237
44707,1,14,2010,36.2615
44707,1,14,2011,36.65638
44707,1,14,2012,36.47345
44707,1,14,2013,36.43298
44707,1,14,2014,36.43939
44707,1,14,2015,36.60039
44707,1,14,2016,36.52481
44707,1,14,2017,36.64846
44707,1,14,2018,36.8965
44707,1,14,2019,37.32636
44707,2,14,1950,33.81942
44707,2,14,1951,33.75799
44707,2,14,1952,34.26122
44707,2,14,1953,34.52833
44707,2,14,1954,34.85004
44707,2,14,1955,34.92987
44707,2,14,1956,35.0889
44707,2,14,1957,35.26309
44707,2,14,1958,35.09614
44707,2,14,1959,35.18461
44707,2,14,1960,35.242
44707,2,14,1961,35.0366
44707,2,14,1962,35.18326
44707,2,14,1963,35.52804
44707,2,14,1964,35.68882
44707,2,14,1965,35.70998
44707,2,14,1966,35.65275
44707,2,14,1967,35.71669
44707,2,14,1968,35.7734
44707,2,14,1969,35.65043
44707,2,14,1970,35.82374
44707,2,14,1971,35.60214
44707,2,14,1972,35.45538
44707,2,14,1973,35.70383
44707,2,14,1974,35.70523
44707,2,14,1975,35.63581
44707,2,14,1976,35.41806
44707,2,14,1977,35.27614
44707,2,14,1978,35.10168
44707,2,14,1979,34.70107
44707,2,14,1980,34.44969
44707,2,14,1981,34.13477
44707,2,14,1982,34.23205
44707,2,14,1983,34.38407
44707,2,14,1984,34.72358
44707,2,14,1985,34.63369
44707,2,14,1986,34.77565
44707,2,14,1987,34.96471
44707,2,14,1988,35.00465
44707,2,14,1989,35.01159
44707,2,14,1990,35.25021
44707,2,14,1991,35.5925
44707,2,14,1992,35.7506
44707,2,14,1993,35.87462
44707,2,14,1994,35.92105
44707,2,14,1995,36.33702
44707,2,14,1996,36.34085
44707,2,14,1997,36.54674
44707,2,14,1998,36.52074
44707,2,14,1999,36.40641
44707,2,14,2000,36.81611
44707,2,14,2001,37.06031
44707,2,14,2002,37.30323
44707,2,14,2003,37.33582
44707,2,14,2004,37.49438
44707,2,14,2005,37.59629
44707,2,14,2006,38.10371
44707,2,14,2007,38.44798
44707,2,14,2008,38.56739
44707,2,14,2009,38.9338
44707,2,14,2010,39.18028
44707,2,14,2011,39.53571
44707,2,14,2012,39.70228
44707,2,14,2013,39.73774
44707,2,14,2014,39.71071
44707,2,14,2015,39.50314
44707,2,14,2016,39.38387
44707,2,14,2017,39.50773
44707,2,14,2018,39.7086
44707,2,14,2019,39.98116
44707,3,14,1950,31.17551
44707,3,14,1951,30.90408
44707,3,14,1952,31.19644
44707,3,14,1953,31.68089
44707,3,14,1954,31.74281
44707,3,14,1955,31.94241
44707,3,14,1956,31.87691
44707,3,14,1957,31.94596
44707,3,14,1958,31.98002
44707,3,14,1959,32.07635
44707,3,14,1960,32.14732
44707,3,14,1961,32.00179
44707,3,14,1962,32.14887
44707,3,14,1963,32.02306
44707,3,14,1964,32.2783
44707,3,14,1965,32.16023
44707,3,14,1966,32.34255
44707,3,14,1967,32.37613
44707,3,14,1968,32.35038
44707,3,14,1969,32.1578
44707,3,14,1970,32.30671
44707,3,14,1971,32.38676
44707,3,14,1972,32.25722
44707,3,14,1973,32.2552
44707,3,14,1974,32.24347
44707,3,14,1975,32.29988
44707,3,14,1976,32.20077
44707,3,14,1977,31.95962
44707,3,14,1978,31.82119
44707,3,14,1979,31.47403
44707,3,14,1980,31.51539
44707,3,14,1981,31.32176
44707,3,14,1982,31.53181
44707,3,14,1983,31.84285
44707,3,14,1984,32.14353
44707,3,14,1985,32.14676
44707,3,14,1986,32.33895
44707,3,14,1987,32.62942
44707,3,14,1988,32.69899
44707,3,14,1989,32.76452
44707,3,14,1990,32.89152
44707,3,14,1991,33.30055
44707,3,14,1992,33.43308
44707,3,14,1993,33.55709
44707,3,14,1994,33.85125
44707,3,14,1995,34.15359
44707,3,14,1996,34.30923
44707,3,14,1997,34.5174
44707,3,14,1998,34.62838
44707,3,14,1999,34.57774
44707,3,14,2000,34.99238
44707,3,14,2001,35.29091
44707,3,14,2002,35.51648
44707,3,14,2003,35.61624
44707,3,14,2004,35.98636
44707,3,14,2005,36.20714
44707,3,14,2006,36.50373
44707,3,14,2007,36.85155
44707,3,14,2008,36.98686
44707,3,14,2009,37.37674
44707,3,14,2010,37.65283
44707,3,14,2011,38.02824
44707,3,14,2012,38.03391
44707,3,14,2013,38.04425
44707,3,14,2014,38.00819
44707,3,14,2015,37.99616
44707,3,14,2016,37.88728
44707,3,14,2017,37.98679
44707,3,14,2018,38.09222
44707,3,14,2019,38.37252
44708,1,14,1950,30.27007
44708,1,14,1951,30.06724
44708,1,14,1952,30.44806
44708,1,14,1953,30.68802
44708,1,14,1954,31.04796
44708,1,14,1955,30.76945
44708,1,14,1956,30.64936
44708,1,14,1957,30.88584
44708,1,14,1958,30.71787
44708,1,14,1959,31.04452
44708,1,14,1960,30.85933
44708,1,14,1961,31.05049
44708,1,14,1962,30.58602
44708,1,14,1963,30.74083
44708,1,14,1964,30.91106
44708,1,14,1965,31.03488
44708,1,14,1966,30.86543
44708,1,14,1967,31.21478
44708,1,14,1968,30.98821
44708,1,14,1969,30.761
44708,1,14,1970,30.99296
44708,1,14,1971,30.89379
44708,1,14,1972,30.73813
44708,1,14,1973,30.9548
44708,1,14,1974,30.9432
44708,1,14,1975,30.99338
44708,1,14,1976,30.71666
44708,1,14,1977,30.77669
44708,1,14,1978,30.43757
44708,1,14,1979,29.84396
44708,1,14,1980,29.63393
44708,1,14,1981,29.46941
44708,1,14,1982,29.12773
44708,1,14,1983,29.19366
44708,1,14,1984,29.42181
44708,1,14,1985,29.55378
44708,1,14,1986,29.93379
44708,1,14,1987,30.19914
44708,1,14,1988,30.14203
44708,1,14,1989,30.39757
44708,1,14,1990,30.63723
44708,1,14,1991,31.14008
44708,1,14,1992,31.31542
44708,1,14,1993,31.34043
44708,1,14,1994,31.65714
44708,1,14,1995,31.76531
44708,1,14,1996,31.96178
44708,1,14,1997,32.00071
44708,1,14,1998,32.22025
44708,1,14,1999,32.53694
44708,1,14,2000,32.75766
44708,1,14,2001,32.9797
44708,1,14,2002,33.46259
44708,1,14,2003,33.68295
44708,1,14,2004,34.14552
44708,1,14,2005,34.50932
44708,1,14,2006,34.68926
44708,1,14,2007,34.86858
44708,1,14,2008,35.21633
44708,1,14,2009,35.63616
44708,1,14,2010,35.75275
44708,1,14,2011,35.97301
44708,1,14,2012,36.16935
44708,1,14,2013,36.37446
44708,1,14,2014,36.4959
44708,1,14,2015,36.66629
44708,1,14,2016,36.52653
44708,1,14,2017,36.75773
44708,1,14,2018,37.12763
44708,1,14,2019,37.57608
44708,2,14,1950,34.06397
44708,2,14,1951,34.02669
44708,2,14,1952,34.6298
44708,2,14,1953,35.07698
44708,2,14,1954,34.97716
44708,2,14,1955,35.25297
44708,2,14,1956,35.38608
44708,2,14,1957,35.38501
44708,2,14,1958,35.50652
44708,2,14,1959,35.8195
44708,2,14,1960,35.77786
44708,2,14,1961,35.56446
44708,2,14,1962,35.49854
44708,2,14,1963,35.83378
44708,2,14,1964,36.12441
44708,2,14,1965,36.23542
44708,2,14,1966,36.10074
44708,2,14,1967,36.24421
44708,2,14,1968,35.91818
44708,2,14,1969,36.22303
44708,2,14,1970,36.36388
44708,2,14,1971,36.41804
44708,2,14,1972,36.12601
44708,2,14,1973,36.14786
44708,2,14,1974,36.27565
44708,2,14,1975,36.23776
44708,2,14,1976,36.21649
44708,2,14,1977,36.11191
44708,2,14,1978,35.88012
44708,2,14,1979,35.60564
44708,2,14,1980,35.39321
44708,2,14,1981,35.2036
44708,2,14,1982,34.87773
44708,2,14,1983,34.8571
44708,2,14,1984,35.04401
44708,2,14,1985,34.92107
44708,2,14,1986,35.15783
44708,2,14,1987,35.40275
44708,2,14,1988,35.6565
44708,2,14,1989,36.04606
44708,2,14,1990,36.21506
44708,2,14,1991,36.50876
44708,2,14,1992,36.48898
44708,2,14,1993,36.43819
44708,2,14,1994,36.36416
44708,2,14,1995,36.33072
44708,2,14,1996,36.59693
44708,2,14,1997,36.93383
44708,2,14,1998,36.92313
44708,2,14,1999,36.84165
44708,2,14,2000,37.22093
44708,2,14,2001,37.38062
44708,2,14,2002,37.42589
44708,2,14,2003,37.64941
44708,2,14,2004,38.00969
44708,2,14,2005,38.25977
44708,2,14,2006,38.44567
44708,2,14,2007,38.795
44708,2,14,2008,38.93223
44708,2,14,2009,39.42355
44708,2,14,2010,39.55131
44708,2,14,2011,39.71277
44708,2,14,2012,39.72879
44708,2,14,2013,39.66516
44708,2,14,2014,39.70287
44708,2,14,2015,39.64265
44708,2,14,2016,39.75318
44708,2,14,2017,39.83011
44708,2,14,2018,39.92959
44708,2,14,2019,40.21809
44708,3,14,1950,31.27621
44708,3,14,1951,31.26954
44708,3,14,1952,31.65528
44708,3,14,1953,31.96461
44708,3,14,1954,32.08024
44708,3,14,1955,32.11573
44708,3,14,1956,32.1788
44708,3,14,1957,32.39308
44708,3,14,1958,32.46033
44708,3,14,1959,32.57725
44708,3,14,1960,32.63295
44708,3,14,1961,32.50546
44708,3,14,1962,32.34884
44708,3,14,1963,32.39558
44708,3,14,1964,32.74851
44708,3,14,1965,32.87741
44708,3,14,1966,32.75988
44708,3,14,1967,33.08193
44708,3,14,1968,32.868
44708,3,14,1969,32.55345
44708,3,14,1970,32.94121
44708,3,14,1971,33.09678
44708,3,14,1972,32.87014
44708,3,14,1973,32.96654
44708,3,14,1974,32.97199
44708,3,14,1975,33.16988
44708,3,14,1976,32.84525
44708,3,14,1977,32.99891
44708,3,14,1978,32.87477
44708,3,14,1979,32.37659
44708,3,14,1980,32.2988
44708,3,14,1981,32.25473
44708,3,14,1982,31.88427
44708,3,14,1983,31.97788
44708,3,14,1984,32.17652
44708,3,14,1985,32.16375
44708,3,14,1986,32.49862
44708,3,14,1987,32.73534
44708,3,14,1988,32.84744
44708,3,14,1989,33.12875
44708,3,14,1990,33.38984
44708,3,14,1991,33.76399
44708,3,14,1992,33.85487
44708,3,14,1993,33.8697
44708,3,14,1994,33.98244
44708,3,14,1995,34.01013
44708,3,14,1996,34.22187
44708,3,14,1997,34.39836
44708,3,14,1998,34.47663
44708,3,14,1999,34.62731
44708,3,14,2000,34.93592
44708,3,14,2001,35.12398
44708,3,14,2002,35.42552
44708,3,14,2003,35.60366
44708,3,14,2004,36.04079
44708,3,14,2005,36.32138
44708,3,14,2006,36.51079
44708,3,14,2007,36.75896
44708,3,14,2008,36.97299
44708,3,14,2009,37.47154
44708,3,14,2010,37.59193
44708,3,14,2011,37.75444
44708,3,14,2012,37.81431
44708,3,14,2013,37.915
44708,3,14,2014,37.97307
44708,3,14,2015,38.02495
44708,3,14,2016,38.03194
44708,3,14,2017,38.10332
44708,3,14,2018,38.26468
44708,3,14,2019,38.53441
44709,1,14,1950,29.81207
44709,1,14,1951,29.53964
44709,1,14,1952,29.79326
44709,1,14,1953,30.18364
44709,1,14,1954,30.20342
44709,1,14,1955,30.17763
44709,1,14,1956,29.98293
44709,1,14,1957,30.17495
44709,1,14,1958,30.41821
44709,1,14,1959,30.4572
44709,1,14,1960,30.2315
44709,1,14,1961,30.28714
44709,1,14,1962,29.96828
44709,1,14,1963,30.08482
44709,1,14,1964,30.32776
44709,1,14,1965,30.33306
44709,1,14,1966,30.23898
44709,1,14,1967,30.52751
44709,1,14,1968,30.24843
44709,1,14,1969,30.01896
44709,1,14,1970,30.21007
44709,1,14,1971,30.19548
44709,1,14,1972,30.29838
44709,1,14,1973,30.21673
44709,1,14,1974,30.27413
44709,1,14,1975,30.29081
44709,1,14,1976,29.98807
44709,1,14,1977,30.10436
44709,1,14,1978,29.83694
44709,1,14,1979,29.34334
44709,1,14,1980,29.13232
44709,1,14,1981,28.97703
44709,1,14,1982,28.91203
44709,1,14,1983,28.84449
44709,1,14,1984,28.92114
44709,1,14,1985,28.90936
44709,1,14,1986,29.12578
44709,1,14,1987,29.42323
44709,1,14,1988,29.54507
44709,1,14,1989,29.85148
44709,1,14,1990,30.07914
44709,1,14,1991,30.42596
44709,1,14,1992,30.62104
44709,1,14,1993,30.64451
44709,1,14,1994,30.87108
44709,1,14,1995,30.93072
44709,1,14,1996,31.34973
44709,1,14,1997,31.69621
44709,1,14,1998,31.93233
44709,1,14,1999,32.0189
44709,1,14,2000,32.52068
44709,1,14,2001,32.78783
44709,1,14,2002,32.73491
44709,1,14,2003,32.67354
44709,1,14,2004,33.2784
44709,1,14,2005,33.28722
44709,1,14,2006,33.33843
44709,1,14,2007,33.5486
44709,1,14,2008,33.77544
44709,1,14,2009,34.16746
44709,1,14,2010,34.48629
44709,1,14,2011,34.71444
44709,1,14,2012,34.76434
44709,1,14,2013,34.94648
44709,1,14,2014,35.10305
44709,1,14,2015,35.18078
44709,1,14,2016,35.22814
44709,1,14,2017,35.26023
44709,1,14,2018,35.69264
44709,1,14,2019,36.05311
44709,2,14,1950,33.44945
44709,2,14,1951,33.39396
44709,2,14,1952,33.76144
44709,2,14,1953,34.09339
44709,2,14,1954,34.28696
44709,2,14,1955,34.20312
44709,2,14,1956,34.55469
44709,2,14,1957,34.7539
44709,2,14,1958,34.59597
44709,2,14,1959,34.82477
44709,2,14,1960,34.78592
44709,2,14,1961,34.77426
44709,2,14,1962,34.75197
44709,2,14,1963,34.72324
44709,2,14,1964,35.14778
44709,2,14,1965,35.14706
44709,2,14,1966,35.14968
44709,2,14,1967,35.16609
44709,2,14,1968,35.17576
44709,2,14,1969,35.04327
44709,2,14,1970,35.36146
44709,2,14,1971,35.3404
44709,2,14,1972,35.08927
44709,2,14,1973,34.99951
44709,2,14,1974,35.21164
44709,2,14,1975,35.15445
44709,2,14,1976,35.02403
44709,2,14,1977,35.16876
44709,2,14,1978,34.86144
44709,2,14,1979,34.71624
44709,2,14,1980,34.55057
44709,2,14,1981,34.37353
44709,2,14,1982,34.53527
44709,2,14,1983,34.81161
44709,2,14,1984,35.04386
44709,2,14,1985,34.91418
44709,2,14,1986,34.97726
44709,2,14,1987,35.08822
44709,2,14,1988,35.14452
44709,2,14,1989,35.11555
44709,2,14,1990,35.31189
44709,2,14,1991,35.55081
44709,2,14,1992,35.2449
44709,2,14,1993,35.40161
44709,2,14,1994,35.42436
44709,2,14,1995,35.45483
44709,2,14,1996,35.58231
44709,2,14,1997,36.07723
44709,2,14,1998,36.20051
44709,2,14,1999,36.22799
44709,2,14,2000,36.62003
44709,2,14,2001,36.89379
44709,2,14,2002,36.98379
44709,2,14,2003,36.69415
44709,2,14,2004,36.85112
44709,2,14,2005,37.00472
44709,2,14,2006,37.24879
44709,2,14,2007,37.62171
44709,2,14,2008,38.01075
44709,2,14,2009,38.88718
44709,2,14,2010,39.09613
44709,2,14,2011,39.26544
44709,2,14,2012,39.17427
44709,2,14,2013,39.27638
44709,2,14,2014,39.34887
44709,2,14,2015,39.16272
44709,2,14,2016,39.25264
44709,2,14,2017,39.3605
44709,2,14,2018,39.5449
44709,2,14,2019,39.84867
44709,3,14,1950,30.76889
44709,3,14,1951,30.38109
44709,3,14,1952,31.01942
44709,3,14,1953,31.20672
44709,3,14,1954,31.23597
44709,3,14,1955,31.32045
44709,3,14,1956,31.15465
44709,3,14,1957,31.42031
44709,3,14,1958,31.67773
44709,3,14,1959,31.71326
44709,3,14,1960,31.68093
44709,3,14,1961,31.64001
44709,3,14,1962,31.4302
44709,3,14,1963,31.45032
44709,3,14,1964,31.94119
44709,3,14,1965,31.9231
44709,3,14,1966,31.76529
44709,3,14,1967,31.9634
44709,3,14,1968,31.85879
44709,3,14,1969,31.76378
44709,3,14,1970,31.95696
44709,3,14,1971,32.06321
44709,3,14,1972,31.98477
44709,3,14,1973,31.79162
44709,3,14,1974,32.04714
44709,3,14,1975,32.0608
44709,3,14,1976,31.97552
44709,3,14,1977,32.06758
44709,3,14,1978,31.80453
44709,3,14,1979,31.62322
44709,3,14,1980,31.58757
44709,3,14,1981,31.47551
44709,3,14,1982,31.55757
44709,3,14,1983,31.63056
44709,3,14,1984,31.77373
44709,3,14,1985,31.72065
44709,3,14,1986,31.89318
44709,3,14,1987,32.12337
44709,3,14,1988,32.20953
44709,3,14,1989,32.37262
44709,3,14,1990,32.59591
44709,3,14,1991,32.86719
44709,3,14,1992,32.83871
44709,3,14,1993,32.90689
44709,3,14,1994,33.07071
44709,3,14,1995,33.11649
44709,3,14,1996,33.36041
44709,3,14,1997,33.77945
44709,3,14,1998,33.99988
44709,3,14,1999,34.04379
44709,3,14,2000,34.50493
44709,3,14,2001,34.76035
44709,3,14,2002,34.75871
44709,3,14,2003,34.59571
44709,3,14,2004,34.96239
44709,3,14,2005,35.03149
44709,3,14,2006,35.15991
44709,3,14,2007,35.45546
44709,3,14,2008,35.73595
44709,3,14,2009,36.38918
44709,3,14,2010,36.63363
44709,3,14,2011,36.85415
44709,3,14,2012,36.83371
44709,3,14,2013,36.96501
44709,3,14,2014,37.10313
44709,3,14,2015,37.03578
44709,3,14,2016,37.06353
44709,3,14,2017,37.10598
44709,3,14,2018,37.33497
44709,3,14,2019,37.62642
44710,1,14,1950,29.6442
44710,1,14,1951,29.455
44710,1,14,1952,29.79302
44710,1,14,1953,30.01382
44710,1,14,1954,30.29035
44710,1,14,1955,30.0822
44710,1,14,1956,30.09676
44710,1,14,1957,30.40765
44710,1,14,1958,30.12338
44710,1,14,1959,30.23226
44710,1,14,1960,30.28608
44710,1,14,1961,30.01417
44710,1,14,1962,29.92631
44710,1,14,1963,29.82504
44710,1,14,1964,30.32386
44710,1,14,1965,29.89061
44710,1,14,1966,29.8878
44710,1,14,1967,30.44431
44710,1,14,1968,29.91947
44710,1,14,1969,29.87533
44710,1,14,1970,30.0428
44710,1,14,1971,29.84206
44710,1,14,1972,30.05359
44710,1,14,1973,29.94136
44710,1,14,1974,29.98083
44710,1,14,1975,29.8108
44710,1,14,1976,29.73366
44710,1,14,1977,29.74431
44710,1,14,1978,29.15718
44710,1,14,1979,28.99663
44710,1,14,1980,28.89528
44710,1,14,1981,28.882
44710,1,14,1982,29.08127
44710,1,14,1983,29.20771
44710,1,14,1984,29.36481
44710,1,14,1985,29.48806
44710,1,14,1986,29.81301
44710,1,14,1987,30.14047
44710,1,14,1988,30.14409
44710,1,14,1989,30.40188
44710,1,14,1990,30.59368
44710,1,14,1991,31.22425
44710,1,14,1992,31.56136
44710,1,14,1993,31.58718
44710,1,14,1994,31.87788
44710,1,14,1995,32.12569
44710,1,14,1996,32.15815
44710,1,14,1997,32.1363
44710,1,14,1998,32.3018
44710,1,14,1999,32.79839
44710,1,14,2000,33.39799
44710,1,14,2001,33.85598
44710,1,14,2002,34.13492
44710,1,14,2003,34.30779
44710,1,14,2004,34.68905
44710,1,14,2005,35.03771
44710,1,14,2006,35.23216
44710,1,14,2007,35.46051
44710,1,14,2008,35.60686
44710,1,14,2009,35.88763
44710,1,14,2010,35.96088
44710,1,14,2011,35.9386
44710,1,14,2012,35.85506
44710,1,14,2013,35.9482
44710,1,14,2014,36.0355
44710,1,14,2015,36.19286
44710,1,14,2016,36.31847
44710,1,14,2017,36.3152
44710,1,14,2018,36.63166
44710,1,14,2019,37.06466
44710,2,14,1950,33.75879
44710,2,14,1951,33.6275
44710,2,14,1952,34.08825
44710,2,14,1953,34.31525
44710,2,14,1954,34.71225
44710,2,14,1955,34.83555
44710,2,14,1956,34.98962
44710,2,14,1957,35.09855
44710,2,14,1958,35.29789
44710,2,14,1959,35.19044
44710,2,14,1960,35.17929
44710,2,14,1961,35.17807
44710,2,14,1962,35.07411
44710,2,14,1963,35.18079
44710,2,14,1964,35.57273
44710,2,14,1965,35.64056
44710,2,14,1966,35.60162
44710,2,14,1967,35.65092
44710,2,14,1968,35.64066
44710,2,14,1969,35.58508
44710,2,14,1970,35.5941
44710,2,14,1971,35.67602
44710,2,14,1972,35.48448
44710,2,14,1973,35.47379
44710,2,14,1974,35.63836
44710,2,14,1975,35.61704
44710,2,14,1976,35.31513
44710,2,14,1977,35.62158
44710,2,14,1978,35.25182
44710,2,14,1979,35.02878
44710,2,14,1980,34.88371
44710,2,14,1981,34.78909
44710,2,14,1982,34.68482
44710,2,14,1983,34.72165
44710,2,14,1984,34.91259
44710,2,14,1985,34.87168
44710,2,14,1986,35.14257
44710,2,14,1987,35.54607
44710,2,14,1988,35.77679
44710,2,14,1989,35.88561
44710,2,14,1990,36.12356
44710,2,14,1991,36.33719
44710,2,14,1992,36.29678
44710,2,14,1993,36.38422
44710,2,14,1994,36.42977
44710,2,14,1995,36.47458
44710,2,14,1996,36.52151
44710,2,14,1997,36.7235
44710,2,14,1998,36.5797
44710,2,14,1999,36.37126
44710,2,14,2000,36.67844
44710,2,14,2001,36.80856
44710,2,14,2002,36.97189
44710,2,14,2003,37.27039
44710,2,14,2004,37.6432
44710,2,14,2005,37.87032
44710,2,14,2006,38.00521
44710,2,14,2007,38.28048
44710,2,14,2008,38.36236
44710,2,14,2009,38.81755
44710,2,14,2010,38.8736
44710,2,14,2011,38.98577
44710,2,14,2012,38.93258
44710,2,14,2013,38.92915
44710,2,14,2014,39.02051
44710,2,14,2015,39.09585
44710,2,14,2016,39.33116
44710,2,14,2017,39.38538
44710,2,14,2018,39.45449
44710,2,14,2019,39.82092
44710,3,14,1950,30.69784
44710,3,14,1951,30.57531
44710,3,14,1952,30.95011
44710,3,14,1953,31.22195
44710,3,14,1954,31.40272
44710,3,14,1955,31.50424
44710,3,14,1956,31.40666
44710,3,14,1957,31.71936
44710,3,14,1958,31.66358
44710,3,14,1959,31.66604
44710,3,14,1960,31.61051
44710,3,14,1961,31.64069
44710,3,14,1962,31.42973
44710,3,14,1963,31.51316
44710,3,14,1964,31.80902
44710,3,14,1965,31.90041
44710,3,14,1966,31.75498
44710,3,14,1967,32.15114
44710,3,14,1968,32.08117
44710,3,14,1969,31.81979
44710,3,14,1970,31.98148
44710,3,14,1971,32.18214
44710,3,14,1972,32.01826
44710,3,14,1973,31.99994
44710,3,14,1974,31.9907
44710,3,14,1975,32.03667
44710,3,14,1976,31.91043
44710,3,14,1977,32.00481
44710,3,14,1978,31.64577
44710,3,14,1979,31.54415
44710,3,14,1980,31.53144
44710,3,14,1981,31.56478
44710,3,14,1982,31.68474
44710,3,14,1983,31.77786
44710,3,14,1984,31.99727
44710,3,14,1985,31.99691
44710,3,14,1986,32.29933
44710,3,14,1987,32.68092
44710,3,14,1988,32.7896
44710,3,14,1989,32.99187
44710,3,14,1990,33.24594
44710,3,14,1991,33.65318
44710,3,14,1992,33.80192
44710,3,14,1993,33.8924
44710,3,14,1994,34.08425
44710,3,14,1995,34.23318
44710,3,14,1996,34.24268
44710,3,14,1997,34.33047
44710,3,14,1998,34.3308
44710,3,14,1999,34.47965
44710,3,14,2000,34.9472
44710,3,14,2001,35.2748
44710,3,14,2002,35.45077
44710,3,14,2003,35.72231
44710,3,14,2004,36.0838
44710,3,14,2005,36.41926
44710,3,14,2006,36.51955
44710,3,14,2007,36.78045
44710,3,14,2008,36.8987
44710,3,14,2009,37.24722
44710,3,14,2010,37.30992
44710,3,14,2011,37.37063
44710,3,14,2012,37.2742
44710,3,14,2013,37.32536
44710,3,14,2014,37.38866
44710,3,14,2015,37.46741
44710,3,14,2016,37.6298
44710,3,14,2017,37.55348
44710,3,14,2018,37.821
44710,3,14,2019,38.0726
44711,1,14,1950,28.6971
44711,1,14,1951,28.2684
44711,1,14,1952,28.73187
44711,1,14,1953,28.85596
44711,1,14,1954,28.87177
44711,1,14,1955,28.92409
44711,1,14,1956,29.13338
44711,1,14,1957,29.07159
44711,1,14,1958,29.06512
44711,1,14,1959,29.16045
44711,1,14,1960,29.00753
44711,1,14,1961,28.7767
44711,1,14,1962,28.8761
44711,1,14,1963,28.72956
44711,1,14,1964,28.93606
44711,1,14,1965,28.9732
44711,1,14,1966,28.81897
44711,1,14,1967,29.30832
44711,1,14,1968,28.83684
44711,1,14,1969,28.63162
44711,1,14,1970,28.59856
44711,1,14,1971,29.00805
44711,1,14,1972,28.86263
44711,1,14,1973,28.6438
44711,1,14,1974,28.87157
44711,1,14,1975,28.74507
44711,1,14,1976,28.57812
44711,1,14,1977,28.29717
44711,1,14,1978,27.82256
44711,1,14,1979,27.51956
44711,1,14,1980,27.4776
44711,1,14,1981,27.36164
44711,1,14,1982,27.48082
44711,1,14,1983,27.61421
44711,1,14,1984,27.85373
44711,1,14,1985,27.98247
44711,1,14,1986,28.06614
44711,1,14,1987,28.41518
44711,1,14,1988,28.59705
44711,1,14,1989,28.90169
44711,1,14,1990,29.08276
44711,1,14,1991,29.31345
44711,1,14,1992,29.40767
44711,1,14,1993,29.34449
44711,1,14,1994,29.49356
44711,1,14,1995,29.65782
44711,1,14,1996,29.94907
44711,1,14,1997,30.70901
44711,1,14,1998,30.94583
44711,1,14,1999,31.04293
44711,1,14,2000,31.52864
44711,1,14,2001,31.8689
44711,1,14,2002,31.94672
44711,1,14,2003,32.23139
44711,1,14,2004,32.51057
44711,1,14,2005,32.64704
44711,1,14,2006,32.73633
44711,1,14,2007,32.91428
44711,1,14,2008,33.36509
44711,1,14,2009,33.77499
44711,1,14,2010,34.09807
44711,1,14,2011,34.39712
44711,1,14,2012,34.45749
44711,1,14,2013,34.53568
44711,1,14,2014,34.51393
44711,1,14,2015,34.55325
44711,1,14,2016,34.74837
44711,1,14,2017,34.85077
44711,1,14,2018,35.26104
44711,1,14,2019,35.83897
44711,2,14,1950,32.52696
44711,2,14,1951,32.48846
44711,2,14,1952,32.93409
44711,2,14,1953,33.22676
44711,2,14,1954,33.43135
44711,2,14,1955,33.37472
44711,2,14,1956,33.4359
44711,2,14,1957,33.53744
44711,2,14,1958,33.75669
44711,2,14,1959,33.76647
44711,2,14,1960,34.02
44711,2,14,1961,33.65365
44711,2,14,1962,33.85896
44711,2,14,1963,33.77123
44711,2,14,1964,34.09955
44711,2,14,1965,34.3701
44711,2,14,1966,34.2147
44711,2,14,1967,34.30569
44711,2,14,1968,34.14816
44711,2,14,1969,34.07787
44711,2,14,1970,34.30484
44711,2,14,1971,34.19748
44711,2,14,1972,34.23612
44711,2,14,1973,34.08148
44711,2,14,1974,34.18847
44711,2,14,1975,34.17088
44711,2,14,1976,33.97023
44711,2,14,1977,34.03367
44711,2,14,1978,33.76497
44711,2,14,1979,33.49546
44711,2,14,1980,33.19933
44711,2,14,1981,33.09762
44711,2,14,1982,33.0097
44711,2,14,1983,33.11908
44711,2,14,1984,33.38725
44711,2,14,1985,33.30446
44711,2,14,1986,33.59151
44711,2,14,1987,33.87747
44711,2,14,1988,34.08757
44711,2,14,1989,34.14641
44711,2,14,1990,34.39726
44711,2,14,1991,34.57845
44711,2,14,1992,34.59605
44711,2,14,1993,34.7535
44711,2,14,1994,34.93948
44711,2,14,1995,35.11903
44711,2,14,1996,35.38855
44711,2,14,1997,35.71624
44711,2,14,1998,35.72593
44711,2,14,1999,35.62039
44711,2,14,2000,36.04078
44711,2,14,2001,36.18884
44711,2,14,2002,36.1956
44711,2,14,2003,36.20666
44711,2,14,2004,36.386
44711,2,14,2005,36.53774
44711,2,14,2006,36.52922
44711,2,14,2007,36.69259
44711,2,14,2008,36.70691
44711,2,14,2009,37.2418
44711,2,14,2010,37.36416
44711,2,14,2011,37.53586
44711,2,14,2012,37.58839
44711,2,14,2013,37.71876
44711,2,14,2014,37.87686
44711,2,14,2015,38.06429
44711,2,14,2016,38.36721
44711,2,14,2017,38.52503
44711,2,14,2018,38.71397
44711,2,14,2019,39.18177
44711,3,14,1950,29.67508
44711,3,14,1951,29.31486
44711,3,14,1952,30.02161
44711,3,14,1953,30.21746
44711,3,14,1954,30.35394
44711,3,14,1955,30.29584
44711,3,14,1956,30.49052
44711,3,14,1957,30.57697
44711,3,14,1958,30.66181
44711,3,14,1959,30.69511
44711,3,14,1960,30.75258
44711,3,14,1961,30.51936
44711,3,14,1962,30.50474
44711,3,14,1963,30.56907
44711,3,14,1964,30.85676
44711,3,14,1965,30.7529
44711,3,14,1966,30.81271
44711,3,14,1967,31.14157
44711,3,14,1968,30.7184
44711,3,14,1969,30.66178
44711,3,14,1970,30.79491
44711,3,14,1971,30.90666
44711,3,14,1972,30.92895
44711,3,14,1973,30.80221
44711,3,14,1974,30.83056
44711,3,14,1975,30.89347
44711,3,14,1976,30.69028
44711,3,14,1977,30.61942
44711,3,14,1978,30.35755
44711,3,14,1979,30.17271
44711,3,14,1980,30.09421
44711,3,14,1981,30.07733
44711,3,14,1982,30.13089
44711,3,14,1983,30.28948
44711,3,14,1984,30.53153
44711,3,14,1985,30.56032
44711,3,14,1986,30.73943
44711,3,14,1987,31.05683
44711,3,14,1988,31.28946
44711,3,14,1989,31.46407
44711,3,14,1990,31.66022
44711,3,14,1991,31.84654
44711,3,14,1992,31.92883
44711,3,14,1993,31.93471
44711,3,14,1994,32.12047
44711,3,14,1995,32.26655
44711,3,14,1996,32.54434
44711,3,14,1997,33.15398
44711,3,14,1998,33.25474
44711,3,14,1999,33.24282
44711,3,14,2000,33.68756
44711,3,14,2001,33.94321
44711,3,14,2002,33.95118
44711,3,14,2003,34.12726
44711,3,14,2004,34.34032
44711,3,14,2005,34.48274
44711,3,14,2006,34.51736
44711,3,14,2007,34.69274
44711,3,14,2008,34.90703
44711,3,14,2009,35.37785
44711,3,14,2010,35.62359
44711,3,14,2011,35.86967
44711,3,14,2012,35.89496
44711,3,14,2013,36.01895
44711,3,14,2014,36.03743
44711,3,14,2015,36.1368
44711,3,14,2016,36.34744
44711,3,14,2017,36.44701
44711,3,14,2018,36.67777
44711,3,14,2019,36.99972
44712,1,14,1950,29.36508
44712,1,14,1951,29.26125
44712,1,14,1952,29.21436
44712,1,14,1953,29.75197
44712,1,14,1954,29.53542
44712,1,14,1955,30.146
44712,1,14,1956,29.65955
44712,1,14,1957,29.8179
44712,1,14,1958,29.95609
44712,1,14,1959,29.81196
44712,1,14,1960,29.76879
44712,1,14,1961,29.75068
44712,1,14,1962,29.51954
44712,1,14,1963,29.562
44712,1,14,1964,29.88909
44712,1,14,1965,29.77751
44712,1,14,1966,29.97199
44712,1,14,1967,29.96912
44712,1,14,1968,29.62855
44712,1,14,1969,29.51934
44712,1,14,1970,29.66243
44712,1,14,1971,29.57842
44712,1,14,1972,29.69965
44712,1,14,1973,29.47317
44712,1,14,1974,29.69175
44712,1,14,1975,29.66446
44712,1,14,1976,29.43041
44712,1,14,1977,29.48545
44712,1,14,1978,29.16069
44712,1,14,1979,28.83102
44712,1,14,1980,28.66981
44712,1,14,1981,28.44973
44712,1,14,1982,28.51051
44712,1,14,1983,28.64571
44712,1,14,1984,28.74674
44712,1,14,1985,28.87072
44712,1,14,1986,29.1581
44712,1,14,1987,29.53034
44712,1,14,1988,29.56558
44712,1,14,1989,29.70031
44712,1,14,1990,29.75048
44712,1,14,1991,30.14488
44712,1,14,1992,30.25742
44712,1,14,1993,30.15408
44712,1,14,1994,30.6205
44712,1,14,1995,31.03124
44712,1,14,1996,31.31925
44712,1,14,1997,31.50731
44712,1,14,1998,31.70273
44712,1,14,1999,32.0755
44712,1,14,2000,32.44222
44712,1,14,2001,32.7437
44712,1,14,2002,32.94036
44712,1,14,2003,33.1255
44712,1,14,2004,33.4511
44712,1,14,2005,33.7011
44712,1,14,2006,33.81288
44712,1,14,2007,33.97648
44712,1,14,2008,34.21267
44712,1,14,2009,34.55956
44712,1,14,2010,34.76779
44712,1,14,2011,34.93601
44712,1,14,2012,34.87735
44712,1,14,2013,35.02009
44712,1,14,2014,35.04791
44712,1,14,2015,35.15196
44712,1,14,2016,35.20043
44712,1,14,2017,35.37472
44712,1,14,2018,35.92191
44712,1,14,2019,36.44569
44712,2,14,1950,33.33696
44712,2,14,1951,32.85183
44712,2,14,1952,33.57388
44712,2,14,1953,33.90596
44712,2,14,1954,33.82233
44712,2,14,1955,34.15876
44712,2,14,1956,34.29781
44712,2,14,1957,34.30932
44712,2,14,1958,34.52789
44712,2,14,1959,34.61596
44712,2,14,1960,34.57982
44712,2,14,1961,34.65131
44712,2,14,1962,34.62043
44712,2,14,1963,34.54383
44712,2,14,1964,34.85491
44712,2,14,1965,35.01131
44712,2,14,1966,34.87235
44712,2,14,1967,35.05562
44712,2,14,1968,34.98793
44712,2,14,1969,35.00701
44712,2,14,1970,34.94857
44712,2,14,1971,35.14209
44712,2,14,1972,34.82182
44712,2,14,1973,34.84417
44712,2,14,1974,34.99485
44712,2,14,1975,35.12183
44712,2,14,1976,34.88676
44712,2,14,1977,34.92949
44712,2,14,1978,34.68399
44712,2,14,1979,34.48919
44712,2,14,1980,34.2214
44712,2,14,1981,34.01761
44712,2,14,1982,33.95116
44712,2,14,1983,33.99227
44712,2,14,1984,34.16672
44712,2,14,1985,34.03899
44712,2,14,1986,34.15411
44712,2,14,1987,34.37617
44712,2,14,1988,34.54107
44712,2,14,1989,34.53972
44712,2,14,1990,34.71689
44712,2,14,1991,35.02211
44712,2,14,1992,35.08888
44712,2,14,1993,35.33434
44712,2,14,1994,35.45779
44712,2,14,1995,35.67082
44712,2,14,1996,35.93677
44712,2,14,1997,36.29341
44712,2,14,1998,36.35227
44712,2,14,1999,36.35496
44712,2,14,2000,36.95025
44712,2,14,2001,37.24772
44712,2,14,2002,37.37889
44712,2,14,2003,37.64056
44712,2,14,2004,38.04808
44712,2,14,2005,38.26669
44712,2,14,2006,38.40348
44712,2,14,2007,38.66161
44712,2,14,2008,38.70061
44712,2,14,2009,39.16318
44712,2,14,2010,39.23314
44712,2,14,2011,39.30856
44712,2,14,2012,39.22156
44712,2,14,2013,39.08657
44712,2,14,2014,38.98815
44712,2,14,2015,39.05419
44712,2,14,2016,39.19824
44712,2,14,2017,39.17314
44712,2,14,2018,39.32323
44712,2,14,2019,39.70059
44712,3,14,1950,30.51529
44712,3,14,1951,30.21868
44712,3,14,1952,30.663
44712,3,14,1953,31.04382
44712,3,14,1954,31.08275
44712,3,14,1955,31.20369
44712,3,14,1956,31.19806
44712,3,14,1957,31.30855
44712,3,14,1958,31.30351
44712,3,14,1959,31.41338
44712,3,14,1960,31.5385
44712,3,14,1961,31.36225
44712,3,14,1962,31.22839
44712,3,14,1963,31.21968
44712,3,14,1964,31.56858
44712,3,14,1965,31.60405
44712,3,14,1966,31.48866
44712,3,14,1967,31.90332
44712,3,14,1968,31.71899
44712,3,14,1969,31.49833
44712,3,14,1970,31.58569
44712,3,14,1971,31.7927
44712,3,14,1972,31.62715
44712,3,14,1973,31.64933
44712,3,14,1974,31.80903
44712,3,14,1975,31.83137
44712,3,14,1976,31.50845
44712,3,14,1977,31.64477
44712,3,14,1978,31.48463
44712,3,14,1979,31.25736
44712,3,14,1980,31.22986
44712,3,14,1981,31.12454
44712,3,14,1982,31.11351
44712,3,14,1983,31.22061
44712,3,14,1984,31.37296
44712,3,14,1985,31.39999
44712,3,14,1986,31.5938
44712,3,14,1987,31.89551
44712,3,14,1988,31.96561
44712,3,14,1989,32.0304
44712,3,14,1990,32.17967
44712,3,14,1991,32.52896
44712,3,14,1992,32.63734
44712,3,14,1993,32.67152
44712,3,14,1994,32.98435
44712,3,14,1995,33.30276
44712,3,14,1996,33.572
44712,3,14,1997,33.85011
44712,3,14,1998,33.94435
44712,3,14,1999,34.17168
44712,3,14,2000,34.64116
44712,3,14,2001,34.92526
44712,3,14,2002,35.0739
44712,3,14,2003,35.2918
44712,3,14,2004,35.6858
44712,3,14,2005,35.88748
44712,3,14,2006,35.97842
44712,3,14,2007,36.21048
44712,3,14,2008,36.35908
44712,3,14,2009,36.74592
44712,3,14,2010,36.87564
44712,3,14,2011,37.00433
44712,3,14,2012,36.93232
44712,3,14,2013,36.94163
44712,3,14,2014,36.9056
44712,3,14,2015,36.95331
44712,3,14,2016,37.0255
44712,3,14,2017,37.12239
44712,3,14,2018,37.31559
44712,3,14,2019,37.69867
44713,1,14,1950,29.4783
44713,1,14,1951,29.36818
44713,1,14,1952,29.47006
44713,1,14,1953,29.99679
44713,1,14,1954,29.61031
44713,1,14,1955,29.62691
44713,1,14,1956,29.67888
44713,1,14,1957,30.20881
44713,1,14,1958,29.80063
44713,1,14,1959,29.9713
44713,1,14,1960,30.07959
44713,1,14,1961,29.75968
44713,1,14,1962,29.52079
44713,1,14,1963,29.48919
44713,1,14,1964,29.83128
44713,1,14,1965,29.52653
44713,1,14,1966,29.88288
44713,1,14,1967,29.81976
44713,1,14,1968,29.80043
44713,1,14,1969,29.62252
44713,1,14,1970,29.73154
44713,1,14,1971,29.85313
44713,1,14,1972,29.72489
44713,1,14,1973,29.76267
44713,1,14,1974,29.8473
44713,1,14,1975,29.6626
44713,1,14,1976,29.6143
44713,1,14,1977,29.55959
44713,1,14,1978,29.26598
44713,1,14,1979,28.96657
44713,1,14,1980,28.80716
44713,1,14,1981,28.62317
44713,1,14,1982,28.73037
44713,1,14,1983,28.96022
44713,1,14,1984,29.21978
44713,1,14,1985,29.30593
44713,1,14,1986,29.3876
44713,1,14,1987,29.62215
44713,1,14,1988,29.64547
44713,1,14,1989,29.73642
44713,1,14,1990,29.94244
44713,1,14,1991,30.38853
44713,1,14,1992,30.70234
44713,1,14,1993,30.62537
44713,1,14,1994,30.51044
44713,1,14,1995,30.85411
44713,1,14,1996,31.39675
44713,1,14,1997,31.34867
44713,1,14,1998,31.53978
44713,1,14,1999,31.57903
44713,1,14,2000,31.75394
44713,1,14,2001,31.92008
44713,1,14,2002,31.84553
44713,1,14,2003,31.88555
44713,1,14,2004,32.15247
44713,1,14,2005,32.35969
44713,1,14,2006,32.66023
44713,1,14,2007,32.98615
44713,1,14,2008,33.39421
44713,1,14,2009,33.98507
44713,1,14,2010,34.39166
44713,1,14,2011,34.52448
44713,1,14,2012,34.51885
44713,1,14,2013,34.63648
44713,1,14,2014,34.64747
44713,1,14,2015,34.65238
44713,1,14,2016,34.76457
44713,1,14,2017,34.7937
44713,1,14,2018,35.28191
44713,1,14,2019,35.62272
44713,2,14,1950,33.20003
44713,2,14,1951,33.20881
44713,2,14,1952,33.9245
44713,2,14,1953,34.10179
44713,2,14,1954,34.33881
44713,2,14,1955,34.19178
44713,2,14,1956,34.11936
44713,2,14,1957,34.71483
44713,2,14,1958,34.70878
44713,2,14,1959,34.72736
44713,2,14,1960,34.81188
44713,2,14,1961,34.80465
44713,2,14,1962,34.55541
44713,2,14,1963,34.76584
44713,2,14,1964,35.23401
44713,2,14,1965,35.11273
44713,2,14,1966,35.07594
44713,2,14,1967,35.22805
44713,2,14,1968,35.3191
44713,2,14,1969,34.93793
44713,2,14,1970,35.33826
44713,2,14,1971,35.18648
44713,2,14,1972,35.07783
44713,2,14,1973,34.96989
44713,2,14,1974,35.14528
44713,2,14,1975,35.13041
44713,2,14,1976,34.95908
44713,2,14,1977,35.10202
44713,2,14,1978,34.88343
44713,2,14,1979,34.53992
44713,2,14,1980,34.38734
44713,2,14,1981,34.18489
44713,2,14,1982,34.03941
44713,2,14,1983,34.06262
44713,2,14,1984,34.31128
44713,2,14,1985,34.16807
44713,2,14,1986,34.30398
44713,2,14,1987,34.49044
44713,2,14,1988,34.6236
44713,2,14,1989,34.65173
44713,2,14,1990,34.93145
44713,2,14,1991,35.17956
44713,2,14,1992,35.08292
44713,2,14,1993,35.27306
44713,2,14,1994,35.53309
44713,2,14,1995,35.9096
44713,2,14,1996,36.31656
44713,2,14,1997,36.67495
44713,2,14,1998,36.24325
44713,2,14,1999,36.04047
44713,2,14,2000,36.41927
44713,2,14,2001,36.53385
44713,2,14,2002,36.51696
44713,2,14,2003,36.64952
44713,2,14,2004,36.9086
44713,2,14,2005,37.00744
44713,2,14,2006,37.15371
44713,2,14,2007,37.40327
44713,2,14,2008,37.47412
44713,2,14,2009,37.89631
44713,2,14,2010,38.01366
44713,2,14,2011,38.16088
44713,2,14,2012,38.25424
44713,2,14,2013,38.19887
44713,2,14,2014,38.14364
44713,2,14,2015,38.13465
44713,2,14,2016,38.34034
44713,2,14,2017,38.42183
44713,2,14,2018,38.60822
44713,2,14,2019,39.00119
44713,3,14,1950,30.49901
44713,3,14,1951,30.33002
44713,3,14,1952,30.79456
44713,3,14,1953,31.14244
44713,3,14,1954,31.12312
44713,3,14,1955,31.20036
44713,3,14,1956,31.24998
44713,3,14,1957,31.50482
44713,3,14,1958,31.44596
44713,3,14,1959,31.47322
44713,3,14,1960,31.65094
44713,3,14,1961,31.39171
44713,3,14,1962,31.27951
44713,3,14,1963,31.31775
44713,3,14,1964,31.74566
44713,3,14,1965,31.72047
44713,3,14,1966,31.73021
44713,3,14,1967,31.76571
44713,3,14,1968,31.7408
44713,3,14,1969,31.47472
44713,3,14,1970,31.68762
44713,3,14,1971,31.87492
44713,3,14,1972,31.73636
44713,3,14,1973,31.65966
44713,3,14,1974,31.99844
44713,3,14,1975,31.85864
44713,3,14,1976,31.66988
44713,3,14,1977,31.77423
44713,3,14,1978,31.67197
44713,3,14,1979,31.34773
44713,3,14,1980,31.34254
44713,3,14,1981,31.25825
44713,3,14,1982,31.28259
44713,3,14,1983,31.44112
44713,3,14,1984,31.67999
44713,3,14,1985,31.62351
44713,3,14,1986,31.75169
44713,3,14,1987,31.97137
44713,3,14,1988,32.04696
44713,3,14,1989,32.08734
44713,3,14,1990,32.29157
44713,3,14,1991,32.67735
44713,3,14,1992,32.80512
44713,3,14,1993,32.84322
44713,3,14,1994,32.90486
44713,3,14,1995,33.25267
44713,3,14,1996,33.7593
44713,3,14,1997,33.8949
44713,3,14,1998,33.7428
44713,3,14,1999,33.66572
44713,3,14,2000,33.91974
44713,3,14,2001,34.06817
44713,3,14,2002,34.02844
44713,3,14,2003,34.08536
44713,3,14,2004,34.37106
44713,3,14,2005,34.53234
44713,3,14,2006,34.73846
44713,3,14,2007,35.03366
44713,3,14,2008,35.32797
44713,3,14,2009,35.82832
44713,3,14,2010,36.08922
44713,3,14,2011,36.20547
44713,3,14,2012,36.2645
44713,3,14,2013,36.29876
44713,3,14,2014,36.24794
44713,3,14,2015,36.24681
44713,3,14,2016,36.40094
44713,3,14,2017,36.43712
44713,3,14,2018,36.62904
44713,3,14,2019,36.92146
44714,1,14,1950,28.83249
44714,1,14,1951,28.61109
44714,1,14,1952,29.21597
44714,1,14,1953,29.30308
44714,1,14,1954,29.4237
44714,1,14,1955,29.26564
44714,1,14,1956,29.34683
44714,1,14,1957,29.48346
44714,1,14,1958,29.6496
44714,1,14,1959,29.60068
44714,1,14,1960,29.75916
44714,1,14,1961,29.6207
44714,1,14,1962,29.55552
44714,1,14,1963,29.51549
44714,1,14,1964,29.56396
44714,1,14,1965,29.73533
44714,1,14,1966,29.65603
44714,1,14,1967,29.8336
44714,1,14,1968,29.80843
44714,1,14,1969,29.51789
44714,1,14,1970,29.67165
44714,1,14,1971,29.87115
44714,1,14,1972,29.7066
44714,1,14,1973,29.68793
44714,1,14,1974,29.86853
44714,1,14,1975,29.70994
44714,1,14,1976,29.60568
44714,1,14,1977,29.57342
44714,1,14,1978,29.12878
44714,1,14,1979,28.76919
44714,1,14,1980,28.44489
44714,1,14,1981,28.26486
44714,1,14,1982,28.45435
44714,1,14,1983,28.57681
44714,1,14,1984,28.77177
44714,1,14,1985,28.74735
44714,1,14,1986,29.00195
44714,1,14,1987,29.46018
44714,1,14,1988,29.55969
44714,1,14,1989,29.74845
44714,1,14,1990,29.66838
44714,1,14,1991,29.98187
44714,1,14,1992,30.23377
44714,1,14,1993,30.0964
44714,1,14,1994,30.42358
44714,1,14,1995,30.73967
44714,1,14,1996,31.01609
44714,1,14,1997,31.06723
44714,1,14,1998,31.28322
44714,1,14,1999,31.3184
44714,1,14,2000,31.59948
44714,1,14,2001,31.94639
44714,1,14,2002,32.11487
44714,1,14,2003,32.31829
44714,1,14,2004,32.7954
44714,1,14,2005,33.09348
44714,1,14,2006,33.43382
44714,1,14,2007,33.91576
44714,1,14,2008,34.27559
44714,1,14,2009,34.74219
44714,1,14,2010,35.04785
44714,1,14,2011,35.25392
44714,1,14,2012,35.20653
44714,1,14,2013,35.02162
44714,1,14,2014,34.82054
44714,1,14,2015,34.95745
44714,1,14,2016,34.89859
44714,1,14,2017,35.27592
44714,1,14,2018,35.69862
44714,1,14,2019,36.12208
44714,2,14,1950,33.06608
44714,2,14,1951,32.80845
44714,2,14,1952,33.63677
44714,2,14,1953,34.04471
44714,2,14,1954,34.03765
44714,2,14,1955,34.11766
44714,2,14,1956,34.39017
44714,2,14,1957,34.54033
44714,2,14,1958,34.74075
44714,2,14,1959,34.75802
44714,2,14,1960,34.82316
44714,2,14,1961,34.71517
44714,2,14,1962,34.67452
44714,2,14,1963,34.55305
44714,2,14,1964,34.92492
44714,2,14,1965,35.35835
44714,2,14,1966,35.12692
44714,2,14,1967,35.16901
44714,2,14,1968,35.34134
44714,2,14,1969,35.10723
44714,2,14,1970,35.4741
44714,2,14,1971,35.24036
44714,2,14,1972,34.99081
44714,2,14,1973,35.13427
44714,2,14,1974,35.08131
44714,2,14,1975,35.20591
44714,2,14,1976,35.03488
44714,2,14,1977,35.08191
44714,2,14,1978,34.77116
44714,2,14,1979,34.44274
44714,2,14,1980,34.14751
44714,2,14,1981,33.97292
44714,2,14,1982,34.07557
44714,2,14,1983,34.26688
44714,2,14,1984,34.47083
44714,2,14,1985,34.30466
44714,2,14,1986,34.36643
44714,2,14,1987,34.42169
44714,2,14,1988,34.56468
44714,2,14,1989,34.67819
44714,2,14,1990,35.0375
44714,2,14,1991,35.32633
44714,2,14,1992,35.34311
44714,2,14,1993,35.52435
44714,2,14,1994,35.61998
44714,2,14,1995,35.61312
44714,2,14,1996,35.68844
44714,2,14,1997,35.97591
44714,2,14,1998,36.15545
44714,2,14,1999,36.13315
44714,2,14,2000,36.56046
44714,2,14,2001,36.76206
44714,2,14,2002,36.79603
44714,2,14,2003,36.95463
44714,2,14,2004,37.3997
44714,2,14,2005,37.78231
44714,2,14,2006,38.03504
44714,2,14,2007,38.38008
44714,2,14,2008,38.54387
44714,2,14,2009,39.06323
44714,2,14,2010,39.0634
44714,2,14,2011,39.06633
44714,2,14,2012,38.9519
44714,2,14,2013,38.74057
44714,2,14,2014,38.71343
44714,2,14,2015,38.85889
44714,2,14,2016,39.0384
44714,2,14,2017,39.19532
44714,2,14,2018,39.4163
44714,2,14,2019,40.03758
44714,3,14,1950,30.24562
44714,3,14,1951,30.20999
44714,3,14,1952,30.68645
44714,3,14,1953,30.93882
44714,3,14,1954,31.11432
44714,3,14,1955,31.05518
44714,3,14,1956,31.15296
44714,3,14,1957,31.32967
44714,3,14,1958,31.36185
44714,3,14,1959,31.4897
44714,3,14,1960,31.62115
44714,3,14,1961,31.40227
44714,3,14,1962,31.41396
44714,3,14,1963,31.45937
44714,3,14,1964,31.7226
44714,3,14,1965,31.84786
44714,3,14,1966,31.74798
44714,3,14,1967,31.95302
44714,3,14,1968,31.75621
44714,3,14,1969,31.63319
44714,3,14,1970,31.74307
44714,3,14,1971,31.97261
44714,3,14,1972,31.80067
44714,3,14,1973,31.91397
44714,3,14,1974,31.9194
44714,3,14,1975,31.95931
44714,3,14,1976,31.87461
44714,3,14,1977,31.81628
44714,3,14,1978,31.55479
44714,3,14,1979,31.29447
44714,3,14,1980,31.15225
44714,3,14,1981,31.06978
44714,3,14,1982,31.21104
44714,3,14,1983,31.38648
44714,3,14,1984,31.56818
44714,3,14,1985,31.47557
44714,3,14,1986,31.63851
44714,3,14,1987,31.91521
44714,3,14,1988,32.03636
44714,3,14,1989,32.1767
44714,3,14,1990,32.30233
44714,3,14,1991,32.59664
44714,3,14,1992,32.76208
44714,3,14,1993,32.74522
44714,3,14,1994,32.98079
44714,3,14,1995,33.13533
44714,3,14,1996,33.32001
44714,3,14,1997,33.48122
44714,3,14,1998,33.67003
44714,3,14,1999,33.68625
44714,3,14,2000,34.0234
44714,3,14,2001,34.29049
44714,3,14,2002,34.41449
44714,3,14,2003,34.58441
44714,3,14,2004,35.05456
44714,3,14,2005,35.35116
44714,3,14,2006,35.67011
44714,3,14,2007,36.07587
44714,3,14,2008,36.34605
44714,3,14,2009,36.86433
44714,3,14,2010,36.99094
44714,3,14,2011,37.09083
44714,3,14,2012,36.9998
44714,3,14,2013,36.80437
44714,3,14,2014,36.67645
44714,3,14,2015,36.79843
44714,3,14,2016,36.88012
44714,3,14,2017,37.10655
44714,3,14,2018,37.33811
44714,3,14,2019,37.73987
44715,1,14,1950,29.11082
44715,1,14,1951,28.72335
44715,1,14,1952,28.86019
44715,1,14,1953,29.30631
44715,1,14,1954,29.49616
44715,1,14,1955,29.44341
44715,1,14,1956,29.34733
44715,1,14,1957,29.54306
44715,1,14,1958,29.51287
44715,1,14,1959,29.49947
44715,1,14,1960,29.61561
44715,1,14,1961,29.63504
44715,1,14,1962,29.39742
44715,1,14,1963,29.17412
44715,1,14,1964,29.32941
44715,1,14,1965,29.62669
44715,1,14,1966,29.43366
44715,1,14,1967,29.75287
44715,1,14,1968,29.53311
44715,1,14,1969,29.26747
44715,1,14,1970,29.68909
44715,1,14,1971,29.74672
44715,1,14,1972,29.41334
44715,1,14,1973,29.50962
44715,1,14,1974,29.61976
44715,1,14,1975,29.63552
44715,1,14,1976,29.51392
44715,1,14,1977,29.3523
44715,1,14,1978,29.13806
44715,1,14,1979,28.85985
44715,1,14,1980,28.58844
44715,1,14,1981,28.39709
44715,1,14,1982,28.4104
44715,1,14,1983,28.50932
44715,1,14,1984,28.65212
44715,1,14,1985,28.57287
44715,1,14,1986,28.60639
44715,1,14,1987,28.82435
44715,1,14,1988,28.82593
44715,1,14,1989,29.09861
44715,1,14,1990,29.30017
44715,1,14,1991,29.6488
44715,1,14,1992,29.75413
44715,1,14,1993,29.70318
44715,1,14,1994,29.94792
44715,1,14,1995,30.15929
44715,1,14,1996,30.4143
44715,1,14,1997,30.44822
44715,1,14,1998,30.59688
44715,1,14,1999,30.82318
44715,1,14,2000,31.29449
44715,1,14,2001,31.79363
44715,1,14,2002,31.89448
44715,1,14,2003,31.99547
44715,1,14,2004,32.27486
44715,1,14,2005,32.39933
44715,1,14,2006,32.68863
44715,1,14,2007,32.98519
44715,1,14,2008,33.31104
44715,1,14,2009,33.8612
44715,1,14,2010,33.88436
44715,1,14,2011,34.23657
44715,1,14,2012,34.56277
44715,1,14,2013,34.87512
44715,1,14,2014,35.00346
44715,1,14,2015,35.23196
44715,1,14,2016,35.23941
44715,1,14,2017,35.59312
44715,1,14,2018,36.08955
44715,1,14,2019,36.5941
44715,2,14,1950,33.02231
44715,2,14,1951,33.01883
44715,2,14,1952,33.69281
44715,2,14,1953,33.71265
44715,2,14,1954,33.87117
44715,2,14,1955,33.86696
44715,2,14,1956,34.11553
44715,2,14,1957,34.47789
44715,2,14,1958,34.36768
44715,2,14,1959,34.5868
44715,2,14,1960,34.39783
44715,2,14,1961,34.38714
44715,2,14,1962,34.48416
44715,2,14,1963,34.54795
44715,2,14,1964,34.63553
44715,2,14,1965,35.03177
44715,2,14,1966,35.04102
44715,2,14,1967,35.12878
44715,2,14,1968,34.85875
44715,2,14,1969,35.02776
44715,2,14,1970,34.93451
44715,2,14,1971,35.24332
44715,2,14,1972,34.81978
44715,2,14,1973,34.71283
44715,2,14,1974,34.98541
44715,2,14,1975,34.89061
44715,2,14,1976,34.81602
44715,2,14,1977,34.79801
44715,2,14,1978,34.65136
44715,2,14,1979,34.3456
44715,2,14,1980,34.15673
44715,2,14,1981,34.14447
44715,2,14,1982,34.11657
44715,2,14,1983,34.28478
44715,2,14,1984,34.73787
44715,2,14,1985,34.68331
44715,2,14,1986,34.80414
44715,2,14,1987,34.83418
44715,2,14,1988,34.98736
44715,2,14,1989,35.06615
44715,2,14,1990,35.26303
44715,2,14,1991,35.27789
44715,2,14,1992,35.19219
44715,2,14,1993,35.28817
44715,2,14,1994,35.25253
44715,2,14,1995,35.18405
44715,2,14,1996,35.2983
44715,2,14,1997,35.60874
44715,2,14,1998,35.60993
44715,2,14,1999,35.48305
44715,2,14,2000,35.82488
44715,2,14,2001,36.02416
44715,2,14,2002,36.041
44715,2,14,2003,36.17754
44715,2,14,2004,36.51019
44715,2,14,2005,36.87586
44715,2,14,2006,36.89309
44715,2,14,2007,37.06441
44715,2,14,2008,37.07988
44715,2,14,2009,37.47952
44715,2,14,2010,37.61792
44715,2,14,2011,37.7376
44715,2,14,2012,37.64097
44715,2,14,2013,37.90268
44715,2,14,2014,38.19812
44715,2,14,2015,38.42466
44715,2,14,2016,38.3708
44715,2,14,2017,38.58549
44715,2,14,2018,38.88011
44715,2,14,2019,39.2755
44715,3,14,1950,30.16349
44715,3,14,1951,30.10113
44715,3,14,1952,30.45018
44715,3,14,1953,30.77747
44715,3,14,1954,30.87075
44715,3,14,1955,30.9286
44715,3,14,1956,30.94945
44715,3,14,1957,31.19101
44715,3,14,1958,31.14666
44715,3,14,1959,31.22476
44715,3,14,1960,31.38064
44715,3,14,1961,31.24143
44715,3,14,1962,31.1111
44715,3,14,1963,31.0039
44715,3,14,1964,31.4104
44715,3,14,1965,31.49027
44715,3,14,1966,31.50546
44715,3,14,1967,31.73856
44715,3,14,1968,31.48198
44715,3,14,1969,31.35634
44715,3,14,1970,31.53174
44715,3,14,1971,31.81832
44715,3,14,1972,31.52156
44715,3,14,1973,31.58566
44715,3,14,1974,31.53322
44715,3,14,1975,31.82048
44715,3,14,1976,31.65099
44715,3,14,1977,31.62068
44715,3,14,1978,31.50459
44715,3,14,1979,31.29503
44715,3,14,1980,31.17517
44715,3,14,1981,31.13609
44715,3,14,1982,31.19963
44715,3,14,1983,31.323
44715,3,14,1984,31.58806
44715,3,14,1985,31.5104
44715,3,14,1986,31.59473
44715,3,14,1987,31.7352
44715,3,14,1988,31.79442
44715,3,14,1989,31.96253
44715,3,14,1990,32.19254
44715,3,14,1991,32.37183
44715,3,14,1992,32.3984
44715,3,14,1993,32.38378
44715,3,14,1994,32.47584
44715,3,14,1995,32.5839
44715,3,14,1996,32.77421
44715,3,14,1997,32.95129
44715,3,14,1998,32.99741
44715,3,14,1999,33.05709
44715,3,14,2000,33.52309
44715,3,14,2001,33.83067
44715,3,14,2002,33.88114
44715,3,14,2003,33.98064
44715,3,14,2004,34.30621
44715,3,14,2005,34.52113
44715,3,14,2006,34.72104
44715,3,14,2007,34.91861
44715,3,14,2008,35.1152
44715,3,14,2009,35.56124
44715,3,14,2010,35.65615
44715,3,14,2011,35.88824
44715,3,14,2012,35.99704
44715,3,14,2013,36.30126
44715,3,14,2014,36.49414
44715,3,14,2015,36.7141
44715,3,14,2016,36.6681
44715,3,14,2017,36.90803
44715,3,14,2018,37.23437
44715,3,14,2019,37.55687
44716,1,14,1950,30.98526
44716,1,14,1951,30.70717
44716,1,14,1952,31.31936
44716,1,14,1953,31.38284
44716,1,14,1954,31.69578
44716,1,14,1955,31.5304
44716,1,14,1956,31.27433
44716,1,14,1957,31.67945
44716,1,14,1958,31.47999
44716,1,14,1959,31.69332
44716,1,14,1960,31.65148
44716,1,14,1961,31.5227
44716,1,14,1962,31.33744
44716,1,14,1963,31.30486
44716,1,14,1964,31.57428
44716,1,14,1965,31.56363
44716,1,14,1966,31.57405
44716,1,14,1967,31.8706
44716,1,14,1968,31.55843
44716,1,14,1969,31.38956
44716,1,14,1970,31.40786
44716,1,14,1971,31.63793
44716,1,14,1972,31.38981
44716,1,14,1973,31.45754
44716,1,14,1974,31.43238
44716,1,14,1975,31.39568
44716,1,14,1976,31.32717
44716,1,14,1977,31.25535
44716,1,14,1978,31.02585
44716,1,14,1979,30.80359
44716,1,14,1980,30.51693
44716,1,14,1981,30.363
44716,1,14,1982,30.45694
44716,1,14,1983,30.60506
44716,1,14,1984,30.81442
44716,1,14,1985,31.08192
44716,1,14,1986,31.1092
44716,1,14,1987,31.41852
44716,1,14,1988,31.69272
44716,1,14,1989,31.90764
44716,1,14,1990,32.07409
44716,1,14,1991,32.1692
44716,1,14,1992,32.37881
44716,1,14,1993,32.27521
44716,1,14,1994,32.52562
44716,1,14,1995,32.70627
44716,1,14,1996,32.98759
44716,1,14,1997,33.30456
44716,1,14,1998,33.11638
44716,1,14,1999,33.13971
44716,1,14,2000,33.36624
44716,1,14,2001,34.14474
44716,1,14,2002,34.22922
44716,1,14,2003,34.44492
44716,1,14,2004,34.81584
44716,1,14,2005,35.19198
44716,1,14,2006,35.30885
44716,1,14,2007,35.53866
44716,1,14,2008,35.71904
44716,1,14,2009,35.90696
44716,1,14,2010,35.93353
44716,1,14,2011,36.1845
44716,1,14,2012,36.21405
44716,1,14,2013,36.15211
44716,1,14,2014,36.06406
44716,1,14,2015,36.17214
44716,1,14,2016,36.48589
44716,1,14,2017,36.50648
44716,1,14,2018,36.70009
44716,1,14,2019,37.21547
44716,2,14,1950,34.67604
44716,2,14,1951,34.69811
44716,2,14,1952,35.11741
44716,2,14,1953,35.63992
44716,2,14,1954,35.61883
44716,2,14,1955,35.72049
44716,2,14,1956,35.83272
44716,2,14,1957,35.96089
44716,2,14,1958,36.27057
44716,2,14,1959,36.07063
44716,2,14,1960,36.28779
44716,2,14,1961,36.03132
44716,2,14,1962,36.25513
44716,2,14,1963,36.30874
44716,2,14,1964,36.71536
44716,2,14,1965,36.79009
44716,2,14,1966,36.84876
44716,2,14,1967,36.98315
44716,2,14,1968,36.73857
44716,2,14,1969,36.5911
44716,2,14,1970,36.92491
44716,2,14,1971,36.85957
44716,2,14,1972,36.68835
44716,2,14,1973,36.93077
44716,2,14,1974,36.92775
44716,2,14,1975,36.87419
44716,2,14,1976,36.83452
44716,2,14,1977,36.77126
44716,2,14,1978,36.68188
44716,2,14,1979,36.38442
44716,2,14,1980,36.25349
44716,2,14,1981,36.12654
44716,2,14,1982,36.18104
44716,2,14,1983,36.19837
44716,2,14,1984,36.25963
44716,2,14,1985,36.17896
44716,2,14,1986,36.35442
44716,2,14,1987,36.24204
44716,2,14,1988,36.2283
44716,2,14,1989,36.26891
44716,2,14,1990,36.30878
44716,2,14,1991,36.43911
44716,2,14,1992,36.65883
44716,2,14,1993,36.55009
44716,2,14,1994,36.85935
44716,2,14,1995,36.85852
44716,2,14,1996,37.18023
44716,2,14,1997,37.44871
44716,2,14,1998,37.35466
44716,2,14,1999,37.48003
44716,2,14,2000,37.75955
44716,2,14,2001,38.03324
44716,2,14,2002,38.19863
44716,2,14,2003,38.26128
44716,2,14,2004,38.67025
44716,2,14,2005,38.71376
44716,2,14,2006,39.04541
44716,2,14,2007,39.07453
44716,2,14,2008,39.09643
44716,2,14,2009,39.39865
44716,2,14,2010,39.49992
44716,2,14,2011,39.58437
44716,2,14,2012,39.4547
44716,2,14,2013,39.33376
44716,2,14,2014,39.47139
44716,2,14,2015,39.44643
44716,2,14,2016,39.60786
44716,2,14,2017,39.58812
44716,2,14,2018,39.79858
44716,2,14,2019,40.28004
44716,3,14,1950,32.08348
44716,3,14,1951,31.95419
44716,3,14,1952,32.3084
44716,3,14,1953,32.57321
44716,3,14,1954,32.80945
44716,3,14,1955,32.69448
44716,3,14,1956,32.74061
44716,3,14,1957,32.89623
44716,3,14,1958,32.88453
44716,3,14,1959,32.96804
44716,3,14,1960,33.19344
44716,3,14,1961,33.08397
44716,3,14,1962,32.93529
44716,3,14,1963,32.78042
44716,3,14,1964,33.49406
44716,3,14,1965,33.29446
44716,3,14,1966,33.34049
44716,3,14,1967,33.63036
44716,3,14,1968,33.40035
44716,3,14,1969,33.22684
44716,3,14,1970,33.45584
44716,3,14,1971,33.38778
44716,3,14,1972,33.36194
44716,3,14,1973,33.44714
44716,3,14,1974,33.49674
44716,3,14,1975,33.66792
44716,3,14,1976,33.46152
44716,3,14,1977,33.46733
44716,3,14,1978,33.34707
44716,3,14,1979,33.15802
44716,3,14,1980,33.07652
44716,3,14,1981,33.03148
44716,3,14,1982,33.17007
44716,3,14,1983,33.23576
44716,3,14,1984,33.38581
44716,3,14,1985,33.54787
44716,3,14,1986,33.59868
44716,3,14,1987,33.72809
44716,3,14,1988,33.83343
44716,3,14,1989,33.98285
44716,3,14,1990,34.13821
44716,3,14,1991,34.23976
44716,3,14,1992,34.42071
44716,3,14,1993,34.32322
44716,3,14,1994,34.61025
44716,3,14,1995,34.66813
44716,3,14,1996,34.98716
44716,3,14,1997,35.2775
44716,3,14,1998,35.13296
44716,3,14,1999,35.20953
44716,3,14,2000,35.44007
44716,3,14,2001,35.98372
44716,3,14,2002,36.10019
44716,3,14,2003,36.25602
44716,3,14,2004,36.59729
44716,3,14,2005,36.8536
44716,3,14,2006,37.07654
44716,3,14,2007,37.16959
44716,3,14,2008,37.28617
44716,3,14,2009,37.52046
44716,3,14,2010,37.59453
44716,3,14,2011,37.76865
44716,3,14,2012,37.70931
44716,3,14,2013,37.60377
44716,3,14,2014,37.62045
44716,3,14,2015,37.66082
44716,3,14,2016,37.86352
44716,3,14,2017,37.8263
44716,3,14,2018,37.97641
44716,3,14,2019,38.27404
44717,1,14,1950,31.98129
44717,1,14,1951,31.66771
44717,1,14,1952,31.69074
44717,1,14,1953,32.37344
44717,1,14,1954,32.11744
44717,1,14,1955,32.29862
44717,1,14,1956,32.07779
44717,1,14,1957,32.33349
44717,1,14,1958,32.43517
44717,1,14,1959,32.45859
44717,1,14,1960,32.44298
44717,1,14,1961,32.04651
44717,1,14,1962,32.37006
44717,1,14,1963,31.98421
44717,1,14,1964,32.38178
44717,1,14,1965,32.59757
44717,1,14,1966,32.29856
44717,1,14,1967,32.72257
44717,1,14,1968,32.36647
44717,1,14,1969,32.26997
44717,1,14,1970,32.53386
44717,1,14,1971,32.6327
44717,1,14,1972,32.38382
44717,1,14,1973,32.37289
44717,1,14,1974,32.45093
44717,1,14,1975,32.54803
44717,1,14,1976,32.33858
44717,1,14,1977,32.44748
44717,1,14,1978,32.09357
44717,1,14,1979,31.7593
44717,1,14,1980,31.39459
44717,1,14,1981,31.21894
44717,1,14,1982,31.27115
44717,1,14,1983,31.33969
44717,1,14,1984,31.36517
44717,1,14,1985,31.66087
44717,1,14,1986,31.56763
44717,1,14,1987,31.81057
44717,1,14,1988,32.12139
44717,1,14,1989,32.47668
44717,1,14,1990,32.76204
44717,1,14,1991,33.11009
44717,1,14,1992,33.36885
44717,1,14,1993,33.36325
44717,1,14,1994,33.76263
44717,1,14,1995,33.89058
44717,1,14,1996,34.23387
44717,1,14,1997,34.56287
44717,1,14,1998,34.56357
44717,1,14,1999,34.69345
44717,1,14,2000,34.86271
44717,1,14,2001,35.06116
44717,1,14,2002,34.59287
44717,1,14,2003,34.68721
44717,1,14,2004,35.02631
44717,1,14,2005,35.32399
44717,1,14,2006,35.7017
44717,1,14,2007,36.06137
44717,1,14,2008,36.48764
44717,1,14,2009,36.93713
44717,1,14,2010,37.44581
44717,1,14,2011,38.17452
44717,1,14,2012,38.29896
44717,1,14,2013,38.2515
44717,1,14,2014,38.31582
44717,1,14,2015,38.48128
44717,1,14,2016,38.534
44717,1,14,2017,38.83975
44717,1,14,2018,39.21711
44717,1,14,2019,39.77263
44717,2,14,1950,34.4583
44717,2,14,1951,34.23397
44717,2,14,1952,34.68027
44717,2,14,1953,35.07636
44717,2,14,1954,35.11098
44717,2,14,1955,35.30804
44717,2,14,1956,35.34822
44717,2,14,1957,35.58373
44717,2,14,1958,35.58004
44717,2,14,1959,35.53489
44717,2,14,1960,35.82009
44717,2,14,1961,35.47336
44717,2,14,1962,35.62739
44717,2,14,1963,35.7274
44717,2,14,1964,36.04589
44717,2,14,1965,36.24718
44717,2,14,1966,36.20772
44717,2,14,1967,36.36477
44717,2,14,1968,36.21863
44717,2,14,1969,36.20075
44717,2,14,1970,36.34989
44717,2,14,1971,36.30682
44717,2,14,1972,36.30904
44717,2,14,1973,36.37398
44717,2,14,1974,36.27055
44717,2,14,1975,36.21145
44717,2,14,1976,36.14011
44717,2,14,1977,36.20652
44717,2,14,1978,35.84741
44717,2,14,1979,35.60957
44717,2,14,1980,35.41584
44717,2,14,1981,35.29953
44717,2,14,1982,35.31201
44717,2,14,1983,35.3611
44717,2,14,1984,35.44452
44717,2,14,1985,35.42266
44717,2,14,1986,35.63876
44717,2,14,1987,35.62615
44717,2,14,1988,35.63712
44717,2,14,1989,35.79978
44717,2,14,1990,35.9064
44717,2,14,1991,36.07436
44717,2,14,1992,36.37371
44717,2,14,1993,36.39643
44717,2,14,1994,36.67146
44717,2,14,1995,36.67833
44717,2,14,1996,37.01684
44717,2,14,1997,37.2838
44717,2,14,1998,37.28469
44717,2,14,1999,37.59048
44717,2,14,2000,37.95495
44717,2,14,2001,38.34554
44717,2,14,2002,38.63265
44717,2,14,2003,38.73148
44717,2,14,2004,39.06099
44717,2,14,2005,39.07217
44717,2,14,2006,39.36577
44717,2,14,2007,39.34789
44717,2,14,2008,39.46928
44717,2,14,2009,39.82853
44717,2,14,2010,40.05678
44717,2,14,2011,40.33507
44717,2,14,2012,40.34819
44717,2,14,2013,40.34072
44717,2,14,2014,40.55223
44717,2,14,2015,40.6397
44717,2,14,2016,40.83149
44717,2,14,2017,40.88894
44717,2,14,2018,41.12153
44717,2,14,2019,41.5187
44717,3,14,1950,32.26858
44717,3,14,1951,32.09727
44717,3,14,1952,32.55866
44717,3,14,1953,32.93951
44717,3,14,1954,32.9535
44717,3,14,1955,32.72461
44717,3,14,1956,33.04632
44717,3,14,1957,33.06324
44717,3,14,1958,33.15279
44717,3,14,1959,33.25909
44717,3,14,1960,33.16188
44717,3,14,1961,33.18847
44717,3,14,1962,33.29869
44717,3,14,1963,33.08391
44717,3,14,1964,33.42213
44717,3,14,1965,33.68084
44717,3,14,1966,33.48538
44717,3,14,1967,33.72979
44717,3,14,1968,33.77776
44717,3,14,1969,33.44851
44717,3,14,1970,33.61768
44717,3,14,1971,33.63736
44717,3,14,1972,33.52645
44717,3,14,1973,33.74633
44717,3,14,1974,33.67699
44717,3,14,1975,33.80806
44717,3,14,1976,33.7601
44717,3,14,1977,33.81977
44717,3,14,1978,33.46401
44717,3,14,1979,33.33468
44717,3,14,1980,33.21583
44717,3,14,1981,33.11873
44717,3,14,1982,33.18709
44717,3,14,1983,33.23458
44717,3,14,1984,33.31213
44717,3,14,1985,33.47401
44717,3,14,1986,33.47568
44717,3,14,1987,33.62967
44717,3,14,1988,33.82135
44717,3,14,1989,34.0635
44717,3,14,1990,34.27936
44717,3,14,1991,34.5036
44717,3,14,1992,34.86422
44717,3,14,1993,34.81125
44717,3,14,1994,35.14562
44717,3,14,1995,35.22634
44717,3,14,1996,35.55239
44717,3,14,1997,35.87704
44717,3,14,1998,35.86091
44717,3,14,1999,36.05858
44717,3,14,2000,36.33966
44717,3,14,2001,36.65216
44717,3,14,2002,36.51136
44717,3,14,2003,36.57882
44717,3,14,2004,36.9712
44717,3,14,2005,37.12723
44717,3,14,2006,37.43929
44717,3,14,2007,37.62343
44717,3,14,2008,37.89952
44717,3,14,2009,38.29494
44717,3,14,2010,38.6406
44717,3,14,2011,39.1436
44717,3,14,2012,39.20762
44717,3,14,2013,39.18931
44717,3,14,2014,39.30014
44717,3,14,2015,39.35352
44717,3,14,2016,39.47047
44717,3,14,2017,39.63982
44717,3,14,2018,39.84929
44717,3,14,2019,40.22705
44718,1,14,1950,31.86828
44718,1,14,1951,31.26845
44718,1,14,1952,31.86478
44718,1,14,1953,32.17401
44718,1,14,1954,32.28942
44718,1,14,1955,32.21751
44718,1,14,1956,32.19056
44718,1,14,1957,32.45867
44718,1,14,1958,32.46747
44718,1,14,1959,32.28372
44718,1,14,1960,32.35432
44718,1,14,1961,32.36679
44718,1,14,1962,32.13183
44718,1,14,1963,31.81091
44718,1,14,1964,32.25227
44718,1,14,1965,32.39487
44718,1,14,1966,32.54456
44718,1,14,1967,32.69591
44718,1,14,1968,32.29501
44718,1,14,1969,32.3148
44718,1,14,1970,32.60783
44718,1,14,1971,32.73723
44718,1,14,1972,32.61902
44718,1,14,1973,32.44051
44718,1,14,1974,32.41836
44718,1,14,1975,32.66349
44718,1,14,1976,32.47838
44718,1,14,1977,32.40747
44718,1,14,1978,31.97632
44718,1,14,1979,31.59238
44718,1,14,1980,31.30821
44718,1,14,1981,31.15864
44718,1,14,1982,31.18299
44718,1,14,1983,31.18201
44718,1,14,1984,31.23866
44718,1,14,1985,31.69245
44718,1,14,1986,31.61679
44718,1,14,1987,31.70407
44718,1,14,1988,31.93798
44718,1,14,1989,32.16759
44718,1,14,1990,32.40118
44718,1,14,1991,32.51911
44718,1,14,1992,32.79072
44718,1,14,1993,32.79684
44718,1,14,1994,33.18061
44718,1,14,1995,33.20555
44718,1,14,1996,33.29118
44718,1,14,1997,33.67995
44718,1,14,1998,33.82892
44718,1,14,1999,34.05678
44718,1,14,2000,34.3847
44718,1,14,2001,34.79948
44718,1,14,2002,35.0058
44718,1,14,2003,35.29435
44718,1,14,2004,35.77504
44718,1,14,2005,36.25242
44718,1,14,2006,36.37744
44718,1,14,2007,36.59237
44718,1,14,2008,36.88779
44718,1,14,2009,37.15716
44718,1,14,2010,37.22628
44718,1,14,2011,37.50906
44718,1,14,2012,37.62604
44718,1,14,2013,37.50634
44718,1,14,2014,37.54791
44718,1,14,2015,37.48296
44718,1,14,2016,37.38079
44718,1,14,2017,37.51033
44718,1,14,2018,37.61494
44718,1,14,2019,37.97154
44718,2,14,1950,34.64169
44718,2,14,1951,34.542
44718,2,14,1952,35.14396
44718,2,14,1953,35.35474
44718,2,14,1954,35.5527
44718,2,14,1955,35.83377
44718,2,14,1956,35.85778
44718,2,14,1957,35.9754
44718,2,14,1958,36.22116
44718,2,14,1959,36.03526
44718,2,14,1960,36.1971
44718,2,14,1961,36.2088
44718,2,14,1962,36.10457
44718,2,14,1963,36.29537
44718,2,14,1964,36.48994
44718,2,14,1965,36.65405
44718,2,14,1966,36.54455
44718,2,14,1967,36.6808
44718,2,14,1968,36.5145
44718,2,14,1969,36.70702
44718,2,14,1970,36.69259
44718,2,14,1971,36.63439
44718,2,14,1972,36.51684
44718,2,14,1973,36.62812
44718,2,14,1974,36.52969
44718,2,14,1975,36.5141
44718,2,14,1976,36.51025
44718,2,14,1977,36.60434
44718,2,14,1978,36.31657
44718,2,14,1979,35.99652
44718,2,14,1980,35.8266
44718,2,14,1981,35.61487
44718,2,14,1982,35.75388
44718,2,14,1983,35.88832
44718,2,14,1984,35.95653
44718,2,14,1985,35.92753
44718,2,14,1986,36.23027
44718,2,14,1987,36.30851
44718,2,14,1988,36.42555
44718,2,14,1989,36.69432
44718,2,14,1990,36.7577
44718,2,14,1991,36.80066
44718,2,14,1992,36.93759
44718,2,14,1993,36.96284
44718,2,14,1994,37.21042
44718,2,14,1995,37.40056
44718,2,14,1996,37.66902
44718,2,14,1997,37.8601
44718,2,14,1998,37.7813
44718,2,14,1999,37.95883
44718,2,14,2000,38.10162
44718,2,14,2001,38.19771
44718,2,14,2002,38.3089
44718,2,14,2003,38.33341
44718,2,14,2004,38.65547
44718,2,14,2005,38.99377
44718,2,14,2006,39.50403
44718,2,14,2007,39.85931
44718,2,14,2008,39.87808
44718,2,14,2009,39.9835
44718,2,14,2010,40.14433
44718,2,14,2011,40.29317
44718,2,14,2012,40.2057
44718,2,14,2013,40.27018
44718,2,14,2014,40.39502
44718,2,14,2015,40.31738
44718,2,14,2016,40.32304
44718,2,14,2017,40.42046
44718,2,14,2018,40.68234
44718,2,14,2019,41.0061
44718,3,14,1950,32.38029
44718,3,14,1951,31.99868
44718,3,14,1952,32.59653
44718,3,14,1953,32.95087
44718,3,14,1954,33.00964
44718,3,14,1955,33.19171
44718,3,14,1956,33.17139
44718,3,14,1957,33.32811
44718,3,14,1958,33.49681
44718,3,14,1959,33.40257
44718,3,14,1960,33.43989
44718,3,14,1961,33.31415
44718,3,14,1962,33.36141
44718,3,14,1963,33.3064
44718,3,14,1964,33.56679
44718,3,14,1965,33.72967
44718,3,14,1966,33.78927
44718,3,14,1967,34.13444
44718,3,14,1968,33.88526
44718,3,14,1969,33.60776
44718,3,14,1970,33.87681
44718,3,14,1971,33.99503
44718,3,14,1972,33.95045
44718,3,14,1973,33.96214
44718,3,14,1974,34.01521
44718,3,14,1975,34.09198
44718,3,14,1976,34.03485
44718,3,14,1977,34.08243
44718,3,14,1978,33.84707
44718,3,14,1979,33.51109
44718,3,14,1980,33.36012
44718,3,14,1981,33.32036
44718,3,14,1982,33.43369
44718,3,14,1983,33.49512
44718,3,14,1984,33.56225
44718,3,14,1985,33.75383
44718,3,14,1986,33.87734
44718,3,14,1987,33.97998
44718,3,14,1988,34.15538
44718,3,14,1989,34.42285
44718,3,14,1990,34.57003
44718,3,14,1991,34.6291
44718,3,14,1992,34.83368
44718,3,14,1993,34.85805
44718,3,14,1994,35.15374
44718,3,14,1995,35.25592
44718,3,14,1996,35.42979
44718,3,14,1997,35.71652
44718,3,14,1998,35.77031
44718,3,14,1999,35.98066
44718,3,14,2000,36.20624
44718,3,14,2001,36.43808
44718,3,14,2002,36.61183
44718,3,14,2003,36.77031
44718,3,14,2004,37.15763
44718,3,14,2005,37.55655
44718,3,14,2006,37.89651
44718,3,14,2007,38.16771
44718,3,14,2008,38.31608
44718,3,14,2009,38.49333
44718,3,14,2010,38.59665
44718,3,14,2011,38.84203
44718,3,14,2012,38.83282
44718,3,14,2013,38.79746
44718,3,14,2014,38.87298
44718,3,14,2015,38.82724
44718,3,14,2016,38.73927
44718,3,14,2017,38.84026
44718,3,14,2018,38.93377
44718,3,14,2019,39.12039
44719,1,14,1950,31.84032
44719,1,14,1951,31.68321
44719,1,14,1952,31.98482
44719,1,14,1953,32.26315
44719,1,14,1954,32.71098
44719,1,14,1955,32.32147
44719,1,14,1956,32.33404
44719,1,14,1957,32.3001
44719,1,14,1958,32.46357
44719,1,14,1959,32.31217
44719,1,14,1960,32.37321
44719,1,14,1961,32.5278
44719,1,14,1962,32.43702
44719,1,14,1963,32.00641
44719,1,14,1964,32.40015
44719,1,14,1965,32.26191
44719,1,14,1966,32.47829
44719,1,14,1967,32.31715
44719,1,14,1968,32.03175
44719,1,14,1969,32.23107
44719,1,14,1970,32.38314
44719,1,14,1971,32.40223
44719,1,14,1972,32.20997
44719,1,14,1973,32.01266
44719,1,14,1974,32.19093
44719,1,14,1975,32.01894
44719,1,14,1976,31.85892
44719,1,14,1977,31.68356
44719,1,14,1978,31.13548
44719,1,14,1979,30.64675
44719,1,14,1980,30.49585
44719,1,14,1981,30.30833
44719,1,14,1982,30.60284
44719,1,14,1983,30.82496
44719,1,14,1984,30.8779
44719,1,14,1985,31.20059
44719,1,14,1986,31.16441
44719,1,14,1987,31.35294
44719,1,14,1988,31.57062
44719,1,14,1989,31.85082
44719,1,14,1990,32.13225
44719,1,14,1991,32.37102
44719,1,14,1992,32.62622
44719,1,14,1993,32.68657
44719,1,14,1994,33.13229
44719,1,14,1995,33.2905
44719,1,14,1996,33.54616
44719,1,14,1997,33.72496
44719,1,14,1998,33.74901
44719,1,14,1999,33.83039
44719,1,14,2000,34.0842
44719,1,14,2001,34.50551
44719,1,14,2002,34.7565
44719,1,14,2003,35.02776
44719,1,14,2004,35.50223
44719,1,14,2005,35.84879
44719,1,14,2006,36.12694
44719,1,14,2007,36.3702
44719,1,14,2008,36.56011
44719,1,14,2009,36.74996
44719,1,14,2010,36.91623
44719,1,14,2011,37.18358
44719,1,14,2012,37.318
44719,1,14,2013,37.34161
44719,1,14,2014,37.36987
44719,1,14,2015,37.37587
44719,1,14,2016,37.39637
44719,1,14,2017,37.96226
44719,1,14,2018,38.25882
44719,1,14,2019,38.72515
44719,2,14,1950,34.7088
44719,2,14,1951,34.90775
44719,2,14,1952,35.26009
44719,2,14,1953,35.52057
44719,2,14,1954,35.68123
44719,2,14,1955,35.63216
44719,2,14,1956,36.08051
44719,2,14,1957,35.9588
44719,2,14,1958,36.24655
44719,2,14,1959,36.3656
44719,2,14,1960,36.40107
44719,2,14,1961,36.05493
44719,2,14,1962,36.23685
44719,2,14,1963,36.09172
44719,2,14,1964,36.64472
44719,2,14,1965,36.43257
44719,2,14,1966,36.60209
44719,2,14,1967,36.61953
44719,2,14,1968,36.55763
44719,2,14,1969,36.73819
44719,2,14,1970,36.84372
44719,2,14,1971,36.60946
44719,2,14,1972,36.58387
44719,2,14,1973,36.5065
44719,2,14,1974,36.4937
44719,2,14,1975,36.42778
44719,2,14,1976,36.25135
44719,2,14,1977,36.09264
44719,2,14,1978,36.02601
44719,2,14,1979,35.53069
44719,2,14,1980,35.26676
44719,2,14,1981,35.02152
44719,2,14,1982,35.24612
44719,2,14,1983,35.33369
44719,2,14,1984,35.55275
44719,2,14,1985,35.59939
44719,2,14,1986,35.8455
44719,2,14,1987,35.86859
44719,2,14,1988,35.97603
44719,2,14,1989,36.2137
44719,2,14,1990,36.3824
44719,2,14,1991,36.65655
44719,2,14,1992,36.92443
44719,2,14,1993,36.80892
44719,2,14,1994,36.94855
44719,2,14,1995,36.90399
44719,2,14,1996,37.1322
44719,2,14,1997,37.36065
44719,2,14,1998,37.34947
44719,2,14,1999,37.41405
44719,2,14,2000,37.59313
44719,2,14,2001,37.77104
44719,2,14,2002,37.98661
44719,2,14,2003,38.02715
44719,2,14,2004,38.39702
44719,2,14,2005,38.40181
44719,2,14,2006,38.72815
44719,2,14,2007,39.01254
44719,2,14,2008,39.25597
44719,2,14,2009,39.66868
44719,2,14,2010,39.93822
44719,2,14,2011,40.11902
44719,2,14,2012,40.10188
44719,2,14,2013,40.14701
44719,2,14,2014,40.30312
44719,2,14,2015,40.13162
44719,2,14,2016,40.13136
44719,2,14,2017,40.27967
44719,2,14,2018,40.57282
44719,2,14,2019,41.01195
44719,3,14,1950,32.62364
44719,3,14,1951,32.51062
44719,3,14,1952,32.94149
44719,3,14,1953,33.29472
44719,3,14,1954,33.40537
44719,3,14,1955,33.37311
44719,3,14,1956,33.38945
44719,3,14,1957,33.29434
44719,3,14,1958,33.55608
44719,3,14,1959,33.70677
44719,3,14,1960,33.58565
44719,3,14,1961,33.4033
44719,3,14,1962,33.60402
44719,3,14,1963,33.44512
44719,3,14,1964,33.67343
44719,3,14,1965,33.7436
44719,3,14,1966,33.83327
44719,3,14,1967,33.84348
44719,3,14,1968,33.66468
44719,3,14,1969,33.81361
44719,3,14,1970,33.66778
44719,3,14,1971,33.87749
44719,3,14,1972,33.80754
44719,3,14,1973,33.84123
44719,3,14,1974,33.76059
44719,3,14,1975,33.74843
44719,3,14,1976,33.5422
44719,3,14,1977,33.47806
44719,3,14,1978,33.23768
44719,3,14,1979,32.84963
44719,3,14,1980,32.67701
44719,3,14,1981,32.63471
44719,3,14,1982,32.9187
44719,3,14,1983,33.10857
44719,3,14,1984,33.21716
44719,3,14,1985,33.40191
44719,3,14,1986,33.49021
44719,3,14,1987,33.6011
44719,3,14,1988,33.78818
44719,3,14,1989,34.01769
44719,3,14,1990,34.2533
44719,3,14,1991,34.50388
44719,3,14,1992,34.7758
44719,3,14,1993,34.75955
44719,3,14,1994,35.03615
44719,3,14,1995,35.09524
44719,3,14,1996,35.35574
44719,3,14,1997,35.53347
44719,3,14,1998,35.53136
44719,3,14,1999,35.59821
44719,3,14,2000,35.81496
44719,3,14,2001,36.12601
44719,3,14,2002,36.35742
44719,3,14,2003,36.51431
44719,3,14,2004,36.92484
44719,3,14,2005,37.10056
44719,3,14,2006,37.42742
44719,3,14,2007,37.65725
44719,3,14,2008,37.90042
44719,3,14,2009,38.16495
44719,3,14,2010,38.393
44719,3,14,2011,38.6195
44719,3,14,2012,38.66413
44719,3,14,2013,38.73486
44719,3,14,2014,38.79687
44719,3,14,2015,38.72446
44719,3,14,2016,38.70541
44719,3,14,2017,39.05049
44719,3,14,2018,39.21433
44719,3,14,2019,39.58492
44720,1,14,1950,31.86171
44720,1,14,1951,31.43017
44720,1,14,1952,31.57435
44720,1,14,1953,31.9067
44720,1,14,1954,32.24882
44720,1,14,1955,31.90584
44720,1,14,1956,32.04892
44720,1,14,1957,31.8505
44720,1,14,1958,31.84491
44720,1,14,1959,32.18646
44720,1,14,1960,32.10513
44720,1,14,1961,31.83359
44720,1,14,1962,31.9629
44720,1,14,1963,31.97212
44720,1,14,1964,31.90574
44720,1,14,1965,31.88252
44720,1,14,1966,31.93066
44720,1,14,1967,32.12867
44720,1,14,1968,31.94997
44720,1,14,1969,31.82022
44720,1,14,1970,32.03019
44720,1,14,1971,31.95711
44720,1,14,1972,31.78506
44720,1,14,1973,31.90824
44720,1,14,1974,31.74352
44720,1,14,1975,31.82309
44720,1,14,1976,31.52046
44720,1,14,1977,31.23298
44720,1,14,1978,30.90552
44720,1,14,1979,30.50705
44720,1,14,1980,30.32661
44720,1,14,1981,30.12852
44720,1,14,1982,30.40173
44720,1,14,1983,30.70995
44720,1,14,1984,30.8533
44720,1,14,1985,31.16045
44720,1,14,1986,31.06822
44720,1,14,1987,31.31765
44720,1,14,1988,31.6766
44720,1,14,1989,32.03838
44720,1,14,1990,32.07273
44720,1,14,1991,32.15608
44720,1,14,1992,32.4507
44720,1,14,1993,32.53452
44720,1,14,1994,32.8811
44720,1,14,1995,32.93966
44720,1,14,1996,33.02599
44720,1,14,1997,33.30368
44720,1,14,1998,33.88245
44720,1,14,1999,33.98056
44720,1,14,2000,34.13479
44720,1,14,2001,34.49398
44720,1,14,2002,34.66184
44720,1,14,2003,34.90956
44720,1,14,2004,35.23212
44720,1,14,2005,35.44609
44720,1,14,2006,35.79286
44720,1,14,2007,36.00427
44720,1,14,2008,36.21753
44720,1,14,2009,36.60214
44720,1,14,2010,36.51312
44720,1,14,2011,36.6543
44720,1,14,2012,36.94741
44720,1,14,2013,37.02819
44720,1,14,2014,36.9994
44720,1,14,2015,37.04333
44720,1,14,2016,37.16473
44720,1,14,2017,37.65096
44720,1,14,2018,37.80023
44720,1,14,2019,38.36506
44720,2,14,1950,34.30713
44720,2,14,1951,34.24096
44720,2,14,1952,34.9815
44720,2,14,1953,35.19337
44720,2,14,1954,35.4705
44720,2,14,1955,35.38447
44720,2,14,1956,35.49567
44720,2,14,1957,35.79252
44720,2,14,1958,36.02253
44720,2,14,1959,35.94026
44720,2,14,1960,35.82916
44720,2,14,1961,35.68196
44720,2,14,1962,35.77529
44720,2,14,1963,35.87641
44720,2,14,1964,36.25321
44720,2,14,1965,36.15649
44720,2,14,1966,36.36775
44720,2,14,1967,36.21363
44720,2,14,1968,36.02017
44720,2,14,1969,36.13107
44720,2,14,1970,36.1706
44720,2,14,1971,36.43172
44720,2,14,1972,36.05627
44720,2,14,1973,36.02941
44720,2,14,1974,36.14718
44720,2,14,1975,36.05046
44720,2,14,1976,35.87817
44720,2,14,1977,35.86713
44720,2,14,1978,35.65896
44720,2,14,1979,35.3741
44720,2,14,1980,35.21317
44720,2,14,1981,35.07631
44720,2,14,1982,35.29988
44720,2,14,1983,35.3893
44720,2,14,1984,35.61867
44720,2,14,1985,35.67269
44720,2,14,1986,35.82232
44720,2,14,1987,35.80984
44720,2,14,1988,36.00331
44720,2,14,1989,36.24962
44720,2,14,1990,36.31178
44720,2,14,1991,36.55731
44720,2,14,1992,36.79818
44720,2,14,1993,36.77404
44720,2,14,1994,37.03549
44720,2,14,1995,36.92477
44720,2,14,1996,37.10163
44720,2,14,1997,37.27162
44720,2,14,1998,37.15601
44720,2,14,1999,37.6052
44720,2,14,2000,37.96095
44720,2,14,2001,38.03457
44720,2,14,2002,38.08205
44720,2,14,2003,38.0851
44720,2,14,2004,38.52321
44720,2,14,2005,38.68517
44720,2,14,2006,39.11
44720,2,14,2007,39.12732
44720,2,14,2008,39.21916
44720,2,14,2009,39.55479
44720,2,14,2010,39.76586
44720,2,14,2011,39.8455
44720,2,14,2012,39.78329
44720,2,14,2013,39.70679
44720,2,14,2014,39.68204
44720,2,14,2015,39.51141
44720,2,14,2016,39.5078
44720,2,14,2017,39.71458
44720,2,14,2018,39.95581
44720,2,14,2019,40.22109
44720,3,14,1950,32.26825
44720,3,14,1951,32.16176
44720,3,14,1952,32.51336
44720,3,14,1953,32.81387
44720,3,14,1954,32.9787
44720,3,14,1955,32.8728
44720,3,14,1956,32.91049
44720,3,14,1957,33.05233
44720,3,14,1958,33.17842
44720,3,14,1959,33.15462
44720,3,14,1960,33.22169
44720,3,14,1961,33.10791
44720,3,14,1962,33.14829
44720,3,14,1963,33.13425
44720,3,14,1964,33.37542
44720,3,14,1965,33.5599
44720,3,14,1966,33.38893
44720,3,14,1967,33.53126
44720,3,14,1968,33.40336
44720,3,14,1969,33.309
44720,3,14,1970,33.42828
44720,3,14,1971,33.41587
44720,3,14,1972,33.31082
44720,3,14,1973,33.37964
44720,3,14,1974,33.36082
44720,3,14,1975,33.33788
44720,3,14,1976,33.29494
44720,3,14,1977,33.1938
44720,3,14,1978,32.89744
44720,3,14,1979,32.61948
44720,3,14,1980,32.59203
44720,3,14,1981,32.55857
44720,3,14,1982,32.84447
44720,3,14,1983,33.05926
44720,3,14,1984,33.24455
44720,3,14,1985,33.42436
44720,3,14,1986,33.44717
44720,3,14,1987,33.54905
44720,3,14,1988,33.8637
44720,3,14,1989,34.13782
44720,3,14,1990,34.21582
44720,3,14,1991,34.36463
44720,3,14,1992,34.64092
44720,3,14,1993,34.65188
44720,3,14,1994,34.98962
44720,3,14,1995,34.93812
44720,3,14,1996,35.07208
44720,3,14,1997,35.28155
44720,3,14,1998,35.53162
44720,3,14,1999,35.79843
44720,3,14,2000,36.03183
44720,3,14,2001,36.26687
44720,3,14,2002,36.36686
44720,3,14,2003,36.48249
44720,3,14,2004,36.86942
44720,3,14,2005,37.05209
44720,3,14,2006,37.41502
44720,3,14,2007,37.5482
44720,3,14,2008,37.6912
44720,3,14,2009,38.05072
44720,3,14,2010,38.08763
44720,3,14,2011,38.21601
44720,3,14,2012,38.31666
44720,3,14,2013,38.32207
44720,3,14,2014,38.31017
44720,3,14,2015,38.23572
44720,3,14,2016,38.27657
44720,3,14,2017,38.58325
44720,3,14,2018,38.65784
44720,3,14,2019,38.96756
44721,1,14,1950,32.03524
44721,1,14,1951,31.69851
44721,1,14,1952,32.1498
44721,1,14,1953,32.54128
44721,1,14,1954,32.54953
44721,1,14,1955,32.23694
44721,1,14,1956,32.33317
44721,1,14,1957,32.60153
44721,1,14,1958,32.44794
44721,1,14,1959,32.78454
44721,1,14,1960,32.53025
44721,1,14,1961,32.53835
44721,1,14,1962,32.21235
44721,1,14,1963,32.16672
44721,1,14,1964,32.49349
44721,1,14,1965,32.51225
44721,1,14,1966,32.5405
44721,1,14,1967,32.8612
44721,1,14,1968,32.2686
44721,1,14,1969,32.23983
44721,1,14,1970,32.40946
44721,1,14,1971,32.37041
44721,1,14,1972,32.27047
44721,1,14,1973,32.38696
44721,1,14,1974,32.4023
44721,1,14,1975,32.33545
44721,1,14,1976,32.06156
44721,1,14,1977,31.73347
44721,1,14,1978,31.18425
44721,1,14,1979,30.87059
44721,1,14,1980,30.67826
44721,1,14,1981,30.53394
44721,1,14,1982,30.85375
44721,1,14,1983,31.18037
44721,1,14,1984,31.4588
44721,1,14,1985,31.68132
44721,1,14,1986,31.44387
44721,1,14,1987,31.52866
44721,1,14,1988,31.76234
44721,1,14,1989,32.12043
44721,1,14,1990,32.32357
44721,1,14,1991,32.55256
44721,1,14,1992,32.96403
44721,1,14,1993,32.88268
44721,1,14,1994,33.15251
44721,1,14,1995,33.43306
44721,1,14,1996,33.69923
44721,1,14,1997,33.93267
44721,1,14,1998,34.0345
44721,1,14,1999,34.58693
44721,1,14,2000,34.6602
44721,1,14,2001,34.83517
44721,1,14,2002,34.88457
44721,1,14,2003,35.19144
44721,1,14,2004,35.57368
44721,1,14,2005,35.82087
44721,1,14,2006,36.21931
44721,1,14,2007,36.5263
44721,1,14,2008,36.77388
44721,1,14,2009,37.09443
44721,1,14,2010,37.33035
44721,1,14,2011,37.69659
44721,1,14,2012,37.75405
44721,1,14,2013,37.6304
44721,1,14,2014,37.66566
44721,1,14,2015,37.78437
44721,1,14,2016,37.78953
44721,1,14,2017,38.01203
44721,1,14,2018,38.32402
44721,1,14,2019,38.79533
44721,2,14,1950,35.11003
44721,2,14,1951,35.04984
44721,2,14,1952,35.55597
44721,2,14,1953,36.21595
44721,2,14,1954,36.1449
44721,2,14,1955,36.21342
44721,2,14,1956,36.50851
44721,2,14,1957,36.63678
44721,2,14,1958,36.53266
44721,2,14,1959,36.7708
44721,2,14,1960,36.86514
44721,2,14,1961,36.92427
44721,2,14,1962,36.78972
44721,2,14,1963,36.86601
44721,2,14,1964,37.34525
44721,2,14,1965,37.48505
44721,2,14,1966,37.23621
44721,2,14,1967,37.42245
44721,2,14,1968,37.47227
44721,2,14,1969,37.23798
44721,2,14,1970,37.49032
44721,2,14,1971,37.2383
44721,2,14,1972,37.482
44721,2,14,1973,37.34607
44721,2,14,1974,37.48538
44721,2,14,1975,37.37329
44721,2,14,1976,37.28595
44721,2,14,1977,37.33066
44721,2,14,1978,37.13878
44721,2,14,1979,36.53483
44721,2,14,1980,36.32643
44721,2,14,1981,36.19096
44721,2,14,1982,35.90306
44721,2,14,1983,35.83102
44721,2,14,1984,35.87935
44721,2,14,1985,35.93249
44721,2,14,1986,36.15061
44721,2,14,1987,36.14878
44721,2,14,1988,36.28242
44721,2,14,1989,36.54283
44721,2,14,1990,36.90771
44721,2,14,1991,37.02084
44721,2,14,1992,37.20401
44721,2,14,1993,37.19523
44721,2,14,1994,37.37053
44721,2,14,1995,37.2989
44721,2,14,1996,37.56834
44721,2,14,1997,37.70814
44721,2,14,1998,37.56057
44721,2,14,1999,37.65379
44721,2,14,2000,37.88777
44721,2,14,2001,38.16152
44721,2,14,2002,38.38965
44721,2,14,2003,38.53509
44721,2,14,2004,39.05171
44721,2,14,2005,39.23593
44721,2,14,2006,39.63348
44721,2,14,2007,39.92944
44721,2,14,2008,40.07302
44721,2,14,2009,40.47337
44721,2,14,2010,40.73123
44721,2,14,2011,40.73961
44721,2,14,2012,40.62194
44721,2,14,2013,40.57627
44721,2,14,2014,40.53511
44721,2,14,2015,40.53224
44721,2,14,2016,40.80761
44721,2,14,2017,40.93734
44721,2,14,2018,41.10555
44721,2,14,2019,41.55899
44721,3,14,1950,32.63409
44721,3,14,1951,32.74522
44721,3,14,1952,33.08592
44721,3,14,1953,33.44332
44721,3,14,1954,33.49611
44721,3,14,1955,33.45849
44721,3,14,1956,33.56404
44721,3,14,1957,33.55343
44721,3,14,1958,33.63259
44721,3,14,1959,33.89051
44721,3,14,1960,33.80532
44721,3,14,1961,33.82121
44721,3,14,1962,33.47633
44721,3,14,1963,33.71322
44721,3,14,1964,34.12652
44721,3,14,1965,34.18665
44721,3,14,1966,34.07652
44721,3,14,1967,34.30862
44721,3,14,1968,34.15755
44721,3,14,1969,34.13243
44721,3,14,1970,34.15111
44721,3,14,1971,34.33824
44721,3,14,1972,34.07931
44721,3,14,1973,34.04605
44721,3,14,1974,34.25131
44721,3,14,1975,34.23135
44721,3,14,1976,34.13954
44721,3,14,1977,33.99391
44721,3,14,1978,33.62724
44721,3,14,1979,33.41221
44721,3,14,1980,33.26617
44721,3,14,1981,33.18603
44721,3,14,1982,33.2895
44721,3,14,1983,33.42746
44721,3,14,1984,33.59888
44721,3,14,1985,33.71943
44721,3,14,1986,33.713
44721,3,14,1987,33.77127
44721,3,14,1988,33.96629
44721,3,14,1989,34.26843
44721,3,14,1990,34.56821
44721,3,14,1991,34.731
44721,3,14,1992,35.03745
44721,3,14,1993,35.00579
44721,3,14,1994,35.21026
44721,3,14,1995,35.28902
44721,3,14,1996,35.59727
44721,3,14,1997,35.79025
44721,3,14,1998,35.76923
44721,3,14,1999,36.0803
44721,3,14,2000,36.23539
44721,3,14,2001,36.43981
44721,3,14,2002,36.59236
44721,3,14,2003,36.78849
44721,3,14,2004,37.23608
44721,3,14,2005,37.46169
44721,3,14,2006,37.8595
44721,3,14,2007,38.17023
44721,3,14,2008,38.3816
44721,3,14,2009,38.73818
44721,3,14,2010,38.95707
44721,3,14,2011,39.16025
44721,3,14,2012,39.11669
44721,3,14,2013,39.0264
44721,3,14,2014,39.02674
44721,3,14,2015,39.07458
44721,3,14,2016,39.19911
44721,3,14,2017,39.35747
44721,3,14,2018,39.45291
44721,3,14,2019,39.79226
44722,1,14,1950,30.66998
44722,1,14,1951,30.32051
44722,1,14,1952,30.8457
44722,1,14,1953,31.30582
44722,1,14,1954,30.89979
44722,1,14,1955,30.75795
44722,1,14,1956,30.81488
44722,1,14,1957,30.98466
44722,1,14,1958,31.23181
44722,1,14,1959,31.09363
44722,1,14,1960,30.95157
44722,1,14,1961,30.68426
44722,1,14,1962,30.9003
44722,1,14,1963,30.82717
44722,1,14,1964,30.90485
44722,1,14,1965,30.92111
44722,1,14,1966,30.79949
44722,1,14,1967,31.23462
44722,1,14,1968,30.80099
44722,1,14,1969,30.65593
44722,1,14,1970,30.79949
44722,1,14,1971,30.90017
44722,1,14,1972,30.70445
44722,1,14,1973,30.53595
44722,1,14,1974,30.87578
44722,1,14,1975,30.70271
44722,1,14,1976,30.39914
44722,1,14,1977,30.52846
44722,1,14,1978,30.15625
44722,1,14,1979,29.77025
44722,1,14,1980,29.71909
44722,1,14,1981,29.55424
44722,1,14,1982,29.7667
44722,1,14,1983,29.94645
44722,1,14,1984,30.05045
44722,1,14,1985,30.28774
44722,1,14,1986,30.20449
44722,1,14,1987,30.45549
44722,1,14,1988,30.72253
44722,1,14,1989,31.04401
44722,1,14,1990,31.22266
44722,1,14,1991,31.42341
44722,1,14,1992,31.76244
44722,1,14,1993,31.79274
44722,1,14,1994,32.20551
44722,1,14,1995,32.42986
44722,1,14,1996,32.92305
44722,1,14,1997,33.35018
44722,1,14,1998,33.46388
44722,1,14,1999,33.72679
44722,1,14,2000,34.14953
44722,1,14,2001,34.45983
44722,1,14,2002,34.4372
44722,1,14,2003,34.50242
44722,1,14,2004,34.58308
44722,1,14,2005,34.36204
44722,1,14,2006,34.62892
44722,1,14,2007,34.95409
44722,1,14,2008,35.89001
44722,1,14,2009,36.4215
44722,1,14,2010,36.53579
44722,1,14,2011,37.33261
44722,1,14,2012,37.53248
44722,1,14,2013,37.43106
44722,1,14,2014,37.36045
44722,1,14,2015,37.51228
44722,1,14,2016,37.78298
44722,1,14,2017,37.89822
44722,1,14,2018,38.17551
44722,1,14,2019,38.50174
44722,2,14,1950,33.85019
44722,2,14,1951,33.83452
44722,2,14,1952,34.41564
44722,2,14,1953,34.70194
44722,2,14,1954,34.73603
44722,2,14,1955,34.88325
44722,2,14,1956,35.20724
44722,2,14,1957,35.20031
44722,2,14,1958,35.18065
44722,2,14,1959,35.51534
44722,2,14,1960,35.46596
44722,2,14,1961,35.48933
44722,2,14,1962,35.46822
44722,2,14,1963,35.55099
44722,2,14,1964,35.6666
44722,2,14,1965,35.79514
44722,2,14,1966,35.74106
44722,2,14,1967,36.07381
44722,2,14,1968,35.68429
44722,2,14,1969,35.64532
44722,2,14,1970,35.8146
44722,2,14,1971,35.96432
44722,2,14,1972,35.60984
44722,2,14,1973,35.65574
44722,2,14,1974,35.61126
44722,2,14,1975,35.69397
44722,2,14,1976,35.59801
44722,2,14,1977,35.53958
44722,2,14,1978,35.23597
44722,2,14,1979,35.01058
44722,2,14,1980,34.7837
44722,2,14,1981,34.69061
44722,2,14,1982,34.77079
44722,2,14,1983,34.69177
44722,2,14,1984,34.76955
44722,2,14,1985,34.82241
44722,2,14,1986,35.17289
44722,2,14,1987,35.25054
44722,2,14,1988,35.38864
44722,2,14,1989,35.5631
44722,2,14,1990,35.76926
44722,2,14,1991,35.92358
44722,2,14,1992,36.19889
44722,2,14,1993,36.10818
44722,2,14,1994,36.32635
44722,2,14,1995,36.29763
44722,2,14,1996,36.639
44722,2,14,1997,36.93663
44722,2,14,1998,36.85687
44722,2,14,1999,37.04181
44722,2,14,2000,37.33794
44722,2,14,2001,37.72815
44722,2,14,2002,37.91978
44722,2,14,2003,38.00669
44722,2,14,2004,38.42164
44722,2,14,2005,38.48193
44722,2,14,2006,38.80243
44722,2,14,2007,38.87995
44722,2,14,2008,38.92484
44722,2,14,2009,39.21158
44722,2,14,2010,39.35998
44722,2,14,2011,39.59649
44722,2,14,2012,39.56174
44722,2,14,2013,39.52988
44722,2,14,2014,39.68382
44722,2,14,2015,39.71147
44722,2,14,2016,39.91016
44722,2,14,2017,40.04573
44722,2,14,2018,40.22211
44722,2,14,2019,40.62368
44722,3,14,1950,31.39733
44722,3,14,1951,31.2519
44722,3,14,1952,31.60983
44722,3,14,1953,32.03182
44722,3,14,1954,31.9326
44722,3,14,1955,32.06211
44722,3,14,1956,31.97571
44722,3,14,1957,32.10548
44722,3,14,1958,32.13987
44722,3,14,1959,32.20058
44722,3,14,1960,32.33844
44722,3,14,1961,32.11796
44722,3,14,1962,32.06739
44722,3,14,1963,32.10413
44722,3,14,1964,32.70653
44722,3,14,1965,32.42886
44722,3,14,1966,32.38557
44722,3,14,1967,32.56878
44722,3,14,1968,32.46062
44722,3,14,1969,32.33526
44722,3,14,1970,32.46707
44722,3,14,1971,32.54941
44722,3,14,1972,32.49905
44722,3,14,1973,32.31199
44722,3,14,1974,32.47712
44722,3,14,1975,32.55372
44722,3,14,1976,32.38138
44722,3,14,1977,32.33487
44722,3,14,1978,32.37517
44722,3,14,1979,31.94701
44722,3,14,1980,31.99251
44722,3,14,1981,31.91368
44722,3,14,1982,32.07846
44722,3,14,1983,32.13258
44722,3,14,1984,32.27973
44722,3,14,1985,32.38124
44722,3,14,1986,32.55614
44722,3,14,1987,32.7199
44722,3,14,1988,32.92593
44722,3,14,1989,33.1866
44722,3,14,1990,33.37125
44722,3,14,1991,33.58501
44722,3,14,1992,33.90838
44722,3,14,1993,33.85778
44722,3,14,1994,34.17457
44722,3,14,1995,34.32768
44722,3,14,1996,34.76121
44722,3,14,1997,35.07723
44722,3,14,1998,35.13339
44722,3,14,1999,35.34525
44722,3,14,2000,35.69411
44722,3,14,2001,36.0787
44722,3,14,2002,36.13763
44722,3,14,2003,36.2197
44722,3,14,2004,36.44775
44722,3,14,2005,36.35311
44722,3,14,2006,36.64707
44722,3,14,2007,36.83875
44722,3,14,2008,37.33085
44722,3,14,2009,37.72276
44722,3,14,2010,37.87917
44722,3,14,2011,38.32951
44722,3,14,2012,38.43034
44722,3,14,2013,38.35242
44722,3,14,2014,38.38169
44722,3,14,2015,38.48198
44722,3,14,2016,38.67894
44722,3,14,2017,38.78634
44722,3,14,2018,38.84859
44722,3,14,2019,39.14052
44723,1,14,1950,31.4363
44723,1,14,1951,31.01524
44723,1,14,1952,31.58092
44723,1,14,1953,31.88929
44723,1,14,1954,31.8453
44723,1,14,1955,32.08946
44723,1,14,1956,32.05633
44723,1,14,1957,32.08422
44723,1,14,1958,32.33803
44723,1,14,1959,32.48836
44723,1,14,1960,32.57646
44723,1,14,1961,32.02992
44723,1,14,1962,31.79316
44723,1,14,1963,31.94151
44723,1,14,1964,32.55927
44723,1,14,1965,32.04481
44723,1,14,1966,32.28226
44723,1,14,1967,32.41169
44723,1,14,1968,32.40067
44723,1,14,1969,32.2341
44723,1,14,1970,32.42192
44723,1,14,1971,32.63398
44723,1,14,1972,32.59228
44723,1,14,1973,32.52491
44723,1,14,1974,32.55603
44723,1,14,1975,32.48278
44723,1,14,1976,32.40762
44723,1,14,1977,32.33647
44723,1,14,1978,31.97699
44723,1,14,1979,31.51736
44723,1,14,1980,31.33669
44723,1,14,1981,31.08433
44723,1,14,1982,31.14001
44723,1,14,1983,31.33761
44723,1,14,1984,31.3572
44723,1,14,1985,31.61131
44723,1,14,1986,31.50358
44723,1,14,1987,31.69216
44723,1,14,1988,31.90865
44723,1,14,1989,32.09646
44723,1,14,1990,32.17068
44723,1,14,1991,32.36821
44723,1,14,1992,32.7544
44723,1,14,1993,32.94612
44723,1,14,1994,33.29542
44723,1,14,1995,33.37409
44723,1,14,1996,33.58064
44723,1,14,1997,33.8523
44723,1,14,1998,33.91172
44723,1,14,1999,34.03638
44723,1,14,2000,34.2835
44723,1,14,2001,34.74939
44723,1,14,2002,34.92089
44723,1,14,2003,35.23491
44723,1,14,2004,35.58492
44723,1,14,2005,35.8369
44723,1,14,2006,36.14076
44723,1,14,2007,36.25896
44723,1,14,2008,36.10921
44723,1,14,2009,36.29493
44723,1,14,2010,36.4361
44723,1,14,2011,36.82247
44723,1,14,2012,36.93591
44723,1,14,2013,36.98747
44723,1,14,2014,37.14654
44723,1,14,2015,37.21657
44723,1,14,2016,36.9954
44723,1,14,2017,36.89959
44723,1,14,2018,37.20721
44723,1,14,2019,37.57908
44723,2,14,1950,34.71188
44723,2,14,1951,34.71654
44723,2,14,1952,35.27598
44723,2,14,1953,35.73593
44723,2,14,1954,35.78635
44723,2,14,1955,35.85111
44723,2,14,1956,36.04357
44723,2,14,1957,36.24645
44723,2,14,1958,36.19746
44723,2,14,1959,36.56112
44723,2,14,1960,36.48868
44723,2,14,1961,36.56457
44723,2,14,1962,36.53502
44723,2,14,1963,36.53508
44723,2,14,1964,36.837
44723,2,14,1965,36.90711
44723,2,14,1966,37.00153
44723,2,14,1967,37.23004
44723,2,14,1968,37.05302
44723,2,14,1969,36.97028
44723,2,14,1970,37.2775
44723,2,14,1971,37.15883
44723,2,14,1972,37.03079
44723,2,14,1973,37.02379
44723,2,14,1974,37.1155
44723,2,14,1975,37.2131
44723,2,14,1976,37.05251
44723,2,14,1977,37.04413
44723,2,14,1978,36.82189
44723,2,14,1979,36.51473
44723,2,14,1980,36.25528
44723,2,14,1981,36.01652
44723,2,14,1982,35.96615
44723,2,14,1983,35.95308
44723,2,14,1984,35.98736
44723,2,14,1985,36.05663
44723,2,14,1986,36.43376
44723,2,14,1987,36.47202
44723,2,14,1988,36.63924
44723,2,14,1989,36.7822
44723,2,14,1990,36.69382
44723,2,14,1991,36.87831
44723,2,14,1992,37.17968
44723,2,14,1993,37.18277
44723,2,14,1994,37.47353
44723,2,14,1995,37.431
44723,2,14,1996,37.79044
44723,2,14,1997,38.10339
44723,2,14,1998,37.97293
44723,2,14,1999,38.0005
44723,2,14,2000,38.15092
44723,2,14,2001,38.32743
44723,2,14,2002,38.51276
44723,2,14,2003,38.58351
44723,2,14,2004,38.98658
44723,2,14,2005,39.16395
44723,2,14,2006,39.59673
44723,2,14,2007,39.57954
44723,2,14,2008,39.52879
44723,2,14,2009,39.88202
44723,2,14,2010,39.94487
44723,2,14,2011,40.05499
44723,2,14,2012,40.06438
44723,2,14,2013,39.99135
44723,2,14,2014,40.11596
44723,2,14,2015,40.31422
44723,2,14,2016,40.37588
44723,2,14,2017,40.65294
44723,2,14,2018,40.81435
44723,2,14,2019,41.1874
44723,3,14,1950,32.32184
44723,3,14,1951,31.99995
44723,3,14,1952,32.47441
44723,3,14,1953,32.92272
44723,3,14,1954,32.95978
44723,3,14,1955,32.96068
44723,3,14,1956,33.14044
44723,3,14,1957,33.23362
44723,3,14,1958,33.49694
44723,3,14,1959,33.43809
44723,3,14,1960,33.69278
44723,3,14,1961,33.42026
44723,3,14,1962,33.25485
44723,3,14,1963,33.34616
44723,3,14,1964,33.80751
44723,3,14,1965,33.79891
44723,3,14,1966,33.84141
44723,3,14,1967,33.99648
44723,3,14,1968,33.964
44723,3,14,1969,33.89727
44723,3,14,1970,33.96051
44723,3,14,1971,34.23086
44723,3,14,1972,33.88543
44723,3,14,1973,34.10396
44723,3,14,1974,34.11545
44723,3,14,1975,34.26605
44723,3,14,1976,34.20794
44723,3,14,1977,34.31952
44723,3,14,1978,33.99794
44723,3,14,1979,33.68515
44723,3,14,1980,33.57799
44723,3,14,1981,33.45913
44723,3,14,1982,33.50592
44723,3,14,1983,33.59991
44723,3,14,1984,33.6323
44723,3,14,1985,33.77115
44723,3,14,1986,33.89666
44723,3,14,1987,34.03845
44723,3,14,1988,34.21783
44723,3,14,1989,34.3797
44723,3,14,1990,34.36848
44723,3,14,1991,34.53909
44723,3,14,1992,34.92231
44723,3,14,1993,35.0229
44723,3,14,1994,35.32914
44723,3,14,1995,35.36063
44723,3,14,1996,35.62931
44723,3,14,1997,35.92406
44723,3,14,1998,35.90466
44723,3,14,1999,35.95642
44723,3,14,2000,36.17505
44723,3,14,2001,36.5164
44723,3,14,2002,36.6595
44723,3,14,2003,36.86109
44723,3,14,2004,37.21184
44723,3,14,2005,37.45217
44723,3,14,2006,37.80989
44723,3,14,2007,37.85552
44723,3,14,2008,37.76028
44723,3,14,2009,38.00387
44723,3,14,2010,38.12436
44723,3,14,2011,38.38104
44723,3,14,2012,38.43101
44723,3,14,2013,38.43228
44723,3,14,2014,38.56022
44723,3,14,2015,38.68474
44723,3,14,2016,38.57674
44723,3,14,2017,38.63155
44723,3,14,2018,38.73012
44723,3,14,2019,39.02012
44724,1,14,1950,31.13321
44724,1,14,1951,30.83316
44724,1,14,1952,31.04364
44724,1,14,1953,31.39104
44724,1,14,1954,31.50608
44724,1,14,1955,31.45458
44724,1,14,1956,31.69208
44724,1,14,1957,31.53729
44724,1,14,1958,31.82263
44724,1,14,1959,31.77591
44724,1,14,1960,31.51616
44724,1,14,1961,31.42199
44724,1,14,1962,31.49327
44724,1,14,1963,31.40899
44724,1,14,1964,31.86327
44724,1,14,1965,31.78223
44724,1,14,1966,31.67722
44724,1,14,1967,32.00024
44724,1,14,1968,31.84324
44724,1,14,1969,31.91661
44724,1,14,1970,32.06468
44724,1,14,1971,31.92449
44724,1,14,1972,31.78452
44724,1,14,1973,31.93918
44724,1,14,1974,32.14486
44724,1,14,1975,31.88588
44724,1,14,1976,31.94491
44724,1,14,1977,31.90037
44724,1,14,1978,31.71281
44724,1,14,1979,31.31116
44724,1,14,1980,31.12117
44724,1,14,1981,30.91161
44724,1,14,1982,30.94142
44724,1,14,1983,30.86227
44724,1,14,1984,30.92558
44724,1,14,1985,31.15882
44724,1,14,1986,31.05553
44724,1,14,1987,31.18679
44724,1,14,1988,31.3901
44724,1,14,1989,31.57132
44724,1,14,1990,31.73835
44724,1,14,1991,31.87575
44724,1,14,1992,32.10113
44724,1,14,1993,32.0792
44724,1,14,1994,32.40781
44724,1,14,1995,32.56429
44724,1,14,1996,32.7893
44724,1,14,1997,33.01376
44724,1,14,1998,33.01861
44724,1,14,1999,33.07146
44724,1,14,2000,33.25294
44724,1,14,2001,33.58254
44724,1,14,2002,33.66472
44724,1,14,2003,33.89917
44724,1,14,2004,34.24312
44724,1,14,2005,34.66346
44724,1,14,2006,35.00534
44724,1,14,2007,35.37541
44724,1,14,2008,35.73158
44724,1,14,2009,36.11537
44724,1,14,2010,36.33601
44724,1,14,2011,36.57111
44724,1,14,2012,36.57706
44724,1,14,2013,36.36496
44724,1,14,2014,36.19649
44724,1,14,2015,36.24524
44724,1,14,2016,36.56972
44724,1,14,2017,36.65934
44724,1,14,2018,36.75261
44724,1,14,2019,37.30274
44724,2,14,1950,34.03378
44724,2,14,1951,33.75956
44724,2,14,1952,34.51228
44724,2,14,1953,34.79476
44724,2,14,1954,34.69319
44724,2,14,1955,34.78175
44724,2,14,1956,35.29014
44724,2,14,1957,35.00138
44724,2,14,1958,35.22003
44724,2,14,1959,35.25749
44724,2,14,1960,35.56707
44724,2,14,1961,35.4038
44724,2,14,1962,35.13512
44724,2,14,1963,35.55471
44724,2,14,1964,35.65467
44724,2,14,1965,35.81106
44724,2,14,1966,35.77838
44724,2,14,1967,36.02826
44724,2,14,1968,35.71871
44724,2,14,1969,35.86396
44724,2,14,1970,35.96013
44724,2,14,1971,35.76148
44724,2,14,1972,35.92388
44724,2,14,1973,35.88338
44724,2,14,1974,36.15312
44724,2,14,1975,36.05612
44724,2,14,1976,36.0102
44724,2,14,1977,35.81205
44724,2,14,1978,35.64651
44724,2,14,1979,35.35416
44724,2,14,1980,35.22298
44724,2,14,1981,35.04577
44724,2,14,1982,35.03097
44724,2,14,1983,35.11269
44724,2,14,1984,35.25539
44724,2,14,1985,35.34268
44724,2,14,1986,35.58614
44724,2,14,1987,35.55721
44724,2,14,1988,35.59106
44724,2,14,1989,35.74887
44724,2,14,1990,35.91566
44724,2,14,1991,36.08887
44724,2,14,1992,36.42235
44724,2,14,1993,36.41182
44724,2,14,1994,36.66829
44724,2,14,1995,36.59932
44724,2,14,1996,36.88742
44724,2,14,1997,37.1064
44724,2,14,1998,36.96955
44724,2,14,1999,37.08089
44724,2,14,2000,37.26144
44724,2,14,2001,37.40745
44724,2,14,2002,37.5578
44724,2,14,2003,37.68532
44724,2,14,2004,38.09091
44724,2,14,2005,38.10551
44724,2,14,2006,38.46532
44724,2,14,2007,38.53609
44724,2,14,2008,38.60379
44724,2,14,2009,38.90515
44724,2,14,2010,39.14928
44724,2,14,2011,39.38389
44724,2,14,2012,39.38607
44724,2,14,2013,39.28117
44724,2,14,2014,39.36475
44724,2,14,2015,39.32997
44724,2,14,2016,39.42115
44724,2,14,2017,39.29189
44724,2,14,2018,39.50621
44724,2,14,2019,39.84429
44724,3,14,1950,31.71859
44724,3,14,1951,31.71326
44724,3,14,1952,31.97643
44724,3,14,1953,32.35124
44724,3,14,1954,32.38326
44724,3,14,1955,32.38272
44724,3,14,1956,32.49983
44724,3,14,1957,32.65876
44724,3,14,1958,32.76443
44724,3,14,1959,32.79718
44724,3,14,1960,32.87729
44724,3,14,1961,32.71884
44724,3,14,1962,32.61359
44724,3,14,1963,32.88679
44724,3,14,1964,33.07708
44724,3,14,1965,33.20563
44724,3,14,1966,33.17234
44724,3,14,1967,33.32685
44724,3,14,1968,33.1628
44724,3,14,1969,33.14057
44724,3,14,1970,33.25234
44724,3,14,1971,33.3903
44724,3,14,1972,33.31356
44724,3,14,1973,33.43169
44724,3,14,1974,33.49828
44724,3,14,1975,33.50405
44724,3,14,1976,33.50101
44724,3,14,1977,33.51426
44724,3,14,1978,33.37372
44724,3,14,1979,33.04268
44724,3,14,1980,33.03865
44724,3,14,1981,32.99018
44724,3,14,1982,32.99875
44724,3,14,1983,32.99937
44724,3,14,1984,33.11609
44724,3,14,1985,33.27929
44724,3,14,1986,33.35622
44724,3,14,1987,33.35369
44724,3,14,1988,33.46212
44724,3,14,1989,33.64695
44724,3,14,1990,33.83961
44724,3,14,1991,34.00471
44724,3,14,1992,34.25254
44724,3,14,1993,34.2379
44724,3,14,1994,34.55011
44724,3,14,1995,34.53741
44724,3,14,1996,34.82792
44724,3,14,1997,35.04496
44724,3,14,1998,34.95448
44724,3,14,1999,35.03981
44724,3,14,2000,35.23579
44724,3,14,2001,35.48444
44724,3,14,2002,35.59015
44724,3,14,2003,35.71375
44724,3,14,2004,36.11796
44724,3,14,2005,36.32335
44724,3,14,2006,36.64946
44724,3,14,2007,36.88839
44724,3,14,2008,37.10632
44724,3,14,2009,37.46107
44724,3,14,2010,37.65671
44724,3,14,2011,37.8939
44724,3,14,2012,37.83412
44724,3,14,2013,37.68687
44724,3,14,2014,37.69337
44724,3,14,2015,37.65483
44724,3,14,2016,37.81204
44724,3,14,2017,37.79053
44724,3,14,2018,37.86373
44724,3,14,2019,38.20684
44725,1,14,1950,30.94134
44725,1,14,1951,30.28225
44725,1,14,1952,30.61522
44725,1,14,1953,30.87173
44725,1,14,1954,30.86966
44725,1,14,1955,31.04227
44725,1,14,1956,30.71714
44725,1,14,1957,30.95514
44725,1,14,1958,30.95814
44725,1,14,1959,31.03556
44725,1,14,1960,31.0886
44725,1,14,1961,30.98421
44725,1,14,1962,30.80067
44725,1,14,1963,30.55563
44725,1,14,1964,30.97282
44725,1,14,1965,31.17852
44725,1,14,1966,30.97497
44725,1,14,1967,31.00999
44725,1,14,1968,31.02854
44725,1,14,1969,30.76497
44725,1,14,1970,30.84713
44725,1,14,1971,30.94892
44725,1,14,1972,30.84102
44725,1,14,1973,30.69774
44725,1,14,1974,30.75057
44725,1,14,1975,30.80661
44725,1,14,1976,30.63395
44725,1,14,1977,30.82067
44725,1,14,1978,30.45733
44725,1,14,1979,30.22291
44725,1,14,1980,30.43557
44725,1,14,1981,30.2823
44725,1,14,1982,30.33568
44725,1,14,1983,30.33047
44725,1,14,1984,30.12855
44725,1,14,1985,30.4343
44725,1,14,1986,30.54028
44725,1,14,1987,30.77791
44725,1,14,1988,30.93117
44725,1,14,1989,31.05648
44725,1,14,1990,31.15529
44725,1,14,1991,31.3737
44725,1,14,1992,31.62063
44725,1,14,1993,31.7222
44725,1,14,1994,32.03022
44725,1,14,1995,32.16793
44725,1,14,1996,32.64134
44725,1,14,1997,33.05123
44725,1,14,1998,33.0529
44725,1,14,1999,32.97529
44725,1,14,2000,33.23491
44725,1,14,2001,33.63478
44725,1,14,2002,33.68468
44725,1,14,2003,33.96541
44725,1,14,2004,34.36863
44725,1,14,2005,34.5663
44725,1,14,2006,34.74136
44725,1,14,2007,34.82175
44725,1,14,2008,34.96711
44725,1,14,2009,35.29364
44725,1,14,2010,35.40652
44725,1,14,2011,35.56136
44725,1,14,2012,35.64954
44725,1,14,2013,35.5723
44725,1,14,2014,35.68993
44725,1,14,2015,35.80804
44725,1,14,2016,35.75119
44725,1,14,2017,35.88194
44725,1,14,2018,36.17507
44725,1,14,2019,36.72775
44725,2,14,1950,34.16257
44725,2,14,1951,34.201
44725,2,14,1952,34.60847
44725,2,14,1953,34.90164
44725,2,14,1954,35.0322
44725,2,14,1955,35.08103
44725,2,14,1956,35.2846
44725,2,14,1957,35.3438
44725,2,14,1958,35.49477
44725,2,14,1959,35.64388
44725,2,14,1960,35.66762
44725,2,14,1961,35.56883
44725,2,14,1962,35.62224
44725,2,14,1963,35.60089
44725,2,14,1964,35.90252
44725,2,14,1965,36.04427
44725,2,14,1966,36.12902
44725,2,14,1967,36.41495
44725,2,14,1968,35.92943
44725,2,14,1969,35.95838
44725,2,14,1970,36.19413
44725,2,14,1971,36.20766
44725,2,14,1972,36.23253
44725,2,14,1973,35.96045
44725,2,14,1974,36.09739
44725,2,14,1975,36.00744
44725,2,14,1976,36.02431
44725,2,14,1977,35.94891
44725,2,14,1978,35.89047
44725,2,14,1979,35.47206
44725,2,14,1980,35.3275
44725,2,14,1981,35.06874
44725,2,14,1982,35.0608
44725,2,14,1983,34.92684
44725,2,14,1984,34.96485
44725,2,14,1985,34.8831
44725,2,14,1986,35.03429
44725,2,14,1987,35.03943
44725,2,14,1988,35.12999
44725,2,14,1989,35.36777
44725,2,14,1990,35.5968
44725,2,14,1991,35.87053
44725,2,14,1992,36.16336
44725,2,14,1993,36.06413
44725,2,14,1994,36.34148
44725,2,14,1995,36.21824
44725,2,14,1996,36.48499
44725,2,14,1997,36.73581
44725,2,14,1998,36.58008
44725,2,14,1999,36.73821
44725,2,14,2000,37.00537
44725,2,14,2001,37.22516
44725,2,14,2002,37.40363
44725,2,14,2003,37.50649
44725,2,14,2004,37.91153
44725,2,14,2005,38.01053
44725,2,14,2006,38.31935
44725,2,14,2007,38.38104
44725,2,14,2008,38.44054
44725,2,14,2009,38.7296
44725,2,14,2010,38.82948
44725,2,14,2011,38.9952
44725,2,14,2012,38.9563
44725,2,14,2013,38.87938
44725,2,14,2014,39.06988
44725,2,14,2015,39.15612
44725,2,14,2016,39.3738
44725,2,14,2017,39.50315
44725,2,14,2018,39.78875
44725,2,14,2019,40.26305
44725,3,14,1950,31.59542
44725,3,14,1951,31.33864
44725,3,14,1952,31.81799
44725,3,14,1953,32.02718
44725,3,14,1954,32.25682
44725,3,14,1955,32.15573
44725,3,14,1956,32.02868
44725,3,14,1957,32.27181
44725,3,14,1958,32.27903
44725,3,14,1959,32.2764
44725,3,14,1960,32.54605
44725,3,14,1961,32.34725
44725,3,14,1962,32.34623
44725,3,14,1963,32.13897
44725,3,14,1964,32.54858
44725,3,14,1965,32.6966
44725,3,14,1966,32.50242
44725,3,14,1967,32.97318
44725,3,14,1968,32.58574
44725,3,14,1969,32.46021
44725,3,14,1970,32.70884
44725,3,14,1971,32.73508
44725,3,14,1972,32.58397
44725,3,14,1973,32.58945
44725,3,14,1974,32.64879
44725,3,14,1975,32.6261
44725,3,14,1976,32.7211
44725,3,14,1977,32.785
44725,3,14,1978,32.56076
44725,3,14,1979,32.37449
44725,3,14,1980,32.49885
44725,3,14,1981,32.47563
44725,3,14,1982,32.54546
44725,3,14,1983,32.48095
44725,3,14,1984,32.38636
44725,3,14,1985,32.51185
44725,3,14,1986,32.69292
44725,3,14,1987,32.77579
44725,3,14,1988,32.94513
44725,3,14,1989,33.1172
44725,3,14,1990,33.24673
44725,3,14,1991,33.50083
44725,3,14,1992,33.77056
44725,3,14,1993,33.76794
44725,3,14,1994,34.01595
44725,3,14,1995,34.08411
44725,3,14,1996,34.47414
44725,3,14,1997,34.80046
44725,3,14,1998,34.72261
44725,3,14,1999,34.72073
44725,3,14,2000,34.99538
44725,3,14,2001,35.30377
44725,3,14,2002,35.41414
44725,3,14,2003,35.61096
44725,3,14,2004,36.00273
44725,3,14,2005,36.21152
44725,3,14,2006,36.42331
44725,3,14,2007,36.49924
44725,3,14,2008,36.6015
44725,3,14,2009,36.92361
44725,3,14,2010,37.00524
44725,3,14,2011,37.18539
44725,3,14,2012,37.17119
44725,3,14,2013,37.12134
44725,3,14,2014,37.22338
44725,3,14,2015,37.33692
44725,3,14,2016,37.39709
44725,3,14,2017,37.48698
44725,3,14,2018,37.6908
44725,3,14,2019,38.04471
44726,1,14,1950,30.78559
44726,1,14,1951,30.60145
44726,1,14,1952,31.0277
44726,1,14,1953,31.25775
44726,1,14,1954,31.32561
44726,1,14,1955,31.36455
44726,1,14,1956,31.00918
44726,1,14,1957,31.58799
44726,1,14,1958,31.4298
44726,1,14,1959,31.53397
44726,1,14,1960,31.51661
44726,1,14,1961,31.46555
44726,1,14,1962,31.50037
44726,1,14,1963,31.25523
44726,1,14,1964,31.60123
44726,1,14,1965,31.61811
44726,1,14,1966,31.66825
44726,1,14,1967,31.64225
44726,1,14,1968,31.59662
44726,1,14,1969,31.42652
44726,1,14,1970,31.68019
44726,1,14,1971,31.74125
44726,1,14,1972,31.48853
44726,1,14,1973,31.33428
44726,1,14,1974,31.62554
44726,1,14,1975,31.65636
44726,1,14,1976,31.46444
44726,1,14,1977,31.55226
44726,1,14,1978,31.08217
44726,1,14,1979,30.82083
44726,1,14,1980,30.50982
44726,1,14,1981,30.31594
44726,1,14,1982,30.24934
44726,1,14,1983,30.29685
44726,1,14,1984,30.32869
44726,1,14,1985,30.52992
44726,1,14,1986,30.23805
44726,1,14,1987,30.27224
44726,1,14,1988,30.46474
44726,1,14,1989,30.71546
44726,1,14,1990,30.79782
44726,1,14,1991,30.7139
44726,1,14,1992,30.8467
44726,1,14,1993,30.82429
44726,1,14,1994,31.45443
44726,1,14,1995,31.54291
44726,1,14,1996,31.66708
44726,1,14,1997,31.90144
44726,1,14,1998,32.04815
44726,1,14,1999,32.1929
44726,1,14,2000,32.62989
44726,1,14,2001,33.1445
44726,1,14,2002,33.22326
44726,1,14,2003,33.40769
44726,1,14,2004,33.62869
44726,1,14,2005,33.84791
44726,1,14,2006,34.28388
44726,1,14,2007,34.61315
44726,1,14,2008,34.97826
44726,1,14,2009,35.50448
44726,1,14,2010,35.73124
44726,1,14,2011,35.95327
44726,1,14,2012,35.70008
44726,1,14,2013,35.59405
44726,1,14,2014,35.45649
44726,1,14,2015,35.43727
44726,1,14,2016,35.36858
44726,1,14,2017,35.53889
44726,1,14,2018,35.8944
44726,1,14,2019,36.32748
44726,2,14,1950,33.4844
44726,2,14,1951,33.59047
44726,2,14,1952,34.25336
44726,2,14,1953,34.57496
44726,2,14,1954,34.60476
44726,2,14,1955,34.65335
44726,2,14,1956,34.72707
44726,2,14,1957,35.07529
44726,2,14,1958,34.88962
44726,2,14,1959,34.90532
44726,2,14,1960,35.0603
44726,2,14,1961,34.85192
44726,2,14,1962,34.91141
44726,2,14,1963,34.92304
44726,2,14,1964,35.38533
44726,2,14,1965,35.40344
44726,2,14,1966,35.39259
44726,2,14,1967,35.53285
44726,2,14,1968,35.38511
44726,2,14,1969,35.30299
44726,2,14,1970,35.45317
44726,2,14,1971,35.67576
44726,2,14,1972,35.23949
44726,2,14,1973,35.19425
44726,2,14,1974,35.40278
44726,2,14,1975,35.07897
44726,2,14,1976,35.13941
44726,2,14,1977,35.11902
44726,2,14,1978,34.95864
44726,2,14,1979,34.62589
44726,2,14,1980,34.49332
44726,2,14,1981,34.32496
44726,2,14,1982,34.44241
44726,2,14,1983,34.48727
44726,2,14,1984,34.78289
44726,2,14,1985,35.06838
44726,2,14,1986,35.34131
44726,2,14,1987,35.36819
44726,2,14,1988,35.45022
44726,2,14,1989,35.56971
44726,2,14,1990,35.66926
44726,2,14,1991,35.7171
44726,2,14,1992,35.90057
44726,2,14,1993,35.85797
44726,2,14,1994,36.10978
44726,2,14,1995,36.17919
44726,2,14,1996,36.50261
44726,2,14,1997,36.78985
44726,2,14,1998,36.68194
44726,2,14,1999,36.7546
44726,2,14,2000,36.97172
44726,2,14,2001,37.12245
44726,2,14,2002,37.25949
44726,2,14,2003,37.27441
44726,2,14,2004,37.67063
44726,2,14,2005,37.69441
44726,2,14,2006,38.05
44726,2,14,2007,38.10588
44726,2,14,2008,38.21235
44726,2,14,2009,38.61103
44726,2,14,2010,38.83773
44726,2,14,2011,39.05189
44726,2,14,2012,38.93238
44726,2,14,2013,38.88328
44726,2,14,2014,38.99826
44726,2,14,2015,38.9774
44726,2,14,2016,39.13005
44726,2,14,2017,39.12008
44726,2,14,2018,39.47047
44726,2,14,2019,39.79845
44726,3,14,1950,31.42097
44726,3,14,1951,31.28102
44726,3,14,1952,31.7231
44726,3,14,1953,32.15876
44726,3,14,1954,32.11654
44726,3,14,1955,32.07846
44726,3,14,1956,32.13704
44726,3,14,1957,32.42596
44726,3,14,1958,32.39796
44726,3,14,1959,32.41631
44726,3,14,1960,32.49201
44726,3,14,1961,32.34308
44726,3,14,1962,32.25517
44726,3,14,1963,32.16363
44726,3,14,1964,32.70307
44726,3,14,1965,32.63436
44726,3,14,1966,32.60345
44726,3,14,1967,32.87865
44726,3,14,1968,32.68147
44726,3,14,1969,32.45627
44726,3,14,1970,32.7529
44726,3,14,1971,32.8543
44726,3,14,1972,32.69959
44726,3,14,1973,32.59948
44726,3,14,1974,32.86597
44726,3,14,1975,32.70099
44726,3,14,1976,32.76679
44726,3,14,1977,32.80352
44726,3,14,1978,32.56666
44726,3,14,1979,32.39179
44726,3,14,1980,32.28326
44726,3,14,1981,32.17158
44726,3,14,1982,32.20005
44726,3,14,1983,32.2824
44726,3,14,1984,32.42774
44726,3,14,1985,32.67448
44726,3,14,1986,32.64128
44726,3,14,1987,32.65087
44726,3,14,1988,32.78679
44726,3,14,1989,32.99558
44726,3,14,1990,33.0518
44726,3,14,1991,33.06474
44726,3,14,1992,33.20368
44726,3,14,1993,33.10999
44726,3,14,1994,33.60526
44726,3,14,1995,33.673
44726,3,14,1996,33.89104
44726,3,14,1997,34.13364
44726,3,14,1998,34.15917
44726,3,14,1999,34.25428
44726,3,14,2000,34.62258
44726,3,14,2001,34.98143
44726,3,14,2002,35.05132
44726,3,14,2003,35.14384
44726,3,14,2004,35.41603
44726,3,14,2005,35.5622
44726,3,14,2006,35.9977
44726,3,14,2007,36.20676
44726,3,14,2008,36.43396
44726,3,14,2009,36.89807
44726,3,14,2010,37.11131
44726,3,14,2011,37.35421
44726,3,14,2012,37.17712
44726,3,14,2013,37.0669
44726,3,14,2014,37.09762
44726,3,14,2015,37.02263
44726,3,14,2016,37.04873
44726,3,14,2017,37.14137
44726,3,14,2018,37.33383
44726,3,14,2019,37.66026
44727,1,14,1950,31.45673
44727,1,14,1951,31.11511
44727,1,14,1952,31.63142
44727,1,14,1953,31.60669
44727,1,14,1954,31.80181
44727,1,14,1955,31.57534
44727,1,14,1956,31.99998
44727,1,14,1957,31.72074
44727,1,14,1958,31.70784
44727,1,14,1959,31.91226
44727,1,14,1960,31.89724
44727,1,14,1961,31.71014
44727,1,14,1962,31.57632
44727,1,14,1963,31.40166
44727,1,14,1964,31.66501
44727,1,14,1965,31.67514
44727,1,14,1966,31.67639
44727,1,14,1967,31.84623
44727,1,14,1968,31.89545
44727,1,14,1969,31.53319
44727,1,14,1970,31.54186
44727,1,14,1971,31.71469
44727,1,14,1972,31.33583
44727,1,14,1973,31.41167
44727,1,14,1974,31.4199
44727,1,14,1975,31.49465
44727,1,14,1976,31.35986
44727,1,14,1977,31.31225
44727,1,14,1978,30.99928
44727,1,14,1979,30.75061
44727,1,14,1980,30.56325
44727,1,14,1981,30.4276
44727,1,14,1982,30.44997
44727,1,14,1983,30.61895
44727,1,14,1984,30.93531
44727,1,14,1985,31.14092
44727,1,14,1986,31.48328
44727,1,14,1987,31.97567
44727,1,14,1988,32.47237
44727,1,14,1989,32.44159
44727,1,14,1990,32.7496
44727,1,14,1991,32.76219
44727,1,14,1992,33.08604
44727,1,14,1993,33.25714
44727,1,14,1994,33.60045
44727,1,14,1995,33.97912
44727,1,14,1996,34.50029
44727,1,14,1997,34.8895
44727,1,14,1998,35.07741
44727,1,14,1999,35.40672
44727,1,14,2000,35.9026
44727,1,14,2001,36.24165
44727,1,14,2002,36.4539
44727,1,14,2003,36.70126
44727,1,14,2004,37.34443
44727,1,14,2005,37.82549
44727,1,14,2006,38.0952
44727,1,14,2007,38.69268
44727,1,14,2008,38.9758
44727,1,14,2009,39.38339
44727,1,14,2010,39.44179
44727,1,14,2011,39.63299
44727,1,14,2012,39.50955
44727,1,14,2013,39.56545
44727,1,14,2014,39.62323
44727,1,14,2015,39.39401
44727,1,14,2016,40.00181
44727,1,14,2017,40.20091
44727,1,14,2018,40.47279
44727,1,14,2019,41.01374
44727,2,14,1950,34.61326
44727,2,14,1951,34.74036
44727,2,14,1952,35.14043
44727,2,14,1953,35.56488
44727,2,14,1954,35.62435
44727,2,14,1955,35.68897
44727,2,14,1956,35.75532
44727,2,14,1957,35.74688
44727,2,14,1958,35.98557
44727,2,14,1959,35.98465
44727,2,14,1960,36.13251
44727,2,14,1961,36.14683
44727,2,14,1962,36.00483
44727,2,14,1963,36.31239
44727,2,14,1964,36.61938
44727,2,14,1965,36.61748
44727,2,14,1966,36.5932
44727,2,14,1967,37.01001
44727,2,14,1968,36.53058
44727,2,14,1969,36.50877
44727,2,14,1970,36.65018
44727,2,14,1971,36.57381
44727,2,14,1972,36.47088
44727,2,14,1973,36.65601
44727,2,14,1974,36.63979
44727,2,14,1975,36.82078
44727,2,14,1976,36.64842
44727,2,14,1977,36.55714
44727,2,14,1978,36.36636
44727,2,14,1979,36.12159
44727,2,14,1980,36.08992
44727,2,14,1981,36.00524
44727,2,14,1982,35.9025
44727,2,14,1983,36.14877
44727,2,14,1984,36.2851
44727,2,14,1985,36.32376
44727,2,14,1986,36.51073
44727,2,14,1987,36.69369
44727,2,14,1988,36.98503
44727,2,14,1989,36.96792
44727,2,14,1990,37.19795
44727,2,14,1991,37.39138
44727,2,14,1992,37.58121
44727,2,14,1993,37.32681
44727,2,14,1994,37.51409
44727,2,14,1995,37.40244
44727,2,14,1996,37.51395
44727,2,14,1997,37.73125
44727,2,14,1998,37.89978
44727,2,14,1999,38.16135
44727,2,14,2000,38.40088
44727,2,14,2001,38.96682
44727,2,14,2002,39.19454
44727,2,14,2003,39.3064
44727,2,14,2004,39.75563
44727,2,14,2005,40.22669
44727,2,14,2006,40.65588
44727,2,14,2007,41.05214
44727,2,14,2008,41.31977
44727,2,14,2009,41.68766
44727,2,14,2010,41.81388
44727,2,14,2011,41.95272
44727,2,14,2012,41.90852
44727,2,14,2013,41.82015
44727,2,14,2014,41.84595
44727,2,14,2015,41.80801
44727,2,14,2016,42.04248
44727,2,14,2017,42.11268
44727,2,14,2018,42.21161
44727,2,14,2019,42.45051
44727,3,14,1950,32.43645
44727,3,14,1951,32.35283
44727,3,14,1952,32.58381
44727,3,14,1953,33.03561
44727,3,14,1954,32.92071
44727,3,14,1955,33.11415
44727,3,14,1956,33.1816
44727,3,14,1957,33.2162
44727,3,14,1958,33.2633
44727,3,14,1959,33.39957
44727,3,14,1960,33.30704
44727,3,14,1961,33.41726
44727,3,14,1962,33.21338
44727,3,14,1963,33.34575
44727,3,14,1964,33.67761
44727,3,14,1965,33.53607
44727,3,14,1966,33.5624
44727,3,14,1967,33.84569
44727,3,14,1968,33.61328
44727,3,14,1969,33.49021
44727,3,14,1970,33.55962
44727,3,14,1971,33.69165
44727,3,14,1972,33.63787
44727,3,14,1973,33.60457
44727,3,14,1974,33.66745
44727,3,14,1975,33.66129
44727,3,14,1976,33.58086
44727,3,14,1977,33.6513
44727,3,14,1978,33.40302
44727,3,14,1979,33.25405
44727,3,14,1980,33.23012
44727,3,14,1981,33.2483
44727,3,14,1982,33.19237
44727,3,14,1983,33.4457
44727,3,14,1984,33.60732
44727,3,14,1985,33.79683
44727,3,14,1986,34.02767
44727,3,14,1987,34.40149
44727,3,14,1988,34.77058
44727,3,14,1989,34.79181
44727,3,14,1990,35.0081
44727,3,14,1991,35.0985
44727,3,14,1992,35.38609
44727,3,14,1993,35.34237
44727,3,14,1994,35.61636
44727,3,14,1995,35.71351
44727,3,14,1996,35.9963
44727,3,14,1997,36.33997
44727,3,14,1998,36.51839
44727,3,14,1999,36.76078
44727,3,14,2000,37.08316
44727,3,14,2001,37.54859
44727,3,14,2002,37.77067
44727,3,14,2003,37.95877
44727,3,14,2004,38.52229
44727,3,14,2005,38.98431
44727,3,14,2006,39.36107
44727,3,14,2007,39.79354
44727,3,14,2008,40.11567
44727,3,14,2009,40.45231
44727,3,14,2010,40.58246
44727,3,14,2011,40.75665
44727,3,14,2012,40.64054
44727,3,14,2013,40.63768
44727,3,14,2014,40.63908
44727,3,14,2015,40.46992
44727,3,14,2016,40.92808
44727,3,14,2017,40.96081
44727,3,14,2018,41.07188
44727,3,14,2019,41.41045
44728,1,14,1950,30.05352
44728,1,14,1951,29.93426
44728,1,14,1952,30.18655
44728,1,14,1953,30.44693
44728,1,14,1954,30.41892
44728,1,14,1955,30.23965
44728,1,14,1956,30.71767
44728,1,14,1957,30.275
44728,1,14,1958,30.39242
44728,1,14,1959,30.67878
44728,1,14,1960,30.45436
44728,1,14,1961,30.20496
44728,1,14,1962,30.31554
44728,1,14,1963,29.89864
44728,1,14,1964,30.35746
44728,1,14,1965,30.28547
44728,1,14,1966,30.23637
44728,1,14,1967,30.47378
44728,1,14,1968,30.17042
44728,1,14,1969,29.94277
44728,1,14,1970,29.97429
44728,1,14,1971,30.12318
44728,1,14,1972,29.76133
44728,1,14,1973,29.85038
44728,1,14,1974,29.78295
44728,1,14,1975,29.94931
44728,1,14,1976,29.56861
44728,1,14,1977,29.44946
44728,1,14,1978,29.30629
44728,1,14,1979,28.9477
44728,1,14,1980,28.73178
44728,1,14,1981,28.55787
44728,1,14,1982,28.556
44728,1,14,1983,28.68683
44728,1,14,1984,28.95675
44728,1,14,1985,28.97081
44728,1,14,1986,28.94094
44728,1,14,1987,29.12571
44728,1,14,1988,29.41228
44728,1,14,1989,29.16768
44728,1,14,1990,29.29757
44728,1,14,1991,29.05197
44728,1,14,1992,29.56177
44728,1,14,1993,29.70189
44728,1,14,1994,30.05994
44728,1,14,1995,30.48508
44728,1,14,1996,31.34633
44728,1,14,1997,32.27215
44728,1,14,1998,32.87864
44728,1,14,1999,33.47497
44728,1,14,2000,34.20779
44728,1,14,2001,34.72155
44728,1,14,2002,35.07967
44728,1,14,2003,35.44437
44728,1,14,2004,36.12786
44728,1,14,2005,36.65593
44728,1,14,2006,36.99612
44728,1,14,2007,37.55619
44728,1,14,2008,37.73461
44728,1,14,2009,38.09294
44728,1,14,2010,38.1261
44728,1,14,2011,38.46998
44728,1,14,2012,38.55381
44728,1,14,2013,38.61789
44728,1,14,2014,38.67976
44728,1,14,2015,38.40884
44728,1,14,2016,38.87681
44728,1,14,2017,38.91896
44728,1,14,2018,39.10592
44728,1,14,2019,39.57847
44728,2,14,1950,34.0959
44728,2,14,1951,33.97876
44728,2,14,1952,34.55133
44728,2,14,1953,34.78041
44728,2,14,1954,34.80039
44728,2,14,1955,35.04354
44728,2,14,1956,35.00046
44728,2,14,1957,35.3424
44728,2,14,1958,35.38208
44728,2,14,1959,35.47304
44728,2,14,1960,35.47151
44728,2,14,1961,35.42203
44728,2,14,1962,35.14879
44728,2,14,1963,35.38148
44728,2,14,1964,35.72358
44728,2,14,1965,35.86258
44728,2,14,1966,35.73177
44728,2,14,1967,35.89615
44728,2,14,1968,35.65623
44728,2,14,1969,35.69136
44728,2,14,1970,35.87118
44728,2,14,1971,35.80282
44728,2,14,1972,35.41274
44728,2,14,1973,35.45729
44728,2,14,1974,35.33105
44728,2,14,1975,35.40877
44728,2,14,1976,35.20021
44728,2,14,1977,35.29284
44728,2,14,1978,35.04241
44728,2,14,1979,34.80795
44728,2,14,1980,34.64922
44728,2,14,1981,34.53476
44728,2,14,1982,34.49779
44728,2,14,1983,34.74777
44728,2,14,1984,34.75926
44728,2,14,1985,34.85429
44728,2,14,1986,35.01924
44728,2,14,1987,35.35444
44728,2,14,1988,35.7124
44728,2,14,1989,35.85005
44728,2,14,1990,36.15646
44728,2,14,1991,36.56147
44728,2,14,1992,36.85484
44728,2,14,1993,36.76171
44728,2,14,1994,37.23619
44728,2,14,1995,37.4977
44728,2,14,1996,37.92593
44728,2,14,1997,38.30889
44728,2,14,1998,38.66527
44728,2,14,1999,38.88347
44728,2,14,2000,39.04902
44728,2,14,2001,39.57323
44728,2,14,2002,39.82549
44728,2,14,2003,39.93552
44728,2,14,2004,40.3056
44728,2,14,2005,40.68015
44728,2,14,2006,40.98995
44728,2,14,2007,41.20617
44728,2,14,2008,41.30114
44728,2,14,2009,41.57621
44728,2,14,2010,41.64942
44728,2,14,2011,41.71778
44728,2,14,2012,41.64346
44728,2,14,2013,41.50919
44728,2,14,2014,41.46088
44728,2,14,2015,41.32144
44728,2,14,2016,41.47593
44728,2,14,2017,41.49394
44728,2,14,2018,41.6163
44728,2,14,2019,41.89142
44728,3,14,1950,31.66735
44728,3,14,1951,31.46521
44728,3,14,1952,31.81958
44728,3,14,1953,32.0329
44728,3,14,1954,32.23763
44728,3,14,1955,32.31168
44728,3,14,1956,32.25778
44728,3,14,1957,32.22931
44728,3,14,1958,32.49849
44728,3,14,1959,32.62213
44728,3,14,1960,32.49082
44728,3,14,1961,32.4656
44728,3,14,1962,32.28256
44728,3,14,1963,32.34314
44728,3,14,1964,32.60775
44728,3,14,1965,32.54489
44728,3,14,1966,32.60441
44728,3,14,1967,32.73981
44728,3,14,1968,32.48082
44728,3,14,1969,32.27799
44728,3,14,1970,32.50747
44728,3,14,1971,32.56323
44728,3,14,1972,32.35059
44728,3,14,1973,32.28502
44728,3,14,1974,32.24039
44728,3,14,1975,32.28062
44728,3,14,1976,32.17816
44728,3,14,1977,32.11575
44728,3,14,1978,31.99707
44728,3,14,1979,31.67136
44728,3,14,1980,31.60846
44728,3,14,1981,31.5204
44728,3,14,1982,31.54583
44728,3,14,1983,31.69844
44728,3,14,1984,31.84297
44728,3,14,1985,31.89498
44728,3,14,1986,31.93491
44728,3,14,1987,32.15145
44728,3,14,1988,32.49209
44728,3,14,1989,32.36345
44728,3,14,1990,32.61178
44728,3,14,1991,32.55911
44728,3,14,1992,32.99661
44728,3,14,1993,33.04754
44728,3,14,1994,33.41094
44728,3,14,1995,33.81064
44728,3,14,1996,34.45742
44728,3,14,1997,35.17359
44728,3,14,1998,35.65799
44728,3,14,1999,36.07915
44728,3,14,2000,36.52049
44728,3,14,2001,37.05827
44728,3,14,2002,37.32914
44728,3,14,2003,37.57001
44728,3,14,2004,38.13205
44728,3,14,2005,38.56838
44728,3,14,2006,38.90173
44728,3,14,2007,39.23892
44728,3,14,2008,39.38077
44728,3,14,2009,39.67632
44728,3,14,2010,39.75265
44728,3,14,2011,39.97775
44728,3,14,2012,39.93124
44728,3,14,2013,39.93911
44728,3,14,2014,39.94102
44728,3,14,2015,39.69595
44728,3,14,2016,39.96549
44728,3,14,2017,39.99166
44728,3,14,2018,40.0706
44728,3,14,2019,40.2941
44729,1,14,1950,31.80657
44729,1,14,1951,31.41558
44729,1,14,1952,31.55025
44729,1,14,1953,31.92562
44729,1,14,1954,32.11424
44729,1,14,1955,32.00217
44729,1,14,1956,32.11422
44729,1,14,1957,32.36023
44729,1,14,1958,32.35854
44729,1,14,1959,32.34613
44729,1,14,1960,32.27912
44729,1,14,1961,32.22662
44729,1,14,1962,32.21619
44729,1,14,1963,32.2771
44729,1,14,1964,32.29589
44729,1,14,1965,32.48742
44729,1,14,1966,32.57594
44729,1,14,1967,32.67105
44729,1,14,1968,32.6651
44729,1,14,1969,32.37172
44729,1,14,1970,32.4862
44729,1,14,1971,32.79079
44729,1,14,1972,32.50683
44729,1,14,1973,32.50664
44729,1,14,1974,32.49181
44729,1,14,1975,32.8749
44729,1,14,1976,32.45912
44729,1,14,1977,32.66068
44729,1,14,1978,32.26057
44729,1,14,1979,31.96906
44729,1,14,1980,31.74807
44729,1,14,1981,31.60649
44729,1,14,1982,31.56767
44729,1,14,1983,31.66496
44729,1,14,1984,31.75137
44729,1,14,1985,31.71333
44729,1,14,1986,31.77246
44729,1,14,1987,32.05494
44729,1,14,1988,32.47032
44729,1,14,1989,32.43714
44729,1,14,1990,32.70157
44729,1,14,1991,32.76314
44729,1,14,1992,33.11872
44729,1,14,1993,33.20935
44729,1,14,1994,33.38547
44729,1,14,1995,33.59275
44729,1,14,1996,33.9297
44729,1,14,1997,34.27414
44729,1,14,1998,34.30056
44729,1,14,1999,34.63148
44729,1,14,2000,34.90633
44729,1,14,2001,35.1518
44729,1,14,2002,35.37973
44729,1,14,2003,35.59976
44729,1,14,2004,36.14371
44729,1,14,2005,36.57619
44729,1,14,2006,36.70691
44729,1,14,2007,37.20696
44729,1,14,2008,37.2509
44729,1,14,2009,37.51931
44729,1,14,2010,37.49911
44729,1,14,2011,37.8355
44729,1,14,2012,38.03502
44729,1,14,2013,38.1937
44729,1,14,2014,38.33637
44729,1,14,2015,38.02331
44729,1,14,2016,38.21066
44729,1,14,2017,38.58572
44729,1,14,2018,38.91223
44729,1,14,2019,39.39351
44729,2,14,1950,34.99879
44729,2,14,1951,34.78577
44729,2,14,1952,35.32606
44729,2,14,1953,35.72514
44729,2,14,1954,35.7316
44729,2,14,1955,35.95651
44729,2,14,1956,35.99738
44729,2,14,1957,36.11379
44729,2,14,1958,36.25264
44729,2,14,1959,36.29451
44729,2,14,1960,36.48832
44729,2,14,1961,36.48012
44729,2,14,1962,36.3871
44729,2,14,1963,36.49035
44729,2,14,1964,36.78993
44729,2,14,1965,36.9313
44729,2,14,1966,36.90916
44729,2,14,1967,37.03325
44729,2,14,1968,37.03159
44729,2,14,1969,36.89856
44729,2,14,1970,37.167
44729,2,14,1971,37.20019
44729,2,14,1972,36.86894
44729,2,14,1973,36.97409
44729,2,14,1974,37.00356
44729,2,14,1975,37.17262
44729,2,14,1976,37.04649
44729,2,14,1977,37.17333
44729,2,14,1978,36.94821
44729,2,14,1979,36.66013
44729,2,14,1980,36.62826
44729,2,14,1981,36.4794
44729,2,14,1982,36.40241
44729,2,14,1983,36.49798
44729,2,14,1984,36.51285
44729,2,14,1985,36.49973
44729,2,14,1986,36.49271
44729,2,14,1987,36.61447
44729,2,14,1988,36.82535
44729,2,14,1989,36.82606
44729,2,14,1990,37.00849
44729,2,14,1991,37.2329
44729,2,14,1992,37.507
44729,2,14,1993,37.32386
44729,2,14,1994,37.64614
44729,2,14,1995,37.62492
44729,2,14,1996,37.7301
44729,2,14,1997,37.88142
44729,2,14,1998,38.10667
44729,2,14,1999,38.26974
44729,2,14,2000,38.35305
44729,2,14,2001,38.88637
44729,2,14,2002,39.10197
44729,2,14,2003,39.25441
44729,2,14,2004,39.64939
44729,2,14,2005,40.04722
44729,2,14,2006,40.28541
44729,2,14,2007,40.30683
44729,2,14,2008,40.30217
44729,2,14,2009,40.31245
44729,2,14,2010,40.37358
44729,2,14,2011,40.60831
44729,2,14,2012,40.76075
44729,2,14,2013,40.87808
44729,2,14,2014,41.06008
44729,2,14,2015,41.11372
44729,2,14,2016,41.5063
44729,2,14,2017,41.78016
44729,2,14,2018,41.95875
44729,2,14,2019,42.37648
44729,3,14,1950,32.75172
44729,3,14,1951,32.44237
44729,3,14,1952,32.80296
44729,3,14,1953,33.27957
44729,3,14,1954,33.42795
44729,3,14,1955,33.25195
44729,3,14,1956,33.36666
44729,3,14,1957,33.58295
44729,3,14,1958,33.81577
44729,3,14,1959,33.71258
44729,3,14,1960,33.82561
44729,3,14,1961,33.85839
44729,3,14,1962,33.80306
44729,3,14,1963,33.88233
44729,3,14,1964,34.05686
44729,3,14,1965,34.10158
44729,3,14,1966,34.21718
44729,3,14,1967,34.41552
44729,3,14,1968,34.19937
44729,3,14,1969,34.22614
44729,3,14,1970,34.34233
44729,3,14,1971,34.42605
44729,3,14,1972,34.27784
44729,3,14,1973,34.24057
44729,3,14,1974,34.40474
44729,3,14,1975,34.51592
44729,3,14,1976,34.38592
44729,3,14,1977,34.57965
44729,3,14,1978,34.35014
44729,3,14,1979,34.12382
44729,3,14,1980,34.16403
44729,3,14,1981,34.06168
44729,3,14,1982,34.01826
44729,3,14,1983,34.13028
44729,3,14,1984,34.1804
44729,3,14,1985,34.16958
44729,3,14,1986,34.17439
44729,3,14,1987,34.3656
44729,3,14,1988,34.69079
44729,3,14,1989,34.68611
44729,3,14,1990,34.91094
44729,3,14,1991,35.02351
44729,3,14,1992,35.36595
44729,3,14,1993,35.33646
44729,3,14,1994,35.56958
44729,3,14,1995,35.6492
44729,3,14,1996,35.87228
44729,3,14,1997,36.12753
44729,3,14,1998,36.22222
44729,3,14,1999,36.44894
44729,3,14,2000,36.63003
44729,3,14,2001,37.06214
44729,3,14,2002,37.26177
44729,3,14,2003,37.45378
44729,3,14,2004,37.90831
44729,3,14,2005,38.31437
44729,3,14,2006,38.48219
44729,3,14,2007,38.71163
44729,3,14,2008,38.72116
44729,3,14,2009,38.88559
44729,3,14,2010,38.91837
44729,3,14,2011,39.16711
44729,3,14,2012,39.34461
44729,3,14,2013,39.48264
44729,3,14,2014,39.6608
44729,3,14,2015,39.51026
44729,3,14,2016,39.78321
44729,3,14,2017,40.11063
44729,3,14,2018,40.25887
44729,3,14,2019,40.62868
44730,1,14,1950,30.08115
44730,1,14,1951,29.67642
44730,1,14,1952,30.02609
44730,1,14,1953,30.35082
44730,1,14,1954,30.41015
44730,1,14,1955,30.42257
44730,1,14,1956,30.61783
44730,1,14,1957,30.65154
44730,1,14,1958,30.59296
44730,1,14,1959,30.47207
44730,1,14,1960,30.37271
44730,1,14,1961,30.29346
44730,1,14,1962,30.08262
44730,1,14,1963,30.14353
44730,1,14,1964,30.16403
44730,1,14,1965,30.28724
44730,1,14,1966,30.1612
44730,1,14,1967,30.43518
44730,1,14,1968,29.93911
44730,1,14,1969,29.96309
44730,1,14,1970,29.96139
44730,1,14,1971,30.02538
44730,1,14,1972,29.8404
44730,1,14,1973,29.64973
44730,1,14,1974,29.55364
44730,1,14,1975,29.67897
44730,1,14,1976,29.35281
44730,1,14,1977,29.30435
44730,1,14,1978,28.89169
44730,1,14,1979,28.54917
44730,1,14,1980,28.31892
44730,1,14,1981,28.29491
44730,1,14,1982,28.2834
44730,1,14,1983,28.49502
44730,1,14,1984,29.44404
44730,1,14,1985,29.69563
44730,1,14,1986,29.78781
44730,1,14,1987,29.82828
44730,1,14,1988,30.07498
44730,1,14,1989,29.80642
44730,1,14,1990,30.60302
44730,1,14,1991,30.72965
44730,1,14,1992,31.33976
44730,1,14,1993,31.85304
44730,1,14,1994,31.80119
44730,1,14,1995,30.68285
44730,1,14,1996,31.07774
44730,1,14,1997,31.68786
44730,1,14,1998,31.86989
44730,1,14,1999,32.39584
44730,1,14,2000,32.95654
44730,1,14,2001,33.41896
44730,1,14,2002,33.68607
44730,1,14,2003,34.10384
44730,1,14,2004,35.27152
44730,1,14,2005,35.92439
44730,1,14,2006,36.52195
44730,1,14,2007,37.99778
44730,1,14,2008,38.20551
44730,1,14,2009,38.48461
44730,1,14,2010,37.82764
44730,1,14,2011,37.84071
44730,1,14,2012,37.82188
44730,1,14,2013,37.52209
44730,1,14,2014,37.30107
44730,1,14,2015,37.15356
44730,1,14,2016,37.84202
44730,1,14,2017,38.06628
44730,1,14,2018,38.41628
44730,1,14,2019,38.99378
44730,2,14,1950,34.43483
44730,2,14,1951,34.32928
44730,2,14,1952,34.81456
44730,2,14,1953,35.13567
44730,2,14,1954,35.20618
44730,2,14,1955,35.28254
44730,2,14,1956,35.30674
44730,2,14,1957,35.72207
44730,2,14,1958,35.88831
44730,2,14,1959,35.68791
44730,2,14,1960,35.93049
44730,2,14,1961,35.68087
44730,2,14,1962,35.58887
44730,2,14,1963,35.64312
44730,2,14,1964,36.0846
44730,2,14,1965,36.07194
44730,2,14,1966,35.98929
44730,2,14,1967,36.27307
44730,2,14,1968,36.16401
44730,2,14,1969,35.93606
44730,2,14,1970,36.02886
44730,2,14,1971,36.03699
44730,2,14,1972,35.94624
44730,2,14,1973,35.89123
44730,2,14,1974,35.79236
44730,2,14,1975,35.82782
44730,2,14,1976,35.64308
44730,2,14,1977,35.60394
44730,2,14,1978,35.46323
44730,2,14,1979,35.03344
44730,2,14,1980,34.93317
44730,2,14,1981,34.75131
44730,2,14,1982,34.53938
44730,2,14,1983,34.67703
44730,2,14,1984,34.67735
44730,2,14,1985,34.64799
44730,2,14,1986,34.78745
44730,2,14,1987,35.05345
44730,2,14,1988,35.38421
44730,2,14,1989,35.42675
44730,2,14,1990,35.64796
44730,2,14,1991,35.81413
44730,2,14,1992,36.0646
44730,2,14,1993,35.94336
44730,2,14,1994,36.35548
44730,2,14,1995,36.52646
44730,2,14,1996,36.7985
44730,2,14,1997,37.10772
44730,2,14,1998,37.39655
44730,2,14,1999,37.57274
44730,2,14,2000,37.69827
44730,2,14,2001,38.20717
44730,2,14,2002,38.39175
44730,2,14,2003,38.46685
44730,2,14,2004,38.85199
44730,2,14,2005,39.30454
44730,2,14,2006,39.73874
44730,2,14,2007,40.13248
44730,2,14,2008,40.43325
44730,2,14,2009,40.78162
44730,2,14,2010,40.896
44730,2,14,2011,40.95879
44730,2,14,2012,40.82921
44730,2,14,2013,40.7897
44730,2,14,2014,40.86968
44730,2,14,2015,40.70895
44730,2,14,2016,41.05767
44730,2,14,2017,41.27597
44730,2,14,2018,41.52096
44730,2,14,2019,41.83868
44730,3,14,1950,31.65104
44730,3,14,1951,31.20606
44730,3,14,1952,31.68779
44730,3,14,1953,32.25441
44730,3,14,1954,32.22087
44730,3,14,1955,32.24275
44730,3,14,1956,32.33406
44730,3,14,1957,32.40469
44730,3,14,1958,32.49933
44730,3,14,1959,32.57038
44730,3,14,1960,32.51206
44730,3,14,1961,32.40601
44730,3,14,1962,32.16286
44730,3,14,1963,32.40426
44730,3,14,1964,32.50236
44730,3,14,1965,32.47022
44730,3,14,1966,32.50236
44730,3,14,1967,32.68853
44730,3,14,1968,32.39972
44730,3,14,1969,32.32134
44730,3,14,1970,32.29776
44730,3,14,1971,32.4692
44730,3,14,1972,32.22359
44730,3,14,1973,32.12745
44730,3,14,1974,32.14077
44730,3,14,1975,32.12468
44730,3,14,1976,32.02207
44730,3,14,1977,31.98068
44730,3,14,1978,31.65578
44730,3,14,1979,31.4451
44730,3,14,1980,31.44512
44730,3,14,1981,31.37241
44730,3,14,1982,31.34771
44730,3,14,1983,31.52458
44730,3,14,1984,32.02496
44730,3,14,1985,32.12604
44730,3,14,1986,32.22089
44730,3,14,1987,32.37763
44730,3,14,1988,32.66773
44730,3,14,1989,32.51049
44730,3,14,1990,33.05045
44730,3,14,1991,33.16348
44730,3,14,1992,33.602
44730,3,14,1993,33.7741
44730,3,14,1994,33.96985
44730,3,14,1995,33.42611
44730,3,14,1996,33.75915
44730,3,14,1997,34.2467
44730,3,14,1998,34.49129
44730,3,14,1999,34.83688
44730,3,14,2000,35.2236
44730,3,14,2001,35.69237
44730,3,14,2002,35.90344
44730,3,14,2003,36.17935
44730,3,14,2004,36.97359
44730,3,14,2005,37.52921
44730,3,14,2006,37.99628
44730,3,14,2007,38.8702
44730,3,14,2008,39.11291
44730,3,14,2009,39.44522
44730,3,14,2010,39.18794
44730,3,14,2011,39.26097
44730,3,14,2012,39.19565
44730,3,14,2013,39.02862
44730,3,14,2014,38.85592
44730,3,14,2015,38.71759
44730,3,14,2016,39.25445
44730,3,14,2017,39.41917
44730,3,14,2018,39.63077
44730,3,14,2019,39.98787
44731,1,14,1950,31.85441
44731,1,14,1951,31.57869
44731,1,14,1952,31.72708
44731,1,14,1953,32.22854
44731,1,14,1954,32.33058
44731,1,14,1955,32.22651
44731,1,14,1956,32.35949
44731,1,14,1957,32.31024
44731,1,14,1958,32.4646
44731,1,14,1959,32.70107
44731,1,14,1960,32.71186
44731,1,14,1961,32.78257
44731,1,14,1962,32.31298
44731,1,14,1963,32.10034
44731,1,14,1964,32.70105
44731,1,14,1965,32.46307
44731,1,14,1966,32.45471
44731,1,14,1967,32.65231
44731,1,14,1968,32.48034
44731,1,14,1969,32.48618
44731,1,14,1970,32.42504
44731,1,14,1971,32.5925
44731,1,14,1972,32.47319
44731,1,14,1973,32.50249
44731,1,14,1974,32.6383
44731,1,14,1975,32.68682
44731,1,14,1976,32.51982
44731,1,14,1977,32.65699
44731,1,14,1978,32.29467
44731,1,14,1979,31.95745
44731,1,14,1980,31.65381
44731,1,14,1981,31.50396
44731,1,14,1982,31.42138
44731,1,14,1983,31.36061
44731,1,14,1984,31.44478
44731,1,14,1985,31.51179
44731,1,14,1986,31.63663
44731,1,14,1987,31.94213
44731,1,14,1988,32.15348
44731,1,14,1989,32.09673
44731,1,14,1990,32.44662
44731,1,14,1991,32.59865
44731,1,14,1992,33.19541
44731,1,14,1993,33.3239
44731,1,14,1994,33.43196
44731,1,14,1995,33.52865
44731,1,14,1996,33.87847
44731,1,14,1997,34.02293
44731,1,14,1998,34.22264
44731,1,14,1999,34.50952
44731,1,14,2000,34.85141
44731,1,14,2001,35.04209
44731,1,14,2002,35.25558
44731,1,14,2003,35.55377
44731,1,14,2004,36.19388
44731,1,14,2005,36.59828
44731,1,14,2006,36.90627
44731,1,14,2007,37.47741
44731,1,14,2008,37.7321
44731,1,14,2009,38.1783
44731,1,14,2010,38.21242
44731,1,14,2011,38.47468
44731,1,14,2012,38.38265
44731,1,14,2013,38.42945
44731,1,14,2014,38.47552
44731,1,14,2015,38.30847
44731,1,14,2016,38.90045
44731,1,14,2017,39.0146
44731,1,14,2018,39.20648
44731,1,14,2019,39.74715
44731,2,14,1950,34.9218
44731,2,14,1951,34.88929
44731,2,14,1952,35.38123
44731,2,14,1953,35.76995
44731,2,14,1954,35.79937
44731,2,14,1955,35.8378
44731,2,14,1956,36.03504
44731,2,14,1957,36.13893
44731,2,14,1958,36.58586
44731,2,14,1959,36.40986
44731,2,14,1960,36.46945
44731,2,14,1961,36.22393
44731,2,14,1962,36.30505
44731,2,14,1963,36.53806
44731,2,14,1964,36.87093
44731,2,14,1965,36.82583
44731,2,14,1966,36.91472
44731,2,14,1967,37.03541
44731,2,14,1968,36.69734
44731,2,14,1969,36.65952
44731,2,14,1970,36.84403
44731,2,14,1971,37.04445
44731,2,14,1972,36.77186
44731,2,14,1973,36.82517
44731,2,14,1974,36.84438
44731,2,14,1975,36.86574
44731,2,14,1976,36.81434
44731,2,14,1977,36.86913
44731,2,14,1978,36.71196
44731,2,14,1979,36.55978
44731,2,14,1980,36.49389
44731,2,14,1981,36.43746
44731,2,14,1982,36.38783
44731,2,14,1983,36.69661
44731,2,14,1984,36.89366
44731,2,14,1985,36.89216
44731,2,14,1986,36.91348
44731,2,14,1987,36.95275
44731,2,14,1988,37.07969
44731,2,14,1989,37.12549
44731,2,14,1990,37.36752
44731,2,14,1991,37.61995
44731,2,14,1992,37.86318
44731,2,14,1993,37.72324
44731,2,14,1994,38.03965
44731,2,14,1995,37.8993
44731,2,14,1996,37.95077
44731,2,14,1997,38.01552
44731,2,14,1998,38.11486
44731,2,14,1999,38.16996
44731,2,14,2000,38.30308
44731,2,14,2001,38.75299
44731,2,14,2002,38.93483
44731,2,14,2003,39.09812
44731,2,14,2004,39.46904
44731,2,14,2005,39.79509
44731,2,14,2006,39.92515
44731,2,14,2007,40.07907
44731,2,14,2008,40.20085
44731,2,14,2009,40.62846
44731,2,14,2010,40.86794
44731,2,14,2011,41.10648
44731,2,14,2012,41.21878
44731,2,14,2013,41.30122
44731,2,14,2014,41.36109
44731,2,14,2015,41.29941
44731,2,14,2016,41.63278
44731,2,14,2017,41.80673
44731,2,14,2018,41.96341
44731,2,14,2019,42.29393
44731,3,14,1950,32.7544
44731,3,14,1951,32.6745
44731,3,14,1952,32.89494
44731,3,14,1953,33.31793
44731,3,14,1954,33.60449
44731,3,14,1955,33.45797
44731,3,14,1956,33.53857
44731,3,14,1957,33.7176
44731,3,14,1958,33.74928
44731,3,14,1959,33.89407
44731,3,14,1960,34.17037
44731,3,14,1961,33.90212
44731,3,14,1962,33.66282
44731,3,14,1963,33.69104
44731,3,14,1964,34.12239
44731,3,14,1965,34.06312
44731,3,14,1966,34.02383
44731,3,14,1967,34.27557
44731,3,14,1968,34.1257
44731,3,14,1969,34.01541
44731,3,14,1970,34.1597
44731,3,14,1971,34.44663
44731,3,14,1972,34.20223
44731,3,14,1973,34.36487
44731,3,14,1974,34.35985
44731,3,14,1975,34.31122
44731,3,14,1976,34.31396
44731,3,14,1977,34.3743
44731,3,14,1978,34.19658
44731,3,14,1979,34.0138
44731,3,14,1980,34.04452
44731,3,14,1981,34.00633
44731,3,14,1982,33.95372
44731,3,14,1983,34.07595
44731,3,14,1984,34.20703
44731,3,14,1985,34.24375
44731,3,14,1986,34.31597
44731,3,14,1987,34.5156
44731,3,14,1988,34.72615
44731,3,14,1989,34.67321
44731,3,14,1990,34.99955
44731,3,14,1991,35.17142
44731,3,14,1992,35.60827
44731,3,14,1993,35.6045
44731,3,14,1994,35.80187
44731,3,14,1995,35.79221
44731,3,14,1996,35.96899
44731,3,14,1997,36.06859
44731,3,14,1998,36.20651
44731,3,14,1999,36.39143
44731,3,14,2000,36.59748
44731,3,14,2001,36.92934
44731,3,14,2002,37.11524
44731,3,14,2003,37.35309
44731,3,14,2004,37.85135
44731,3,14,2005,38.16909
44731,3,14,2006,38.38757
44731,3,14,2007,38.73579
44731,3,14,2008,38.91352
44731,3,14,2009,39.3684
44731,3,14,2010,39.49469
44731,3,14,2011,39.72292
44731,3,14,2012,39.76153
44731,3,14,2013,39.82204
44731,3,14,2014,39.84125
44731,3,14,2015,39.75532
44731,3,14,2016,40.17793
44731,3,14,2017,40.28233
44731,3,14,2018,40.36111
44731,3,14,2019,40.65335
44732,1,14,1950,31.37108
44732,1,14,1951,31.28748
44732,1,14,1952,31.34852
44732,1,14,1953,31.69485
44732,1,14,1954,31.88426
44732,1,14,1955,31.78574
44732,1,14,1956,31.83943
44732,1,14,1957,31.80724
44732,1,14,1958,32.11336
44732,1,14,1959,32.05114
44732,1,14,1960,32.26304
44732,1,14,1961,31.9908
44732,1,14,1962,32.11793
44732,1,14,1963,31.90671
44732,1,14,1964,32.17152
44732,1,14,1965,32.20593
44732,1,14,1966,32.07347
44732,1,14,1967,32.16275
44732,1,14,1968,32.08912
44732,1,14,1969,31.7455
44732,1,14,1970,32.1423
44732,1,14,1971,32.00629
44732,1,14,1972,32.01225
44732,1,14,1973,32.12796
44732,1,14,1974,32.08811
44732,1,14,1975,32.08316
44732,1,14,1976,31.92337
44732,1,14,1977,32.15517
44732,1,14,1978,31.86392
44732,1,14,1979,31.5661
44732,1,14,1980,31.30921
44732,1,14,1981,31.21066
44732,1,14,1982,31.24598
44732,1,14,1983,31.32723
44732,1,14,1984,31.20467
44732,1,14,1985,31.36426
44732,1,14,1986,31.64391
44732,1,14,1987,31.84877
44732,1,14,1988,32.12932
44732,1,14,1989,32.2998
44732,1,14,1990,32.74027
44732,1,14,1991,32.8143
44732,1,14,1992,33.30456
44732,1,14,1993,33.46595
44732,1,14,1994,33.59158
44732,1,14,1995,33.68235
44732,1,14,1996,33.88645
44732,1,14,1997,34.09549
44732,1,14,1998,34.07845
44732,1,14,1999,34.48544
44732,1,14,2000,34.78951
44732,1,14,2001,34.97621
44732,1,14,2002,35.00002
44732,1,14,2003,34.68746
44732,1,14,2004,35.06906
44732,1,14,2005,35.22303
44732,1,14,2006,35.87773
44732,1,14,2007,36.29682
44732,1,14,2008,35.92001
44732,1,14,2009,36.14967
44732,1,14,2010,36.22481
44732,1,14,2011,36.64781
44732,1,14,2012,36.64775
44732,1,14,2013,36.7695
44732,1,14,2014,37.05623
44732,1,14,2015,37.01811
44732,1,14,2016,37.59711
44732,1,14,2017,38.00892
44732,1,14,2018,38.53015
44732,1,14,2019,39.01166
44732,2,14,1950,34.79251
44732,2,14,1951,34.80272
44732,2,14,1952,35.28365
44732,2,14,1953,35.44375
44732,2,14,1954,35.51859
44732,2,14,1955,35.77332
44732,2,14,1956,35.94964
44732,2,14,1957,36.09794
44732,2,14,1958,36.12096
44732,2,14,1959,36.09235
44732,2,14,1960,36.35114
44732,2,14,1961,36.33786
44732,2,14,1962,36.2855
44732,2,14,1963,36.45205
44732,2,14,1964,36.63162
44732,2,14,1965,36.77845
44732,2,14,1966,36.93517
44732,2,14,1967,37.06052
44732,2,14,1968,36.90366
44732,2,14,1969,36.81698
44732,2,14,1970,36.95397
44732,2,14,1971,37.15708
44732,2,14,1972,36.87146
44732,2,14,1973,36.90489
44732,2,14,1974,36.97698
44732,2,14,1975,37.17548
44732,2,14,1976,36.87593
44732,2,14,1977,37.0255
44732,2,14,1978,36.80602
44732,2,14,1979,36.76232
44732,2,14,1980,36.58704
44732,2,14,1981,36.50464
44732,2,14,1982,36.39423
44732,2,14,1983,36.60555
44732,2,14,1984,36.74409
44732,2,14,1985,36.73421
44732,2,14,1986,36.79298
44732,2,14,1987,36.92384
44732,2,14,1988,37.01226
44732,2,14,1989,36.91321
44732,2,14,1990,37.07059
44732,2,14,1991,37.17724
44732,2,14,1992,37.31036
44732,2,14,1993,37.07981
44732,2,14,1994,37.34135
44732,2,14,1995,37.28827
44732,2,14,1996,37.45733
44732,2,14,1997,37.67165
44732,2,14,1998,37.95063
44732,2,14,1999,38.12046
44732,2,14,2000,38.35489
44732,2,14,2001,38.9236
44732,2,14,2002,39.17827
44732,2,14,2003,39.36065
44732,2,14,2004,39.68658
44732,2,14,2005,40.02131
44732,2,14,2006,40.21273
44732,2,14,2007,40.44584
44732,2,14,2008,40.59378
44732,2,14,2009,40.88675
44732,2,14,2010,41.0862
44732,2,14,2011,41.19562
44732,2,14,2012,41.11408
44732,2,14,2013,40.97548
44732,2,14,2014,40.93542
44732,2,14,2015,40.72618
44732,2,14,2016,40.78838
44732,2,14,2017,40.90021
44732,2,14,2018,40.98374
44732,2,14,2019,41.23939
44732,3,14,1950,32.24433
44732,3,14,1951,32.19932
44732,3,14,1952,32.38002
44732,3,14,1953,32.896
44732,3,14,1954,32.97523
44732,3,14,1955,32.92552
44732,3,14,1956,33.19975
44732,3,14,1957,33.16665
44732,3,14,1958,33.33714
44732,3,14,1959,33.36532
44732,3,14,1960,33.43193
44732,3,14,1961,33.33627
44732,3,14,1962,33.41426
44732,3,14,1963,33.48965
44732,3,14,1964,33.69642
44732,3,14,1965,33.68034
44732,3,14,1966,33.6769
44732,3,14,1967,33.9243
44732,3,14,1968,33.71026
44732,3,14,1969,33.67435
44732,3,14,1970,33.87091
44732,3,14,1971,33.90924
44732,3,14,1972,33.84017
44732,3,14,1973,33.88649
44732,3,14,1974,33.98508
44732,3,14,1975,34.14208
44732,3,14,1976,34.06955
44732,3,14,1977,34.0775
44732,3,14,1978,33.93418
44732,3,14,1979,33.84931
44732,3,14,1980,33.83367
44732,3,14,1981,33.77269
44732,3,14,1982,33.74938
44732,3,14,1983,33.96026
44732,3,14,1984,33.97067
44732,3,14,1985,34.04511
44732,3,14,1986,34.20794
44732,3,14,1987,34.38208
44732,3,14,1988,34.59782
44732,3,14,1989,34.6117
44732,3,14,1990,34.91979
44732,3,14,1991,35.03281
44732,3,14,1992,35.31444
44732,3,14,1993,35.31123
44732,3,14,1994,35.48737
44732,3,14,1995,35.48127
44732,3,14,1996,35.68836
44732,3,14,1997,35.87237
44732,3,14,1998,36.00872
44732,3,14,1999,36.27706
44732,3,14,2000,36.55357
44732,3,14,2001,36.94259
44732,3,14,2002,37.07889
44732,3,14,2003,36.94135
44732,3,14,2004,37.32305
44732,3,14,2005,37.58449
44732,3,14,2006,38.00363
44732,3,14,2007,38.30116
44732,3,14,2008,38.16085
44732,3,14,2009,38.43531
44732,3,14,2010,38.54641
44732,3,14,2011,38.84034
44732,3,14,2012,38.78527
44732,3,14,2013,38.77838
44732,3,14,2014,38.88186
44732,3,14,2015,38.75468
44732,3,14,2016,39.01757
44732,3,14,2017,39.28235
44732,3,14,2018,39.46808
44732,3,14,2019,39.72881
44733,1,14,1950,31.19775
44733,1,14,1951,31.06538
44733,1,14,1952,31.1992
44733,1,14,1953,31.76298
44733,1,14,1954,31.7668
44733,1,14,1955,31.53815
44733,1,14,1956,31.4763
44733,1,14,1957,31.73262
44733,1,14,1958,31.73371
44733,1,14,1959,31.86446
44733,1,14,1960,32.05622
44733,1,14,1961,31.64052
44733,1,14,1962,31.68584
44733,1,14,1963,31.66819
44733,1,14,1964,31.95338
44733,1,14,1965,31.82415
44733,1,14,1966,31.75458
44733,1,14,1967,32.04697
44733,1,14,1968,31.6761
44733,1,14,1969,31.60603
44733,1,14,1970,31.88705
44733,1,14,1971,31.91122
44733,1,14,1972,31.6671
44733,1,14,1973,31.75789
44733,1,14,1974,31.87124
44733,1,14,1975,31.94785
44733,1,14,1976,31.73765
44733,1,14,1977,31.69205
44733,1,14,1978,31.4885
44733,1,14,1979,31.20767
44733,1,14,1980,31.04317
44733,1,14,1981,30.95609
44733,1,14,1982,30.93614
44733,1,14,1983,31.04042
44733,1,14,1984,31.28711
44733,1,14,1985,31.27484
44733,1,14,1986,31.41078
44733,1,14,1987,31.81034
44733,1,14,1988,32.18364
44733,1,14,1989,31.98613
44733,1,14,1990,32.21018
44733,1,14,1991,32.39049
44733,1,14,1992,32.83404
44733,1,14,1993,32.98327
44733,1,14,1994,33.24384
44733,1,14,1995,33.42149
44733,1,14,1996,33.66112
44733,1,14,1997,34.01927
44733,1,14,1998,34.0357
44733,1,14,1999,34.34674
44733,1,14,2000,34.57892
44733,1,14,2001,34.69706
44733,1,14,2002,34.93052
44733,1,14,2003,35.0558
44733,1,14,2004,35.42078
44733,1,14,2005,35.66272
44733,1,14,2006,35.88711
44733,1,14,2007,36.45805
44733,1,14,2008,36.76067
44733,1,14,2009,37.15538
44733,1,14,2010,37.28378
44733,1,14,2011,37.70691
44733,1,14,2012,37.77967
44733,1,14,2013,37.97813
44733,1,14,2014,38.18964
44733,1,14,2015,37.96835
44733,1,14,2016,38.49432
44733,1,14,2017,38.67892
44733,1,14,2018,38.88981
44733,1,14,2019,39.49939
44733,2,14,1950,34.47531
44733,2,14,1951,34.5906
44733,2,14,1952,34.99682
44733,2,14,1953,35.31844
44733,2,14,1954,35.31596
44733,2,14,1955,35.63783
44733,2,14,1956,35.58735
44733,2,14,1957,35.85658
44733,2,14,1958,35.94012
44733,2,14,1959,36.18949
44733,2,14,1960,36.14861
44733,2,14,1961,35.86463
44733,2,14,1962,36.04979
44733,2,14,1963,36.11859
44733,2,14,1964,36.4787
44733,2,14,1965,36.57507
44733,2,14,1966,36.22358
44733,2,14,1967,36.93947
44733,2,14,1968,36.57808
44733,2,14,1969,36.55663
44733,2,14,1970,36.65397
44733,2,14,1971,36.78989
44733,2,14,1972,36.49228
44733,2,14,1973,36.5843
44733,2,14,1974,36.59852
44733,2,14,1975,36.60173
44733,2,14,1976,36.50153
44733,2,14,1977,36.61659
44733,2,14,1978,36.33609
44733,2,14,1979,36.25481
44733,2,14,1980,36.40035
44733,2,14,1981,36.27895
44733,2,14,1982,36.45237
44733,2,14,1983,37.29371
44733,2,14,1984,37.4923
44733,2,14,1985,37.40835
44733,2,14,1986,37.24293
44733,2,14,1987,37.33925
44733,2,14,1988,37.29829
44733,2,14,1989,37.29479
44733,2,14,1990,37.47745
44733,2,14,1991,37.39275
44733,2,14,1992,37.5474
44733,2,14,1993,37.30601
44733,2,14,1994,37.48941
44733,2,14,1995,37.5429
44733,2,14,1996,37.83207
44733,2,14,1997,38.0567
44733,2,14,1998,38.24456
44733,2,14,1999,38.31992
44733,2,14,2000,38.38749
44733,2,14,2001,38.73771
44733,2,14,2002,38.85825
44733,2,14,2003,38.9256
44733,2,14,2004,39.37457
44733,2,14,2005,39.75703
44733,2,14,2006,40.11597
44733,2,14,2007,40.3014
44733,2,14,2008,40.45662
44733,2,14,2009,40.83652
44733,2,14,2010,41.04925
44733,2,14,2011,41.25682
44733,2,14,2012,41.23441
44733,2,14,2013,41.16359
44733,2,14,2014,41.19716
44733,2,14,2015,41.12895
44733,2,14,2016,41.44761
44733,2,14,2017,41.6622
44733,2,14,2018,41.80594
44733,2,14,2019,42.08752
44733,3,14,1950,32.20737
44733,3,14,1951,32.057
44733,3,14,1952,32.46672
44733,3,14,1953,32.94446
44733,3,14,1954,32.91589
44733,3,14,1955,32.7609
44733,3,14,1956,33.02475
44733,3,14,1957,33.17378
44733,3,14,1958,33.15949
44733,3,14,1959,33.37593
44733,3,14,1960,33.48976
44733,3,14,1961,33.32418
44733,3,14,1962,33.17989
44733,3,14,1963,33.21111
44733,3,14,1964,33.53082
44733,3,14,1965,33.57734
44733,3,14,1966,33.39412
44733,3,14,1967,33.86306
44733,3,14,1968,33.62613
44733,3,14,1969,33.43606
44733,3,14,1970,33.69261
44733,3,14,1971,33.81732
44733,3,14,1972,33.60541
44733,3,14,1973,33.6732
44733,3,14,1974,33.69074
44733,3,14,1975,33.83511
44733,3,14,1976,33.74136
44733,3,14,1977,33.79389
44733,3,14,1978,33.69288
44733,3,14,1979,33.56293
44733,3,14,1980,33.6286
44733,3,14,1981,33.59724
44733,3,14,1982,33.68883
44733,3,14,1983,34.18433
44733,3,14,1984,34.38796
44733,3,14,1985,34.32968
44733,3,14,1986,34.29517
44733,3,14,1987,34.56018
44733,3,14,1988,34.74344
44733,3,14,1989,34.63716
44733,3,14,1990,34.81476
44733,3,14,1991,34.86615
44733,3,14,1992,35.19675
44733,3,14,1993,35.15576
44733,3,14,1994,35.36243
44733,3,14,1995,35.46822
44733,3,14,1996,35.73035
44733,3,14,1997,36.03137
44733,3,14,1998,36.12683
44733,3,14,1999,36.30252
44733,3,14,2000,36.46433
44733,3,14,2001,36.6909
44733,3,14,2002,36.86879
44733,3,14,2003,36.95568
44733,3,14,2004,37.35436
44733,3,14,2005,37.64263
44733,3,14,2006,37.95239
44733,3,14,2007,38.33067
44733,3,14,2008,38.52387
44733,3,14,2009,38.88967
44733,3,14,2010,39.08253
44733,3,14,2011,39.41971
44733,3,14,2012,39.40693
44733,3,14,2013,39.49723
44733,3,14,2014,39.58387
44733,3,14,2015,39.42919
44733,3,14,2016,39.85593
44733,3,14,2017,39.99423
44733,3,14,2018,40.10301
44733,3,14,2019,40.43401
44734,1,14,1950,31.26806
44734,1,14,1951,30.72984
44734,1,14,1952,31.31846
44734,1,14,1953,31.65771
44734,1,14,1954,31.89663
44734,1,14,1955,31.56397
44734,1,14,1956,31.71715
44734,1,14,1957,31.69724
44734,1,14,1958,31.90198
44734,1,14,1959,32.09648
44734,1,14,1960,31.99266
44734,1,14,1961,31.68612
44734,1,14,1962,31.76867
44734,1,14,1963,31.57887
44734,1,14,1964,32.03265
44734,1,14,1965,32.01413
44734,1,14,1966,32.09166
44734,1,14,1967,32.3727
44734,1,14,1968,31.90455
44734,1,14,1969,31.88718
44734,1,14,1970,31.9684
44734,1,14,1971,32.06674
44734,1,14,1972,31.9965
44734,1,14,1973,31.94883
44734,1,14,1974,32.08183
44734,1,14,1975,32.13753
44734,1,14,1976,32.02824
44734,1,14,1977,31.97736
44734,1,14,1978,31.67952
44734,1,14,1979,31.44957
44734,1,14,1980,31.2133
44734,1,14,1981,31.06511
44734,1,14,1982,31.11674
44734,1,14,1983,31.06986
44734,1,14,1984,31.22996
44734,1,14,1985,31.16626
44734,1,14,1986,31.16351
44734,1,14,1987,31.24126
44734,1,14,1988,31.52179
44734,1,14,1989,31.51282
44734,1,14,1990,31.93498
44734,1,14,1991,32.01981
44734,1,14,1992,32.47097
44734,1,14,1993,32.67983
44734,1,14,1994,32.96193
44734,1,14,1995,33.12848
44734,1,14,1996,33.4352
44734,1,14,1997,33.79094
44734,1,14,1998,33.91827
44734,1,14,1999,34.30725
44734,1,14,2000,34.67816
44734,1,14,2001,34.94111
44734,1,14,2002,35.16218
44734,1,14,2003,35.32646
44734,1,14,2004,36.01544
44734,1,14,2005,36.54894
44734,1,14,2006,36.71779
44734,1,14,2007,37.13393
44734,1,14,2008,37.06794
44734,1,14,2009,37.32393
44734,1,14,2010,37.27606
44734,1,14,2011,37.58864
44734,1,14,2012,37.61957
44734,1,14,2013,37.70143
44734,1,14,2014,37.74095
44734,1,14,2015,37.39363
44734,1,14,2016,37.87094
44734,1,14,2017,38.03609
44734,1,14,2018,38.18487
44734,1,14,2019,38.76989
44734,2,14,1950,34.27549
44734,2,14,1951,34.12213
44734,2,14,1952,34.77056
44734,2,14,1953,34.95049
44734,2,14,1954,35.13355
44734,2,14,1955,35.10399
44734,2,14,1956,35.12472
44734,2,14,1957,35.53935
44734,2,14,1958,35.75051
44734,2,14,1959,35.76491
44734,2,14,1960,35.72907
44734,2,14,1961,35.6905
44734,2,14,1962,35.65439
44734,2,14,1963,35.61795
44734,2,14,1964,36.04671
44734,2,14,1965,36.18497
44734,2,14,1966,36.21485
44734,2,14,1967,36.22345
44734,2,14,1968,36.25329
44734,2,14,1969,36.17341
44734,2,14,1970,36.36602
44734,2,14,1971,36.31247
44734,2,14,1972,36.10812
44734,2,14,1973,36.16664
44734,2,14,1974,36.1889
44734,2,14,1975,36.46331
44734,2,14,1976,36.15345
44734,2,14,1977,36.17282
44734,2,14,1978,36.09327
44734,2,14,1979,35.84018
44734,2,14,1980,35.77968
44734,2,14,1981,35.67377
44734,2,14,1982,35.60043
44734,2,14,1983,35.86741
44734,2,14,1984,36.0177
44734,2,14,1985,36.09173
44734,2,14,1986,36.0768
44734,2,14,1987,36.07643
44734,2,14,1988,36.20755
44734,2,14,1989,36.25986
44734,2,14,1990,36.48411
44734,2,14,1991,36.68607
44734,2,14,1992,36.96742
44734,2,14,1993,36.788
44734,2,14,1994,37.11196
44734,2,14,1995,37.12267
44734,2,14,1996,37.33892
44734,2,14,1997,37.52627
44734,2,14,1998,37.66113
44734,2,14,1999,37.71901
44734,2,14,2000,37.79654
44734,2,14,2001,38.27079
44734,2,14,2002,38.41507
44734,2,14,2003,38.53358
44734,2,14,2004,39.0242
44734,2,14,2005,39.51794
44734,2,14,2006,39.98274
44734,2,14,2007,40.3221
44734,2,14,2008,40.54343
44734,2,14,2009,40.8578
44734,2,14,2010,40.95055
44734,2,14,2011,41.08303
44734,2,14,2012,40.99212
44734,2,14,2013,40.93406
44734,2,14,2014,40.98929
44734,2,14,2015,40.88992
44734,2,14,2016,41.17518
44734,2,14,2017,41.3609
44734,2,14,2018,41.5334
44734,2,14,2019,41.78711
44734,3,14,1950,32.1854
44734,3,14,1951,31.96281
44734,3,14,1952,32.43271
44734,3,14,1953,32.85997
44734,3,14,1954,32.77803
44734,3,14,1955,32.71562
44734,3,14,1956,32.84291
44734,3,14,1957,33.01111
44734,3,14,1958,33.08952
44734,3,14,1959,33.31504
44734,3,14,1960,33.23987
44734,3,14,1961,33.08298
44734,3,14,1962,33.09301
44734,3,14,1963,33.16095
44734,3,14,1964,33.46256
44734,3,14,1965,33.5484
44734,3,14,1966,33.42325
44734,3,14,1967,33.74116
44734,3,14,1968,33.55629
44734,3,14,1969,33.33944
44734,3,14,1970,33.53438
44734,3,14,1971,33.57216
44734,3,14,1972,33.59652
44734,3,14,1973,33.54373
44734,3,14,1974,33.61782
44734,3,14,1975,33.7566
44734,3,14,1976,33.7286
44734,3,14,1977,33.73278
44734,3,14,1978,33.62199
44734,3,14,1979,33.42522
44734,3,14,1980,33.45122
44734,3,14,1981,33.41239
44734,3,14,1982,33.3654
44734,3,14,1983,33.5104
44734,3,14,1984,33.67992
44734,3,14,1985,33.67312
44734,3,14,1986,33.64403
44734,3,14,1987,33.68236
44734,3,14,1988,33.93112
44734,3,14,1989,33.90016
44734,3,14,1990,34.23727
44734,3,14,1991,34.41286
44734,3,14,1992,34.74814
44734,3,14,1993,34.76978
44734,3,14,1994,35.04937
44734,3,14,1995,35.15451
44734,3,14,1996,35.42669
44734,3,14,1997,35.65414
44734,3,14,1998,35.79957
44734,3,14,1999,35.99023
44734,3,14,2000,36.22574
44734,3,14,2001,36.6107
44734,3,14,2002,36.76566
44734,3,14,2003,36.93593
44734,3,14,2004,37.49197
44734,3,14,2005,37.98909
44734,3,14,2006,38.27668
44734,3,14,2007,38.65398
44734,3,14,2008,38.73422
44734,3,14,2009,39.01491
44734,3,14,2010,39.02129
44734,3,14,2011,39.26338
44734,3,14,2012,39.2073
44734,3,14,2013,39.20767
44734,3,14,2014,39.22892
44734,3,14,2015,39.01907
44734,3,14,2016,39.36202
44734,3,14,2017,39.49545
44734,3,14,2018,39.62416
44734,3,14,2019,39.97405
44735,1,14,1950,30.47406
44735,1,14,1951,30.10157
44735,1,14,1952,30.4046
44735,1,14,1953,30.89667
44735,1,14,1954,31.18421
44735,1,14,1955,30.80046
44735,1,14,1956,31.04292
44735,1,14,1957,30.96761
44735,1,14,1958,31.00375
44735,1,14,1959,31.17612
44735,1,14,1960,31.2518
44735,1,14,1961,31.08132
44735,1,14,1962,30.88264
44735,1,14,1963,30.80647
44735,1,14,1964,31.30829
44735,1,14,1965,31.27028
44735,1,14,1966,31.1533
44735,1,14,1967,31.37787
44735,1,14,1968,31.36122
44735,1,14,1969,31.23525
44735,1,14,1970,31.30502
44735,1,14,1971,31.40032
44735,1,14,1972,31.05196
44735,1,14,1973,31.06416
44735,1,14,1974,31.09068
44735,1,14,1975,31.38856
44735,1,14,1976,31.22354
44735,1,14,1977,31.14793
44735,1,14,1978,30.92607
44735,1,14,1979,30.40514
44735,1,14,1980,30.40857
44735,1,14,1981,30.24031
44735,1,14,1982,30.21741
44735,1,14,1983,30.30477
44735,1,14,1984,30.33812
44735,1,14,1985,30.31623
44735,1,14,1986,30.49449
44735,1,14,1987,30.88487
44735,1,14,1988,31.30785
44735,1,14,1989,31.2461
44735,1,14,1990,31.65966
44735,1,14,1991,31.6637
44735,1,14,1992,31.94606
44735,1,14,1993,31.90506
44735,1,14,1994,31.58613
44735,1,14,1995,32.1765
44735,1,14,1996,32.42795
44735,1,14,1997,32.51354
44735,1,14,1998,31.9883
44735,1,14,1999,32.47396
44735,1,14,2000,33.06504
44735,1,14,2001,33.73439
44735,1,14,2002,34.0543
44735,1,14,2003,34.50402
44735,1,14,2004,35.19657
44735,1,14,2005,35.41188
44735,1,14,2006,35.2032
44735,1,14,2007,35.72466
44735,1,14,2008,35.93981
44735,1,14,2009,36.39476
44735,1,14,2010,36.62728
44735,1,14,2011,37.03524
44735,1,14,2012,37.09581
44735,1,14,2013,37.05022
44735,1,14,2014,36.93541
44735,1,14,2015,36.44732
44735,1,14,2016,36.60454
44735,1,14,2017,36.68243
44735,1,14,2018,36.99036
44735,1,14,2019,37.64505
44735,2,14,1950,33.76081
44735,2,14,1951,33.87851
44735,2,14,1952,34.32109
44735,2,14,1953,34.58124
44735,2,14,1954,34.83768
44735,2,14,1955,34.98359
44735,2,14,1956,35.03544
44735,2,14,1957,35.31983
44735,2,14,1958,35.51168
44735,2,14,1959,35.59363
44735,2,14,1960,35.63367
44735,2,14,1961,35.58724
44735,2,14,1962,35.65801
44735,2,14,1963,35.35262
44735,2,14,1964,35.76928
44735,2,14,1965,35.93707
44735,2,14,1966,36.06487
44735,2,14,1967,36.086
44735,2,14,1968,35.81576
44735,2,14,1969,35.8125
44735,2,14,1970,35.79173
44735,2,14,1971,36.03014
44735,2,14,1972,35.79071
44735,2,14,1973,35.82269
44735,2,14,1974,35.94971
44735,2,14,1975,35.85553
44735,2,14,1976,35.79755
44735,2,14,1977,35.8503
44735,2,14,1978,35.66912
44735,2,14,1979,35.40462
44735,2,14,1980,35.40822
44735,2,14,1981,35.23533
44735,2,14,1982,35.20622
44735,2,14,1983,35.42517
44735,2,14,1984,35.49688
44735,2,14,1985,35.51114
44735,2,14,1986,35.51706
44735,2,14,1987,35.73884
44735,2,14,1988,35.99449
44735,2,14,1989,35.89764
44735,2,14,1990,36.07702
44735,2,14,1991,36.24445
44735,2,14,1992,36.37509
44735,2,14,1993,36.16607
44735,2,14,1994,36.45116
44735,2,14,1995,36.46197
44735,2,14,1996,36.72604
44735,2,14,1997,36.96591
44735,2,14,1998,37.20112
44735,2,14,1999,37.29896
44735,2,14,2000,37.37299
44735,2,14,2001,37.82706
44735,2,14,2002,38.00475
44735,2,14,2003,38.20049
44735,2,14,2004,38.67649
44735,2,14,2005,39.10883
44735,2,14,2006,39.411
44735,2,14,2007,40.06184
44735,2,14,2008,40.42183
44735,2,14,2009,41.01934
44735,2,14,2010,41.68117
44735,2,14,2011,41.89185
44735,2,14,2012,41.9491
44735,2,14,2013,41.76372
44735,2,14,2014,41.66485
44735,2,14,2015,41.40458
44735,2,14,2016,41.23489
44735,2,14,2017,41.43963
44735,2,14,2018,41.71825
44735,2,14,2019,42.14728
44735,3,14,1950,31.46322
44735,3,14,1951,31.33352
44735,3,14,1952,31.67332
44735,3,14,1953,32.10677
44735,3,14,1954,32.15864
44735,3,14,1955,32.20881
44735,3,14,1956,32.38746
44735,3,14,1957,32.48494
44735,3,14,1958,32.48484
44735,3,14,1959,32.72643
44735,3,14,1960,32.6774
44735,3,14,1961,32.44466
44735,3,14,1962,32.53705
44735,3,14,1963,32.55531
44735,3,14,1964,32.81737
44735,3,14,1965,32.98631
44735,3,14,1966,32.85542
44735,3,14,1967,33.10288
44735,3,14,1968,32.87593
44735,3,14,1969,32.87659
44735,3,14,1970,33.14512
44735,3,14,1971,33.0938
44735,3,14,1972,32.90959
44735,3,14,1973,32.94152
44735,3,14,1974,33.12644
44735,3,14,1975,33.09461
44735,3,14,1976,33.121
44735,3,14,1977,33.05629
44735,3,14,1978,32.86613
44735,3,14,1979,32.55733
44735,3,14,1980,32.67701
44735,3,14,1981,32.64133
44735,3,14,1982,32.61123
44735,3,14,1983,32.7837
44735,3,14,1984,32.84909
44735,3,14,1985,32.81993
44735,3,14,1986,32.94327
44735,3,14,1987,33.2462
44735,3,14,1988,33.56903
44735,3,14,1989,33.48696
44735,3,14,1990,33.76399
44735,3,14,1991,33.87535
44735,3,14,1992,34.07547
44735,3,14,1993,33.92744
44735,3,14,1994,33.91737
44735,3,14,1995,34.21454
44735,3,14,1996,34.43792
44735,3,14,1997,34.6087
44735,3,14,1998,34.47198
44735,3,14,1999,34.70218
44735,3,14,2000,35.11698
44735,3,14,2001,35.67187
44735,3,14,2002,35.91805
44735,3,14,2003,36.21555
44735,3,14,2004,36.81369
44735,3,14,2005,37.11303
44735,3,14,2006,37.17882
44735,3,14,2007,37.7638
44735,3,14,2008,38.05275
44735,3,14,2009,38.55605
44735,3,14,2010,38.97864
44735,3,14,2011,39.33208
44735,3,14,2012,39.34658
44735,3,14,2013,39.21916
44735,3,14,2014,39.13547
44735,3,14,2015,38.70605
44735,3,14,2016,38.73215
44735,3,14,2017,38.8373
44735,3,14,2018,39.00498
44735,3,14,2019,39.40646
44736,1,14,1950,31.38035
44736,1,14,1951,31.04094
44736,1,14,1952,31.16428
44736,1,14,1953,31.66166
44736,1,14,1954,31.51652
44736,1,14,1955,31.61801
44736,1,14,1956,31.80742
44736,1,14,1957,31.85924
44736,1,14,1958,31.82725
44736,1,14,1959,31.93582
44736,1,14,1960,31.83485
44736,1,14,1961,31.83691
44736,1,14,1962,31.6061
44736,1,14,1963,31.46061
44736,1,14,1964,31.85116
44736,1,14,1965,31.83241
44736,1,14,1966,31.73161
44736,1,14,1967,32.00572
44736,1,14,1968,31.82107
44736,1,14,1969,31.57869
44736,1,14,1970,31.60047
44736,1,14,1971,31.65924
44736,1,14,1972,31.55006
44736,1,14,1973,31.66099
44736,1,14,1974,31.54774
44736,1,14,1975,31.68143
44736,1,14,1976,31.54796
44736,1,14,1977,31.68813
44736,1,14,1978,31.16791
44736,1,14,1979,30.84503
44736,1,14,1980,30.70712
44736,1,14,1981,30.56872
44736,1,14,1982,30.39334
44736,1,14,1983,30.50199
44736,1,14,1984,30.74902
44736,1,14,1985,30.95811
44736,1,14,1986,31.05665
44736,1,14,1987,31.33436
44736,1,14,1988,31.7767
44736,1,14,1989,31.80768
44736,1,14,1990,32.08943
44736,1,14,1991,32.0743
44736,1,14,1992,32.44872
44736,1,14,1993,32.60796
44736,1,14,1994,32.67674
44736,1,14,1995,32.62025
44736,1,14,1996,32.70906
44736,1,14,1997,32.88396
44736,1,14,1998,32.87253
44736,1,14,1999,33.17781
44736,1,14,2000,33.41389
44736,1,14,2001,33.5852
44736,1,14,2002,33.72256
44736,1,14,2003,33.96198
44736,1,14,2004,34.59679
44736,1,14,2005,34.98901
44736,1,14,2006,35.26526
44736,1,14,2007,35.90128
44736,1,14,2008,36.08418
44736,1,14,2009,36.54137
44736,1,14,2010,36.65313
44736,1,14,2011,37.00595
44736,1,14,2012,37.03646
44736,1,14,2013,37.30338
44736,1,14,2014,37.56999
44736,1,14,2015,37.23868
44736,1,14,2016,37.27867
44736,1,14,2017,37.52903
44736,1,14,2018,37.97933
44736,1,14,2019,38.57057
44736,2,14,1950,34.65199
44736,2,14,1951,34.59216
44736,2,14,1952,35.08281
44736,2,14,1953,35.35484
44736,2,14,1954,35.54959
44736,2,14,1955,35.60199
44736,2,14,1956,35.90685
44736,2,14,1957,36.22573
44736,2,14,1958,36.06873
44736,2,14,1959,36.29583
44736,2,14,1960,36.24748
44736,2,14,1961,36.06754
44736,2,14,1962,36.03447
44736,2,14,1963,36.05359
44736,2,14,1964,36.69559
44736,2,14,1965,36.60475
44736,2,14,1966,36.7853
44736,2,14,1967,36.7776
44736,2,14,1968,36.5802
44736,2,14,1969,36.59057
44736,2,14,1970,36.58518
44736,2,14,1971,36.71992
44736,2,14,1972,36.6168
44736,2,14,1973,36.47546
44736,2,14,1974,36.67615
44736,2,14,1975,36.64541
44736,2,14,1976,36.51461
44736,2,14,1977,36.63382
44736,2,14,1978,36.47347
44736,2,14,1979,36.19579
44736,2,14,1980,36.09391
44736,2,14,1981,36.04425
44736,2,14,1982,36.02386
44736,2,14,1983,36.21949
44736,2,14,1984,36.19578
44736,2,14,1985,36.17883
44736,2,14,1986,36.1794
44736,2,14,1987,36.21628
44736,2,14,1988,36.27402
44736,2,14,1989,36.1828
44736,2,14,1990,36.37873
44736,2,14,1991,36.50333
44736,2,14,1992,36.57167
44736,2,14,1993,36.32422
44736,2,14,1994,36.47493
44736,2,14,1995,36.35284
44736,2,14,1996,36.42946
44736,2,14,1997,36.64583
44736,2,14,1998,36.87676
44736,2,14,1999,37.10814
44736,2,14,2000,37.31804
44736,2,14,2001,37.83932
44736,2,14,2002,37.95445
44736,2,14,2003,38.05352
44736,2,14,2004,38.4583
44736,2,14,2005,38.90677
44736,2,14,2006,39.31367
44736,2,14,2007,39.66265
44736,2,14,2008,39.76734
44736,2,14,2009,39.95354
44736,2,14,2010,39.92631
44736,2,14,2011,39.80212
44736,2,14,2012,39.71949
44736,2,14,2013,39.70252
44736,2,14,2014,39.71552
44736,2,14,2015,39.5717
44736,2,14,2016,39.75464
44736,2,14,2017,40.15719
44736,2,14,2018,40.46106
44736,2,14,2019,40.79134
44736,3,14,1950,32.12109
44736,3,14,1951,31.99341
44736,3,14,1952,32.49797
44736,3,14,1953,32.82608
44736,3,14,1954,32.82515
44736,3,14,1955,32.89862
44736,3,14,1956,33.15917
44736,3,14,1957,33.14686
44736,3,14,1958,33.22411
44736,3,14,1959,33.43307
44736,3,14,1960,33.28244
44736,3,14,1961,33.27773
44736,3,14,1962,33.1712
44736,3,14,1963,33.11002
44736,3,14,1964,33.44865
44736,3,14,1965,33.44721
44736,3,14,1966,33.49945
44736,3,14,1967,33.5817
44736,3,14,1968,33.45071
44736,3,14,1969,33.61279
44736,3,14,1970,33.57221
44736,3,14,1971,33.53262
44736,3,14,1972,33.45386
44736,3,14,1973,33.48471
44736,3,14,1974,33.41626
44736,3,14,1975,33.6561
44736,3,14,1976,33.45636
44736,3,14,1977,33.598
44736,3,14,1978,33.38603
44736,3,14,1979,33.28072
44736,3,14,1980,33.22628
44736,3,14,1981,33.15321
44736,3,14,1982,33.14777
44736,3,14,1983,33.33395
44736,3,14,1984,33.47852
44736,3,14,1985,33.48796
44736,3,14,1986,33.58771
44736,3,14,1987,33.72341
44736,3,14,1988,34.0179
44736,3,14,1989,33.97344
44736,3,14,1990,34.19251
44736,3,14,1991,34.27562
44736,3,14,1992,34.52113
44736,3,14,1993,34.44042
44736,3,14,1994,34.57926
44736,3,14,1995,34.48716
44736,3,14,1996,34.53885
44736,3,14,1997,34.77613
44736,3,14,1998,34.83492
44736,3,14,1999,35.07045
44736,3,14,2000,35.33251
44736,3,14,2001,35.66032
44736,3,14,2002,35.78638
44736,3,14,2003,35.95235
44736,3,14,2004,36.45906
44736,3,14,2005,36.94075
44736,3,14,2006,37.23474
44736,3,14,2007,37.71988
44736,3,14,2008,37.88558
44736,3,14,2009,38.14676
44736,3,14,2010,38.21727
44736,3,14,2011,38.32189
44736,3,14,2012,38.26407
44736,3,14,2013,38.35355
44736,3,14,2014,38.5346
44736,3,14,2015,38.22061
44736,3,14,2016,38.337
44736,3,14,2017,38.65222
44736,3,14,2018,38.91617
44736,3,14,2019,39.36843
44737,1,14,1950,31.57834
44737,1,14,1951,31.04347
44737,1,14,1952,31.5439
44737,1,14,1953,31.76775
44737,1,14,1954,31.70714
44737,1,14,1955,31.73178
44737,1,14,1956,31.70626
44737,1,14,1957,31.98175
44737,1,14,1958,31.95453
44737,1,14,1959,32.10452
44737,1,14,1960,32.36066
44737,1,14,1961,31.86096
44737,1,14,1962,32.11067
44737,1,14,1963,32.08854
44737,1,14,1964,32.16539
44737,1,14,1965,32.21975
44737,1,14,1966,32.21689
44737,1,14,1967,32.37682
44737,1,14,1968,31.91008
44737,1,14,1969,31.84839
44737,1,14,1970,31.93334
44737,1,14,1971,32.25382
44737,1,14,1972,32.03855
44737,1,14,1973,32.23604
44737,1,14,1974,32.10915
44737,1,14,1975,32.32292
44737,1,14,1976,32.07872
44737,1,14,1977,31.83382
44737,1,14,1978,31.68584
44737,1,14,1979,31.19897
44737,1,14,1980,31.03947
44737,1,14,1981,31.00375
44737,1,14,1982,31.167
44737,1,14,1983,30.98449
44737,1,14,1984,31.01275
44737,1,14,1985,31.04812
44737,1,14,1986,31.44274
44737,1,14,1987,31.67107
44737,1,14,1988,31.97068
44737,1,14,1989,32.02977
44737,1,14,1990,32.33284
44737,1,14,1991,32.40577
44737,1,14,1992,32.84093
44737,1,14,1993,33.01406
44737,1,14,1994,33.2153
44737,1,14,1995,33.33114
44737,1,14,1996,33.61036
44737,1,14,1997,33.93201
44737,1,14,1998,33.98173
44737,1,14,1999,34.31206
44737,1,14,2000,34.70608
44737,1,14,2001,34.79907
44737,1,14,2002,34.89963
44737,1,14,2003,35.09085
44737,1,14,2004,35.65147
44737,1,14,2005,35.98552
44737,1,14,2006,36.11793
44737,1,14,2007,36.53567
44737,1,14,2008,36.63239
44737,1,14,2009,36.90261
44737,1,14,2010,36.84349
44737,1,14,2011,37.13366
44737,1,14,2012,37.03314
44737,1,14,2013,37.04607
44737,1,14,2014,36.97347
44737,1,14,2015,36.62544
44737,1,14,2016,37.02317
44737,1,14,2017,37.0561
44737,1,14,2018,37.29806
44737,1,14,2019,37.79983
44737,2,14,1950,34.54211
44737,2,14,1951,34.5682
44737,2,14,1952,35.04494
44737,2,14,1953,35.35621
44737,2,14,1954,35.52006
44737,2,14,1955,35.58007
44737,2,14,1956,35.76861
44737,2,14,1957,35.85401
44737,2,14,1958,35.9915
44737,2,14,1959,36.16032
44737,2,14,1960,36.22767
44737,2,14,1961,36.06575
44737,2,14,1962,36.17285
44737,2,14,1963,36.13518
44737,2,14,1964,36.6592
44737,2,14,1965,36.70102
44737,2,14,1966,36.7337
44737,2,14,1967,36.70511
44737,2,14,1968,36.57777
44737,2,14,1969,36.66359
44737,2,14,1970,36.66222
44737,2,14,1971,36.78524
44737,2,14,1972,36.4021
44737,2,14,1973,36.69449
44737,2,14,1974,36.63013
44737,2,14,1975,36.58677
44737,2,14,1976,36.503
44737,2,14,1977,36.68507
44737,2,14,1978,36.27875
44737,2,14,1979,36.10409
44737,2,14,1980,36.10852
44737,2,14,1981,36.00191
44737,2,14,1982,36.18238
44737,2,14,1983,36.52073
44737,2,14,1984,36.58973
44737,2,14,1985,36.65033
44737,2,14,1986,36.724
44737,2,14,1987,36.84538
44737,2,14,1988,36.99524
44737,2,14,1989,36.95838
44737,2,14,1990,36.93251
44737,2,14,1991,37.1086
44737,2,14,1992,37.33703
44737,2,14,1993,37.30521
44737,2,14,1994,37.67493
44737,2,14,1995,37.58125
44737,2,14,1996,37.80707
44737,2,14,1997,38.01139
44737,2,14,1998,38.10211
44737,2,14,1999,38.12822
44737,2,14,2000,38.19269
44737,2,14,2001,38.53821
44737,2,14,2002,38.64128
44737,2,14,2003,38.6858
44737,2,14,2004,38.98816
44737,2,14,2005,39.28363
44737,2,14,2006,39.50807
44737,2,14,2007,39.62532
44737,2,14,2008,39.78836
44737,2,14,2009,40.13844
44737,2,14,2010,40.30426
44737,2,14,2011,40.48932
44737,2,14,2012,40.49804
44737,2,14,2013,40.5295
44737,2,14,2014,40.6849
44737,2,14,2015,40.65842
44737,2,14,2016,41.05908
44737,2,14,2017,41.24844
44737,2,14,2018,41.48741
44737,2,14,2019,41.78348
44737,3,14,1950,32.23145
44737,3,14,1951,32.19437
44737,3,14,1952,32.37336
44737,3,14,1953,32.92071
44737,3,14,1954,32.9096
44737,3,14,1955,32.92881
44737,3,14,1956,32.99409
44737,3,14,1957,33.25212
44737,3,14,1958,33.13384
44737,3,14,1959,33.35971
44737,3,14,1960,33.40626
44737,3,14,1961,33.30958
44737,3,14,1962,33.3476
44737,3,14,1963,33.25899
44737,3,14,1964,33.76254
44737,3,14,1965,33.70109
44737,3,14,1966,33.65083
44737,3,14,1967,33.91315
44737,3,14,1968,33.49285
44737,3,14,1969,33.81103
44737,3,14,1970,33.75241
44737,3,14,1971,33.71293
44737,3,14,1972,33.77919
44737,3,14,1973,33.93327
44737,3,14,1974,33.81359
44737,3,14,1975,34.01947
44737,3,14,1976,33.81325
44737,3,14,1977,33.73566
44737,3,14,1978,33.65155
44737,3,14,1979,33.45331
44737,3,14,1980,33.39493
44737,3,14,1981,33.44863
44737,3,14,1982,33.67442
44737,3,14,1983,33.74021
44737,3,14,1984,33.76811
44737,3,14,1985,33.81714
44737,3,14,1986,34.08626
44737,3,14,1987,34.25202
44737,3,14,1988,34.47029
44737,3,14,1989,34.49251
44737,3,14,1990,34.60905
44737,3,14,1991,34.73889
44737,3,14,1992,35.07469
44737,3,14,1993,35.16401
44737,3,14,1994,35.42941
44737,3,14,1995,35.44214
44737,3,14,1996,35.71736
44737,3,14,1997,35.95322
44737,3,14,1998,36.05315
44737,3,14,1999,36.22156
44737,3,14,2000,36.43848
44737,3,14,2001,36.70739
44737,3,14,2002,36.76487
44737,3,14,2003,36.89997
44737,3,14,2004,37.28003
44737,3,14,2005,37.64086
44737,3,14,2006,37.77362
44737,3,14,2007,38.04449
44737,3,14,2008,38.16152
44737,3,14,2009,38.50569
44737,3,14,2010,38.56662
44737,3,14,2011,38.79178
44737,3,14,2012,38.70162
44737,3,14,2013,38.7434
44737,3,14,2014,38.78384
44737,3,14,2015,38.57123
44737,3,14,2016,38.94463
44737,3,14,2017,39.06283
44737,3,14,2018,39.20218
44737,3,14,2019,39.49795
44738,1,14,1950,31.49259
44738,1,14,1951,31.41048
44738,1,14,1952,31.49434
44738,1,14,1953,31.87014
44738,1,14,1954,31.84878
44738,1,14,1955,31.74964
44738,1,14,1956,32.0375
44738,1,14,1957,31.92398
44738,1,14,1958,31.95111
44738,1,14,1959,31.91491
44738,1,14,1960,32.04043
44738,1,14,1961,31.83035
44738,1,14,1962,31.75369
44738,1,14,1963,31.82447
44738,1,14,1964,32.03713
44738,1,14,1965,32.03936
44738,1,14,1966,32.01501
44738,1,14,1967,32.24659
44738,1,14,1968,32.06944
44738,1,14,1969,31.93408
44738,1,14,1970,32.1724
44738,1,14,1971,32.16778
44738,1,14,1972,31.90824
44738,1,14,1973,31.78431
44738,1,14,1974,31.92067
44738,1,14,1975,31.94727
44738,1,14,1976,31.84165
44738,1,14,1977,31.77897
44738,1,14,1978,31.53293
44738,1,14,1979,31.26347
44738,1,14,1980,31.15758
44738,1,14,1981,30.94779
44738,1,14,1982,30.97014
44738,1,14,1983,31.09841
44738,1,14,1984,31.18525
44738,1,14,1985,31.20335
44738,1,14,1986,31.30997
44738,1,14,1987,31.66243
44738,1,14,1988,32.02279
44738,1,14,1989,32.02892
44738,1,14,1990,32.48593
44738,1,14,1991,32.64551
44738,1,14,1992,33.10949
44738,1,14,1993,33.32454
44738,1,14,1994,33.54911
44738,1,14,1995,33.77379
44738,1,14,1996,33.94753
44738,1,14,1997,34.24638
44738,1,14,1998,34.30178
44738,1,14,1999,34.6286
44738,1,14,2000,35.02747
44738,1,14,2001,35.31248
44738,1,14,2002,35.58055
44738,1,14,2003,35.90133
44738,1,14,2004,36.53666
44738,1,14,2005,37.07968
44738,1,14,2006,37.36372
44738,1,14,2007,37.92875
44738,1,14,2008,38.2906
44738,1,14,2009,38.7911
44738,1,14,2010,38.93914
44738,1,14,2011,39.11431
44738,1,14,2012,39.0367
44738,1,14,2013,39.09882
44738,1,14,2014,39.11128
44738,1,14,2015,38.899
44738,1,14,2016,39.5213
44738,1,14,2017,39.67164
44738,1,14,2018,39.86678
44738,1,14,2019,40.30655
44738,2,14,1950,35.10602
44738,2,14,1951,34.87589
44738,2,14,1952,35.5336
44738,2,14,1953,35.80132
44738,2,14,1954,35.98836
44738,2,14,1955,36.04105
44738,2,14,1956,36.31338
44738,2,14,1957,36.39579
44738,2,14,1958,36.52873
44738,2,14,1959,36.66826
44738,2,14,1960,36.9455
44738,2,14,1961,36.54599
44738,2,14,1962,36.57279
44738,2,14,1963,36.69573
44738,2,14,1964,37.1886
44738,2,14,1965,37.23148
44738,2,14,1966,37.06023
44738,2,14,1967,37.44362
44738,2,14,1968,37.35971
44738,2,14,1969,37.22628
44738,2,14,1970,37.38842
44738,2,14,1971,37.3485
44738,2,14,1972,37.28886
44738,2,14,1973,37.2656
44738,2,14,1974,37.24163
44738,2,14,1975,37.34086
44738,2,14,1976,37.26659
44738,2,14,1977,37.37836
44738,2,14,1978,37.11051
44738,2,14,1979,37.02897
44738,2,14,1980,36.91526
44738,2,14,1981,36.84306
44738,2,14,1982,36.66543
44738,2,14,1983,36.77974
44738,2,14,1984,36.76146
44738,2,14,1985,36.69999
44738,2,14,1986,36.75068
44738,2,14,1987,36.90539
44738,2,14,1988,37.03861
44738,2,14,1989,37.07417
44738,2,14,1990,37.27407
44738,2,14,1991,37.38831
44738,2,14,1992,37.51029
44738,2,14,1993,37.32175
44738,2,14,1994,37.63595
44738,2,14,1995,37.57729
44738,2,14,1996,37.80951
44738,2,14,1997,37.91243
44738,2,14,1998,38.01999
44738,2,14,1999,38.14336
44738,2,14,2000,38.27461
44738,2,14,2001,38.79144
44738,2,14,2002,39.01084
44738,2,14,2003,39.23978
44738,2,14,2004,39.76147
44738,2,14,2005,40.24289
44738,2,14,2006,40.69587
44738,2,14,2007,41.09392
44738,2,14,2008,41.35319
44738,2,14,2009,41.74437
44738,2,14,2010,41.83517
44738,2,14,2011,41.93018
44738,2,14,2012,41.83696
44738,2,14,2013,41.69569
44738,2,14,2014,41.59301
44738,2,14,2015,41.47596
44738,2,14,2016,41.76993
44738,2,14,2017,41.92714
44738,2,14,2018,42.0203
44738,2,14,2019,42.33812
44738,3,14,1950,32.59137
44738,3,14,1951,32.3911
44738,3,14,1952,32.63082
44738,3,14,1953,33.2203
44738,3,14,1954,33.26689
44738,3,14,1955,33.20143
44738,3,14,1956,33.54583
44738,3,14,1957,33.60634
44738,3,14,1958,33.70789
44738,3,14,1959,33.66939
44738,3,14,1960,33.89503
44738,3,14,1961,33.58985
44738,3,14,1962,33.67842
44738,3,14,1963,33.73089
44738,3,14,1964,34.07867
44738,3,14,1965,34.02631
44738,3,14,1966,33.86398
44738,3,14,1967,34.38158
44738,3,14,1968,34.06895
44738,3,14,1969,34.00763
44738,3,14,1970,34.17305
44738,3,14,1971,34.2872
44738,3,14,1972,34.0676
44738,3,14,1973,34.15415
44738,3,14,1974,34.13587
44738,3,14,1975,34.31865
44738,3,14,1976,34.19445
44738,3,14,1977,34.27511
44738,3,14,1978,34.11948
44738,3,14,1979,33.90975
44738,3,14,1980,33.8846
44738,3,14,1981,33.85742
44738,3,14,1982,33.83556
44738,3,14,1983,33.94691
44738,3,14,1984,33.98082
44738,3,14,1985,33.96999
44738,3,14,1986,34.02653
44738,3,14,1987,34.3077
44738,3,14,1988,34.56491
44738,3,14,1989,34.57224
44738,3,14,1990,34.91164
44738,3,14,1991,35.08264
44738,3,14,1992,35.34286
44738,3,14,1993,35.34788
44738,3,14,1994,35.62582
44738,3,14,1995,35.6813
44738,3,14,1996,35.88738
44738,3,14,1997,36.07282
44738,3,14,1998,36.1368
44738,3,14,1999,36.33182
44738,3,14,2000,36.68935
44738,3,14,2001,37.03129
44738,3,14,2002,37.25035
44738,3,14,2003,37.48682
44738,3,14,2004,38.10983
44738,3,14,2005,38.6205
44738,3,14,2006,39.02633
44738,3,14,2007,39.48114
44738,3,14,2008,39.78343
44738,3,14,2009,40.18227
44738,3,14,2010,40.32539
44738,3,14,2011,40.47782
44738,3,14,2012,40.36258
44738,3,14,2013,40.30191
44738,3,14,2014,40.27722
44738,3,14,2015,40.021
44738,3,14,2016,40.45102
44738,3,14,2017,40.56573
44738,3,14,2018,40.64989
44738,3,14,2019,40.91606
44739,1,14,1950,31.65411
44739,1,14,1951,31.18883
44739,1,14,1952,31.48694
44739,1,14,1953,31.92379
44739,1,14,1954,32.06269
44739,1,14,1955,32.10215
44739,1,14,1956,32.0561
44739,1,14,1957,32.44142
44739,1,14,1958,32.25171
44739,1,14,1959,32.46219
44739,1,14,1960,32.26375
44739,1,14,1961,32.32139
44739,1,14,1962,32.25272
44739,1,14,1963,32.09316
44739,1,14,1964,32.35499
44739,1,14,1965,32.37938
44739,1,14,1966,32.56948
44739,1,14,1967,32.58707
44739,1,14,1968,32.49753
44739,1,14,1969,32.49754
44739,1,14,1970,32.70479
44739,1,14,1971,32.84217
44739,1,14,1972,32.79212
44739,1,14,1973,32.58086
44739,1,14,1974,32.61799
44739,1,14,1975,32.55257
44739,1,14,1976,32.7895
44739,1,14,1977,32.72374
44739,1,14,1978,32.39313
44739,1,14,1979,32.224
44739,1,14,1980,32.03066
44739,1,14,1981,31.92214
44739,1,14,1982,31.79714
44739,1,14,1983,31.79775
44739,1,14,1984,32.15894
44739,1,14,1985,32.17615
44739,1,14,1986,32.20595
44739,1,14,1987,32.24054
44739,1,14,1988,32.60145
44739,1,14,1989,32.52472
44739,1,14,1990,32.83948
44739,1,14,1991,32.78658
44739,1,14,1992,32.9536
44739,1,14,1993,32.95469
44739,1,14,1994,33.16058
44739,1,14,1995,33.35091
44739,1,14,1996,33.41557
44739,1,14,1997,33.6384
44739,1,14,1998,33.77371
44739,1,14,1999,34.18035
44739,1,14,2000,34.62594
44739,1,14,2001,34.90432
44739,1,14,2002,35.17945
44739,1,14,2003,35.49217
44739,1,14,2004,36.02191
44739,1,14,2005,36.20312
44739,1,14,2006,36.29591
44739,1,14,2007,36.64657
44739,1,14,2008,36.91178
44739,1,14,2009,37.36695
44739,1,14,2010,37.4839
44739,1,14,2011,37.91659
44739,1,14,2012,37.88659
44739,1,14,2013,37.8973
44739,1,14,2014,37.86844
44739,1,14,2015,37.6068
44739,1,14,2016,38.12066
44739,1,14,2017,38.20298
44739,1,14,2018,38.39864
44739,1,14,2019,38.85789
44739,2,14,1950,34.38645
44739,2,14,1951,34.33806
44739,2,14,1952,34.84575
44739,2,14,1953,35.27561
44739,2,14,1954,35.16769
44739,2,14,1955,35.43892
44739,2,14,1956,35.49374
44739,2,14,1957,35.74726
44739,2,14,1958,36.07695
44739,2,14,1959,35.85338
44739,2,14,1960,36.09324
44739,2,14,1961,36.1121
44739,2,14,1962,36.01461
44739,2,14,1963,36.08263
44739,2,14,1964,36.5172
44739,2,14,1965,36.59605
44739,2,14,1966,36.87221
44739,2,14,1967,36.70214
44739,2,14,1968,36.63944
44739,2,14,1969,36.58059
44739,2,14,1970,36.66328
44739,2,14,1971,36.98896
44739,2,14,1972,36.67154
44739,2,14,1973,36.63605
44739,2,14,1974,36.76707
44739,2,14,1975,36.85141
44739,2,14,1976,36.7457
44739,2,14,1977,36.95421
44739,2,14,1978,36.64281
44739,2,14,1979,36.48986
44739,2,14,1980,36.40391
44739,2,14,1981,36.34014
44739,2,14,1982,36.22746
44739,2,14,1983,36.2399
44739,2,14,1984,36.1622
44739,2,14,1985,36.1475
44739,2,14,1986,36.05828
44739,2,14,1987,36.20083
44739,2,14,1988,36.41222
44739,2,14,1989,36.3479
44739,2,14,1990,36.49317
44739,2,14,1991,36.72884
44739,2,14,1992,36.92989
44739,2,14,1993,36.76399
44739,2,14,1994,37.02503
44739,2,14,1995,36.95405
44739,2,14,1996,37.11762
44739,2,14,1997,37.29907
44739,2,14,1998,37.41878
44739,2,14,1999,37.49232
44739,2,14,2000,37.60947
44739,2,14,2001,38.11167
44739,2,14,2002,38.39722
44739,2,14,2003,38.68071
44739,2,14,2004,39.22018
44739,2,14,2005,39.75567
44739,2,14,2006,40.18848
44739,2,14,2007,40.47603
44739,2,14,2008,40.70682
44739,2,14,2009,40.99609
44739,2,14,2010,41.04062
44739,2,14,2011,41.04331
44739,2,14,2012,40.83126
44739,2,14,2013,40.71484
44739,2,14,2014,40.66502
44739,2,14,2015,40.56011
44739,2,14,2016,40.82226
44739,2,14,2017,40.89279
44739,2,14,2018,41.03504
44739,2,14,2019,41.36778
44739,3,14,1950,32.47806
44739,3,14,1951,32.09913
44739,3,14,1952,32.61206
44739,3,14,1953,32.93333
44739,3,14,1954,33.05628
44739,3,14,1955,33.22349
44739,3,14,1956,33.19172
44739,3,14,1957,33.51592
44739,3,14,1958,33.51051
44739,3,14,1959,33.54825
44739,3,14,1960,33.62593
44739,3,14,1961,33.73322
44739,3,14,1962,33.5234
44739,3,14,1963,33.40384
44739,3,14,1964,33.8442
44739,3,14,1965,34.07013
44739,3,14,1966,34.07288
44739,3,14,1967,34.12366
44739,3,14,1968,34.00871
44739,3,14,1969,33.97979
44739,3,14,1970,34.10367
44739,3,14,1971,34.20129
44739,3,14,1972,34.2522
44739,3,14,1973,34.16707
44739,3,14,1974,34.25803
44739,3,14,1975,34.33567
44739,3,14,1976,34.3428
44739,3,14,1977,34.39453
44739,3,14,1978,34.2911
44739,3,14,1979,34.15106
44739,3,14,1980,34.14258
44739,3,14,1981,34.16186
44739,3,14,1982,34.06423
44739,3,14,1983,34.10328
44739,3,14,1984,34.20942
44739,3,14,1985,34.22104
44739,3,14,1986,34.2285
44739,3,14,1987,34.2825
44739,3,14,1988,34.57593
44739,3,14,1989,34.54639
44739,3,14,1990,34.72363
44739,3,14,1991,34.80947
44739,3,14,1992,34.99298
44739,3,14,1993,34.88933
44739,3,14,1994,35.12434
44739,3,14,1995,35.21966
44739,3,14,1996,35.26725
44739,3,14,1997,35.53535
44739,3,14,1998,35.61113
44739,3,14,1999,35.84151
44739,3,14,2000,36.12685
44739,3,14,2001,36.52325
44739,3,14,2002,36.79216
44739,3,14,2003,37.04509
44739,3,14,2004,37.59419
44739,3,14,2005,37.94875
44739,3,14,2006,38.18353
44739,3,14,2007,38.48898
44739,3,14,2008,38.73387
44739,3,14,2009,39.14584
44739,3,14,2010,39.1889
44739,3,14,2011,39.414
44739,3,14,2012,39.29935
44739,3,14,2013,39.21681
44739,3,14,2014,39.18124
44739,3,14,2015,38.98225
44739,3,14,2016,39.33124
44739,3,14,2017,39.37864
44739,3,14,2018,39.48086
44739,3,14,2019,39.81866
44740,1,14,1950,31.96367
44740,1,14,1951,31.66069
44740,1,14,1952,31.91755
44740,1,14,1953,32.15195
44740,1,14,1954,32.25876
44740,1,14,1955,32.22178
44740,1,14,1956,32.26576
44740,1,14,1957,32.42787
44740,1,14,1958,32.74895
44740,1,14,1959,32.64511
44740,1,14,1960,32.71251
44740,1,14,1961,32.53215
44740,1,14,1962,32.5208
44740,1,14,1963,32.22693
44740,1,14,1964,32.67775
44740,1,14,1965,32.75255
44740,1,14,1966,32.49316
44740,1,14,1967,32.85074
44740,1,14,1968,32.62755
44740,1,14,1969,32.42653
44740,1,14,1970,32.53998
44740,1,14,1971,32.8653
44740,1,14,1972,32.81115
44740,1,14,1973,32.60453
44740,1,14,1974,32.69037
44740,1,14,1975,32.78818
44740,1,14,1976,32.56166
44740,1,14,1977,32.74891
44740,1,14,1978,32.49011
44740,1,14,1979,32.18669
44740,1,14,1980,32.00667
44740,1,14,1981,31.81539
44740,1,14,1982,31.72613
44740,1,14,1983,31.7818
44740,1,14,1984,32.03145
44740,1,14,1985,32.04553
44740,1,14,1986,32.09383
44740,1,14,1987,32.3991
44740,1,14,1988,32.73139
44740,1,14,1989,32.6746
44740,1,14,1990,32.98573
44740,1,14,1991,33.01832
44740,1,14,1992,33.23152
44740,1,14,1993,33.40737
44740,1,14,1994,33.66389
44740,1,14,1995,33.671
44740,1,14,1996,33.7764
44740,1,14,1997,34.02944
44740,1,14,1998,34.19963
44740,1,14,1999,34.71475
44740,1,14,2000,35.2485
44740,1,14,2001,35.55901
44740,1,14,2002,35.81266
44740,1,14,2003,36.08208
44740,1,14,2004,36.72136
44740,1,14,2005,37.37725
44740,1,14,2006,37.92518
44740,1,14,2007,38.54543
44740,1,14,2008,38.92271
44740,1,14,2009,39.69749
44740,1,14,2010,39.65009
44740,1,14,2011,39.8786
44740,1,14,2012,39.55514
44740,1,14,2013,39.6077
44740,1,14,2014,39.75086
44740,1,14,2015,39.03618
44740,1,14,2016,39.4184
44740,1,14,2017,39.61552
44740,1,14,2018,39.95573
44740,1,14,2019,40.50204
44740,2,14,1950,34.68606
44740,2,14,1951,34.72417
44740,2,14,1952,35.18902
44740,2,14,1953,35.4416
44740,2,14,1954,35.44307
44740,2,14,1955,35.40493
44740,2,14,1956,35.66294
44740,2,14,1957,35.82961
44740,2,14,1958,35.90649
44740,2,14,1959,36.11414
44740,2,14,1960,36.08064
44740,2,14,1961,35.88051
44740,2,14,1962,35.91362
44740,2,14,1963,35.983
44740,2,14,1964,36.38414
44740,2,14,1965,36.47252
44740,2,14,1966,36.50904
44740,2,14,1967,36.68689
44740,2,14,1968,36.48728
44740,2,14,1969,36.46473
44740,2,14,1970,36.53418
44740,2,14,1971,36.46884
44740,2,14,1972,36.42999
44740,2,14,1973,36.20875
44740,2,14,1974,36.44309
44740,2,14,1975,36.49576
44740,2,14,1976,36.31733
44740,2,14,1977,36.42859
44740,2,14,1978,36.08794
44740,2,14,1979,35.96216
44740,2,14,1980,35.95675
44740,2,14,1981,35.91631
44740,2,14,1982,35.99459
44740,2,14,1983,36.2744
44740,2,14,1984,36.53056
44740,2,14,1985,36.74241
44740,2,14,1986,36.90415
44740,2,14,1987,37.10368
44740,2,14,1988,37.36224
44740,2,14,1989,37.42103
44740,2,14,1990,37.61439
44740,2,14,1991,37.81112
44740,2,14,1992,38.01419
44740,2,14,1993,37.78483
44740,2,14,1994,38.07625
44740,2,14,1995,38.00899
44740,2,14,1996,38.13566
44740,2,14,1997,38.37895
44740,2,14,1998,38.5528
44740,2,14,1999,38.60989
44740,2,14,2000,38.75944
44740,2,14,2001,39.21543
44740,2,14,2002,39.42211
44740,2,14,2003,39.553
44740,2,14,2004,39.98666
44740,2,14,2005,40.4767
44740,2,14,2006,40.92382
44740,2,14,2007,41.21016
44740,2,14,2008,41.47566
44740,2,14,2009,41.82392
44740,2,14,2010,41.92785
44740,2,14,2011,42.05219
44740,2,14,2012,41.92686
44740,2,14,2013,41.85211
44740,2,14,2014,41.85081
44740,2,14,2015,41.78313
44740,2,14,2016,42.07058
44740,2,14,2017,42.17126
44740,2,14,2018,42.2572
44740,2,14,2019,42.53065
44740,3,14,1950,32.66218
44740,3,14,1951,32.48633
44740,3,14,1952,32.82005
44740,3,14,1953,33.19237
44740,3,14,1954,33.23996
44740,3,14,1955,33.20995
44740,3,14,1956,33.25686
44740,3,14,1957,33.31406
44740,3,14,1958,33.55747
44740,3,14,1959,33.59937
44740,3,14,1960,33.75538
44740,3,14,1961,33.49222
44740,3,14,1962,33.52155
44740,3,14,1963,33.52479
44740,3,14,1964,34.06063
44740,3,14,1965,33.85884
44740,3,14,1966,33.95037
44740,3,14,1967,34.09521
44740,3,14,1968,33.79694
44740,3,14,1969,33.78235
44740,3,14,1970,33.99249
44740,3,14,1971,34.09699
44740,3,14,1972,34.26221
44740,3,14,1973,33.9932
44740,3,14,1974,34.20935
44740,3,14,1975,34.1058
44740,3,14,1976,34.11865
44740,3,14,1977,34.06825
44740,3,14,1978,33.97935
44740,3,14,1979,33.89241
44740,3,14,1980,33.84727
44740,3,14,1981,33.86928
44740,3,14,1982,33.84932
44740,3,14,1983,34.07423
44740,3,14,1984,34.31357
44740,3,14,1985,34.43872
44740,3,14,1986,34.5274
44740,3,14,1987,34.79384
44740,3,14,1988,35.05858
44740,3,14,1989,35.07911
44740,3,14,1990,35.34371
44740,3,14,1991,35.42723
44740,3,14,1992,35.61276
44740,3,14,1993,35.63544
44740,3,14,1994,35.87992
44740,3,14,1995,35.84496
44740,3,14,1996,35.9657
44740,3,14,1997,36.17164
44740,3,14,1998,36.3496
44740,3,14,1999,36.6808
44740,3,14,2000,37.00402
44740,3,14,2001,37.40541
44740,3,14,2002,37.60712
44740,3,14,2003,37.81402
44740,3,14,2004,38.35032
44740,3,14,2005,38.88196
44740,3,14,2006,39.33098
44740,3,14,2007,39.81283
44740,3,14,2008,40.09525
44740,3,14,2009,40.58467
44740,3,14,2010,40.62488
44740,3,14,2011,40.80577
44740,3,14,2012,40.59198
44740,3,14,2013,40.61222
44740,3,14,2014,40.67067
44740,3,14,2015,40.24511
44740,3,14,2016,40.58183
44740,3,14,2017,40.72042
44740,3,14,2018,40.80374
44740,3,14,2019,41.13178
44741,1,14,1950,31.11657
44741,1,14,1951,30.61752
44741,1,14,1952,31.04273
44741,1,14,1953,31.25452
44741,1,14,1954,31.45103
44741,1,14,1955,31.40599
44741,1,14,1956,31.64029
44741,1,14,1957,31.48152
44741,1,14,1958,31.43118
44741,1,14,1959,31.74177
44741,1,14,1960,31.4646
44741,1,14,1961,31.53383
44741,1,14,1962,31.34592
44741,1,14,1963,31.56877
44741,1,14,1964,31.56588
44741,1,14,1965,31.52059
44741,1,14,1966,31.5304
44741,1,14,1967,31.77411
44741,1,14,1968,31.79645
44741,1,14,1969,31.48593
44741,1,14,1970,31.64914
44741,1,14,1971,31.68948
44741,1,14,1972,31.58605
44741,1,14,1973,31.50033
44741,1,14,1974,31.57275
44741,1,14,1975,31.72863
44741,1,14,1976,31.43883
44741,1,14,1977,31.3028
44741,1,14,1978,30.90805
44741,1,14,1979,30.44887
44741,1,14,1980,30.50099
44741,1,14,1981,30.49886
44741,1,14,1982,30.52116
44741,1,14,1983,30.67673
44741,1,14,1984,30.80804
44741,1,14,1985,30.8774
44741,1,14,1986,31.02233
44741,1,14,1987,31.18547
44741,1,14,1988,31.46786
44741,1,14,1989,31.56048
44741,1,14,1990,31.99434
44741,1,14,1991,32.27634
44741,1,14,1992,32.80156
44741,1,14,1993,33.0086
44741,1,14,1994,33.2993
44741,1,14,1995,33.53233
44741,1,14,1996,33.70252
44741,1,14,1997,33.80224
44741,1,14,1998,33.69717
44741,1,14,1999,33.79376
44741,1,14,2000,33.91555
44741,1,14,2001,34.45618
44741,1,14,2002,35.01847
44741,1,14,2003,35.17699
44741,1,14,2004,35.7843
44741,1,14,2005,36.14425
44741,1,14,2006,36.35771
44741,1,14,2007,36.85551
44741,1,14,2008,36.91227
44741,1,14,2009,37.34671
44741,1,14,2010,37.51364
44741,1,14,2011,37.70898
44741,1,14,2012,37.53053
44741,1,14,2013,37.53245
44741,1,14,2014,37.53876
44741,1,14,2015,36.36909
44741,1,14,2016,36.49565
44741,1,14,2017,36.78369
44741,1,14,2018,37.25876
44741,1,14,2019,37.88347
44741,2,14,1950,34.52053
44741,2,14,1951,34.37085
44741,2,14,1952,34.86364
44741,2,14,1953,35.27756
44741,2,14,1954,35.38834
44741,2,14,1955,35.52745
44741,2,14,1956,35.51563
44741,2,14,1957,35.87703
44741,2,14,1958,35.99268
44741,2,14,1959,36.00993
44741,2,14,1960,36.14411
44741,2,14,1961,36.12332
44741,2,14,1962,36.01794
44741,2,14,1963,36.31323
44741,2,14,1964,36.42019
44741,2,14,1965,36.59463
44741,2,14,1966,36.57756
44741,2,14,1967,36.76759
44741,2,14,1968,36.79366
44741,2,14,1969,36.5027
44741,2,14,1970,36.56289
44741,2,14,1971,36.65815
44741,2,14,1972,36.72798
44741,2,14,1973,36.65707
44741,2,14,1974,36.66395
44741,2,14,1975,36.74991
44741,2,14,1976,36.56537
44741,2,14,1977,36.74316
44741,2,14,1978,36.53951
44741,2,14,1979,36.50267
44741,2,14,1980,36.36705
44741,2,14,1981,36.23923
44741,2,14,1982,36.17288
44741,2,14,1983,36.32037
44741,2,14,1984,36.31774
44741,2,14,1985,36.28043
44741,2,14,1986,36.31702
44741,2,14,1987,36.39803
44741,2,14,1988,36.60707
44741,2,14,1989,36.61548
44741,2,14,1990,36.92616
44741,2,14,1991,37.16142
44741,2,14,1992,37.51795
44741,2,14,1993,37.37755
44741,2,14,1994,37.75926
44741,2,14,1995,37.67555
44741,2,14,1996,37.69996
44741,2,14,1997,37.64956
44741,2,14,1998,37.60601
44741,2,14,1999,37.43442
44741,2,14,2000,37.39136
44741,2,14,2001,37.80052
44741,2,14,2002,37.92278
44741,2,14,2003,38.07399
44741,2,14,2004,38.55802
44741,2,14,2005,39.02971
44741,2,14,2006,39.47315
44741,2,14,2007,39.75567
44741,2,14,2008,40.01197
44741,2,14,2009,40.43003
44741,2,14,2010,40.65743
44741,2,14,2011,40.92221
44741,2,14,2012,40.89087
44741,2,14,2013,40.90308
44741,2,14,2014,40.97327
44741,2,14,2015,40.96772
44741,2,14,2016,41.29931
44741,2,14,2017,41.50226
44741,2,14,2018,41.62197
44741,2,14,2019,41.93673
44741,3,14,1950,32.18662
44741,3,14,1951,31.89116
44741,3,14,1952,32.38458
44741,3,14,1953,32.68328
44741,3,14,1954,32.67192
44741,3,14,1955,32.75985
44741,3,14,1956,32.987
44741,3,14,1957,33.00524
44741,3,14,1958,33.0362
44741,3,14,1959,33.45211
44741,3,14,1960,33.37178
44741,3,14,1961,33.34337
44741,3,14,1962,33.0541
44741,3,14,1963,33.1531
44741,3,14,1964,33.46702
44741,3,14,1965,33.55822
44741,3,14,1966,33.51472
44741,3,14,1967,33.67395
44741,3,14,1968,33.42937
44741,3,14,1969,33.38487
44741,3,14,1970,33.72115
44741,3,14,1971,33.59823
44741,3,14,1972,33.54022
44741,3,14,1973,33.58747
44741,3,14,1974,33.6459
44741,3,14,1975,33.89105
44741,3,14,1976,33.66713
44741,3,14,1977,33.65366
44741,3,14,1978,33.40653
44741,3,14,1979,33.25916
44741,3,14,1980,33.27266
44741,3,14,1981,33.33164
44741,3,14,1982,33.31244
44741,3,14,1983,33.50474
44741,3,14,1984,33.57282
44741,3,14,1985,33.59247
44741,3,14,1986,33.67333
44741,3,14,1987,33.82228
44741,3,14,1988,34.0778
44741,3,14,1989,34.11206
44741,3,14,1990,34.47998
44741,3,14,1991,34.76365
44741,3,14,1992,35.1915
44741,3,14,1993,35.22593
44741,3,14,1994,35.53244
44741,3,14,1995,35.61217
44741,3,14,1996,35.74887
44741,3,14,1997,35.743
44741,3,14,1998,35.66352
44741,3,14,1999,35.62115
44741,3,14,2000,35.64574
44741,3,14,2001,36.0968
44741,3,14,2002,36.41951
44741,3,14,2003,36.56465
44741,3,14,2004,37.09588
44741,3,14,2005,37.54511
44741,3,14,2006,37.83033
44741,3,14,2007,38.2544
44741,3,14,2008,38.38998
44741,3,14,2009,38.83749
44741,3,14,2010,39.01194
44741,3,14,2011,39.2755
44741,3,14,2012,39.14048
44741,3,14,2013,39.16574
44741,3,14,2014,39.17529
44741,3,14,2015,38.53615
44741,3,14,2016,38.73237
44741,3,14,2017,39.01464
44741,3,14,2018,39.27944
44741,3,14,2019,39.62546
44742,1,14,1950,31.37819
44742,1,14,1951,31.15673
44742,1,14,1952,31.4448
44742,1,14,1953,31.62552
44742,1,14,1954,31.82189
44742,1,14,1955,31.62664
44742,1,14,1956,31.88564
44742,1,14,1957,31.81495
44742,1,14,1958,31.88501
44742,1,14,1959,31.81656
44742,1,14,1960,31.93741
44742,1,14,1961,31.81287
44742,1,14,1962,31.82952
44742,1,14,1963,31.92685
44742,1,14,1964,31.90514
44742,1,14,1965,32.30751
44742,1,14,1966,32.00756
44742,1,14,1967,32.3748
44742,1,14,1968,31.99584
44742,1,14,1969,31.97926
44742,1,14,1970,32.13891
44742,1,14,1971,32.39492
44742,1,14,1972,31.9318
44742,1,14,1973,32.24307
44742,1,14,1974,32.13781
44742,1,14,1975,32.25951
44742,1,14,1976,32.09345
44742,1,14,1977,32.18065
44742,1,14,1978,31.83262
44742,1,14,1979,31.31485
44742,1,14,1980,31.12834
44742,1,14,1981,31.00585
44742,1,14,1982,30.69211
44742,1,14,1983,30.71542
44742,1,14,1984,30.76052
44742,1,14,1985,30.65607
44742,1,14,1986,30.79223
44742,1,14,1987,31.1626
44742,1,14,1988,31.599
44742,1,14,1989,31.62416
44742,1,14,1990,32.0895
44742,1,14,1991,32.23128
44742,1,14,1992,32.56007
44742,1,14,1993,32.67776
44742,1,14,1994,33.0366
44742,1,14,1995,33.13016
44742,1,14,1996,33.17396
44742,1,14,1997,33.35019
44742,1,14,1998,33.47562
44742,1,14,1999,33.70608
44742,1,14,2000,33.88298
44742,1,14,2001,34.02308
44742,1,14,2002,34.40803
44742,1,14,2003,34.81952
44742,1,14,2004,35.38622
44742,1,14,2005,35.71315
44742,1,14,2006,35.91896
44742,1,14,2007,36.40462
44742,1,14,2008,36.10814
44742,1,14,2009,36.37682
44742,1,14,2010,36.4287
44742,1,14,2011,36.80394
44742,1,14,2012,36.79014
44742,1,14,2013,36.95532
44742,1,14,2014,36.94613
44742,1,14,2015,36.53669
44742,1,14,2016,36.90296
44742,1,14,2017,36.9446
44742,1,14,2018,37.21846
44742,1,14,2019,37.75843
44742,2,14,1950,34.37528
44742,2,14,1951,34.01639
44742,2,14,1952,34.45265
44742,2,14,1953,35.02876
44742,2,14,1954,35.05257
44742,2,14,1955,35.19253
44742,2,14,1956,35.55398
44742,2,14,1957,35.86066
44742,2,14,1958,35.56441
44742,2,14,1959,35.73313
44742,2,14,1960,35.97215
44742,2,14,1961,35.64936
44742,2,14,1962,35.70605
44742,2,14,1963,35.73059
44742,2,14,1964,36.01454
44742,2,14,1965,36.04009
44742,2,14,1966,36.04374
44742,2,14,1967,36.29247
44742,2,14,1968,36.11444
44742,2,14,1969,35.86086
44742,2,14,1970,36.06947
44742,2,14,1971,36.04595
44742,2,14,1972,36.0614
44742,2,14,1973,36.10894
44742,2,14,1974,36.07117
44742,2,14,1975,36.05941
44742,2,14,1976,35.98848
44742,2,14,1977,36.05422
44742,2,14,1978,35.59888
44742,2,14,1979,35.27872
44742,2,14,1980,35.20372
44742,2,14,1981,35.04394
44742,2,14,1982,35.02295
44742,2,14,1983,35.1915
44742,2,14,1984,35.26303
44742,2,14,1985,35.63562
44742,2,14,1986,35.68882
44742,2,14,1987,35.7259
44742,2,14,1988,35.91876
44742,2,14,1989,35.82319
44742,2,14,1990,35.97131
44742,2,14,1991,36.2542
44742,2,14,1992,36.88539
44742,2,14,1993,36.7716
44742,2,14,1994,36.81364
44742,2,14,1995,36.68257
44742,2,14,1996,36.88218
44742,2,14,1997,37.33724
44742,2,14,1998,37.49634
44742,2,14,1999,37.42602
44742,2,14,2000,37.39098
44742,2,14,2001,38.095
44742,2,14,2002,38.23366
44742,2,14,2003,38.31682
44742,2,14,2004,38.61378
44742,2,14,2005,39.0449
44742,2,14,2006,39.44097
44742,2,14,2007,39.68092
44742,2,14,2008,39.87504
44742,2,14,2009,40.08177
44742,2,14,2010,40.18989
44742,2,14,2011,40.27405
44742,2,14,2012,39.95391
44742,2,14,2013,39.8045
44742,2,14,2014,39.75792
44742,2,14,2015,39.51073
44742,2,14,2016,39.65809
44742,2,14,2017,39.75074
44742,2,14,2018,39.92857
44742,2,14,2019,40.34285
44742,3,14,1950,32.12174
44742,3,14,1951,31.95865
44742,3,14,1952,32.29922
44742,3,14,1953,32.71132
44742,3,14,1954,32.68496
44742,3,14,1955,32.91713
44742,3,14,1956,33.0428
44742,3,14,1957,33.1358
44742,3,14,1958,33.10532
44742,3,14,1959,33.25851
44742,3,14,1960,33.44382
44742,3,14,1961,33.20205
44742,3,14,1962,33.09664
44742,3,14,1963,33.04493
44742,3,14,1964,33.50368
44742,3,14,1965,33.5964
44742,3,14,1966,33.57264
44742,3,14,1967,33.61678
44742,3,14,1968,33.45392
44742,3,14,1969,33.32702
44742,3,14,1970,33.58182
44742,3,14,1971,33.69586
44742,3,14,1972,33.57194
44742,3,14,1973,33.45289
44742,3,14,1974,33.67376
44742,3,14,1975,33.73151
44742,3,14,1976,33.64439
44742,3,14,1977,33.57093
44742,3,14,1978,33.40885
44742,3,14,1979,33.11492
44742,3,14,1980,33.10381
44742,3,14,1981,33.04418
44742,3,14,1982,32.89333
44742,3,14,1983,33.00199
44742,3,14,1984,33.03151
44742,3,14,1985,33.19367
44742,3,14,1986,33.31257
44742,3,14,1987,33.466
44742,3,14,1988,33.81876
44742,3,14,1989,33.7781
44742,3,14,1990,34.07327
44742,3,14,1991,34.26743
44742,3,14,1992,34.7824
44742,3,14,1993,34.72398
44742,3,14,1994,34.98354
44742,3,14,1995,34.91634
44742,3,14,1996,35.01606
44742,3,14,1997,35.34652
44742,3,14,1998,35.48587
44742,3,14,1999,35.53371
44742,3,14,2000,35.58251
44742,3,14,2001,36.00392
44742,3,14,2002,36.25492
44742,3,14,2003,36.48503
44742,3,14,2004,36.93239
44742,3,14,2005,37.25402
44742,3,14,2006,37.57179
44742,3,14,2007,37.92556
44742,3,14,2008,37.86569
44742,3,14,2009,38.14714
44742,3,14,2010,38.20768
44742,3,14,2011,38.43009
44742,3,14,2012,38.30554
44742,3,14,2013,38.31045
44742,3,14,2014,38.2877
44742,3,14,2015,37.93937
44742,3,14,2016,38.17264
44742,3,14,2017,38.20199
44742,3,14,2018,38.37178
44742,3,14,2019,38.68418
44743,1,14,1950,29.16105
44743,1,14,1951,28.83015
44743,1,14,1952,29.17002
44743,1,14,1953,29.58125
44743,1,14,1954,29.63633
44743,1,14,1955,29.61151
44743,1,14,1956,29.40182
44743,1,14,1957,29.64318
44743,1,14,1958,29.76112
44743,1,14,1959,29.76143
44743,1,14,1960,29.91756
44743,1,14,1961,29.53518
44743,1,14,1962,29.19301
44743,1,14,1963,29.34113
44743,1,14,1964,29.57203
44743,1,14,1965,29.61999
44743,1,14,1966,29.45677
44743,1,14,1967,29.79433
44743,1,14,1968,29.4477
44743,1,14,1969,29.30307
44743,1,14,1970,29.40976
44743,1,14,1971,29.40631
44743,1,14,1972,29.09838
44743,1,14,1973,29.12815
44743,1,14,1974,28.95261
44743,1,14,1975,29.08329
44743,1,14,1976,28.89161
44743,1,14,1977,28.76733
44743,1,14,1978,28.5634
44743,1,14,1979,28.06295
44743,1,14,1980,27.91537
44743,1,14,1981,27.63507
44743,1,14,1982,27.50027
44743,1,14,1983,27.4243
44743,1,14,1984,27.52589
44743,1,14,1985,27.49145
44743,1,14,1986,27.55948
44743,1,14,1987,27.71966
44743,1,14,1988,28.19215
44743,1,14,1989,28.8271
44743,1,14,1990,28.99201
44743,1,14,1991,28.67114
44743,1,14,1992,29.33992
44743,1,14,1993,29.73297
44743,1,14,1994,29.6077
44743,1,14,1995,28.66688
44743,1,14,1996,29.25632
44743,1,14,1997,29.88628
44743,1,14,1998,30.19944
44743,1,14,1999,30.76015
44743,1,14,2000,31.35523
44743,1,14,2001,31.7656
44743,1,14,2002,32.02698
44743,1,14,2003,32.34045
44743,1,14,2004,33.0858
44743,1,14,2005,33.55801
44743,1,14,2006,33.83805
44743,1,14,2007,34.41411
44743,1,14,2008,34.65898
44743,1,14,2009,35.16663
44743,1,14,2010,35.32573
44743,1,14,2011,35.79726
44743,1,14,2012,36.03394
44743,1,14,2013,36.33183
44743,1,14,2014,36.58461
44743,1,14,2015,36.43491
44743,1,14,2016,37.14601
44743,1,14,2017,37.3345
44743,1,14,2018,37.66991
44743,1,14,2019,38.23723
44743,2,14,1950,33.44424
44743,2,14,1951,33.44973
44743,2,14,1952,33.94614
44743,2,14,1953,34.32101
44743,2,14,1954,34.37417
44743,2,14,1955,34.35368
44743,2,14,1956,34.61035
44743,2,14,1957,34.67746
44743,2,14,1958,34.78571
44743,2,14,1959,34.80194
44743,2,14,1960,34.91575
44743,2,14,1961,34.67234
44743,2,14,1962,34.88961
44743,2,14,1963,34.76957
44743,2,14,1964,35.19302
44743,2,14,1965,35.28916
44743,2,14,1966,35.26792
44743,2,14,1967,35.32693
44743,2,14,1968,35.05887
44743,2,14,1969,34.98175
44743,2,14,1970,35.22403
44743,2,14,1971,35.11475
44743,2,14,1972,35.03162
44743,2,14,1973,34.94122
44743,2,14,1974,34.99339
44743,2,14,1975,35.10105
44743,2,14,1976,34.83665
44743,2,14,1977,34.83758
44743,2,14,1978,34.49019
44743,2,14,1979,34.33987
44743,2,14,1980,34.26954
44743,2,14,1981,34.04968
44743,2,14,1982,33.94028
44743,2,14,1983,34.16368
44743,2,14,1984,34.14897
44743,2,14,1985,34.05539
44743,2,14,1986,34.10257
44743,2,14,1987,34.26422
44743,2,14,1988,34.44481
44743,2,14,1989,34.53297
44743,2,14,1990,34.74392
44743,2,14,1991,34.98475
44743,2,14,1992,35.20801
44743,2,14,1993,34.98457
44743,2,14,1994,35.2533
44743,2,14,1995,35.22658
44743,2,14,1996,35.39929
44743,2,14,1997,35.68146
44743,2,14,1998,35.90833
44743,2,14,1999,36.00711
44743,2,14,2000,36.15937
44743,2,14,2001,36.69737
44743,2,14,2002,36.82647
44743,2,14,2003,36.99694
44743,2,14,2004,37.58872
44743,2,14,2005,38.17032
44743,2,14,2006,38.67072
44743,2,14,2007,39.03504
44743,2,14,2008,39.31579
44743,2,14,2009,39.63729
44743,2,14,2010,39.84632
44743,2,14,2011,40.0069
44743,2,14,2012,40.12724
44743,2,14,2013,40.18243
44743,2,14,2014,40.30647
44743,2,14,2015,40.32779
44743,2,14,2016,40.69044
44743,2,14,2017,40.91879
44743,2,14,2018,41.15545
44743,2,14,2019,41.39191
44743,3,14,1950,30.74
44743,3,14,1951,30.50822
44743,3,14,1952,30.88145
44743,3,14,1953,31.26973
44743,3,14,1954,31.4792
44743,3,14,1955,31.24351
44743,3,14,1956,31.24845
44743,3,14,1957,31.63476
44743,3,14,1958,31.51146
44743,3,14,1959,31.75179
44743,3,14,1960,31.79888
44743,3,14,1961,31.58507
44743,3,14,1962,31.55292
44743,3,14,1963,31.51796
44743,3,14,1964,31.75561
44743,3,14,1965,31.88659
44743,3,14,1966,31.72917
44743,3,14,1967,31.83121
44743,3,14,1968,31.63745
44743,3,14,1969,31.59344
44743,3,14,1970,31.67638
44743,3,14,1971,31.67122
44743,3,14,1972,31.57379
44743,3,14,1973,31.40183
44743,3,14,1974,31.43197
44743,3,14,1975,31.57358
44743,3,14,1976,31.39901
44743,3,14,1977,31.29568
44743,3,14,1978,31.16074
44743,3,14,1979,30.90657
44743,3,14,1980,30.84576
44743,3,14,1981,30.72392
44743,3,14,1982,30.54938
44743,3,14,1983,30.64836
44743,3,14,1984,30.69578
44743,3,14,1985,30.6286
44743,3,14,1986,30.69099
44743,3,14,1987,30.84689
44743,3,14,1988,31.20575
44743,3,14,1989,31.60102
44743,3,14,1990,31.78421
44743,3,14,1991,31.67034
44743,3,14,1992,32.14213
44743,3,14,1993,32.26526
44743,3,14,1994,32.28624
44743,3,14,1995,31.72209
44743,3,14,1996,32.17986
44743,3,14,1997,32.64374
44743,3,14,1998,32.93725
44743,3,14,1999,33.26102
44743,3,14,2000,33.68159
44743,3,14,2001,34.14804
44743,3,14,2002,34.3338
44743,3,14,2003,34.59596
44743,3,14,2004,35.225
44743,3,14,2005,35.7896
44743,3,14,2006,36.14933
44743,3,14,2007,36.66292
44743,3,14,2008,36.89243
44743,3,14,2009,37.29073
44743,3,14,2010,37.4857
44743,3,14,2011,37.85864
44743,3,14,2012,38.02282
44743,3,14,2013,38.19842
44743,3,14,2014,38.37458
44743,3,14,2015,38.24896
44743,3,14,2016,38.78892
44743,3,14,2017,38.99229
44743,3,14,2018,39.15922
44743,3,14,2019,39.52013
44744,1,14,1950,30.10585
44744,1,14,1951,29.58438
44744,1,14,1952,29.84604
44744,1,14,1953,30.49709
44744,1,14,1954,30.28072
44744,1,14,1955,30.3804
44744,1,14,1956,30.48115
44744,1,14,1957,30.16817
44744,1,14,1958,30.85214
44744,1,14,1959,30.54033
44744,1,14,1960,30.73988
44744,1,14,1961,30.45113
44744,1,14,1962,30.59109
44744,1,14,1963,29.99948
44744,1,14,1964,30.43372
44744,1,14,1965,30.5357
44744,1,14,1966,30.50545
44744,1,14,1967,30.63835
44744,1,14,1968,30.3404
44744,1,14,1969,30.06069
44744,1,14,1970,30.36678
44744,1,14,1971,30.45703
44744,1,14,1972,30.09091
44744,1,14,1973,30.34386
44744,1,14,1974,30.1864
44744,1,14,1975,30.2312
44744,1,14,1976,30.02069
44744,1,14,1977,30.0604
44744,1,14,1978,29.80467
44744,1,14,1979,29.49411
44744,1,14,1980,29.34323
44744,1,14,1981,29.33809
44744,1,14,1982,29.50891
44744,1,14,1983,29.77275
44744,1,14,1984,30.01351
44744,1,14,1985,30.05771
44744,1,14,1986,30.07702
44744,1,14,1987,30.25563
44744,1,14,1988,30.59773
44744,1,14,1989,30.64973
44744,1,14,1990,30.94232
44744,1,14,1991,30.97808
44744,1,14,1992,31.34334
44744,1,14,1993,31.37717
44744,1,14,1994,31.31089
44744,1,14,1995,31.17858
44744,1,14,1996,31.4131
44744,1,14,1997,31.76422
44744,1,14,1998,31.92407
44744,1,14,1999,32.3408
44744,1,14,2000,32.8981
44744,1,14,2001,33.24595
44744,1,14,2002,33.58805
44744,1,14,2003,34.12392
44744,1,14,2004,34.67911
44744,1,14,2005,34.95441
44744,1,14,2006,35.16912
44744,1,14,2007,35.65317
44744,1,14,2008,35.726
44744,1,14,2009,36.34759
44744,1,14,2010,36.53648
44744,1,14,2011,36.96235
44744,1,14,2012,36.90386
44744,1,14,2013,37.113
44744,1,14,2014,37.35466
44744,1,14,2015,36.77818
44744,1,14,2016,37.12463
44744,1,14,2017,37.40087
44744,1,14,2018,37.75071
44744,1,14,2019,38.34546
44744,2,14,1950,34.02052
44744,2,14,1951,33.86685
44744,2,14,1952,34.47902
44744,2,14,1953,34.90689
44744,2,14,1954,34.76957
44744,2,14,1955,35.00086
44744,2,14,1956,35.06807
44744,2,14,1957,35.19407
44744,2,14,1958,35.34122
44744,2,14,1959,35.60885
44744,2,14,1960,35.5937
44744,2,14,1961,35.60895
44744,2,14,1962,35.43255
44744,2,14,1963,35.23174
44744,2,14,1964,35.9988
44744,2,14,1965,35.94935
44744,2,14,1966,36.01343
44744,2,14,1967,36.04424
44744,2,14,1968,35.82329
44744,2,14,1969,35.89318
44744,2,14,1970,36.01431
44744,2,14,1971,35.79576
44744,2,14,1972,35.67908
44744,2,14,1973,35.88704
44744,2,14,1974,35.79668
44744,2,14,1975,35.90303
44744,2,14,1976,35.86399
44744,2,14,1977,35.92435
44744,2,14,1978,35.61543
44744,2,14,1979,35.37971
44744,2,14,1980,35.30482
44744,2,14,1981,35.17729
44744,2,14,1982,35.08151
44744,2,14,1983,35.247
44744,2,14,1984,35.26982
44744,2,14,1985,35.29984
44744,2,14,1986,35.45357
44744,2,14,1987,35.61319
44744,2,14,1988,35.79263
44744,2,14,1989,35.82012
44744,2,14,1990,36.0268
44744,2,14,1991,36.19006
44744,2,14,1992,36.38354
44744,2,14,1993,36.12739
44744,2,14,1994,36.34324
44744,2,14,1995,36.46775
44744,2,14,1996,36.63023
44744,2,14,1997,36.82803
44744,2,14,1998,37.00937
44744,2,14,1999,37.18159
44744,2,14,2000,37.40176
44744,2,14,2001,37.84321
44744,2,14,2002,38.09468
44744,2,14,2003,38.27271
44744,2,14,2004,38.83658
44744,2,14,2005,39.58966
44744,2,14,2006,40.04843
44744,2,14,2007,40.34961
44744,2,14,2008,40.32879
44744,2,14,2009,40.65336
44744,2,14,2010,40.87238
44744,2,14,2011,41.03703
44744,2,14,2012,41.06851
44744,2,14,2013,41.14327
44744,2,14,2014,41.17758
44744,2,14,2015,41.03549
44744,2,14,2016,41.15837
44744,2,14,2017,41.4489
44744,2,14,2018,41.66158
44744,2,14,2019,42.13159
44744,3,14,1950,31.30925
44744,3,14,1951,31.15095
44744,3,14,1952,31.36514
44744,3,14,1953,31.92611
44744,3,14,1954,31.94456
44744,3,14,1955,32.0399
44744,3,14,1956,32.27863
44744,3,14,1957,32.20999
44744,3,14,1958,32.32898
44744,3,14,1959,32.29901
44744,3,14,1960,32.51723
44744,3,14,1961,32.26877
44744,3,14,1962,32.27461
44744,3,14,1963,32.30593
44744,3,14,1964,32.58079
44744,3,14,1965,32.57533
44744,3,14,1966,32.52343
44744,3,14,1967,32.79098
44744,3,14,1968,32.30164
44744,3,14,1969,32.32988
44744,3,14,1970,32.40411
44744,3,14,1971,32.46237
44744,3,14,1972,32.46245
44744,3,14,1973,32.42217
44744,3,14,1974,32.60714
44744,3,14,1975,32.54839
44744,3,14,1976,32.48203
44744,3,14,1977,32.44785
44744,3,14,1978,32.29123
44744,3,14,1979,32.11394
44744,3,14,1980,32.11457
44744,3,14,1981,32.09696
44744,3,14,1982,32.21208
44744,3,14,1983,32.43716
44744,3,14,1984,32.57946
44744,3,14,1985,32.59775
44744,3,14,1986,32.66326
44744,3,14,1987,32.84691
44744,3,14,1988,33.15569
44744,3,14,1989,33.16795
44744,3,14,1990,33.43979
44744,3,14,1991,33.51631
44744,3,14,1992,33.80979
44744,3,14,1993,33.70118
44744,3,14,1994,33.75347
44744,3,14,1995,33.75499
44744,3,14,1996,33.95598
44744,3,14,1997,34.18125
44744,3,14,1998,34.36642
44744,3,14,1999,34.68639
44744,3,14,2000,35.07614
44744,3,14,2001,35.49571
44744,3,14,2002,35.77321
44744,3,14,2003,36.0975
44744,3,14,2004,36.63598
44744,3,14,2005,37.16032
44744,3,14,2006,37.45021
44744,3,14,2007,37.86489
44744,3,14,2008,37.90732
44744,3,14,2009,38.36946
44744,3,14,2010,38.56061
44744,3,14,2011,38.86088
44744,3,14,2012,38.84372
44744,3,14,2013,38.99036
44744,3,14,2014,39.12481
44744,3,14,2015,38.73728
44744,3,14,2016,38.99264
44744,3,14,2017,39.2545
44744,3,14,2018,39.48058
44744,3,14,2019,39.92666
44745,1,14,1950,29.94187
44745,1,14,1951,29.75593
44745,1,14,1952,29.96803
44745,1,14,1953,30.31444
44745,1,14,1954,30.31232
44745,1,14,1955,30.48108
44745,1,14,1956,30.29162
44745,1,14,1957,30.51888
44745,1,14,1958,30.55501
44745,1,14,1959,30.66069
44745,1,14,1960,30.54381
44745,1,14,1961,30.42946
44745,1,14,1962,30.4111
44745,1,14,1963,30.22618
44745,1,14,1964,30.51868
44745,1,14,1965,30.63496
44745,1,14,1966,30.55774
44745,1,14,1967,31.09848
44745,1,14,1968,30.75939
44745,1,14,1969,30.30381
44745,1,14,1970,30.52141
44745,1,14,1971,30.80417
44745,1,14,1972,30.53911
44745,1,14,1973,30.60523
44745,1,14,1974,30.49693
44745,1,14,1975,30.62729
44745,1,14,1976,30.52946
44745,1,14,1977,30.5061
44745,1,14,1978,30.26942
44745,1,14,1979,29.99412
44745,1,14,1980,29.71582
44745,1,14,1981,29.63704
44745,1,14,1982,29.57118
44745,1,14,1983,29.56906
44745,1,14,1984,29.69891
44745,1,14,1985,29.6133
44745,1,14,1986,29.65244
44745,1,14,1987,29.86901
44745,1,14,1988,30.27259
44745,1,14,1989,30.25164
44745,1,14,1990,30.66393
44745,1,14,1991,30.59865
44745,1,14,1992,30.85658
44745,1,14,1993,30.94852
44745,1,14,1994,31.19281
44745,1,14,1995,31.24978
44745,1,14,1996,31.27281
44745,1,14,1997,31.96352
44745,1,14,1998,31.92903
44745,1,14,1999,32.01433
44745,1,14,2000,31.87416
44745,1,14,2001,31.82772
44745,1,14,2002,31.94182
44745,1,14,2003,32.1018
44745,1,14,2004,32.64347
44745,1,14,2005,32.7507
44745,1,14,2006,32.9042
44745,1,14,2007,33.65011
44745,1,14,2008,34.06148
44745,1,14,2009,34.69483
44745,1,14,2010,35.09574
44745,1,14,2011,35.8312
44745,1,14,2012,36.06643
44745,1,14,2013,36.25723
44745,1,14,2014,36.32361
44745,1,14,2015,36.03153
44745,1,14,2016,36.18694
44745,1,14,2017,36.52567
44745,1,14,2018,36.82354
44745,1,14,2019,37.36808
44745,2,14,1950,33.73477
44745,2,14,1951,33.54875
44745,2,14,1952,34.14061
44745,2,14,1953,34.36386
44745,2,14,1954,34.55146
44745,2,14,1955,34.85473
44745,2,14,1956,34.68086
44745,2,14,1957,35.20798
44745,2,14,1958,35.23301
44745,2,14,1959,35.18942
44745,2,14,1960,35.21245
44745,2,14,1961,35.36476
44745,2,14,1962,35.46004
44745,2,14,1963,35.39826
44745,2,14,1964,35.5979
44745,2,14,1965,35.74111
44745,2,14,1966,35.87167
44745,2,14,1967,36.10842
44745,2,14,1968,35.84579
44745,2,14,1969,35.8929
44745,2,14,1970,35.93705
44745,2,14,1971,35.89993
44745,2,14,1972,35.95342
44745,2,14,1973,35.85295
44745,2,14,1974,35.78253
44745,2,14,1975,36.04297
44745,2,14,1976,35.89431
44745,2,14,1977,35.86148
44745,2,14,1978,35.76865
44745,2,14,1979,35.39194
44745,2,14,1980,35.39911
44745,2,14,1981,35.18515
44745,2,14,1982,35.00096
44745,2,14,1983,35.18059
44745,2,14,1984,35.17428
44745,2,14,1985,35.06099
44745,2,14,1986,34.89567
44745,2,14,1987,34.99955
44745,2,14,1988,35.28651
44745,2,14,1989,35.36813
44745,2,14,1990,35.60494
44745,2,14,1991,35.75182
44745,2,14,1992,35.89005
44745,2,14,1993,35.65742
44745,2,14,1994,36.03725
44745,2,14,1995,35.87643
44745,2,14,1996,35.8359
44745,2,14,1997,35.79133
44745,2,14,1998,35.85765
44745,2,14,1999,35.94492
44745,2,14,2000,35.96847
44745,2,14,2001,36.40448
44745,2,14,2002,36.63358
44745,2,14,2003,36.86218
44745,2,14,2004,37.15576
44745,2,14,2005,37.5493
44745,2,14,2006,37.98107
44745,2,14,2007,38.41088
44745,2,14,2008,38.75707
44745,2,14,2009,39.12339
44745,2,14,2010,39.37167
44745,2,14,2011,39.5629
44745,2,14,2012,39.52893
44745,2,14,2013,39.4996
44745,2,14,2014,39.52754
44745,2,14,2015,39.4048
44745,2,14,2016,39.70606
44745,2,14,2017,39.94811
44745,2,14,2018,40.09786
44745,2,14,2019,40.50171
44745,3,14,1950,30.94248
44745,3,14,1951,30.88246
44745,3,14,1952,31.17421
44745,3,14,1953,31.62754
44745,3,14,1954,31.76843
44745,3,14,1955,31.71765
44745,3,14,1956,31.88522
44745,3,14,1957,32.02218
44745,3,14,1958,32.09035
44745,3,14,1959,32.06158
44745,3,14,1960,32.1393
44745,3,14,1961,32.03313
44745,3,14,1962,32.15472
44745,3,14,1963,32.11499
44745,3,14,1964,32.38979
44745,3,14,1965,32.50866
44745,3,14,1966,32.43715
44745,3,14,1967,32.58707
44745,3,14,1968,32.60873
44745,3,14,1969,32.44187
44745,3,14,1970,32.62189
44745,3,14,1971,32.7504
44745,3,14,1972,32.57631
44745,3,14,1973,32.6034
44745,3,14,1974,32.77873
44745,3,14,1975,32.73873
44745,3,14,1976,32.75788
44745,3,14,1977,32.81982
44745,3,14,1978,32.61272
44745,3,14,1979,32.43284
44745,3,14,1980,32.37516
44745,3,14,1981,32.32153
44745,3,14,1982,32.26583
44745,3,14,1983,32.39124
44745,3,14,1984,32.42259
44745,3,14,1985,32.3005
44745,3,14,1986,32.25095
44745,3,14,1987,32.39422
44745,3,14,1988,32.74623
44745,3,14,1989,32.77477
44745,3,14,1990,33.11508
44745,3,14,1991,33.12885
44745,3,14,1992,33.36023
44745,3,14,1993,33.28047
44745,3,14,1994,33.6019
44745,3,14,1995,33.54728
44745,3,14,1996,33.54219
44745,3,14,1997,33.87576
44745,3,14,1998,33.88033
44745,3,14,1999,33.92872
44745,3,14,2000,33.91347
44745,3,14,2001,34.07774
44745,3,14,2002,34.23673
44745,3,14,2003,34.44664
44745,3,14,2004,34.86629
44745,3,14,2005,35.1221
44745,3,14,2006,35.38222
44745,3,14,2007,35.9973
44745,3,14,2008,36.31614
44745,3,14,2009,36.85609
44745,3,14,2010,37.17546
44745,3,14,2011,37.62629
44745,3,14,2012,37.69691
44745,3,14,2013,37.76638
44745,3,14,2014,37.77974
44745,3,14,2015,37.57598
44745,3,14,2016,37.74061
44745,3,14,2017,37.98629
44745,3,14,2018,38.17418
44745,3,14,2019,38.5196
44746,1,14,1950,29.89474
44746,1,14,1951,29.4861
44746,1,14,1952,30.00568
44746,1,14,1953,30.45718
44746,1,14,1954,30.5019
44746,1,14,1955,30.45002
44746,1,14,1956,30.35439
44746,1,14,1957,30.33914
44746,1,14,1958,30.44823
44746,1,14,1959,30.32239
44746,1,14,1960,30.45662
44746,1,14,1961,30.43961
44746,1,14,1962,30.28939
44746,1,14,1963,30.04569
44746,1,14,1964,30.32353
44746,1,14,1965,30.63758
44746,1,14,1966,30.45665
44746,1,14,1967,30.6703
44746,1,14,1968,30.45272
44746,1,14,1969,30.20395
44746,1,14,1970,30.4781
44746,1,14,1971,30.51763
44746,1,14,1972,30.12692
44746,1,14,1973,30.06221
44746,1,14,1974,29.99401
44746,1,14,1975,30.31906
44746,1,14,1976,29.9964
44746,1,14,1977,30.09006
44746,1,14,1978,29.81037
44746,1,14,1979,29.38204
44746,1,14,1980,29.17172
44746,1,14,1981,28.98745
44746,1,14,1982,29.03577
44746,1,14,1983,29.06433
44746,1,14,1984,29.10839
44746,1,14,1985,29.4352
44746,1,14,1986,29.44049
44746,1,14,1987,29.52045
44746,1,14,1988,29.49903
44746,1,14,1989,29.25306
44746,1,14,1990,29.43886
44746,1,14,1991,29.32334
44746,1,14,1992,29.55655
44746,1,14,1993,29.67372
44746,1,14,1994,30.03987
44746,1,14,1995,30.38574
44746,1,14,1996,30.84044
44746,1,14,1997,31.37109
44746,1,14,1998,31.63843
44746,1,14,1999,32.09507
44746,1,14,2000,32.54301
44746,1,14,2001,32.81037
44746,1,14,2002,33.02716
44746,1,14,2003,33.31052
44746,1,14,2004,33.96416
44746,1,14,2005,34.4668
44746,1,14,2006,34.83942
44746,1,14,2007,35.52481
44746,1,14,2008,35.82301
44746,1,14,2009,36.25305
44746,1,14,2010,36.48158
44746,1,14,2011,36.95439
44746,1,14,2012,37.0766
44746,1,14,2013,37.35097
44746,1,14,2014,37.62724
44746,1,14,2015,37.57385
44746,1,14,2016,38.36009
44746,1,14,2017,38.56279
44746,1,14,2018,38.87589
44746,1,14,2019,39.41424
44746,2,14,1950,33.48429
44746,2,14,1951,33.44029
44746,2,14,1952,33.94275
44746,2,14,1953,34.2815
44746,2,14,1954,34.57094
44746,2,14,1955,34.57058
44746,2,14,1956,34.71434
44746,2,14,1957,34.75694
44746,2,14,1958,35.13526
44746,2,14,1959,35.08167
44746,2,14,1960,34.99309
44746,2,14,1961,34.86446
44746,2,14,1962,34.89509
44746,2,14,1963,34.74835
44746,2,14,1964,35.29358
44746,2,14,1965,35.3798
44746,2,14,1966,35.14417
44746,2,14,1967,35.30317
44746,2,14,1968,35.50425
44746,2,14,1969,35.19026
44746,2,14,1970,35.26664
44746,2,14,1971,35.40424
44746,2,14,1972,35.00877
44746,2,14,1973,35.20817
44746,2,14,1974,35.19267
44746,2,14,1975,35.17296
44746,2,14,1976,35.03698
44746,2,14,1977,35.1708
44746,2,14,1978,34.79621
44746,2,14,1979,34.61723
44746,2,14,1980,34.6258
44746,2,14,1981,34.50325
44746,2,14,1982,34.48473
44746,2,14,1983,34.5363
44746,2,14,1984,34.60879
44746,2,14,1985,34.71214
44746,2,14,1986,34.79183
44746,2,14,1987,34.87497
44746,2,14,1988,35.07402
44746,2,14,1989,35.03142
44746,2,14,1990,35.23642
44746,2,14,1991,35.34868
44746,2,14,1992,35.48353
44746,2,14,1993,35.25783
44746,2,14,1994,35.5576
44746,2,14,1995,35.53845
44746,2,14,1996,35.76529
44746,2,14,1997,35.93511
44746,2,14,1998,36.19412
44746,2,14,1999,36.25579
44746,2,14,2000,36.38016
44746,2,14,2001,36.7642
44746,2,14,2002,36.94539
44746,2,14,2003,37.13857
44746,2,14,2004,37.6874
44746,2,14,2005,38.23942
44746,2,14,2006,38.64444
44746,2,14,2007,39.02401
44746,2,14,2008,39.34949
44746,2,14,2009,39.77976
44746,2,14,2010,40.12592
44746,2,14,2011,40.33711
44746,2,14,2012,40.30876
44746,2,14,2013,40.28483
44746,2,14,2014,40.31349
44746,2,14,2015,40.13332
44746,2,14,2016,40.24395
44746,2,14,2017,40.25878
44746,2,14,2018,40.37836
44746,2,14,2019,40.68421
44746,3,14,1950,31.05434
44746,3,14,1951,30.998
44746,3,14,1952,31.30331
44746,3,14,1953,31.73843
44746,3,14,1954,31.87435
44746,3,14,1955,31.90739
44746,3,14,1956,32.02798
44746,3,14,1957,31.95563
44746,3,14,1958,31.95184
44746,3,14,1959,32.16263
44746,3,14,1960,32.26268
44746,3,14,1961,32.05766
44746,3,14,1962,32.10703
44746,3,14,1963,32.01787
44746,3,14,1964,32.23181
44746,3,14,1965,32.38289
44746,3,14,1966,32.07791
44746,3,14,1967,32.43289
44746,3,14,1968,32.19811
44746,3,14,1969,32.1033
44746,3,14,1970,32.26293
44746,3,14,1971,32.22841
44746,3,14,1972,32.13565
44746,3,14,1973,32.16616
44746,3,14,1974,32.29189
44746,3,14,1975,32.22475
44746,3,14,1976,32.16685
44746,3,14,1977,32.20731
44746,3,14,1978,32.03601
44746,3,14,1979,31.80199
44746,3,14,1980,31.76706
44746,3,14,1981,31.72506
44746,3,14,1982,31.78943
44746,3,14,1983,31.8049
44746,3,14,1984,31.90435
44746,3,14,1985,32.06431
44746,3,14,1986,32.14504
44746,3,14,1987,32.23779
44746,3,14,1988,32.30489
44746,3,14,1989,32.12697
44746,3,14,1990,32.28437
44746,3,14,1991,32.28911
44746,3,14,1992,32.46514
44746,3,14,1993,32.43823
44746,3,14,1994,32.7761
44746,3,14,1995,32.92867
44746,3,14,1996,33.30002
44746,3,14,1997,33.64884
44746,3,14,1998,33.89679
44746,3,14,1999,34.17548
44746,3,14,2000,34.42739
44746,3,14,2001,34.81257
44746,3,14,2002,34.98932
44746,3,14,2003,35.22007
44746,3,14,2004,35.82064
44746,3,14,2005,36.33484
44746,3,14,2006,36.72147
44746,3,14,2007,37.24986
44746,3,14,2008,37.56276
44746,3,14,2009,37.98697
44746,3,14,2010,38.29571
44746,3,14,2011,38.61188
44746,3,14,2012,38.67879
44746,3,14,2013,38.76236
44746,3,14,2014,38.89714
44746,3,14,2015,38.79918
44746,3,14,2016,39.20868
44746,3,14,2017,39.28101
44746,3,14,2018,39.39921
44746,3,14,2019,39.75037
44747,1,14,1950,30.26612
44747,1,14,1951,29.95187
44747,1,14,1952,30.34271
44747,1,14,1953,30.77076
44747,1,14,1954,30.83259
44747,1,14,1955,30.78934
44747,1,14,1956,30.52885
44747,1,14,1957,30.98689
44747,1,14,1958,30.97064
44747,1,14,1959,30.80667
44747,1,14,1960,31.10888
44747,1,14,1961,30.97395
44747,1,14,1962,30.83599
44747,1,14,1963,30.5479
44747,1,14,1964,31.10719
44747,1,14,1965,31.10779
44747,1,14,1966,30.8339
44747,1,14,1967,31.34003
44747,1,14,1968,30.94334
44747,1,14,1969,30.89631
44747,1,14,1970,31.16483
44747,1,14,1971,31.05697
44747,1,14,1972,30.78082
44747,1,14,1973,30.82419
44747,1,14,1974,30.81577
44747,1,14,1975,31.17104
44747,1,14,1976,30.84572
44747,1,14,1977,30.50792
44747,1,14,1978,30.28896
44747,1,14,1979,30.10966
44747,1,14,1980,30.04853
44747,1,14,1981,30.06148
44747,1,14,1982,30.09615
44747,1,14,1983,30.36065
44747,1,14,1984,30.75883
44747,1,14,1985,30.94709
44747,1,14,1986,31.10464
44747,1,14,1987,31.11432
44747,1,14,1988,31.28581
44747,1,14,1989,31.19321
44747,1,14,1990,31.60729
44747,1,14,1991,31.47349
44747,1,14,1992,31.62839
44747,1,14,1993,31.70714
44747,1,14,1994,31.82304
44747,1,14,1995,31.71138
44747,1,14,1996,31.79496
44747,1,14,1997,32.03839
44747,1,14,1998,32.02205
44747,1,14,1999,32.38808
44747,1,14,2000,32.78801
44747,1,14,2001,32.9309
44747,1,14,2002,33.0161
44747,1,14,2003,33.13652
44747,1,14,2004,33.64852
44747,1,14,2005,33.9838
44747,1,14,2006,34.20756
44747,1,14,2007,34.74157
44747,1,14,2008,35.01662
44747,1,14,2009,35.54727
44747,1,14,2010,35.7048
44747,1,14,2011,36.08476
44747,1,14,2012,36.08365
44747,1,14,2013,36.18551
44747,1,14,2014,36.26291
44747,1,14,2015,36.0612
44747,1,14,2016,36.69623
44747,1,14,2017,36.90837
44747,1,14,2018,37.2556
44747,1,14,2019,37.83811
44747,2,14,1950,33.85345
44747,2,14,1951,33.64573
44747,2,14,1952,34.04882
44747,2,14,1953,34.5072
44747,2,14,1954,34.7182
44747,2,14,1955,34.71473
44747,2,14,1956,34.88468
44747,2,14,1957,35.0626
44747,2,14,1958,35.31672
44747,2,14,1959,35.35586
44747,2,14,1960,35.48667
44747,2,14,1961,35.14933
44747,2,14,1962,35.16369
44747,2,14,1963,35.28731
44747,2,14,1964,35.73277
44747,2,14,1965,35.92562
44747,2,14,1966,35.85579
44747,2,14,1967,35.99532
44747,2,14,1968,35.78777
44747,2,14,1969,35.58727
44747,2,14,1970,35.86903
44747,2,14,1971,35.91556
44747,2,14,1972,35.82084
44747,2,14,1973,35.83778
44747,2,14,1974,35.78063
44747,2,14,1975,35.94281
44747,2,14,1976,35.84317
44747,2,14,1977,36.03127
44747,2,14,1978,35.76964
44747,2,14,1979,35.55082
44747,2,14,1980,35.49575
44747,2,14,1981,35.3591
44747,2,14,1982,35.31294
44747,2,14,1983,35.41978
44747,2,14,1984,35.35382
44747,2,14,1985,35.34484
44747,2,14,1986,35.45829
44747,2,14,1987,35.52116
44747,2,14,1988,35.73052
44747,2,14,1989,35.71355
44747,2,14,1990,35.93246
44747,2,14,1991,36.08641
44747,2,14,1992,36.27189
44747,2,14,1993,36.08992
44747,2,14,1994,36.42716
44747,2,14,1995,36.42153
44747,2,14,1996,36.51532
44747,2,14,1997,36.6118
44747,2,14,1998,36.56453
44747,2,14,1999,36.54193
44747,2,14,2000,36.5163
44747,2,14,2001,36.89138
44747,2,14,2002,37.03264
44747,2,14,2003,37.16277
44747,2,14,2004,37.66439
44747,2,14,2005,38.22768
44747,2,14,2006,38.68264
44747,2,14,2007,39.03882
44747,2,14,2008,39.35334
44747,2,14,2009,39.71196
44747,2,14,2010,39.82315
44747,2,14,2011,39.91111
44747,2,14,2012,39.83069
44747,2,14,2013,39.71042
44747,2,14,2014,39.73757
44747,2,14,2015,39.75327
44747,2,14,2016,40.10393
44747,2,14,2017,40.29959
44747,2,14,2018,40.55029
44747,2,14,2019,40.91332
44747,3,14,1950,31.30005
44747,3,14,1951,31.1059
44747,3,14,1952,31.41053
44747,3,14,1953,31.94387
44747,3,14,1954,32.05753
44747,3,14,1955,32.04662
44747,3,14,1956,32.24894
44747,3,14,1957,32.15083
44747,3,14,1958,32.30818
44747,3,14,1959,32.42383
44747,3,14,1960,32.48451
44747,3,14,1961,32.32466
44747,3,14,1962,32.34219
44747,3,14,1963,32.34802
44747,3,14,1964,32.82164
44747,3,14,1965,32.86407
44747,3,14,1966,32.74086
44747,3,14,1967,32.80211
44747,3,14,1968,32.80546
44747,3,14,1969,32.6317
44747,3,14,1970,32.79304
44747,3,14,1971,32.95814
44747,3,14,1972,32.89197
44747,3,14,1973,32.83406
44747,3,14,1974,32.85513
44747,3,14,1975,33.00005
44747,3,14,1976,32.94007
44747,3,14,1977,32.78044
44747,3,14,1978,32.71927
44747,3,14,1979,32.53556
44747,3,14,1980,32.56995
44747,3,14,1981,32.64341
44747,3,14,1982,32.66474
44747,3,14,1983,32.88544
44747,3,14,1984,33.05337
44747,3,14,1985,33.17028
44747,3,14,1986,33.26794
44747,3,14,1987,33.32994
44747,3,14,1988,33.53337
44747,3,14,1989,33.45663
44747,3,14,1990,33.76961
44747,3,14,1991,33.77686
44747,3,14,1992,33.94742
44747,3,14,1993,33.89316
44747,3,14,1994,34.10308
44747,3,14,1995,34.04855
44747,3,14,1996,34.12774
44747,3,14,1997,34.29248
44747,3,14,1998,34.2704
44747,3,14,1999,34.39721
44747,3,14,2000,34.62565
44747,3,14,2001,34.87443
44747,3,14,2002,34.99967
44747,3,14,2003,35.08595
44747,3,14,2004,35.59519
44747,3,14,2005,36.05423
44747,3,14,2006,36.3536
44747,3,14,2007,36.84179
44747,3,14,2008,37.13035
44747,3,14,2009,37.56277
44747,3,14,2010,37.70374
44747,3,14,2011,37.92373
44747,3,14,2012,37.85435
44747,3,14,2013,37.88091
44747,3,14,2014,37.90849
44747,3,14,2015,37.80133
44747,3,14,2016,38.2641
44747,3,14,2017,38.42493
44747,3,14,2018,38.64308
44747,3,14,2019,39.01677
44748,1,14,1950,29.76095
44748,1,14,1951,29.29141
44748,1,14,1952,29.59535
44748,1,14,1953,29.84536
44748,1,14,1954,30.14524
44748,1,14,1955,29.84844
44748,1,14,1956,30.06476
44748,1,14,1957,30.13066
44748,1,14,1958,29.94762
44748,1,14,1959,29.98258
44748,1,14,1960,30.17818
44748,1,14,1961,29.76589
44748,1,14,1962,29.73585
44748,1,14,1963,29.45973
44748,1,14,1964,29.70698
44748,1,14,1965,29.85167
44748,1,14,1966,29.95488
44748,1,14,1967,29.74232
44748,1,14,1968,29.89145
44748,1,14,1969,29.64285
44748,1,14,1970,29.29935
44748,1,14,1971,29.64392
44748,1,14,1972,29.19668
44748,1,14,1973,29.2197
44748,1,14,1974,29.1331
44748,1,14,1975,29.29171
44748,1,14,1976,28.88884
44748,1,14,1977,28.95477
44748,1,14,1978,28.71771
44748,1,14,1979,28.35641
44748,1,14,1980,28.13293
44748,1,14,1981,27.94016
44748,1,14,1982,28.04168
44748,1,14,1983,28.08716
44748,1,14,1984,28.11758
44748,1,14,1985,28.12561
44748,1,14,1986,28.27389
44748,1,14,1987,28.40292
44748,1,14,1988,28.70595
44748,1,14,1989,29.84235
44748,1,14,1990,30.30647
44748,1,14,1991,29.99148
44748,1,14,1992,28.97113
44748,1,14,1993,28.61824
44748,1,14,1994,28.52063
44748,1,14,1995,28.36352
44748,1,14,1996,28.82401
44748,1,14,1997,29.04193
44748,1,14,1998,29.14215
44748,1,14,1999,29.50731
44748,1,14,2000,30.02412
44748,1,14,2001,30.46558
44748,1,14,2002,30.87153
44748,1,14,2003,31.30905
44748,1,14,2004,32.10699
44748,1,14,2005,32.68196
44748,1,14,2006,33.08741
44748,1,14,2007,33.83374
44748,1,14,2008,34.3719
44748,1,14,2009,35.05989
44748,1,14,2010,35.46107
44748,1,14,2011,36.1555
44748,1,14,2012,36.45787
44748,1,14,2013,36.84345
44748,1,14,2014,37.11814
44748,1,14,2015,36.94382
44748,1,14,2016,37.60555
44748,1,14,2017,37.70626
44748,1,14,2018,38.05507
44748,1,14,2019,38.64678
44748,2,14,1950,33.79796
44748,2,14,1951,33.88593
44748,2,14,1952,34.29833
44748,2,14,1953,34.68965
44748,2,14,1954,34.67439
44748,2,14,1955,34.99848
44748,2,14,1956,34.98825
44748,2,14,1957,35.06393
44748,2,14,1958,35.05975
44748,2,14,1959,35.42811
44748,2,14,1960,35.31422
44748,2,14,1961,35.09556
44748,2,14,1962,35.08674
44748,2,14,1963,35.14533
44748,2,14,1964,35.69623
44748,2,14,1965,35.57316
44748,2,14,1966,35.66773
44748,2,14,1967,35.75718
44748,2,14,1968,35.56742
44748,2,14,1969,35.31374
44748,2,14,1970,35.44384
44748,2,14,1971,35.42529
44748,2,14,1972,35.2693
44748,2,14,1973,35.22376
44748,2,14,1974,35.23092
44748,2,14,1975,35.39802
44748,2,14,1976,35.02621
44748,2,14,1977,35.19772
44748,2,14,1978,34.868
44748,2,14,1979,34.50328
44748,2,14,1980,34.49189
44748,2,14,1981,34.26261
44748,2,14,1982,34.25883
44748,2,14,1983,34.49623
44748,2,14,1984,34.53383
44748,2,14,1985,34.5128
44748,2,14,1986,34.55316
44748,2,14,1987,34.70841
44748,2,14,1988,34.96778
44748,2,14,1989,34.91723
44748,2,14,1990,35.10861
44748,2,14,1991,35.35346
44748,2,14,1992,35.57866
44748,2,14,1993,35.34826
44748,2,14,1994,35.64118
44748,2,14,1995,35.56142
44748,2,14,1996,35.78641
44748,2,14,1997,36.00511
44748,2,14,1998,36.18268
44748,2,14,1999,36.25038
44748,2,14,2000,36.39954
44748,2,14,2001,36.91751
44748,2,14,2002,37.28198
44748,2,14,2003,37.53297
44748,2,14,2004,38.02405
44748,2,14,2005,38.4175
44748,2,14,2006,38.73316
44748,2,14,2007,38.94302
44748,2,14,2008,39.01416
44748,2,14,2009,39.20255
44748,2,14,2010,39.37555
44748,2,14,2011,39.62771
44748,2,14,2012,39.67237
44748,2,14,2013,39.71065
44748,2,14,2014,39.70445
44748,2,14,2015,39.65163
44748,2,14,2016,39.84312
44748,2,14,2017,39.91287
44748,2,14,2018,40.12005
44748,2,14,2019,40.45516
44748,3,14,1950,31.08875
44748,3,14,1951,30.81259
44748,3,14,1952,31.30758
44748,3,14,1953,31.61345
44748,3,14,1954,31.82666
44748,3,14,1955,31.67956
44748,3,14,1956,31.94157
44748,3,14,1957,31.85815
44748,3,14,1958,32.08718
44748,3,14,1959,31.9846
44748,3,14,1960,32.06045
44748,3,14,1961,31.95412
44748,3,14,1962,31.77691
44748,3,14,1963,31.89351
44748,3,14,1964,32.08438
44748,3,14,1965,32.26544
44748,3,14,1966,32.07147
44748,3,14,1967,32.33039
44748,3,14,1968,32.09773
44748,3,14,1969,31.75297
44748,3,14,1970,31.96684
44748,3,14,1971,31.94632
44748,3,14,1972,31.80807
44748,3,14,1973,31.70574
44748,3,14,1974,31.66406
44748,3,14,1975,31.70894
44748,3,14,1976,31.6258
44748,3,14,1977,31.61006
44748,3,14,1978,31.41927
44748,3,14,1979,31.09823
44748,3,14,1980,31.06541
44748,3,14,1981,31.02727
44748,3,14,1982,31.06423
44748,3,14,1983,31.21924
44748,3,14,1984,31.26347
44748,3,14,1985,31.24834
44748,3,14,1986,31.35159
44748,3,14,1987,31.50012
44748,3,14,1988,31.76891
44748,3,14,1989,32.30464
44748,3,14,1990,32.6115
44748,3,14,1991,32.5345
44748,3,14,1992,32.05844
44748,3,14,1993,31.74955
44748,3,14,1994,31.80428
44748,3,14,1995,31.67226
44748,3,14,1996,32.01579
44748,3,14,1997,32.23075
44748,3,14,1998,32.35928
44748,3,14,1999,32.617
44748,3,14,2000,32.98312
44748,3,14,2001,33.4604
44748,3,14,2002,33.85505
44748,3,14,2003,34.20364
44748,3,14,2004,34.8773
44748,3,14,2005,35.37627
44748,3,14,2006,35.72922
44748,3,14,2007,36.23375
44748,3,14,2008,36.56071
44748,3,14,2009,37.05284
44748,3,14,2010,37.34425
44748,3,14,2011,37.79457
44748,3,14,2012,37.97617
44748,3,14,2013,38.17154
44748,3,14,2014,38.34798
44748,3,14,2015,38.16673
44748,3,14,2016,38.57536
44748,3,14,2017,38.60984
44748,3,14,2018,38.80517
44748,3,14,2019,39.12993
44749,1,14,1950,28.70744
44749,1,14,1951,28.28047
44749,1,14,1952,28.75699
44749,1,14,1953,28.91431
44749,1,14,1954,28.95593
44749,1,14,1955,29.1448
44749,1,14,1956,29.09382
44749,1,14,1957,29.0185
44749,1,14,1958,29.34736
44749,1,14,1959,29.16213
44749,1,14,1960,29.26843
44749,1,14,1961,29.1283
44749,1,14,1962,28.70626
44749,1,14,1963,28.70816
44749,1,14,1964,28.83429
44749,1,14,1965,28.89088
44749,1,14,1966,28.93609
44749,1,14,1967,29.02111
44749,1,14,1968,28.79328
44749,1,14,1969,28.53404
44749,1,14,1970,28.69791
44749,1,14,1971,28.82825
44749,1,14,1972,28.6931
44749,1,14,1973,28.48025
44749,1,14,1974,28.38931
44749,1,14,1975,28.60272
44749,1,14,1976,28.59834
44749,1,14,1977,28.76071
44749,1,14,1978,28.53751
44749,1,14,1979,28.45608
44749,1,14,1980,28.64169
44749,1,14,1981,28.57805
44749,1,14,1982,28.6098
44749,1,14,1983,28.60464
44749,1,14,1984,28.80892
44749,1,14,1985,28.93783
44749,1,14,1986,29.00411
44749,1,14,1987,29.18216
44749,1,14,1988,29.46281
44749,1,14,1989,29.11375
44749,1,14,1990,29.41829
44749,1,14,1991,29.57407
44749,1,14,1992,29.92437
44749,1,14,1993,29.84583
44749,1,14,1994,29.01326
44749,1,14,1995,28.85294
44749,1,14,1996,29.42683
44749,1,14,1997,30.48696
44749,1,14,1998,30.79304
44749,1,14,1999,31.20018
44749,1,14,2000,31.26657
44749,1,14,2001,31.26408
44749,1,14,2002,31.46924
44749,1,14,2003,31.60764
44749,1,14,2004,32.31974
44749,1,14,2005,32.67328
44749,1,14,2006,32.74945
44749,1,14,2007,33.02355
44749,1,14,2008,33.09228
44749,1,14,2009,33.70556
44749,1,14,2010,34.00463
44749,1,14,2011,34.66429
44749,1,14,2012,34.93337
44749,1,14,2013,35.09297
44749,1,14,2014,35.28891
44749,1,14,2015,35.01857
44749,1,14,2016,35.42959
44749,1,14,2017,35.90161
44749,1,14,2018,36.41043
44749,1,14,2019,37.13464
44749,2,14,1950,33.24658
44749,2,14,1951,33.11911
44749,2,14,1952,33.84216
44749,2,14,1953,34.03767
44749,2,14,1954,34.19321
44749,2,14,1955,34.11292
44749,2,14,1956,34.53092
44749,2,14,1957,34.44886
44749,2,14,1958,34.71347
44749,2,14,1959,34.8382
44749,2,14,1960,34.88095
44749,2,14,1961,34.7345
44749,2,14,1962,34.76959
44749,2,14,1963,34.85884
44749,2,14,1964,35.13233
44749,2,14,1965,35.26401
44749,2,14,1966,34.9958
44749,2,14,1967,35.16445
44749,2,14,1968,35.20459
44749,2,14,1969,35.07717
44749,2,14,1970,35.1436
44749,2,14,1971,35.18472
44749,2,14,1972,35.17231
44749,2,14,1973,34.98404
44749,2,14,1974,34.97788
44749,2,14,1975,35.05611
44749,2,14,1976,34.92735
44749,2,14,1977,34.89566
44749,2,14,1978,34.74946
44749,2,14,1979,34.37861
44749,2,14,1980,34.42222
44749,2,14,1981,34.23036
44749,2,14,1982,34.19046
44749,2,14,1983,34.41161
44749,2,14,1984,34.46848
44749,2,14,1985,34.50143
44749,2,14,1986,34.5038
44749,2,14,1987,34.619
44749,2,14,1988,35.16887
44749,2,14,1989,35.17292
44749,2,14,1990,35.21308
44749,2,14,1991,34.83191
44749,2,14,1992,34.8572
44749,2,14,1993,34.59028
44749,2,14,1994,34.74016
44749,2,14,1995,34.65534
44749,2,14,1996,34.9311
44749,2,14,1997,35.17351
44749,2,14,1998,35.37758
44749,2,14,1999,35.46275
44749,2,14,2000,35.52035
44749,2,14,2001,36.09103
44749,2,14,2002,36.3045
44749,2,14,2003,36.47267
44749,2,14,2004,36.85584
44749,2,14,2005,37.26303
44749,2,14,2006,37.64717
44749,2,14,2007,38.00199
44749,2,14,2008,38.25491
44749,2,14,2009,38.60713
44749,2,14,2010,38.98391
44749,2,14,2011,39.27072
44749,2,14,2012,39.30521
44749,2,14,2013,39.35192
44749,2,14,2014,39.53164
44749,2,14,2015,39.65915
44749,2,14,2016,40.08175
44749,2,14,2017,40.30297
44749,2,14,2018,40.59724
44749,2,14,2019,40.91258
44749,3,14,1950,30.21291
44749,3,14,1951,29.86272
44749,3,14,1952,30.43615
44749,3,14,1953,30.68814
44749,3,14,1954,30.86459
44749,3,14,1955,30.84209
44749,3,14,1956,31.07401
44749,3,14,1957,31.0948
44749,3,14,1958,31.19741
44749,3,14,1959,31.25309
44749,3,14,1960,31.24838
44749,3,14,1961,31.16164
44749,3,14,1962,31.11935
44749,3,14,1963,31.0438
44749,3,14,1964,31.20091
44749,3,14,1965,31.34774
44749,3,14,1966,31.22157
44749,3,14,1967,31.37848
44749,3,14,1968,31.33823
44749,3,14,1969,30.98749
44749,3,14,1970,31.23928
44749,3,14,1971,31.2646
44749,3,14,1972,31.19912
44749,3,14,1973,31.23416
44749,3,14,1974,31.21007
44749,3,14,1975,31.15561
44749,3,14,1976,31.30865
44749,3,14,1977,31.41338
44749,3,14,1978,31.2782
44749,3,14,1979,31.09981
44749,3,14,1980,31.30873
44749,3,14,1981,31.33503
44749,3,14,1982,31.33944
44749,3,14,1983,31.45035
44749,3,14,1984,31.58849
44749,3,14,1985,31.66477
44749,3,14,1986,31.68977
44749,3,14,1987,31.84128
44749,3,14,1988,32.26302
44749,3,14,1989,32.00406
44749,3,14,1990,32.21804
44749,3,14,1991,32.09768
44749,3,14,1992,32.3075
44749,3,14,1993,32.13189
44749,3,14,1994,31.69108
44749,3,14,1995,31.58143
44749,3,14,1996,31.99274
44749,3,14,1997,32.70467
44749,3,14,1998,32.96193
44749,3,14,1999,33.20903
44749,3,14,2000,33.27132
44749,3,14,2001,33.52534
44749,3,14,2002,33.74025
44749,3,14,2003,33.88023
44749,3,14,2004,34.43536
44749,3,14,2005,34.80902
44749,3,14,2006,35.03832
44749,3,14,2007,35.32159
44749,3,14,2008,35.48389
44749,3,14,2009,36.01487
44749,3,14,2010,36.3727
44749,3,14,2011,36.84693
44749,3,14,2012,36.981
44749,3,14,2013,37.08931
44749,3,14,2014,37.285
44749,3,14,2015,37.19056
44749,3,14,2016,37.58016
44749,3,14,2017,37.92665
44749,3,14,2018,38.21812
44749,3,14,2019,38.64375
44750,1,14,1950,29.78862
44750,1,14,1951,29.58665
44750,1,14,1952,29.73481
44750,1,14,1953,30.11271
44750,1,14,1954,30.24819
44750,1,14,1955,30.00527
44750,1,14,1956,30.3
44750,1,14,1957,29.78334
44750,1,14,1958,30.50063
44750,1,14,1959,30.70566
44750,1,14,1960,30.56771
44750,1,14,1961,30.24031
44750,1,14,1962,30.31246
44750,1,14,1963,30.35186
44750,1,14,1964,30.55865
44750,1,14,1965,30.53137
44750,1,14,1966,30.41093
44750,1,14,1967,30.76169
44750,1,14,1968,30.48331
44750,1,14,1969,30.31973
44750,1,14,1970,30.31875
44750,1,14,1971,30.45112
44750,1,14,1972,30.31346
44750,1,14,1973,30.56093
44750,1,14,1974,30.47634
44750,1,14,1975,30.65
44750,1,14,1976,30.47926
44750,1,14,1977,30.37154
44750,1,14,1978,30.17193
44750,1,14,1979,29.72813
44750,1,14,1980,29.60241
44750,1,14,1981,29.47598
44750,1,14,1982,29.4522
44750,1,14,1983,29.73899
44750,1,14,1984,29.85083
44750,1,14,1985,29.90063
44750,1,14,1986,29.94352
44750,1,14,1987,30.09278
44750,1,14,1988,30.3379
44750,1,14,1989,30.18535
44750,1,14,1990,30.42037
44750,1,14,1991,30.31607
44750,1,14,1992,30.47878
44750,1,14,1993,30.48515
44750,1,14,1994,30.53653
44750,1,14,1995,30.43917
44750,1,14,1996,30.65539
44750,1,14,1997,30.92945
44750,1,14,1998,30.93303
44750,1,14,1999,31.04585
44750,1,14,2000,31.26415
44750,1,14,2001,31.61811
44750,1,14,2002,31.88268
44750,1,14,2003,32.15685
44750,1,14,2004,32.67096
44750,1,14,2005,32.92156
44750,1,14,2006,33.19667
44750,1,14,2007,33.66634
44750,1,14,2008,33.70108
44750,1,14,2009,34.41426
44750,1,14,2010,34.69237
44750,1,14,2011,35.04517
44750,1,14,2012,35.19516
44750,1,14,2013,35.40042
44750,1,14,2014,35.41694
44750,1,14,2015,35.10477
44750,1,14,2016,35.62383
44750,1,14,2017,35.80237
44750,1,14,2018,36.08876
44750,1,14,2019,36.58978
44750,2,14,1950,33.80597
44750,2,14,1951,33.70091
44750,2,14,1952,34.1642
44750,2,14,1953,34.58901
44750,2,14,1954,34.57893
44750,2,14,1955,34.65508
44750,2,14,1956,34.6472
44750,2,14,1957,34.89946
44750,2,14,1958,35.08551
44750,2,14,1959,35.23491
44750,2,14,1960,35.39576
44750,2,14,1961,35.19677
44750,2,14,1962,35.39182
44750,2,14,1963,35.32418
44750,2,14,1964,35.76165
44750,2,14,1965,35.67255
44750,2,14,1966,35.62905
44750,2,14,1967,35.80933
44750,2,14,1968,35.76276
44750,2,14,1969,35.55307
44750,2,14,1970,35.81833
44750,2,14,1971,35.76284
44750,2,14,1972,35.67208
44750,2,14,1973,35.81033
44750,2,14,1974,36.01502
44750,2,14,1975,35.96173
44750,2,14,1976,35.77403
44750,2,14,1977,35.81314
44750,2,14,1978,35.59774
44750,2,14,1979,35.38229
44750,2,14,1980,35.2679
44750,2,14,1981,35.15069
44750,2,14,1982,35.0069
44750,2,14,1983,35.16356
44750,2,14,1984,35.18324
44750,2,14,1985,35.08229
44750,2,14,1986,35.04199
44750,2,14,1987,35.0478
44750,2,14,1988,35.1879
44750,2,14,1989,35.14231
44750,2,14,1990,35.41952
44750,2,14,1991,35.87741
44750,2,14,1992,36.08081
44750,2,14,1993,35.759
44750,2,14,1994,35.76105
44750,2,14,1995,35.69602
44750,2,14,1996,35.62668
44750,2,14,1997,35.63641
44750,2,14,1998,35.73205
44750,2,14,1999,35.81438
44750,2,14,2000,35.90666
44750,2,14,2001,36.30351
44750,2,14,2002,36.51496
44750,2,14,2003,36.64179
44750,2,14,2004,36.85183
44750,2,14,2005,37.25568
44750,2,14,2006,37.53163
44750,2,14,2007,37.93301
44750,2,14,2008,38.1257
44750,2,14,2009,38.42354
44750,2,14,2010,38.7693
44750,2,14,2011,39.03161
44750,2,14,2012,39.19772
44750,2,14,2013,39.31212
44750,2,14,2014,39.48143
44750,2,14,2015,39.42584
44750,2,14,2016,39.81525
44750,2,14,2017,39.99428
44750,2,14,2018,40.19888
44750,2,14,2019,40.51324
44750,3,14,1950,30.97975
44750,3,14,1951,30.78005
44750,3,14,1952,31.27201
44750,3,14,1953,31.60496
44750,3,14,1954,31.77542
44750,3,14,1955,31.73789
44750,3,14,1956,31.73753
44750,3,14,1957,31.74678
44750,3,14,1958,31.99555
44750,3,14,1959,32.27684
44750,3,14,1960,32.2923
44750,3,14,1961,32.15468
44750,3,14,1962,32.08235
44750,3,14,1963,32.14279
44750,3,14,1964,32.48917
44750,3,14,1965,32.62809
44750,3,14,1966,32.38323
44750,3,14,1967,32.64103
44750,3,14,1968,32.58782
44750,3,14,1969,32.45292
44750,3,14,1970,32.63478
44750,3,14,1971,32.70533
44750,3,14,1972,32.44156
44750,3,14,1973,32.58534
44750,3,14,1974,32.64147
44750,3,14,1975,32.74417
44750,3,14,1976,32.702
44750,3,14,1977,32.71795
44750,3,14,1978,32.50457
44750,3,14,1979,32.31576
44750,3,14,1980,32.35393
44750,3,14,1981,32.27064
44750,3,14,1982,32.22097
44750,3,14,1983,32.4516
44750,3,14,1984,32.54035
44750,3,14,1985,32.52472
44750,3,14,1986,32.50415
44750,3,14,1987,32.53784
44750,3,14,1988,32.74876
44750,3,14,1989,32.63071
44750,3,14,1990,32.86111
44750,3,14,1991,33.04531
44750,3,14,1992,33.24028
44750,3,14,1993,33.06964
44750,3,14,1994,33.10953
44750,3,14,1995,33.00476
44750,3,14,1996,33.05376
44750,3,14,1997,33.22164
44750,3,14,1998,33.24897
44750,3,14,1999,33.36564
44750,3,14,2000,33.51879
44750,3,14,2001,33.89469
44750,3,14,2002,34.11421
44750,3,14,2003,34.31467
44750,3,14,2004,34.75487
44750,3,14,2005,35.03595
44750,3,14,2006,35.31305
44750,3,14,2007,35.73886
44750,3,14,2008,35.82756
44750,3,14,2009,36.34671
44750,3,14,2010,36.64846
44750,3,14,2011,36.95209
44750,3,14,2012,37.09134
44750,3,14,2013,37.24424
44750,3,14,2014,37.34913
44750,3,14,2015,37.17025
44750,3,14,2016,37.59624
44750,3,14,2017,37.79538
44750,3,14,2018,37.94138
44750,3,14,2019,38.16476
44751,1,14,1950,30.71904
44751,1,14,1951,30.28063
44751,1,14,1952,30.65452
44751,1,14,1953,31.00661
44751,1,14,1954,31.03881
44751,1,14,1955,30.92514
44751,1,14,1956,30.91124
44751,1,14,1957,31.03925
44751,1,14,1958,31.25197
44751,1,14,1959,31.60274
44751,1,14,1960,31.42317
44751,1,14,1961,31.39232
44751,1,14,1962,31.15997
44751,1,14,1963,30.9454
44751,1,14,1964,31.11125
44751,1,14,1965,31.34424
44751,1,14,1966,31.29349
44751,1,14,1967,31.48612
44751,1,14,1968,31.2269
44751,1,14,1969,31.05699
44751,1,14,1970,31.19495
44751,1,14,1971,31.46077
44751,1,14,1972,31.04128
44751,1,14,1973,30.94903
44751,1,14,1974,31.17496
44751,1,14,1975,31.3225
44751,1,14,1976,31.13175
44751,1,14,1977,30.99811
44751,1,14,1978,30.89843
44751,1,14,1979,30.47884
44751,1,14,1980,30.30929
44751,1,14,1981,30.18436
44751,1,14,1982,30.1709
44751,1,14,1983,30.57928
44751,1,14,1984,30.67425
44751,1,14,1985,30.58999
44751,1,14,1986,30.40206
44751,1,14,1987,30.72733
44751,1,14,1988,31.06973
44751,1,14,1989,31.0136
44751,1,14,1990,31.14594
44751,1,14,1991,30.65626
44751,1,14,1992,30.87734
44751,1,14,1993,30.92092
44751,1,14,1994,30.9686
44751,1,14,1995,31.03738
44751,1,14,1996,31.31641
44751,1,14,1997,31.73074
44751,1,14,1998,31.86823
44751,1,14,1999,32.31028
44751,1,14,2000,32.7594
44751,1,14,2001,33.03034
44751,1,14,2002,33.23424
44751,1,14,2003,33.50615
44751,1,14,2004,34.18292
44751,1,14,2005,34.51037
44751,1,14,2006,34.66717
44751,1,14,2007,34.99474
44751,1,14,2008,35.19589
44751,1,14,2009,35.91087
44751,1,14,2010,36.44514
44751,1,14,2011,36.98169
44751,1,14,2012,37.06924
44751,1,14,2013,37.32836
44751,1,14,2014,37.45969
44751,1,14,2015,37.08919
44751,1,14,2016,37.49913
44751,1,14,2017,37.64907
44751,1,14,2018,37.99965
44751,1,14,2019,38.471
44751,2,14,1950,33.98379
44751,2,14,1951,34.06467
44751,2,14,1952,34.42544
44751,2,14,1953,34.87649
44751,2,14,1954,34.82974
44751,2,14,1955,34.90475
44751,2,14,1956,35.16855
44751,2,14,1957,35.19516
44751,2,14,1958,35.39704
44751,2,14,1959,35.40748
44751,2,14,1960,35.50437
44751,2,14,1961,35.24132
44751,2,14,1962,35.48032
44751,2,14,1963,35.49432
44751,2,14,1964,35.91652
44751,2,14,1965,35.91511
44751,2,14,1966,35.89467
44751,2,14,1967,36.13164
44751,2,14,1968,35.86084
44751,2,14,1969,35.85101
44751,2,14,1970,36.2196
44751,2,14,1971,36.08479
44751,2,14,1972,35.95211
44751,2,14,1973,35.7127
44751,2,14,1974,35.99687
44751,2,14,1975,35.96109
44751,2,14,1976,35.79829
44751,2,14,1977,35.91001
44751,2,14,1978,35.54231
44751,2,14,1979,35.40292
44751,2,14,1980,35.28302
44751,2,14,1981,35.17657
44751,2,14,1982,35.07552
44751,2,14,1983,35.23486
44751,2,14,1984,35.26429
44751,2,14,1985,35.19258
44751,2,14,1986,35.22304
44751,2,14,1987,35.42486
44751,2,14,1988,35.63168
44751,2,14,1989,35.62753
44751,2,14,1990,35.94255
44751,2,14,1991,36.14452
44751,2,14,1992,36.37128
44751,2,14,1993,36.16686
44751,2,14,1994,36.46259
44751,2,14,1995,36.45104
44751,2,14,1996,36.56287
44751,2,14,1997,36.74456
44751,2,14,1998,36.9087
44751,2,14,1999,36.96049
44751,2,14,2000,37.04783
44751,2,14,2001,37.49346
44751,2,14,2002,37.60538
44751,2,14,2003,37.74567
44751,2,14,2004,38.16437
44751,2,14,2005,38.61424
44751,2,14,2006,39.03518
44751,2,14,2007,39.33997
44751,2,14,2008,39.58984
44751,2,14,2009,39.86205
44751,2,14,2010,40.08338
44751,2,14,2011,40.28355
44751,2,14,2012,40.35238
44751,2,14,2013,40.49086
44751,2,14,2014,40.69296
44751,2,14,2015,40.74489
44751,2,14,2016,41.10579
44751,2,14,2017,41.42874
44751,2,14,2018,41.66354
44751,2,14,2019,41.91669
44751,3,14,1950,31.71834
44751,3,14,1951,31.39737
44751,3,14,1952,31.86991
44751,3,14,1953,32.42513
44751,3,14,1954,32.24119
44751,3,14,1955,32.43582
44751,3,14,1956,32.33562
44751,3,14,1957,32.36866
44751,3,14,1958,32.52768
44751,3,14,1959,32.52815
44751,3,14,1960,32.65679
44751,3,14,1961,32.54921
44751,3,14,1962,32.66966
44751,3,14,1963,32.57391
44751,3,14,1964,32.94811
44751,3,14,1965,33.04266
44751,3,14,1966,32.87077
44751,3,14,1967,33.16575
44751,3,14,1968,32.98192
44751,3,14,1969,32.69255
44751,3,14,1970,32.98995
44751,3,14,1971,33.14819
44751,3,14,1972,32.90187
44751,3,14,1973,32.99366
44751,3,14,1974,33.01427
44751,3,14,1975,32.94832
44751,3,14,1976,33.04206
44751,3,14,1977,32.97287
44751,3,14,1978,32.81392
44751,3,14,1979,32.69947
44751,3,14,1980,32.63258
44751,3,14,1981,32.61708
44751,3,14,1982,32.59576
44751,3,14,1983,32.86568
44751,3,14,1984,32.97977
44751,3,14,1985,32.88536
44751,3,14,1986,32.78999
44751,3,14,1987,33.04552
44751,3,14,1988,33.30958
44751,3,14,1989,33.27593
44751,3,14,1990,33.47909
44751,3,14,1991,33.31677
44751,3,14,1992,33.51742
44751,3,14,1993,33.43714
44751,3,14,1994,33.6098
44751,3,14,1995,33.62212
44751,3,14,1996,33.84009
44751,3,14,1997,34.15289
44751,3,14,1998,34.29753
44751,3,14,1999,34.52632
44751,3,14,2000,34.81949
44751,3,14,2001,35.165
44751,3,14,2002,35.30405
44751,3,14,2003,35.50299
44751,3,14,2004,36.04678
44751,3,14,2005,36.44749
44751,3,14,2006,36.72015
44751,3,14,2007,37.06734
44751,3,14,2008,37.26783
44751,3,14,2009,37.81222
44751,3,14,2010,38.19484
44751,3,14,2011,38.55696
44751,3,14,2012,38.61729
44751,3,14,2013,38.80377
44751,3,14,2014,38.93512
44751,3,14,2015,38.73527
44751,3,14,2016,39.15402
44751,3,14,2017,39.33475
44751,3,14,2018,39.51632
44751,3,14,2019,39.85865
44752,1,14,1950,29.52161
44752,1,14,1951,29.09823
44752,1,14,1952,29.30914
44752,1,14,1953,29.54207
44752,1,14,1954,29.93048
44752,1,14,1955,29.67167
44752,1,14,1956,29.83983
44752,1,14,1957,29.76691
44752,1,14,1958,29.90446
44752,1,14,1959,29.85725
44752,1,14,1960,30.2667
44752,1,14,1961,29.77203
44752,1,14,1962,29.79942
44752,1,14,1963,29.82592
44752,1,14,1964,29.90526
44752,1,14,1965,30.0916
44752,1,14,1966,30.02924
44752,1,14,1967,30.14175
44752,1,14,1968,29.72634
44752,1,14,1969,29.59456
44752,1,14,1970,29.64778
44752,1,14,1971,29.83241
44752,1,14,1972,29.61174
44752,1,14,1973,29.61541
44752,1,14,1974,29.3911
44752,1,14,1975,29.57906
44752,1,14,1976,29.45394
44752,1,14,1977,29.45194
44752,1,14,1978,29.2423
44752,1,14,1979,29.08718
44752,1,14,1980,28.99844
44752,1,14,1981,28.84816
44752,1,14,1982,28.75817
44752,1,14,1983,28.76281
44752,1,14,1984,28.73154
44752,1,14,1985,28.73264
44752,1,14,1986,28.53624
44752,1,14,1987,27.95378
44752,1,14,1988,27.98097
44752,1,14,1989,27.72207
44752,1,14,1990,27.9224
44752,1,14,1991,27.97994
44752,1,14,1992,28.40417
44752,1,14,1993,28.66215
44752,1,14,1994,28.99263
44752,1,14,1995,29.28471
44752,1,14,1996,30.05781
44752,1,14,1997,30.95987
44752,1,14,1998,31.12934
44752,1,14,1999,31.35357
44752,1,14,2000,31.63299
44752,1,14,2001,31.78292
44752,1,14,2002,31.90897
44752,1,14,2003,31.90517
44752,1,14,2004,32.56514
44752,1,14,2005,32.92128
44752,1,14,2006,33.0379
44752,1,14,2007,33.53516
44752,1,14,2008,33.72472
44752,1,14,2009,34.33244
44752,1,14,2010,34.64123
44752,1,14,2011,35.27657
44752,1,14,2012,35.53312
44752,1,14,2013,35.73157
44752,1,14,2014,35.82829
44752,1,14,2015,35.4683
44752,1,14,2016,35.91103
44752,1,14,2017,35.90166
44752,1,14,2018,36.17264
44752,1,14,2019,36.74303
44752,2,14,1950,33.5364
44752,2,14,1951,33.33559
44752,2,14,1952,33.88793
44752,2,14,1953,34.47701
44752,2,14,1954,34.29558
44752,2,14,1955,34.41722
44752,2,14,1956,34.66295
44752,2,14,1957,34.63241
44752,2,14,1958,35.10295
44752,2,14,1959,35.08122
44752,2,14,1960,35.12654
44752,2,14,1961,34.83461
44752,2,14,1962,35.0588
44752,2,14,1963,35.01542
44752,2,14,1964,35.17317
44752,2,14,1965,35.4214
44752,2,14,1966,35.50464
44752,2,14,1967,35.52311
44752,2,14,1968,35.33723
44752,2,14,1969,35.53414
44752,2,14,1970,35.49989
44752,2,14,1971,35.32295
44752,2,14,1972,35.28971
44752,2,14,1973,35.30474
44752,2,14,1974,35.34568
44752,2,14,1975,35.32719
44752,2,14,1976,35.10979
44752,2,14,1977,35.25662
44752,2,14,1978,35.01294
44752,2,14,1979,34.73606
44752,2,14,1980,34.60068
44752,2,14,1981,34.38061
44752,2,14,1982,34.22113
44752,2,14,1983,34.28166
44752,2,14,1984,34.18702
44752,2,14,1985,34.13477
44752,2,14,1986,34.083
44752,2,14,1987,34.09952
44752,2,14,1988,34.18284
44752,2,14,1989,34.04108
44752,2,14,1990,34.16928
44752,2,14,1991,34.2908
44752,2,14,1992,34.52897
44752,2,14,1993,34.28902
44752,2,14,1994,34.62156
44752,2,14,1995,34.72792
44752,2,14,1996,34.93773
44752,2,14,1997,35.19706
44752,2,14,1998,35.54204
44752,2,14,1999,35.754
44752,2,14,2000,35.97163
44752,2,14,2001,36.43691
44752,2,14,2002,36.65862
44752,2,14,2003,36.83568
44752,2,14,2004,37.27279
44752,2,14,2005,37.70573
44752,2,14,2006,37.99655
44752,2,14,2007,38.11363
44752,2,14,2008,38.24594
44752,2,14,2009,38.58185
44752,2,14,2010,38.84803
44752,2,14,2011,39.19668
44752,2,14,2012,39.4141
44752,2,14,2013,39.6172
44752,2,14,2014,39.79394
44752,2,14,2015,39.79702
44752,2,14,2016,40.11519
44752,2,14,2017,40.21939
44752,2,14,2018,40.39187
44752,2,14,2019,40.79825
44752,3,14,1950,30.88646
44752,3,14,1951,30.51396
44752,3,14,1952,30.972
44752,3,14,1953,31.53305
44752,3,14,1954,31.54706
44752,3,14,1955,31.48345
44752,3,14,1956,31.63985
44752,3,14,1957,31.54613
44752,3,14,1958,31.75887
44752,3,14,1959,31.84288
44752,3,14,1960,31.86108
44752,3,14,1961,31.85509
44752,3,14,1962,31.58956
44752,3,14,1963,31.76406
44752,3,14,1964,31.95627
44752,3,14,1965,32.24167
44752,3,14,1966,31.91838
44752,3,14,1967,32.23646
44752,3,14,1968,31.88041
44752,3,14,1969,31.97993
44752,3,14,1970,31.91297
44752,3,14,1971,32.01241
44752,3,14,1972,31.91135
44752,3,14,1973,31.86069
44752,3,14,1974,31.95721
44752,3,14,1975,31.9454
44752,3,14,1976,31.91027
44752,3,14,1977,31.90043
44752,3,14,1978,31.77411
44752,3,14,1979,31.56953
44752,3,14,1980,31.58382
44752,3,14,1981,31.53223
44752,3,14,1982,31.39896
44752,3,14,1983,31.43329
44752,3,14,1984,31.39269
44752,3,14,1985,31.31424
44752,3,14,1986,31.16633
44752,3,14,1987,30.85304
44752,3,14,1988,30.90512
44752,3,14,1989,30.65271
44752,3,14,1990,30.8155
44752,3,14,1991,30.91483
44752,3,14,1992,31.27554
44752,3,14,1993,31.3408
44752,3,14,1994,31.70714
44752,3,14,1995,31.88721
44752,3,14,1996,32.44988
44752,3,14,1997,32.97475
44752,3,14,1998,33.24248
44752,3,14,1999,33.47874
44752,3,14,2000,33.69641
44752,3,14,2001,34.03597
44752,3,14,2002,34.20312
44752,3,14,2003,34.27433
44752,3,14,2004,34.83567
44752,3,14,2005,35.23886
44752,3,14,2006,35.42287
44752,3,14,2007,35.72084
44752,3,14,2008,35.87852
44752,3,14,2009,36.36217
44752,3,14,2010,36.66868
44752,3,14,2011,37.17889
44752,3,14,2012,37.40106
44752,3,14,2013,37.55828
44752,3,14,2014,37.71957
44752,3,14,2015,37.50621
44752,3,14,2016,37.8743
44752,3,14,2017,37.87606
44752,3,14,2018,37.97388
44752,3,14,2019,38.4236
44753,1,14,1950,29.44363
44753,1,14,1951,29.31169
44753,1,14,1952,29.3789
44753,1,14,1953,29.83262
44753,1,14,1954,29.81936
44753,1,14,1955,29.77718
44753,1,14,1956,30.05771
44753,1,14,1957,30.07466
44753,1,14,1958,30.0572
44753,1,14,1959,30.09478
44753,1,14,1960,30.20733
44753,1,14,1961,29.95861
44753,1,14,1962,30.11179
44753,1,14,1963,29.81098
44753,1,14,1964,30.028
44753,1,14,1965,29.88904
44753,1,14,1966,30.19597
44753,1,14,1967,30.36501
44753,1,14,1968,30.06899
44753,1,14,1969,30.0415
44753,1,14,1970,30.1658
44753,1,14,1971,29.99749
44753,1,14,1972,29.88181
44753,1,14,1973,30.02977
44753,1,14,1974,29.92879
44753,1,14,1975,30.01451
44753,1,14,1976,29.87482
44753,1,14,1977,29.85361
44753,1,14,1978,29.68013
44753,1,14,1979,29.38834
44753,1,14,1980,29.10634
44753,1,14,1981,28.97145
44753,1,14,1982,28.88968
44753,1,14,1983,28.91214
44753,1,14,1984,28.97904
44753,1,14,1985,28.99564
44753,1,14,1986,29.0241
44753,1,14,1987,29.25685
44753,1,14,1988,29.57694
44753,1,14,1989,29.3861
44753,1,14,1990,29.64054
44753,1,14,1991,29.77961
44753,1,14,1992,30.07061
44753,1,14,1993,30.03921
44753,1,14,1994,30.23968
44753,1,14,1995,30.22072
44753,1,14,1996,30.17569
44753,1,14,1997,30.22296
44753,1,14,1998,30.09971
44753,1,14,1999,30.19157
44753,1,14,2000,30.39918
44753,1,14,2001,30.75058
44753,1,14,2002,30.92596
44753,1,14,2003,31.15565
44753,1,14,2004,31.99901
44753,1,14,2005,32.23328
44753,1,14,2006,32.36519
44753,1,14,2007,33.10685
44753,1,14,2008,33.51193
44753,1,14,2009,34.14931
44753,1,14,2010,34.41399
44753,1,14,2011,34.92982
44753,1,14,2012,35.03089
44753,1,14,2013,35.21925
44753,1,14,2014,35.37121
44753,1,14,2015,35.18037
44753,1,14,2016,35.79722
44753,1,14,2017,35.97232
44753,1,14,2018,36.27727
44753,1,14,2019,36.94772
44753,2,14,1950,33.1241
44753,2,14,1951,32.97587
44753,2,14,1952,33.42995
44753,2,14,1953,33.81917
44753,2,14,1954,33.94132
44753,2,14,1955,34.1941
44753,2,14,1956,34.08481
44753,2,14,1957,34.49857
44753,2,14,1958,34.60068
44753,2,14,1959,34.60525
44753,2,14,1960,34.7283
44753,2,14,1961,34.52861
44753,2,14,1962,34.4787
44753,2,14,1963,34.55734
44753,2,14,1964,35.01131
44753,2,14,1965,35.16024
44753,2,14,1966,34.99671
44753,2,14,1967,35.03226
44753,2,14,1968,34.90882
44753,2,14,1969,34.88102
44753,2,14,1970,34.99433
44753,2,14,1971,35.20304
44753,2,14,1972,34.90487
44753,2,14,1973,35.00633
44753,2,14,1974,34.88826
44753,2,14,1975,35.0162
44753,2,14,1976,34.79839
44753,2,14,1977,34.87976
44753,2,14,1978,34.61774
44753,2,14,1979,34.49339
44753,2,14,1980,34.31023
44753,2,14,1981,34.22868
44753,2,14,1982,34.19495
44753,2,14,1983,34.38782
44753,2,14,1984,34.4371
44753,2,14,1985,34.48969
44753,2,14,1986,34.53292
44753,2,14,1987,34.57076
44753,2,14,1988,34.93044
44753,2,14,1989,35.0445
44753,2,14,1990,35.37087
44753,2,14,1991,35.20388
44753,2,14,1992,35.48883
44753,2,14,1993,35.42364
44753,2,14,1994,35.70148
44753,2,14,1995,35.44071
44753,2,14,1996,35.50276
44753,2,14,1997,35.64173
44753,2,14,1998,35.80627
44753,2,14,1999,35.55122
44753,2,14,2000,35.54011
44753,2,14,2001,35.94174
44753,2,14,2002,36.09769
44753,2,14,2003,36.18242
44753,2,14,2004,36.5957
44753,2,14,2005,37.11133
44753,2,14,2006,37.57228
44753,2,14,2007,37.93703
44753,2,14,2008,38.23639
44753,2,14,2009,38.67044
44753,2,14,2010,38.99551
44753,2,14,2011,39.29497
44753,2,14,2012,39.28655
44753,2,14,2013,39.34628
44753,2,14,2014,39.38103
44753,2,14,2015,39.30333
44753,2,14,2016,39.61149
44753,2,14,2017,39.78729
44753,2,14,2018,39.8949
44753,2,14,2019,40.36316
44753,3,14,1950,30.47663
44753,3,14,1951,30.29935
44753,3,14,1952,30.81776
44753,3,14,1953,31.05369
44753,3,14,1954,31.09238
44753,3,14,1955,31.33915
44753,3,14,1956,31.36574
44753,3,14,1957,31.44341
44753,3,14,1958,31.47764
44753,3,14,1959,31.63019
44753,3,14,1960,31.74313
44753,3,14,1961,31.59392
44753,3,14,1962,31.6075
44753,3,14,1963,31.57007
44753,3,14,1964,31.94335
44753,3,14,1965,31.80126
44753,3,14,1966,31.74892
44753,3,14,1967,31.88402
44753,3,14,1968,31.74851
44753,3,14,1969,31.81246
44753,3,14,1970,31.85561
44753,3,14,1971,32.02595
44753,3,14,1972,31.82198
44753,3,14,1973,31.93519
44753,3,14,1974,31.89724
44753,3,14,1975,31.81974
44753,3,14,1976,31.90066
44753,3,14,1977,32.04266
44753,3,14,1978,31.79613
44753,3,14,1979,31.60228
44753,3,14,1980,31.52625
44753,3,14,1981,31.53928
44753,3,14,1982,31.43265
44753,3,14,1983,31.55673
44753,3,14,1984,31.60904
44753,3,14,1985,31.62707
44753,3,14,1986,31.68689
44753,3,14,1987,31.83482
44753,3,14,1988,32.13356
44753,3,14,1989,32.09527
44753,3,14,1990,32.32235
44753,3,14,1991,32.35572
44753,3,14,1992,32.66073
44753,3,14,1993,32.60613
44753,3,14,1994,32.82693
44753,3,14,1995,32.68497
44753,3,14,1996,32.67545
44753,3,14,1997,32.77542
44753,3,14,1998,32.72867
44753,3,14,1999,32.67222
44753,3,14,2000,32.80835
44753,3,14,2001,33.17519
44753,3,14,2002,33.30588
44753,3,14,2003,33.47709
44753,3,14,2004,34.11611
44753,3,14,2005,34.50709
44753,3,14,2006,34.77945
44753,3,14,2007,35.35521
44753,3,14,2008,35.7056
44753,3,14,2009,36.25664
44753,3,14,2010,36.55077
44753,3,14,2011,36.98707
44753,3,14,2012,37.04137
44753,3,14,2013,37.15181
44753,3,14,2014,37.2382
44753,3,14,2015,37.10309
44753,3,14,2016,37.55587
44753,3,14,2017,37.67925
44753,3,14,2018,37.82386
44753,3,14,2019,38.19506
44754,1,14,1950,29.51554
44754,1,14,1951,28.82481
44754,1,14,1952,29.25733
44754,1,14,1953,29.56597
44754,1,14,1954,29.60881
44754,1,14,1955,29.52192
44754,1,14,1956,29.75221
44754,1,14,1957,29.71764
44754,1,14,1958,29.67849
44754,1,14,1959,29.96483
44754,1,14,1960,29.78893
44754,1,14,1961,29.58931
44754,1,14,1962,29.6967
44754,1,14,1963,29.59878
44754,1,14,1964,29.67411
44754,1,14,1965,29.8232
44754,1,14,1966,29.74865
44754,1,14,1967,30.01409
44754,1,14,1968,29.64533
44754,1,14,1969,29.51306
44754,1,14,1970,29.66
44754,1,14,1971,29.78329
44754,1,14,1972,29.7949
44754,1,14,1973,29.58438
44754,1,14,1974,29.44881
44754,1,14,1975,29.88074
44754,1,14,1976,29.45759
44754,1,14,1977,29.46597
44754,1,14,1978,29.28274
44754,1,14,1979,28.98077
44754,1,14,1980,28.85065
44754,1,14,1981,28.75674
44754,1,14,1982,28.81623
44754,1,14,1983,28.93732
44754,1,14,1984,29.13738
44754,1,14,1985,29.15955
44754,1,14,1986,29.24705
44754,1,14,1987,29.57427
44754,1,14,1988,29.97433
44754,1,14,1989,29.97518
44754,1,14,1990,30.33079
44754,1,14,1991,30.40573
44754,1,14,1992,30.81612
44754,1,14,1993,30.92752
44754,1,14,1994,30.713
44754,1,14,1995,30.67548
44754,1,14,1996,30.70103
44754,1,14,1997,31.33886
44754,1,14,1998,31.17346
44754,1,14,1999,31.42785
44754,1,14,2000,31.78002
44754,1,14,2001,32.17151
44754,1,14,2002,31.67385
44754,1,14,2003,31.92811
44754,1,14,2004,32.72721
44754,1,14,2005,33.04263
44754,1,14,2006,33.12466
44754,1,14,2007,33.46806
44754,1,14,2008,33.67536
44754,1,14,2009,34.1761
44754,1,14,2010,34.02135
44754,1,14,2011,33.92894
44754,1,14,2012,33.84012
44754,1,14,2013,33.92411
44754,1,14,2014,34.12937
44754,1,14,2015,33.77077
44754,1,14,2016,33.8799
44754,1,14,2017,34.33483
44754,1,14,2018,34.74732
44754,1,14,2019,35.3547
44754,2,14,1950,33.55099
44754,2,14,1951,33.3936
44754,2,14,1952,33.93572
44754,2,14,1953,34.28523
44754,2,14,1954,34.37131
44754,2,14,1955,34.33021
44754,2,14,1956,34.47093
44754,2,14,1957,34.73189
44754,2,14,1958,34.96328
44754,2,14,1959,34.86744
44754,2,14,1960,35.02113
44754,2,14,1961,34.83936
44754,2,14,1962,34.78275
44754,2,14,1963,34.86639
44754,2,14,1964,35.2071
44754,2,14,1965,35.36571
44754,2,14,1966,35.38424
44754,2,14,1967,35.31679
44754,2,14,1968,35.49574
44754,2,14,1969,35.23464
44754,2,14,1970,35.39698
44754,2,14,1971,35.5873
44754,2,14,1972,35.40632
44754,2,14,1973,35.42821
44754,2,14,1974,35.49353
44754,2,14,1975,35.66518
44754,2,14,1976,35.39604
44754,2,14,1977,35.36541
44754,2,14,1978,35.25171
44754,2,14,1979,35.03266
44754,2,14,1980,34.94569
44754,2,14,1981,34.8158
44754,2,14,1982,34.7506
44754,2,14,1983,34.88143
44754,2,14,1984,34.8771
44754,2,14,1985,34.79996
44754,2,14,1986,34.7607
44754,2,14,1987,34.85485
44754,2,14,1988,35.06127
44754,2,14,1989,35.15937
44754,2,14,1990,35.4528
44754,2,14,1991,35.66952
44754,2,14,1992,35.827
44754,2,14,1993,35.55389
44754,2,14,1994,35.79693
44754,2,14,1995,35.77286
44754,2,14,1996,35.94445
44754,2,14,1997,36.11346
44754,2,14,1998,36.32822
44754,2,14,1999,36.39888
44754,2,14,2000,36.38919
44754,2,14,2001,36.79249
44754,2,14,2002,36.79387
44754,2,14,2003,36.79735
44754,2,14,2004,37.13828
44754,2,14,2005,37.4864
44754,2,14,2006,37.7616
44754,2,14,2007,37.99078
44754,2,14,2008,38.1919
44754,2,14,2009,38.45771
44754,2,14,2010,38.57868
44754,2,14,2011,38.76761
44754,2,14,2012,38.6058
44754,2,14,2013,38.49938
44754,2,14,2014,38.40987
44754,2,14,2015,38.2416
44754,2,14,2016,38.52741
44754,2,14,2017,38.69687
44754,2,14,2018,38.94473
44754,2,14,2019,39.31006
44754,3,14,1950,30.45265
44754,3,14,1951,30.177
44754,3,14,1952,30.50976
44754,3,14,1953,31.01057
44754,3,14,1954,31.00667
44754,3,14,1955,30.9928
44754,3,14,1956,31.16865
44754,3,14,1957,31.24941
44754,3,14,1958,31.37954
44754,3,14,1959,31.36803
44754,3,14,1960,31.53008
44754,3,14,1961,31.32859
44754,3,14,1962,31.41558
44754,3,14,1963,31.25642
44754,3,14,1964,31.73979
44754,3,14,1965,31.66172
44754,3,14,1966,31.63789
44754,3,14,1967,32.03396
44754,3,14,1968,31.71542
44754,3,14,1969,31.60072
44754,3,14,1970,31.72324
44754,3,14,1971,31.9086
44754,3,14,1972,31.87984
44754,3,14,1973,31.84121
44754,3,14,1974,31.92846
44754,3,14,1975,32.15405
44754,3,14,1976,31.97913
44754,3,14,1977,31.94768
44754,3,14,1978,31.85266
44754,3,14,1979,31.67202
44754,3,14,1980,31.65479
44754,3,14,1981,31.66948
44754,3,14,1982,31.66058
44754,3,14,1983,31.8297
44754,3,14,1984,31.92006
44754,3,14,1985,31.90456
44754,3,14,1986,31.92954
44754,3,14,1987,32.16116
44754,3,14,1988,32.502
44754,3,14,1989,32.51835
44754,3,14,1990,32.85342
44754,3,14,1991,32.94894
44754,3,14,1992,33.3081
44754,3,14,1993,33.24029
44754,3,14,1994,33.20475
44754,3,14,1995,33.19753
44754,3,14,1996,33.24475
44754,3,14,1997,33.66255
44754,3,14,1998,33.69552
44754,3,14,1999,33.81059
44754,3,14,2000,34.05925
44754,3,14,2001,34.42706
44754,3,14,2002,34.13995
44754,3,14,2003,34.28724
44754,3,14,2004,34.85538
44754,3,14,2005,35.17862
44754,3,14,2006,35.34403
44754,3,14,2007,35.69732
44754,3,14,2008,35.83165
44754,3,14,2009,36.24398
44754,3,14,2010,36.23452
44754,3,14,2011,36.2496
44754,3,14,2012,36.07965
44754,3,14,2013,36.12606
44754,3,14,2014,36.15384
44754,3,14,2015,35.8667
44754,3,14,2016,36.03982
44754,3,14,2017,36.35221
44754,3,14,2018,36.55656
44754,3,14,2019,36.98115
44755,1,14,1950,30.43698
44755,1,14,1951,29.73541
44755,1,14,1952,30.05268
44755,1,14,1953,30.34805
44755,1,14,1954,30.44625
44755,1,14,1955,30.32211
44755,1,14,1956,30.48802
44755,1,14,1957,30.3992
44755,1,14,1958,30.54072
44755,1,14,1959,30.53738
44755,1,14,1960,30.62001
44755,1,14,1961,30.44083
44755,1,14,1962,30.37181
44755,1,14,1963,30.31601
44755,1,14,1964,30.61935
44755,1,14,1965,30.67409
44755,1,14,1966,30.61126
44755,1,14,1967,30.77671
44755,1,14,1968,30.55359
44755,1,14,1969,30.40377
44755,1,14,1970,30.32897
44755,1,14,1971,30.7369
44755,1,14,1972,30.36772
44755,1,14,1973,30.2049
44755,1,14,1974,30.3667
44755,1,14,1975,30.36774
44755,1,14,1976,30.17626
44755,1,14,1977,30.16394
44755,1,14,1978,30.02796
44755,1,14,1979,29.70724
44755,1,14,1980,29.50012
44755,1,14,1981,29.48044
44755,1,14,1982,29.5635
44755,1,14,1983,29.77381
44755,1,14,1984,29.92384
44755,1,14,1985,29.9065
44755,1,14,1986,30.11313
44755,1,14,1987,30.53633
44755,1,14,1988,31.36911
44755,1,14,1989,31.30001
44755,1,14,1990,31.40461
44755,1,14,1991,30.96888
44755,1,14,1992,31.55592
44755,1,14,1993,31.5228
44755,1,14,1994,31.29365
44755,1,14,1995,30.57285
44755,1,14,1996,30.63889
44755,1,14,1997,30.89523
44755,1,14,1998,31.01591
44755,1,14,1999,31.41644
44755,1,14,2000,31.89029
44755,1,14,2001,32.14203
44755,1,14,2002,32.21716
44755,1,14,2003,32.19074
44755,1,14,2004,32.61435
44755,1,14,2005,32.9377
44755,1,14,2006,33.08455
44755,1,14,2007,33.61199
44755,1,14,2008,33.86913
44755,1,14,2009,34.46336
44755,1,14,2010,34.73364
44755,1,14,2011,35.33155
44755,1,14,2012,35.6867
44755,1,14,2013,36.02431
44755,1,14,2014,36.2743
44755,1,14,2015,36.16504
44755,1,14,2016,36.93486
44755,1,14,2017,37.1891
44755,1,14,2018,37.50962
44755,1,14,2019,38.15967
44755,2,14,1950,33.55569
44755,2,14,1951,33.70884
44755,2,14,1952,34.14765
44755,2,14,1953,34.48846
44755,2,14,1954,34.57041
44755,2,14,1955,34.65119
44755,2,14,1956,34.93637
44755,2,14,1957,35.04552
44755,2,14,1958,35.20553
44755,2,14,1959,35.20939
44755,2,14,1960,35.31302
44755,2,14,1961,35.15827
44755,2,14,1962,34.96279
44755,2,14,1963,35.30213
44755,2,14,1964,35.63176
44755,2,14,1965,35.76797
44755,2,14,1966,35.63184
44755,2,14,1967,36.05026
44755,2,14,1968,35.78349
44755,2,14,1969,35.60847
44755,2,14,1970,35.7055
44755,2,14,1971,35.65083
44755,2,14,1972,35.62448
44755,2,14,1973,35.62864
44755,2,14,1974,35.71506
44755,2,14,1975,35.64184
44755,2,14,1976,35.6884
44755,2,14,1977,35.66649
44755,2,14,1978,35.35961
44755,2,14,1979,35.08918
44755,2,14,1980,35.02512
44755,2,14,1981,34.83559
44755,2,14,1982,34.66618
44755,2,14,1983,34.93485
44755,2,14,1984,35.01551
44755,2,14,1985,35.10837
44755,2,14,1986,35.62276
44755,2,14,1987,35.86406
44755,2,14,1988,36.17328
44755,2,14,1989,35.71451
44755,2,14,1990,35.78195
44755,2,14,1991,35.85859
44755,2,14,1992,35.87549
44755,2,14,1993,35.53512
44755,2,14,1994,35.76724
44755,2,14,1995,35.70806
44755,2,14,1996,35.91083
44755,2,14,1997,36.24139
44755,2,14,1998,36.5682
44755,2,14,1999,36.63613
44755,2,14,2000,36.77949
44755,2,14,2001,37.19039
44755,2,14,2002,37.32351
44755,2,14,2003,37.46789
44755,2,14,2004,37.94456
44755,2,14,2005,38.46344
44755,2,14,2006,38.88416
44755,2,14,2007,39.13113
44755,2,14,2008,39.27427
44755,2,14,2009,39.54362
44755,2,14,2010,39.56737
44755,2,14,2011,39.71566
44755,2,14,2012,39.65636
44755,2,14,2013,39.7485
44755,2,14,2014,39.93354
44755,2,14,2015,39.99234
44755,2,14,2016,40.2825
44755,2,14,2017,40.44454
44755,2,14,2018,40.60587
44755,2,14,2019,40.96607
44755,3,14,1950,31.11683
44755,3,14,1951,31.01367
44755,3,14,1952,31.35983
44755,3,14,1953,31.79407
44755,3,14,1954,31.92686
44755,3,14,1955,31.83692
44755,3,14,1956,31.93448
44755,3,14,1957,32.11826
44755,3,14,1958,32.19595
44755,3,14,1959,32.27936
44755,3,14,1960,32.37582
44755,3,14,1961,32.21309
44755,3,14,1962,32.03299
44755,3,14,1963,32.15707
44755,3,14,1964,32.53422
44755,3,14,1965,32.44921
44755,3,14,1966,32.45247
44755,3,14,1967,32.68046
44755,3,14,1968,32.48659
44755,3,14,1969,32.38411
44755,3,14,1970,32.49013
44755,3,14,1971,32.49112
44755,3,14,1972,32.68319
44755,3,14,1973,32.45218
44755,3,14,1974,32.58716
44755,3,14,1975,32.55671
44755,3,14,1976,32.5171
44755,3,14,1977,32.56402
44755,3,14,1978,32.42083
44755,3,14,1979,32.15991
44755,3,14,1980,32.1192
44755,3,14,1981,32.10058
44755,3,14,1982,32.11586
44755,3,14,1983,32.31603
44755,3,14,1984,32.45311
44755,3,14,1985,32.50082
44755,3,14,1986,32.82768
44755,3,14,1987,33.19478
44755,3,14,1988,33.76557
44755,3,14,1989,33.50286
44755,3,14,1990,33.58478
44755,3,14,1991,33.38374
44755,3,14,1992,33.70836
44755,3,14,1993,33.47005
44755,3,14,1994,33.47612
44755,3,14,1995,33.04546
44755,3,14,1996,33.1923
44755,3,14,1997,33.49768
44755,3,14,1998,33.65734
44755,3,14,1999,33.96874
44755,3,14,2000,34.26479
44755,3,14,2001,34.61575
44755,3,14,2002,34.67772
44755,3,14,2003,34.7274
44755,3,14,2004,35.18218
44755,3,14,2005,35.6155
44755,3,14,2006,35.8787
44755,3,14,2007,36.24515
44755,3,14,2008,36.47694
44755,3,14,2009,36.87915
44755,3,14,2010,37.06674
44755,3,14,2011,37.45009
44755,3,14,2012,37.58219
44755,3,14,2013,37.78663
44755,3,14,2014,38.00615
44755,3,14,2015,37.95764
44755,3,14,2016,38.49058
44755,3,14,2017,38.65558
44755,3,14,2018,38.82078
44755,3,14,2019,39.24459
44756,1,14,1950,29.82469
44756,1,14,1951,29.41446
44756,1,14,1952,29.61768
44756,1,14,1953,29.89003
44756,1,14,1954,30.07142
44756,1,14,1955,29.74534
44756,1,14,1956,30.03075
44756,1,14,1957,30.13071
44756,1,14,1958,30.12994
44756,1,14,1959,30.02601
44756,1,14,1960,30.23718
44756,1,14,1961,29.8618
44756,1,14,1962,29.69626
44756,1,14,1963,29.55984
44756,1,14,1964,29.9395
44756,1,14,1965,30.05966
44756,1,14,1966,29.82504
44756,1,14,1967,29.96085
44756,1,14,1968,29.63055
44756,1,14,1969,29.52825
44756,1,14,1970,29.36572
44756,1,14,1971,29.56024
44756,1,14,1972,29.25999
44756,1,14,1973,29.15491
44756,1,14,1974,29.26112
44756,1,14,1975,29.19165
44756,1,14,1976,28.89802
44756,1,14,1977,28.96542
44756,1,14,1978,28.59678
44756,1,14,1979,28.21158
44756,1,14,1980,28.03454
44756,1,14,1981,27.76983
44756,1,14,1982,27.7404
44756,1,14,1983,27.91914
44756,1,14,1984,28.03426
44756,1,14,1985,28.13151
44756,1,14,1986,28.14759
44756,1,14,1987,28.32218
44756,1,14,1988,28.52912
44756,1,14,1989,28.43087
44756,1,14,1990,29.48681
44756,1,14,1991,29.58069
44756,1,14,1992,29.91826
44756,1,14,1993,30.09309
44756,1,14,1994,30.19243
44756,1,14,1995,30.52413
44756,1,14,1996,31.3225
44756,1,14,1997,31.61996
44756,1,14,1998,31.60606
44756,1,14,1999,31.95524
44756,1,14,2000,32.05915
44756,1,14,2001,32.79552
44756,1,14,2002,33.60804
44756,1,14,2003,33.60624
44756,1,14,2004,32.84101
44756,1,14,2005,32.96226
44756,1,14,2006,33.40791
44756,1,14,2007,34.26666
44756,1,14,2008,34.53871
44756,1,14,2009,34.90592
44756,1,14,2010,34.93529
44756,1,14,2011,35.54833
44756,1,14,2012,35.62968
44756,1,14,2013,35.65379
44756,1,14,2014,35.73214
44756,1,14,2015,35.04261
44756,1,14,2016,35.26172
44756,1,14,2017,35.30368
44756,1,14,2018,35.64102
44756,1,14,2019,36.21826
44756,2,14,1950,33.60955
44756,2,14,1951,33.57175
44756,2,14,1952,34.00508
44756,2,14,1953,34.28829
44756,2,14,1954,34.37047
44756,2,14,1955,34.47707
44756,2,14,1956,34.63661
44756,2,14,1957,34.61914
44756,2,14,1958,34.91504
44756,2,14,1959,34.94024
44756,2,14,1960,35.1223
44756,2,14,1961,34.84195
44756,2,14,1962,34.63519
44756,2,14,1963,34.97309
44756,2,14,1964,34.99604
44756,2,14,1965,35.28073
44756,2,14,1966,35.01722
44756,2,14,1967,35.21498
44756,2,14,1968,35.2207
44756,2,14,1969,34.89401
44756,2,14,1970,35.06088
44756,2,14,1971,35.11017
44756,2,14,1972,34.83871
44756,2,14,1973,34.85943
44756,2,14,1974,34.7918
44756,2,14,1975,34.81687
44756,2,14,1976,34.63952
44756,2,14,1977,34.75114
44756,2,14,1978,34.31574
44756,2,14,1979,34.08846
44756,2,14,1980,33.88327
44756,2,14,1981,33.71305
44756,2,14,1982,33.51401
44756,2,14,1983,33.68434
44756,2,14,1984,33.80093
44756,2,14,1985,33.83669
44756,2,14,1986,33.88201
44756,2,14,1987,34.00819
44756,2,14,1988,34.15649
44756,2,14,1989,34.09053
44756,2,14,1990,34.28867
44756,2,14,1991,34.43235
44756,2,14,1992,34.63517
44756,2,14,1993,34.46259
44756,2,14,1994,34.80993
44756,2,14,1995,34.86882
44756,2,14,1996,35.0736
44756,2,14,1997,35.28149
44756,2,14,1998,35.39336
44756,2,14,1999,35.4841
44756,2,14,2000,35.66623
44756,2,14,2001,36.2122
44756,2,14,2002,36.48345
44756,2,14,2003,36.57262
44756,2,14,2004,36.97434
44756,2,14,2005,37.34486
44756,2,14,2006,37.54908
44756,2,14,2007,37.67231
44756,2,14,2008,37.84696
44756,2,14,2009,38.2015
44756,2,14,2010,38.4964
44756,2,14,2011,38.77755
44756,2,14,2012,38.79203
44756,2,14,2013,38.85958
44756,2,14,2014,38.92062
44756,2,14,2015,38.83202
44756,2,14,2016,39.06639
44756,2,14,2017,39.18268
44756,2,14,2018,39.40506
44756,2,14,2019,39.86594
44756,3,14,1950,30.99652
44756,3,14,1951,30.73105
44756,3,14,1952,30.95436
44756,3,14,1953,31.43405
44756,3,14,1954,31.69647
44756,3,14,1955,31.45614
44756,3,14,1956,31.67468
44756,3,14,1957,31.57547
44756,3,14,1958,31.72585
44756,3,14,1959,31.70532
44756,3,14,1960,31.78278
44756,3,14,1961,31.65447
44756,3,14,1962,31.46606
44756,3,14,1963,31.5331
44756,3,14,1964,31.86884
44756,3,14,1965,31.92806
44756,3,14,1966,31.72169
44756,3,14,1967,31.93456
44756,3,14,1968,31.74237
44756,3,14,1969,31.54635
44756,3,14,1970,31.63255
44756,3,14,1971,31.52474
44756,3,14,1972,31.46417
44756,3,14,1973,31.41518
44756,3,14,1974,31.53888
44756,3,14,1975,31.53513
44756,3,14,1976,31.3576
44756,3,14,1977,31.33061
44756,3,14,1978,31.01836
44756,3,14,1979,30.69998
44756,3,14,1980,30.68107
44756,3,14,1981,30.59411
44756,3,14,1982,30.48022
44756,3,14,1983,30.64654
44756,3,14,1984,30.76198
44756,3,14,1985,30.81846
44756,3,14,1986,30.83186
44756,3,14,1987,30.99506
44756,3,14,1988,31.17211
44756,3,14,1989,31.09222
44756,3,14,1990,31.73679
44756,3,14,1991,31.86886
44756,3,14,1992,32.13336
44756,3,14,1993,32.1552
44756,3,14,1994,32.35745
44756,3,14,1995,32.55687
44756,3,14,1996,33.08019
44756,3,14,1997,33.27926
44756,3,14,1998,33.33702
44756,3,14,1999,33.54732
44756,3,14,2000,33.74802
44756,3,14,2001,34.28609
44756,3,14,2002,34.82561
44756,3,14,2003,34.83529
44756,3,14,2004,34.67875
44756,3,14,2005,34.91831
44756,3,14,2006,35.25234
44756,3,14,2007,35.77505
44756,3,14,2008,35.97443
44756,3,14,2009,36.36126
44756,3,14,2010,36.53085
44756,3,14,2011,36.96689
44756,3,14,2012,37.0316
44756,3,14,2013,37.08282
44756,3,14,2014,37.17865
44756,3,14,2015,36.76049
44756,3,14,2016,36.97952
44756,3,14,2017,36.99667
44756,3,14,2018,37.21032
44756,3,14,2019,37.64225
44757,1,14,1950,29.7136
44757,1,14,1951,29.21786
44757,1,14,1952,29.48136
44757,1,14,1953,29.98226
44757,1,14,1954,30.18836
44757,1,14,1955,29.98975
44757,1,14,1956,30.18571
44757,1,14,1957,29.86237
44757,1,14,1958,30.19741
44757,1,14,1959,30.09594
44757,1,14,1960,30.23182
44757,1,14,1961,29.96712
44757,1,14,1962,29.78468
44757,1,14,1963,29.95794
44757,1,14,1964,30.17423
44757,1,14,1965,30.32038
44757,1,14,1966,29.72589
44757,1,14,1967,30.19386
44757,1,14,1968,29.82613
44757,1,14,1969,29.7796
44757,1,14,1970,29.85515
44757,1,14,1971,29.9019
44757,1,14,1972,29.70004
44757,1,14,1973,29.71805
44757,1,14,1974,29.60243
44757,1,14,1975,29.62121
44757,1,14,1976,29.45836
44757,1,14,1977,29.49272
44757,1,14,1978,29.32422
44757,1,14,1979,28.96511
44757,1,14,1980,28.8948
44757,1,14,1981,28.77907
44757,1,14,1982,28.87274
44757,1,14,1983,29.02675
44757,1,14,1984,29.07094
44757,1,14,1985,28.91184
44757,1,14,1986,28.80314
44757,1,14,1987,28.63538
44757,1,14,1988,28.60157
44757,1,14,1989,29.13966
44757,1,14,1990,29.46597
44757,1,14,1991,29.26527
44757,1,14,1992,29.58793
44757,1,14,1993,29.80691
44757,1,14,1994,29.63299
44757,1,14,1995,28.89998
44757,1,14,1996,29.04135
44757,1,14,1997,29.39631
44757,1,14,1998,29.37506
44757,1,14,1999,29.71575
44757,1,14,2000,30.19103
44757,1,14,2001,30.37555
44757,1,14,2002,30.51274
44757,1,14,2003,30.78823
44757,1,14,2004,31.45856
44757,1,14,2005,31.93863
44757,1,14,2006,32.11275
44757,1,14,2007,32.68011
44757,1,14,2008,32.89756
44757,1,14,2009,33.53783
44757,1,14,2010,33.87055
44757,1,14,2011,34.51766
44757,1,14,2012,34.86113
44757,1,14,2013,35.15388
44757,1,14,2014,35.30656
44757,1,14,2015,35.08178
44757,1,14,2016,35.75457
44757,1,14,2017,36.02228
44757,1,14,2018,36.43378
44757,1,14,2019,37.06055
44757,2,14,1950,33.6329
44757,2,14,1951,33.54121
44757,2,14,1952,34.00029
44757,2,14,1953,34.17214
44757,2,14,1954,34.43137
44757,2,14,1955,34.64257
44757,2,14,1956,34.76105
44757,2,14,1957,34.76592
44757,2,14,1958,34.98456
44757,2,14,1959,35.01108
44757,2,14,1960,35.16013
44757,2,14,1961,34.98578
44757,2,14,1962,34.97889
44757,2,14,1963,34.83966
44757,2,14,1964,35.26848
44757,2,14,1965,35.32639
44757,2,14,1966,35.26818
44757,2,14,1967,35.2284
44757,2,14,1968,35.21043
44757,2,14,1969,35.05408
44757,2,14,1970,35.14593
44757,2,14,1971,35.18876
44757,2,14,1972,35.00017
44757,2,14,1973,35.05818
44757,2,14,1974,35.00764
44757,2,14,1975,35.11632
44757,2,14,1976,34.76648
44757,2,14,1977,34.92145
44757,2,14,1978,34.69772
44757,2,14,1979,34.25061
44757,2,14,1980,34.27333
44757,2,14,1981,34.065
44757,2,14,1982,34.03641
44757,2,14,1983,34.16258
44757,2,14,1984,34.1499
44757,2,14,1985,34.18799
44757,2,14,1986,34.24532
44757,2,14,1987,34.49448
44757,2,14,1988,34.7896
44757,2,14,1989,34.80933
44757,2,14,1990,35.00758
44757,2,14,1991,35.1863
44757,2,14,1992,35.33075
44757,2,14,1993,35.02755
44757,2,14,1994,35.10871
44757,2,14,1995,34.96455
44757,2,14,1996,35.06217
44757,2,14,1997,35.23009
44757,2,14,1998,35.42413
44757,2,14,1999,35.46114
44757,2,14,2000,35.51825
44757,2,14,2001,35.98654
44757,2,14,2002,36.26112
44757,2,14,2003,36.46893
44757,2,14,2004,37.00936
44757,2,14,2005,37.55113
44757,2,14,2006,37.96785
44757,2,14,2007,38.24546
44757,2,14,2008,38.44491
44757,2,14,2009,38.83392
44757,2,14,2010,38.96039
44757,2,14,2011,39.16351
44757,2,14,2012,39.12502
44757,2,14,2013,39.1365
44757,2,14,2014,39.19233
44757,2,14,2015,39.14068
44757,2,14,2016,39.48142
44757,2,14,2017,39.6691
44757,2,14,2018,39.87528
44757,2,14,2019,40.1698
44757,3,14,1950,30.95526
44757,3,14,1951,30.80063
44757,3,14,1952,30.91126
44757,3,14,1953,31.51842
44757,3,14,1954,31.57439
44757,3,14,1955,31.5961
44757,3,14,1956,31.65794
44757,3,14,1957,31.57468
44757,3,14,1958,31.75397
44757,3,14,1959,31.87031
44757,3,14,1960,32.03365
44757,3,14,1961,31.77875
44757,3,14,1962,31.64143
44757,3,14,1963,31.73526
44757,3,14,1964,32.10037
44757,3,14,1965,32.06111
44757,3,14,1966,31.88911
44757,3,14,1967,32.22105
44757,3,14,1968,31.90792
44757,3,14,1969,31.81483
44757,3,14,1970,31.87012
44757,3,14,1971,31.87677
44757,3,14,1972,31.65303
44757,3,14,1973,31.73356
44757,3,14,1974,31.71883
44757,3,14,1975,31.81919
44757,3,14,1976,31.64303
44757,3,14,1977,31.75242
44757,3,14,1978,31.58764
44757,3,14,1979,31.32657
44757,3,14,1980,31.38673
44757,3,14,1981,31.35822
44757,3,14,1982,31.3835
44757,3,14,1983,31.55078
44757,3,14,1984,31.54848
44757,3,14,1985,31.50209
44757,3,14,1986,31.41017
44757,3,14,1987,31.43539
44757,3,14,1988,31.50782
44757,3,14,1989,31.81065
44757,3,14,1990,32.12579
44757,3,14,1991,32.07427
44757,3,14,1992,32.33593
44757,3,14,1993,32.30544
44757,3,14,1994,32.21084
44757,3,14,1995,31.70395
44757,3,14,1996,31.83042
44757,3,14,1997,32.11571
44757,3,14,1998,32.18461
44757,3,14,1999,32.43364
44757,3,14,2000,32.69955
44757,3,14,2001,32.98322
44757,3,14,2002,33.20898
44757,3,14,2003,33.44484
44757,3,14,2004,34.02229
44757,3,14,2005,34.54586
44757,3,14,2006,34.80139
44757,3,14,2007,35.26496
44757,3,14,2008,35.51111
44757,3,14,2009,35.98614
44757,3,14,2010,36.24991
44757,3,14,2011,36.70589
44757,3,14,2012,36.8226
44757,3,14,2013,36.97293
44757,3,14,2014,37.08611
44757,3,14,2015,36.90803
44757,3,14,2016,37.42175
44757,3,14,2017,37.61532
44757,3,14,2018,37.81358
44757,3,14,2019,38.18412
44758,1,14,1950,28.87924
44758,1,14,1951,28.21011
44758,1,14,1952,28.69485
44758,1,14,1953,28.85117
44758,1,14,1954,28.94978
44758,1,14,1955,28.91924
44758,1,14,1956,28.94408
44758,1,14,1957,28.91518
44758,1,14,1958,28.7486
44758,1,14,1959,28.93282
44758,1,14,1960,28.90733
44758,1,14,1961,28.62755
44758,1,14,1962,28.64516
44758,1,14,1963,28.27431
44758,1,14,1964,28.52461
44758,1,14,1965,28.51851
44758,1,14,1966,28.55942
44758,1,14,1967,28.6555
44758,1,14,1968,28.34421
44758,1,14,1969,28.20354
44758,1,14,1970,28.06751
44758,1,14,1971,28.1973
44758,1,14,1972,27.9136
44758,1,14,1973,27.9387
44758,1,14,1974,27.94879
44758,1,14,1975,27.90744
44758,1,14,1976,27.78936
44758,1,14,1977,27.68036
44758,1,14,1978,27.35189
44758,1,14,1979,26.94951
44758,1,14,1980,26.75712
44758,1,14,1981,26.62152
44758,1,14,1982,26.68018
44758,1,14,1983,26.85251
44758,1,14,1984,27.11605
44758,1,14,1985,27.3044
44758,1,14,1986,27.79991
44758,1,14,1987,28.07862
44758,1,14,1988,28.39683
44758,1,14,1989,28.2246
44758,1,14,1990,28.03209
44758,1,14,1991,27.89304
44758,1,14,1992,28.16622
44758,1,14,1993,28.11287
44758,1,14,1994,28.1378
44758,1,14,1995,28.25638
44758,1,14,1996,28.58389
44758,1,14,1997,29.05709
44758,1,14,1998,29.13985
44758,1,14,1999,29.44056
44758,1,14,2000,29.76659
44758,1,14,2001,29.99774
44758,1,14,2002,30.22506
44758,1,14,2003,30.63491
44758,1,14,2004,31.47211
44758,1,14,2005,32.00606
44758,1,14,2006,32.27095
44758,1,14,2007,32.58413
44758,1,14,2008,32.87479
44758,1,14,2009,33.43967
44758,1,14,2010,33.9118
44758,1,14,2011,34.53739
44758,1,14,2012,34.86138
44758,1,14,2013,35.25038
44758,1,14,2014,35.45916
44758,1,14,2015,35.2439
44758,1,14,2016,35.84134
44758,1,14,2017,35.97444
44758,1,14,2018,36.23654
44758,1,14,2019,36.88853
44758,2,14,1950,33.57514
44758,2,14,1951,33.30711
44758,2,14,1952,33.96244
44758,2,14,1953,34.00234
44758,2,14,1954,34.19415
44758,2,14,1955,34.34701
44758,2,14,1956,34.60063
44758,2,14,1957,34.58504
44758,2,14,1958,34.73401
44758,2,14,1959,34.923
44758,2,14,1960,34.91843
44758,2,14,1961,34.61714
44758,2,14,1962,34.58684
44758,2,14,1963,34.62015
44758,2,14,1964,34.88338
44758,2,14,1965,35.20641
44758,2,14,1966,35.24119
44758,2,14,1967,35.17594
44758,2,14,1968,35.14771
44758,2,14,1969,35.05196
44758,2,14,1970,35.09862
44758,2,14,1971,35.20409
44758,2,14,1972,34.82716
44758,2,14,1973,34.81145
44758,2,14,1974,34.80248
44758,2,14,1975,34.82506
44758,2,14,1976,34.86691
44758,2,14,1977,34.72851
44758,2,14,1978,34.46184
44758,2,14,1979,34.25642
44758,2,14,1980,34.12543
44758,2,14,1981,33.99247
44758,2,14,1982,33.84379
44758,2,14,1983,34.01199
44758,2,14,1984,34.09399
44758,2,14,1985,34.00514
44758,2,14,1986,34.1555
44758,2,14,1987,34.31609
44758,2,14,1988,34.54131
44758,2,14,1989,34.53459
44758,2,14,1990,34.76937
44758,2,14,1991,34.95663
44758,2,14,1992,35.08349
44758,2,14,1993,34.69031
44758,2,14,1994,34.8051
44758,2,14,1995,34.70056
44758,2,14,1996,34.8945
44758,2,14,1997,35.1391
44758,2,14,1998,35.33738
44758,2,14,1999,35.3971
44758,2,14,2000,35.47145
44758,2,14,2001,35.99455
44758,2,14,2002,36.19065
44758,2,14,2003,36.39032
44758,2,14,2004,36.79594
44758,2,14,2005,37.27034
44758,2,14,2006,37.62222
44758,2,14,2007,38.02023
44758,2,14,2008,38.3765
44758,2,14,2009,38.77212
44758,2,14,2010,38.99575
44758,2,14,2011,39.25246
44758,2,14,2012,39.15264
44758,2,14,2013,39.06911
44758,2,14,2014,38.97843
44758,2,14,2015,38.83587
44758,2,14,2016,39.01533
44758,2,14,2017,39.14977
44758,2,14,2018,39.33288
44758,2,14,2019,39.70487
44758,3,14,1950,30.16298
44758,3,14,1951,29.80588
44758,3,14,1952,30.19542
44758,3,14,1953,30.47784
44758,3,14,1954,30.71873
44758,3,14,1955,30.69815
44758,3,14,1956,30.87924
44758,3,14,1957,30.83251
44758,3,14,1958,31.01644
44758,3,14,1959,30.90497
44758,3,14,1960,31.14667
44758,3,14,1961,30.86329
44758,3,14,1962,30.76658
44758,3,14,1963,30.64905
44758,3,14,1964,31.01203
44758,3,14,1965,30.93133
44758,3,14,1966,30.98531
44758,3,14,1967,31.03626
44758,3,14,1968,30.79606
44758,3,14,1969,30.58108
44758,3,14,1970,30.70282
44758,3,14,1971,30.87788
44758,3,14,1972,30.64194
44758,3,14,1973,30.58006
44758,3,14,1974,30.70608
44758,3,14,1975,30.71293
44758,3,14,1976,30.54222
44758,3,14,1977,30.45942
44758,3,14,1978,30.28319
44758,3,14,1979,29.99642
44758,3,14,1980,29.9229
44758,3,14,1981,29.84219
44758,3,14,1982,29.88502
44758,3,14,1983,30.05362
44758,3,14,1984,30.20263
44758,3,14,1985,30.31815
44758,3,14,1986,30.645
44758,3,14,1987,30.87857
44758,3,14,1988,31.17326
44758,3,14,1989,31.0415
44758,3,14,1990,31.00832
44758,3,14,1991,31.00738
44758,3,14,1992,31.19208
44758,3,14,1993,30.99902
44758,3,14,1994,31.06185
44758,3,14,1995,31.05702
44758,3,14,1996,31.35449
44758,3,14,1997,31.72018
44758,3,14,1998,31.86035
44758,3,14,1999,32.07255
44758,3,14,2000,32.30138
44758,3,14,2001,32.63253
44758,3,14,2002,32.85953
44758,3,14,2003,33.19201
44758,3,14,2004,33.8288
44758,3,14,2005,34.36338
44758,3,14,2006,34.66253
44758,3,14,2007,34.98973
44758,3,14,2008,35.3303
44758,3,14,2009,35.81475
44758,3,14,2010,36.20536
44758,3,14,2011,36.66372
44758,3,14,2012,36.81068
44758,3,14,2013,36.97351
44758,3,14,2014,37.05196
44758,3,14,2015,36.88478
44758,3,14,2016,37.21594
44758,3,14,2017,37.32019
44758,3,14,2018,37.42528
44758,3,14,2019,37.84836
44759,1,14,1950,33.10002
44759,1,14,1951,32.85506
44759,1,14,1952,33.01158
44759,1,14,1953,33.82433
44759,1,14,1954,33.68664
44759,1,14,1955,33.44994
44759,1,14,1956,33.38503
44759,1,14,1957,33.51936
44759,1,14,1958,33.81937
44759,1,14,1959,33.65116
44759,1,14,1960,33.71546
44759,1,14,1961,33.80602
44759,1,14,1962,33.57694
44759,1,14,1963,33.3912
44759,1,14,1964,33.97345
44759,1,14,1965,33.9406
44759,1,14,1966,33.88252
44759,1,14,1967,33.84097
44759,1,14,1968,33.69271
44759,1,14,1969,33.58063
44759,1,14,1970,34.10079
44759,1,14,1971,33.85996
44759,1,14,1972,33.68949
44759,1,14,1973,33.93928
44759,1,14,1974,33.80923
44759,1,14,1975,33.74522
44759,1,14,1976,33.63226
44759,1,14,1977,33.57192
44759,1,14,1978,33.36199
44759,1,14,1979,33.01024
44759,1,14,1980,32.90019
44759,1,14,1981,32.78789
44759,1,14,1982,32.95733
44759,1,14,1983,32.95061
44759,1,14,1984,32.9638
44759,1,14,1985,33.0526
44759,1,14,1986,33.53472
44759,1,14,1987,33.94602
44759,1,14,1988,34.29814
44759,1,14,1989,34.4795
44759,1,14,1990,34.72186
44759,1,14,1991,34.86306
44759,1,14,1992,35.07148
44759,1,14,1993,35.18241
44759,1,14,1994,35.55775
44759,1,14,1995,35.72633
44759,1,14,1996,36.14924
44759,1,14,1997,36.555
44759,1,14,1998,36.73606
44759,1,14,1999,36.89369
44759,1,14,2000,37.38636
44759,1,14,2001,37.80622
44759,1,14,2002,38.06129
44759,1,14,2003,38.21006
44759,1,14,2004,38.57368
44759,1,14,2005,38.97066
44759,1,14,2006,39.23391
44759,1,14,2007,39.53165
44759,1,14,2008,39.75049
44759,1,14,2009,39.88998
44759,1,14,2010,39.99542
44759,1,14,2011,39.85498
44759,1,14,2012,39.84784
44759,1,14,2013,39.68146
44759,1,14,2014,39.87146
44759,1,14,2015,39.83278
44759,1,14,2016,40.17298
44759,1,14,2017,40.34973
44759,1,14,2018,40.39796
44759,1,14,2019,40.69484
44759,2,14,1950,35.77647
44759,2,14,1951,35.80544
44759,2,14,1952,36.33146
44759,2,14,1953,36.52052
44759,2,14,1954,36.72548
44759,2,14,1955,36.63277
44759,2,14,1956,36.77855
44759,2,14,1957,36.77038
44759,2,14,1958,37.06547
44759,2,14,1959,37.14815
44759,2,14,1960,37.14964
44759,2,14,1961,37.1926
44759,2,14,1962,37.20769
44759,2,14,1963,37.39019
44759,2,14,1964,37.75194
44759,2,14,1965,37.70201
44759,2,14,1966,37.80462
44759,2,14,1967,38.0929
44759,2,14,1968,37.91871
44759,2,14,1969,37.88039
44759,2,14,1970,37.7976
44759,2,14,1971,37.99496
44759,2,14,1972,37.805
44759,2,14,1973,37.72486
44759,2,14,1974,37.84122
44759,2,14,1975,37.76586
44759,2,14,1976,37.86176
44759,2,14,1977,37.86683
44759,2,14,1978,37.71014
44759,2,14,1979,37.40412
44759,2,14,1980,37.25438
44759,2,14,1981,37.14776
44759,2,14,1982,36.91689
44759,2,14,1983,36.80664
44759,2,14,1984,36.90635
44759,2,14,1985,36.58257
44759,2,14,1986,36.84449
44759,2,14,1987,37.14524
44759,2,14,1988,37.2572
44759,2,14,1989,37.47138
44759,2,14,1990,37.70386
44759,2,14,1991,37.73939
44759,2,14,1992,37.79955
44759,2,14,1993,37.86255
44759,2,14,1994,38.14426
44759,2,14,1995,38.2865
44759,2,14,1996,38.53801
44759,2,14,1997,38.6326
44759,2,14,1998,38.76723
44759,2,14,1999,38.97241
44759,2,14,2000,39.47633
44759,2,14,2001,39.87294
44759,2,14,2002,40.03474
44759,2,14,2003,40.21704
44759,2,14,2004,40.55738
44759,2,14,2005,40.70816
44759,2,14,2006,40.94693
44759,2,14,2007,41.23329
44759,2,14,2008,41.544
44759,2,14,2009,41.90502
44759,2,14,2010,41.89905
44759,2,14,2011,42.01582
44759,2,14,2012,41.96157
44759,2,14,2013,42.01036
44759,2,14,2014,42.28926
44759,2,14,2015,42.4888
44759,2,14,2016,42.78013
44759,2,14,2017,42.70608
44759,2,14,2018,42.80645
44759,2,14,2019,43.02033
44759,3,14,1950,33.7533
44759,3,14,1951,33.65372
44759,3,14,1952,34.04497
44759,3,14,1953,34.31123
44759,3,14,1954,34.4901
44759,3,14,1955,34.4018
44759,3,14,1956,34.47257
44759,3,14,1957,34.51353
44759,3,14,1958,34.5686
44759,3,14,1959,34.78468
44759,3,14,1960,34.74046
44759,3,14,1961,34.77462
44759,3,14,1962,34.6486
44759,3,14,1963,34.78335
44759,3,14,1964,34.96712
44759,3,14,1965,35.06817
44759,3,14,1966,35.14062
44759,3,14,1967,35.25229
44759,3,14,1968,34.99935
44759,3,14,1969,35.08842
44759,3,14,1970,35.31996
44759,3,14,1971,35.32701
44759,3,14,1972,35.19712
44759,3,14,1973,35.22001
44759,3,14,1974,35.32644
44759,3,14,1975,35.16681
44759,3,14,1976,35.25146
44759,3,14,1977,35.31101
44759,3,14,1978,35.1581
44759,3,14,1979,34.90084
44759,3,14,1980,34.87324
44759,3,14,1981,34.86833
44759,3,14,1982,34.85594
44759,3,14,1983,34.84554
44759,3,14,1984,34.8924
44759,3,14,1985,34.78623
44759,3,14,1986,35.18207
44759,3,14,1987,35.49018
44759,3,14,1988,35.75627
44759,3,14,1989,35.92491
44759,3,14,1990,36.18231
44759,3,14,1991,36.28157
44759,3,14,1992,36.40427
44759,3,14,1993,36.5238
44759,3,14,1994,36.80233
44759,3,14,1995,36.91271
44759,3,14,1996,37.28136
44759,3,14,1997,37.49963
44759,3,14,1998,37.67193
44759,3,14,1999,37.87446
44759,3,14,2000,38.33608
44759,3,14,2001,38.7802
44759,3,14,2002,38.96414
44759,3,14,2003,39.13607
44759,3,14,2004,39.5171
44759,3,14,2005,39.71627
44759,3,14,2006,39.97893
44759,3,14,2007,40.24298
44759,3,14,2008,40.51965
44759,3,14,2009,40.75873
44759,3,14,2010,40.81681
44759,3,14,2011,40.79713
44759,3,14,2012,40.78496
44759,3,14,2013,40.74725
44759,3,14,2014,40.94327
44759,3,14,2015,41.00016
44759,3,14,2016,41.2824
44759,3,14,2017,41.31564
44759,3,14,2018,41.32379
44759,3,14,2019,41.56422
44760,1,14,1950,32.73409
44760,1,14,1951,31.88508
44760,1,14,1952,32.40567
44760,1,14,1953,32.75597
44760,1,14,1954,32.81762
44760,1,14,1955,32.6738
44760,1,14,1956,32.7593
44760,1,14,1957,32.80904
44760,1,14,1958,32.88722
44760,1,14,1959,32.71439
44760,1,14,1960,33.0399
44760,1,14,1961,32.97296
44760,1,14,1962,32.70929
44760,1,14,1963,32.52595
44760,1,14,1964,33.06301
44760,1,14,1965,32.72981
44760,1,14,1966,32.68453
44760,1,14,1967,32.85492
44760,1,14,1968,32.87535
44760,1,14,1969,32.4734
44760,1,14,1970,32.65633
44760,1,14,1971,32.97684
44760,1,14,1972,32.60255
44760,1,14,1973,32.4818
44760,1,14,1974,32.51299
44760,1,14,1975,32.49198
44760,1,14,1976,32.42089
44760,1,14,1977,32.32371
44760,1,14,1978,31.94202
44760,1,14,1979,31.61099
44760,1,14,1980,31.4011
44760,1,14,1981,31.27122
44760,1,14,1982,31.25785
44760,1,14,1983,31.3001
44760,1,14,1984,31.32366
44760,1,14,1985,31.414
44760,1,14,1986,31.89986
44760,1,14,1987,32.09406
44760,1,14,1988,32.13915
44760,1,14,1989,32.39153
44760,1,14,1990,32.65884
44760,1,14,1991,32.75202
44760,1,14,1992,32.95769
44760,1,14,1993,33.20711
44760,1,14,1994,33.5381
44760,1,14,1995,33.76917
44760,1,14,1996,33.98472
44760,1,14,1997,34.28205
44760,1,14,1998,34.68364
44760,1,14,1999,34.89243
44760,1,14,2000,35.24346
44760,1,14,2001,35.49874
44760,1,14,2002,35.9024
44760,1,14,2003,36.24835
44760,1,14,2004,36.45332
44760,1,14,2005,36.59048
44760,1,14,2006,36.80988
44760,1,14,2007,37.11842
44760,1,14,2008,37.37016
44760,1,14,2009,37.4962
44760,1,14,2010,37.58395
44760,1,14,2011,37.74234
44760,1,14,2012,38.03989
44760,1,14,2013,38.0277
44760,1,14,2014,38.25974
44760,1,14,2015,38.16423
44760,1,14,2016,38.06649
44760,1,14,2017,38.42029
44760,1,14,2018,38.81432
44760,1,14,2019,39.34105
44760,2,14,1950,35.18364
44760,2,14,1951,35.03692
44760,2,14,1952,35.66864
44760,2,14,1953,35.93491
44760,2,14,1954,35.99074
44760,2,14,1955,36.04203
44760,2,14,1956,36.22589
44760,2,14,1957,36.33754
44760,2,14,1958,36.49778
44760,2,14,1959,36.54071
44760,2,14,1960,36.57579
44760,2,14,1961,36.51924
44760,2,14,1962,36.44976
44760,2,14,1963,36.51521
44760,2,14,1964,36.83904
44760,2,14,1965,36.88189
44760,2,14,1966,36.87457
44760,2,14,1967,37.00096
44760,2,14,1968,36.82806
44760,2,14,1969,36.69032
44760,2,14,1970,36.96359
44760,2,14,1971,36.98938
44760,2,14,1972,36.70822
44760,2,14,1973,36.75446
44760,2,14,1974,36.7351
44760,2,14,1975,36.81583
44760,2,14,1976,36.5522
44760,2,14,1977,36.70568
44760,2,14,1978,36.52067
44760,2,14,1979,36.03427
44760,2,14,1980,35.90921
44760,2,14,1981,35.71493
44760,2,14,1982,35.8482
44760,2,14,1983,35.95924
44760,2,14,1984,36.08955
44760,2,14,1985,35.81038
44760,2,14,1986,36.12754
44760,2,14,1987,36.53575
44760,2,14,1988,36.57489
44760,2,14,1989,36.63013
44760,2,14,1990,36.7726
44760,2,14,1991,36.78636
44760,2,14,1992,36.84377
44760,2,14,1993,37.02949
44760,2,14,1994,37.22358
44760,2,14,1995,37.32396
44760,2,14,1996,37.63815
44760,2,14,1997,37.6503
44760,2,14,1998,37.78274
44760,2,14,1999,37.74895
44760,2,14,2000,38.10321
44760,2,14,2001,38.56887
44760,2,14,2002,38.72806
44760,2,14,2003,38.88538
44760,2,14,2004,39.1233
44760,2,14,2005,39.33641
44760,2,14,2006,39.67875
44760,2,14,2007,39.99224
44760,2,14,2008,40.34223
44760,2,14,2009,40.62102
44760,2,14,2010,40.60125
44760,2,14,2011,40.76047
44760,2,14,2012,40.68588
44760,2,14,2013,40.79723
44760,2,14,2014,41.05562
44760,2,14,2015,41.2743
44760,2,14,2016,41.54819
44760,2,14,2017,41.59028
44760,2,14,2018,41.72513
44760,2,14,2019,41.89431
44760,3,14,1950,33.03775
44760,3,14,1951,32.79329
44760,3,14,1952,33.37436
44760,3,14,1953,33.59408
44760,3,14,1954,33.83999
44760,3,14,1955,33.66999
44760,3,14,1956,33.72651
44760,3,14,1957,33.84754
44760,3,14,1958,33.96694
44760,3,14,1959,34.0692
44760,3,14,1960,33.9712
44760,3,14,1961,33.9845
44760,3,14,1962,33.80601
44760,3,14,1963,33.86964
44760,3,14,1964,34.22884
44760,3,14,1965,34.22652
44760,3,14,1966,34.00104
44760,3,14,1967,34.22959
44760,3,14,1968,34.09443
44760,3,14,1969,34.01399
44760,3,14,1970,34.12127
44760,3,14,1971,34.15812
44760,3,14,1972,34.12605
44760,3,14,1973,34.15556
44760,3,14,1974,34.05221
44760,3,14,1975,34.12764
44760,3,14,1976,33.99212
44760,3,14,1977,34.06468
44760,3,14,1978,33.81315
44760,3,14,1979,33.54772
44760,3,14,1980,33.48584
44760,3,14,1981,33.4761
44760,3,14,1982,33.53708
44760,3,14,1983,33.60374
44760,3,14,1984,33.67334
44760,3,14,1985,33.59659
44760,3,14,1986,33.9844
44760,3,14,1987,34.28534
44760,3,14,1988,34.32717
44760,3,14,1989,34.48266
44760,3,14,1990,34.69037
44760,3,14,1991,34.75872
44760,3,14,1992,34.88442
44760,3,14,1993,35.08464
44760,3,14,1994,35.3867
44760,3,14,1995,35.56588
44760,3,14,1996,35.79046
44760,3,14,1997,35.92965
44760,3,14,1998,36.1918
44760,3,14,1999,36.28151
44760,3,14,2000,36.64206
44760,3,14,2001,37.02039
44760,3,14,2002,37.27832
44760,3,14,2003,37.55566
44760,3,14,2004,37.74333
44760,3,14,2005,37.93229
44760,3,14,2006,38.17846
44760,3,14,2007,38.50619
44760,3,14,2008,38.82759
44760,3,14,2009,39.02419
44760,3,14,2010,39.07756
44760,3,14,2011,39.21417
44760,3,14,2012,39.35311
44760,3,14,2013,39.36909
44760,3,14,2014,39.59731
44760,3,14,2015,39.6786
44760,3,14,2016,39.74416
44760,3,14,2017,39.89996
44760,3,14,2018,40.13548
44760,3,14,2019,40.35282
44761,1,14,1950,32.25717
44761,1,14,1951,32.00288
44761,1,14,1952,32.56869
44761,1,14,1953,32.98181
44761,1,14,1954,32.7606
44761,1,14,1955,32.77774
44761,1,14,1956,32.67602
44761,1,14,1957,32.78013
44761,1,14,1958,32.78822
44761,1,14,1959,32.90681
44761,1,14,1960,32.85889
44761,1,14,1961,32.67307
44761,1,14,1962,32.65682
44761,1,14,1963,32.46263
44761,1,14,1964,32.86061
44761,1,14,1965,33.18528
44761,1,14,1966,32.77665
44761,1,14,1967,32.88995
44761,1,14,1968,32.66838
44761,1,14,1969,32.93033
44761,1,14,1970,33.02361
44761,1,14,1971,32.78851
44761,1,14,1972,32.5853
44761,1,14,1973,32.78104
44761,1,14,1974,32.59809
44761,1,14,1975,32.72573
44761,1,14,1976,32.44571
44761,1,14,1977,32.35048
44761,1,14,1978,31.99851
44761,1,14,1979,31.45684
44761,1,14,1980,31.24342
44761,1,14,1981,31.00503
44761,1,14,1982,31.03481
44761,1,14,1983,31.17377
44761,1,14,1984,31.385
44761,1,14,1985,31.4517
44761,1,14,1986,31.81754
44761,1,14,1987,32.33383
44761,1,14,1988,32.56863
44761,1,14,1989,32.65787
44761,1,14,1990,32.85563
44761,1,14,1991,33.0007
44761,1,14,1992,33.18237
44761,1,14,1993,33.36533
44761,1,14,1994,33.74769
44761,1,14,1995,33.72342
44761,1,14,1996,33.87115
44761,1,14,1997,34.05648
44761,1,14,1998,34.2775
44761,1,14,1999,34.3492
44761,1,14,2000,34.65135
44761,1,14,2001,34.9398
44761,1,14,2002,35.20767
44761,1,14,2003,35.51861
44761,1,14,2004,36.00009
44761,1,14,2005,36.35503
44761,1,14,2006,36.73965
44761,1,14,2007,37.04164
44761,1,14,2008,37.39089
44761,1,14,2009,37.53076
44761,1,14,2010,37.71182
44761,1,14,2011,37.86302
44761,1,14,2012,38.07633
44761,1,14,2013,37.9609
44761,1,14,2014,38.19113
44761,1,14,2015,38.09759
44761,1,14,2016,38.1209
44761,1,14,2017,38.59556
44761,1,14,2018,38.78782
44761,1,14,2019,39.23627
44761,2,14,1950,35.06524
44761,2,14,1951,35.15571
44761,2,14,1952,35.48107
44761,2,14,1953,35.88419
44761,2,14,1954,36.1673
44761,2,14,1955,36.21164
44761,2,14,1956,36.17558
44761,2,14,1957,36.65759
44761,2,14,1958,36.68987
44761,2,14,1959,36.58523
44761,2,14,1960,36.64393
44761,2,14,1961,36.50846
44761,2,14,1962,36.54068
44761,2,14,1963,36.50032
44761,2,14,1964,36.80948
44761,2,14,1965,37.02131
44761,2,14,1966,36.95558
44761,2,14,1967,37.16168
44761,2,14,1968,37.0018
44761,2,14,1969,36.91836
44761,2,14,1970,36.95756
44761,2,14,1971,37.10756
44761,2,14,1972,36.94593
44761,2,14,1973,36.8466
44761,2,14,1974,36.93324
44761,2,14,1975,36.77241
44761,2,14,1976,36.64695
44761,2,14,1977,36.7493
44761,2,14,1978,36.45227
44761,2,14,1979,36.02879
44761,2,14,1980,35.77046
44761,2,14,1981,35.5901
44761,2,14,1982,35.67397
44761,2,14,1983,35.8554
44761,2,14,1984,36.10133
44761,2,14,1985,35.83937
44761,2,14,1986,36.09215
44761,2,14,1987,36.48218
44761,2,14,1988,36.65503
44761,2,14,1989,36.80589
44761,2,14,1990,36.9034
44761,2,14,1991,37.02109
44761,2,14,1992,37.14342
44761,2,14,1993,37.28851
44761,2,14,1994,37.50509
44761,2,14,1995,37.54433
44761,2,14,1996,37.63833
44761,2,14,1997,37.69862
44761,2,14,1998,37.99352
44761,2,14,1999,38.00393
44761,2,14,2000,38.43353
44761,2,14,2001,38.72724
44761,2,14,2002,38.86254
44761,2,14,2003,38.9728
44761,2,14,2004,39.17169
44761,2,14,2005,39.26288
44761,2,14,2006,39.56184
44761,2,14,2007,39.91725
44761,2,14,2008,40.32133
44761,2,14,2009,40.67303
44761,2,14,2010,40.72008
44761,2,14,2011,40.80025
44761,2,14,2012,40.76038
44761,2,14,2013,40.69655
44761,2,14,2014,40.58568
44761,2,14,2015,40.31764
44761,2,14,2016,40.28711
44761,2,14,2017,40.67687
44761,2,14,2018,40.88672
44761,2,14,2019,41.16428
44761,3,14,1950,33.08832
44761,3,14,1951,32.96015
44761,3,14,1952,33.29696
44761,3,14,1953,33.85056
44761,3,14,1954,33.80923
44761,3,14,1955,33.9019
44761,3,14,1956,33.84413
44761,3,14,1957,34.07533
44761,3,14,1958,33.96429
44761,3,14,1959,34.33865
44761,3,14,1960,34.19808
44761,3,14,1961,34.19605
44761,3,14,1962,33.95128
44761,3,14,1963,33.97377
44761,3,14,1964,34.07104
44761,3,14,1965,34.34982
44761,3,14,1966,34.29721
44761,3,14,1967,34.40329
44761,3,14,1968,34.38543
44761,3,14,1969,34.159
44761,3,14,1970,34.38503
44761,3,14,1971,34.51531
44761,3,14,1972,34.15556
44761,3,14,1973,34.1752
44761,3,14,1974,34.36658
44761,3,14,1975,34.28682
44761,3,14,1976,34.0455
44761,3,14,1977,34.06214
44761,3,14,1978,33.84036
44761,3,14,1979,33.52661
44761,3,14,1980,33.4401
44761,3,14,1981,33.30919
44761,3,14,1982,33.39694
44761,3,14,1983,33.55778
44761,3,14,1984,33.77147
44761,3,14,1985,33.68513
44761,3,14,1986,33.9925
44761,3,14,1987,34.42435
44761,3,14,1988,34.66248
44761,3,14,1989,34.78023
44761,3,14,1990,34.92942
44761,3,14,1991,35.04727
44761,3,14,1992,35.19933
44761,3,14,1993,35.35003
44761,3,14,1994,35.65953
44761,3,14,1995,35.64416
44761,3,14,1996,35.77321
44761,3,14,1997,35.89171
44761,3,14,1998,36.1378
44761,3,14,1999,36.18496
44761,3,14,2000,36.55467
44761,3,14,2001,36.84114
44761,3,14,2002,37.0286
44761,3,14,2003,37.24695
44761,3,14,2004,37.59561
44761,3,14,2005,37.80593
44761,3,14,2006,38.10862
44761,3,14,2007,38.45296
44761,3,14,2008,38.81981
44761,3,14,2009,39.06763
44761,3,14,2010,39.18122
44761,3,14,2011,39.28297
44761,3,14,2012,39.36067
44761,3,14,2013,39.28941
44761,3,14,2014,39.34766
44761,3,14,2015,39.14933
44761,3,14,2016,39.13747
44761,3,14,2017,39.55125
44761,3,14,2018,39.63313
44761,3,14,2019,39.97796
44762,1,14,1950,33.15338
44762,1,14,1951,32.84365
44762,1,14,1952,33.05144
44762,1,14,1953,33.42253
44762,1,14,1954,33.49359
44762,1,14,1955,33.28982
44762,1,14,1956,33.23073
44762,1,14,1957,33.62121
44762,1,14,1958,33.90495
44762,1,14,1959,33.56184
44762,1,14,1960,33.50483
44762,1,14,1961,33.60073
44762,1,14,1962,33.64419
44762,1,14,1963,33.65298
44762,1,14,1964,33.98825
44762,1,14,1965,33.91198
44762,1,14,1966,34.03921
44762,1,14,1967,33.95563
44762,1,14,1968,34.09581
44762,1,14,1969,33.92832
44762,1,14,1970,34.00024
44762,1,14,1971,34.04912
44762,1,14,1972,33.8115
44762,1,14,1973,34.02024
44762,1,14,1974,34.00255
44762,1,14,1975,33.9125
44762,1,14,1976,33.96853
44762,1,14,1977,33.99367
44762,1,14,1978,33.51055
44762,1,14,1979,33.32668
44762,1,14,1980,33.14197
44762,1,14,1981,32.99783
44762,1,14,1982,32.9692
44762,1,14,1983,32.83729
44762,1,14,1984,32.73674
44762,1,14,1985,32.76669
44762,1,14,1986,33.02039
44762,1,14,1987,33.12943
44762,1,14,1988,33.23939
44762,1,14,1989,33.16799
44762,1,14,1990,33.28166
44762,1,14,1991,33.3175
44762,1,14,1992,33.39531
44762,1,14,1993,33.36692
44762,1,14,1994,33.60453
44762,1,14,1995,33.61963
44762,1,14,1996,33.98067
44762,1,14,1997,34.35256
44762,1,14,1998,34.51079
44762,1,14,1999,34.64809
44762,1,14,2000,35.17723
44762,1,14,2001,35.59323
44762,1,14,2002,36.01676
44762,1,14,2003,36.25701
44762,1,14,2004,36.78652
44762,1,14,2005,37.23912
44762,1,14,2006,37.65684
44762,1,14,2007,38.0115
44762,1,14,2008,38.31371
44762,1,14,2009,38.5044
44762,1,14,2010,38.73057
44762,1,14,2011,38.66627
44762,1,14,2012,38.737
44762,1,14,2013,38.64342
44762,1,14,2014,38.86846
44762,1,14,2015,38.92971
44762,1,14,2016,39.34092
44762,1,14,2017,39.43737
44762,1,14,2018,39.57362
44762,1,14,2019,39.9799
44762,2,14,1950,35.07298
44762,2,14,1951,34.97847
44762,2,14,1952,35.56574
44762,2,14,1953,35.94363
44762,2,14,1954,36.02097
44762,2,14,1955,36.05454
44762,2,14,1956,36.06932
44762,2,14,1957,36.3528
44762,2,14,1958,36.52251
44762,2,14,1959,36.34688
44762,2,14,1960,36.69311
44762,2,14,1961,36.32427
44762,2,14,1962,36.44135
44762,2,14,1963,36.41376
44762,2,14,1964,36.97669
44762,2,14,1965,36.95948
44762,2,14,1966,37.00187
44762,2,14,1967,37.01345
44762,2,14,1968,36.99498
44762,2,14,1969,37.00134
44762,2,14,1970,37.02056
44762,2,14,1971,36.91716
44762,2,14,1972,36.7259
44762,2,14,1973,36.62713
44762,2,14,1974,36.82047
44762,2,14,1975,36.70795
44762,2,14,1976,36.66018
44762,2,14,1977,36.75182
44762,2,14,1978,36.44556
44762,2,14,1979,36.32248
44762,2,14,1980,36.07373
44762,2,14,1981,35.9577
44762,2,14,1982,35.93723
44762,2,14,1983,35.8887
44762,2,14,1984,35.97645
44762,2,14,1985,35.67089
44762,2,14,1986,35.99681
44762,2,14,1987,36.37993
44762,2,14,1988,36.44212
44762,2,14,1989,36.61909
44762,2,14,1990,36.76157
44762,2,14,1991,36.83235
44762,2,14,1992,36.80914
44762,2,14,1993,36.8947
44762,2,14,1994,37.32537
44762,2,14,1995,37.58078
44762,2,14,1996,38.01117
44762,2,14,1997,38.15401
44762,2,14,1998,38.55619
44762,2,14,1999,38.84645
44762,2,14,2000,39.37555
44762,2,14,2001,39.76637
44762,2,14,2002,39.83323
44762,2,14,2003,40.05374
44762,2,14,2004,40.37095
44762,2,14,2005,40.50759
44762,2,14,2006,40.67792
44762,2,14,2007,40.80522
44762,2,14,2008,41.02001
44762,2,14,2009,41.22506
44762,2,14,2010,41.08743
44762,2,14,2011,41.19986
44762,2,14,2012,41.0542
44762,2,14,2013,41.11011
44762,2,14,2014,41.3379
44762,2,14,2015,41.47959
44762,2,14,2016,41.66162
44762,2,14,2017,41.74212
44762,2,14,2018,41.85557
44762,2,14,2019,42.12036
44762,3,14,1950,33.43367
44762,3,14,1951,33.33854
44762,3,14,1952,33.70544
44762,3,14,1953,34.00781
44762,3,14,1954,34.16984
44762,3,14,1955,34.14331
44762,3,14,1956,34.19609
44762,3,14,1957,34.37882
44762,3,14,1958,34.49508
44762,3,14,1959,34.48777
44762,3,14,1960,34.55149
44762,3,14,1961,34.33141
44762,3,14,1962,34.34593
44762,3,14,1963,34.38598
44762,3,14,1964,34.67397
44762,3,14,1965,34.72516
44762,3,14,1966,34.71033
44762,3,14,1967,35.0086
44762,3,14,1968,34.80547
44762,3,14,1969,34.66472
44762,3,14,1970,34.82092
44762,3,14,1971,34.93236
44762,3,14,1972,34.91858
44762,3,14,1973,34.62137
44762,3,14,1974,34.87371
44762,3,14,1975,34.84638
44762,3,14,1976,34.9201
44762,3,14,1977,34.88103
44762,3,14,1978,34.68609
44762,3,14,1979,34.55034
44762,3,14,1980,34.4554
44762,3,14,1981,34.4189
44762,3,14,1982,34.38994
44762,3,14,1983,34.34874
44762,3,14,1984,34.37295
44762,3,14,1985,34.17748
44762,3,14,1986,34.48385
44762,3,14,1987,34.75697
44762,3,14,1988,34.80069
44762,3,14,1989,34.87961
44762,3,14,1990,35.00845
44762,3,14,1991,35.00673
44762,3,14,1992,35.04173
44762,3,14,1993,35.10625
44762,3,14,1994,35.35813
44762,3,14,1995,35.56095
44762,3,14,1996,35.95736
44762,3,14,1997,36.23345
44762,3,14,1998,36.48752
44762,3,14,1999,36.69698
44762,3,14,2000,37.18549
44762,3,14,2001,37.63695
44762,3,14,2002,37.91442
44762,3,14,2003,38.08943
44762,3,14,2004,38.54306
44762,3,14,2005,38.80281
44762,3,14,2006,39.11344
44762,3,14,2007,39.31261
44762,3,14,2008,39.59919
44762,3,14,2009,39.77506
44762,3,14,2010,39.83759
44762,3,14,2011,39.82482
44762,3,14,2012,39.7974
44762,3,14,2013,39.75122
44762,3,14,2014,39.99734
44762,3,14,2015,40.09242
44762,3,14,2016,40.32483
44762,3,14,2017,40.38613
44762,3,14,2018,40.40031
44762,3,14,2019,40.62851
44763,1,14,1950,32.23069
44763,1,14,1951,31.73858
44763,1,14,1952,32.00357
44763,1,14,1953,32.61681
44763,1,14,1954,32.58067
44763,1,14,1955,32.55399
44763,1,14,1956,32.41258
44763,1,14,1957,32.39812
44763,1,14,1958,32.56727
44763,1,14,1959,32.57408
44763,1,14,1960,32.6215
44763,1,14,1961,32.45146
44763,1,14,1962,32.31261
44763,1,14,1963,32.22961
44763,1,14,1964,32.34154
44763,1,14,1965,32.84005
44763,1,14,1966,32.55418
44763,1,14,1967,32.72621
44763,1,14,1968,32.44479
44763,1,14,1969,32.10797
44763,1,14,1970,32.45327
44763,1,14,1971,32.4019
44763,1,14,1972,32.22906
44763,1,14,1973,32.36672
44763,1,14,1974,32.37442
44763,1,14,1975,32.21092
44763,1,14,1976,32.12071
44763,1,14,1977,32.18531
44763,1,14,1978,31.8468
44763,1,14,1979,31.47798
44763,1,14,1980,31.33993
44763,1,14,1981,31.14228
44763,1,14,1982,31.3016
44763,1,14,1983,31.24795
44763,1,14,1984,31.32311
44763,1,14,1985,31.53522
44763,1,14,1986,31.86692
44763,1,14,1987,32.15408
44763,1,14,1988,32.45203
44763,1,14,1989,32.64767
44763,1,14,1990,32.81571
44763,1,14,1991,33.03207
44763,1,14,1992,33.20612
44763,1,14,1993,33.31613
44763,1,14,1994,33.6867
44763,1,14,1995,33.79087
44763,1,14,1996,34.21578
44763,1,14,1997,34.56527
44763,1,14,1998,34.74756
44763,1,14,1999,34.83728
44763,1,14,2000,35.31343
44763,1,14,2001,35.70542
44763,1,14,2002,35.97487
44763,1,14,2003,36.07407
44763,1,14,2004,36.58913
44763,1,14,2005,37.00776
44763,1,14,2006,37.40259
44763,1,14,2007,37.8608
44763,1,14,2008,38.02227
44763,1,14,2009,38.11691
44763,1,14,2010,38.22407
44763,1,14,2011,38.13713
44763,1,14,2012,38.21473
44763,1,14,2013,38.04826
44763,1,14,2014,38.22077
44763,1,14,2015,38.29521
44763,1,14,2016,38.68788
44763,1,14,2017,38.84996
44763,1,14,2018,38.93799
44763,1,14,2019,39.44537
44763,2,14,1950,35.53659
44763,2,14,1951,35.50266
44763,2,14,1952,36.0402
44763,2,14,1953,36.36766
44763,2,14,1954,36.59595
44763,2,14,1955,36.4065
44763,2,14,1956,36.70602
44763,2,14,1957,37.0006
44763,2,14,1958,36.89903
44763,2,14,1959,36.92855
44763,2,14,1960,36.94038
44763,2,14,1961,36.8519
44763,2,14,1962,36.85249
44763,2,14,1963,36.98606
44763,2,14,1964,37.58744
44763,2,14,1965,37.49598
44763,2,14,1966,37.62032
44763,2,14,1967,37.69324
44763,2,14,1968,37.74293
44763,2,14,1969,37.73274
44763,2,14,1970,37.69816
44763,2,14,1971,37.72593
44763,2,14,1972,37.69689
44763,2,14,1973,37.67215
44763,2,14,1974,37.73401
44763,2,14,1975,37.72273
44763,2,14,1976,37.52931
44763,2,14,1977,37.68112
44763,2,14,1978,37.43688
44763,2,14,1979,37.17843
44763,2,14,1980,37.05616
44763,2,14,1981,36.89311
44763,2,14,1982,36.82382
44763,2,14,1983,36.73517
44763,2,14,1984,36.72026
44763,2,14,1985,36.43923
44763,2,14,1986,36.68719
44763,2,14,1987,36.96064
44763,2,14,1988,37.08272
44763,2,14,1989,37.25477
44763,2,14,1990,37.42213
44763,2,14,1991,37.4115
44763,2,14,1992,37.29384
44763,2,14,1993,37.20769
44763,2,14,1994,37.39967
44763,2,14,1995,37.43384
44763,2,14,1996,37.69963
44763,2,14,1997,37.70114
44763,2,14,1998,37.88075
44763,2,14,1999,37.98551
44763,2,14,2000,38.30731
44763,2,14,2001,38.62663
44763,2,14,2002,38.70663
44763,2,14,2003,38.83999
44763,2,14,2004,39.1578
44763,2,14,2005,39.39192
44763,2,14,2006,39.64846
44763,2,14,2007,39.87914
44763,2,14,2008,40.24316
44763,2,14,2009,40.50702
44763,2,14,2010,40.48592
44763,2,14,2011,40.61602
44763,2,14,2012,40.55133
44763,2,14,2013,40.59069
44763,2,14,2014,40.99692
44763,2,14,2015,41.20422
44763,2,14,2016,41.51555
44763,2,14,2017,41.58135
44763,2,14,2018,41.81653
44763,2,14,2019,42.14717
44763,3,14,1950,32.99645
44763,3,14,1951,32.70685
44763,3,14,1952,33.07188
44763,3,14,1953,33.55703
44763,3,14,1954,33.73362
44763,3,14,1955,33.45473
44763,3,14,1956,33.63073
44763,3,14,1957,33.8985
44763,3,14,1958,33.78393
44763,3,14,1959,34.16244
44763,3,14,1960,33.92241
44763,3,14,1961,33.87275
44763,3,14,1962,33.86015
44763,3,14,1963,33.88569
44763,3,14,1964,34.29299
44763,3,14,1965,34.25974
44763,3,14,1966,34.15027
44763,3,14,1967,34.45641
44763,3,14,1968,34.28385
44763,3,14,1969,34.08913
44763,3,14,1970,34.37344
44763,3,14,1971,34.33814
44763,3,14,1972,34.27046
44763,3,14,1973,34.29238
44763,3,14,1974,34.34208
44763,3,14,1975,34.312
44763,3,14,1976,34.23796
44763,3,14,1977,34.34659
44763,3,14,1978,34.06899
44763,3,14,1979,33.84415
44763,3,14,1980,33.91207
44763,3,14,1981,33.81415
44763,3,14,1982,33.87585
44763,3,14,1983,33.85718
44763,3,14,1984,33.90462
44763,3,14,1985,33.86984
44763,3,14,1986,34.18669
44763,3,14,1987,34.44859
44763,3,14,1988,34.67224
44763,3,14,1989,34.8685
44763,3,14,1990,35.02899
44763,3,14,1991,35.15625
44763,3,14,1992,35.19181
44763,3,14,1993,35.20549
44763,3,14,1994,35.46779
44763,3,14,1995,35.56553
44763,3,14,1996,35.85083
44763,3,14,1997,36.06198
44763,3,14,1998,36.23254
44763,3,14,1999,36.32711
44763,3,14,2000,36.72992
44763,3,14,2001,37.09499
44763,3,14,2002,37.26085
44763,3,14,2003,37.38417
44763,3,14,2004,37.80216
44763,3,14,2005,38.08073
44763,3,14,2006,38.40554
44763,3,14,2007,38.73494
44763,3,14,2008,39.04821
44763,3,14,2009,39.21241
44763,3,14,2010,39.24631
44763,3,14,2011,39.27092
44763,3,14,2012,39.26457
44763,3,14,2013,39.19982
44763,3,14,2014,39.43435
44763,3,14,2015,39.62929
44763,3,14,2016,39.92668
44763,3,14,2017,40.02039
44763,3,14,2018,40.17216
44763,3,14,2019,40.34427
44764,1,14,1950,32.15299
44764,1,14,1951,31.76757
44764,1,14,1952,32.09516
44764,1,14,1953,32.34713
44764,1,14,1954,32.34384
44764,1,14,1955,32.62165
44764,1,14,1956,32.27192
44764,1,14,1957,32.41644
44764,1,14,1958,32.62982
44764,1,14,1959,32.51267
44764,1,14,1960,32.48962
44764,1,14,1961,32.3806
44764,1,14,1962,32.42115
44764,1,14,1963,32.22999
44764,1,14,1964,32.4324
44764,1,14,1965,32.5136
44764,1,14,1966,32.35066
44764,1,14,1967,32.59826
44764,1,14,1968,32.57703
44764,1,14,1969,32.55219
44764,1,14,1970,32.52894
44764,1,14,1971,32.58064
44764,1,14,1972,32.59305
44764,1,14,1973,32.19899
44764,1,14,1974,32.50321
44764,1,14,1975,32.39236
44764,1,14,1976,32.20331
44764,1,14,1977,31.8928
44764,1,14,1978,31.43548
44764,1,14,1979,31.05809
44764,1,14,1980,30.89347
44764,1,14,1981,30.70546
44764,1,14,1982,30.90389
44764,1,14,1983,30.97721
44764,1,14,1984,31.04488
44764,1,14,1985,31.23456
44764,1,14,1986,31.47322
44764,1,14,1987,31.75886
44764,1,14,1988,32.09537
44764,1,14,1989,32.33647
44764,1,14,1990,32.48998
44764,1,14,1991,32.57994
44764,1,14,1992,32.7185
44764,1,14,1993,32.87937
44764,1,14,1994,33.23258
44764,1,14,1995,33.25511
44764,1,14,1996,33.46985
44764,1,14,1997,33.70359
44764,1,14,1998,33.99084
44764,1,14,1999,34.28991
44764,1,14,2000,34.64826
44764,1,14,2001,34.98507
44764,1,14,2002,35.21257
44764,1,14,2003,35.39311
44764,1,14,2004,35.8787
44764,1,14,2005,36.23577
44764,1,14,2006,36.53753
44764,1,14,2007,36.74793
44764,1,14,2008,36.82509
44764,1,14,2009,36.96627
44764,1,14,2010,37.1717
44764,1,14,2011,37.46035
44764,1,14,2012,37.67515
44764,1,14,2013,37.63594
44764,1,14,2014,37.88018
44764,1,14,2015,37.99397
44764,1,14,2016,37.91131
44764,1,14,2017,38.11661
44764,1,14,2018,38.29364
44764,1,14,2019,38.76764
44764,2,14,1950,34.89771
44764,2,14,1951,34.78361
44764,2,14,1952,35.3847
44764,2,14,1953,35.69459
44764,2,14,1954,35.9262
44764,2,14,1955,35.92076
44764,2,14,1956,36.18167
44764,2,14,1957,36.26328
44764,2,14,1958,36.42555
44764,2,14,1959,36.64415
44764,2,14,1960,36.30331
44764,2,14,1961,36.28055
44764,2,14,1962,36.12505
44764,2,14,1963,36.44066
44764,2,14,1964,36.51699
44764,2,14,1965,36.69927
44764,2,14,1966,36.73671
44764,2,14,1967,36.81381
44764,2,14,1968,36.70831
44764,2,14,1969,36.57902
44764,2,14,1970,36.84155
44764,2,14,1971,36.67155
44764,2,14,1972,36.55668
44764,2,14,1973,36.48937
44764,2,14,1974,36.57448
44764,2,14,1975,36.53959
44764,2,14,1976,36.27464
44764,2,14,1977,36.62797
44764,2,14,1978,36.22084
44764,2,14,1979,35.89441
44764,2,14,1980,36.04331
44764,2,14,1981,35.87484
44764,2,14,1982,35.91251
44764,2,14,1983,36.00123
44764,2,14,1984,36.2029
44764,2,14,1985,35.95151
44764,2,14,1986,36.22364
44764,2,14,1987,36.34682
44764,2,14,1988,36.40225
44764,2,14,1989,36.65538
44764,2,14,1990,36.85519
44764,2,14,1991,36.99417
44764,2,14,1992,36.96228
44764,2,14,1993,37.00206
44764,2,14,1994,37.12649
44764,2,14,1995,37.16878
44764,2,14,1996,37.35719
44764,2,14,1997,37.35842
44764,2,14,1998,37.57737
44764,2,14,1999,37.74292
44764,2,14,2000,38.08537
44764,2,14,2001,38.42092
44764,2,14,2002,38.50426
44764,2,14,2003,38.60459
44764,2,14,2004,38.89671
44764,2,14,2005,39.11192
44764,2,14,2006,39.4317
44764,2,14,2007,39.72925
44764,2,14,2008,39.95836
44764,2,14,2009,40.14063
44764,2,14,2010,40.35441
44764,2,14,2011,40.46602
44764,2,14,2012,40.38234
44764,2,14,2013,40.45323
44764,2,14,2014,40.68215
44764,2,14,2015,40.51588
44764,2,14,2016,40.54412
44764,2,14,2017,40.70238
44764,2,14,2018,40.93868
44764,2,14,2019,41.28648
44764,3,14,1950,32.71245
44764,3,14,1951,32.60121
44764,3,14,1952,32.99113
44764,3,14,1953,33.25219
44764,3,14,1954,33.38691
44764,3,14,1955,33.44598
44764,3,14,1956,33.33729
44764,3,14,1957,33.45774
44764,3,14,1958,33.48655
44764,3,14,1959,33.65288
44764,3,14,1960,33.65487
44764,3,14,1961,33.54461
44764,3,14,1962,33.62637
44764,3,14,1963,33.68139
44764,3,14,1964,33.95803
44764,3,14,1965,33.86445
44764,3,14,1966,33.74335
44764,3,14,1967,33.91091
44764,3,14,1968,33.84095
44764,3,14,1969,33.76503
44764,3,14,1970,33.9222
44764,3,14,1971,34.00578
44764,3,14,1972,33.79063
44764,3,14,1973,33.79216
44764,3,14,1974,33.88409
44764,3,14,1975,33.87337
44764,3,14,1976,33.80964
44764,3,14,1977,33.75521
44764,3,14,1978,33.46561
44764,3,14,1979,33.22322
44764,3,14,1980,33.32886
44764,3,14,1981,33.23968
44764,3,14,1982,33.40924
44764,3,14,1983,33.48471
44764,3,14,1984,33.6383
44764,3,14,1985,33.61508
44764,3,14,1986,33.84677
44764,3,14,1987,34.06431
44764,3,14,1988,34.26232
44764,3,14,1989,34.5015
44764,3,14,1990,34.67675
44764,3,14,1991,34.80675
44764,3,14,1992,34.84667
44764,3,14,1993,34.9269
44764,3,14,1994,35.1728
44764,3,14,1995,35.22262
44764,3,14,1996,35.42646
44764,3,14,1997,35.53283
44764,3,14,1998,35.79652
44764,3,14,1999,36.03347
44764,3,14,2000,36.36199
44764,3,14,2001,36.69051
44764,3,14,2002,36.84284
44764,3,14,2003,36.97104
44764,3,14,2004,37.36409
44764,3,14,2005,37.67324
44764,3,14,2006,37.97699
44764,3,14,2007,38.20333
44764,3,14,2008,38.34248
44764,3,14,2009,38.51046
44764,3,14,2010,38.72809
44764,3,14,2011,38.92144
44764,3,14,2012,38.98813
44764,3,14,2013,38.99922
44764,3,14,2014,39.24785
44764,3,14,2015,39.23518
44764,3,14,2016,39.1707
44764,3,14,2017,39.31107
44764,3,14,2018,39.44264
44764,3,14,2019,39.73138
44765,1,14,1950,31.7817
44765,1,14,1951,31.52574
44765,1,14,1952,31.87179
44765,1,14,1953,32.0749
44765,1,14,1954,32.37477
44765,1,14,1955,32.13666
44765,1,14,1956,32.22046
44765,1,14,1957,32.06161
44765,1,14,1958,32.39277
44765,1,14,1959,32.27975
44765,1,14,1960,32.2553
44765,1,14,1961,32.55525
44765,1,14,1962,32.06699
44765,1,14,1963,31.98613
44765,1,14,1964,32.61628
44765,1,14,1965,32.36653
44765,1,14,1966,32.43599
44765,1,14,1967,32.47654
44765,1,14,1968,32.04129
44765,1,14,1969,32.0631
44765,1,14,1970,32.17977
44765,1,14,1971,31.99842
44765,1,14,1972,32.03415
44765,1,14,1973,32.14538
44765,1,14,1974,32.03254
44765,1,14,1975,31.94115
44765,1,14,1976,31.88798
44765,1,14,1977,31.81159
44765,1,14,1978,31.52889
44765,1,14,1979,31.08588
44765,1,14,1980,31.0289
44765,1,14,1981,30.88184
44765,1,14,1982,30.98049
44765,1,14,1983,30.83175
44765,1,14,1984,30.74553
44765,1,14,1985,30.38897
44765,1,14,1986,30.6523
44765,1,14,1987,30.99434
44765,1,14,1988,31.76905
44765,1,14,1989,32.02793
44765,1,14,1990,32.25534
44765,1,14,1991,32.62019
44765,1,14,1992,32.9478
44765,1,14,1993,33.1273
44765,1,14,1994,33.61598
44765,1,14,1995,33.834
44765,1,14,1996,34.19349
44765,1,14,1997,34.42193
44765,1,14,1998,34.56342
44765,1,14,1999,34.63813
44765,1,14,2000,34.9826
44765,1,14,2001,35.39686
44765,1,14,2002,35.81261
44765,1,14,2003,36.1177
44765,1,14,2004,36.68996
44765,1,14,2005,37.22504
44765,1,14,2006,37.58915
44765,1,14,2007,37.94854
44765,1,14,2008,38.15869
44765,1,14,2009,38.28532
44765,1,14,2010,38.4491
44765,1,14,2011,38.49299
44765,1,14,2012,38.62245
44765,1,14,2013,38.55771
44765,1,14,2014,38.71034
44765,1,14,2015,38.62388
44765,1,14,2016,38.90827
44765,1,14,2017,38.93989
44765,1,14,2018,38.92463
44765,1,14,2019,39.39732
44765,2,14,1950,34.93255
44765,2,14,1951,34.9576
44765,2,14,1952,35.39145
44765,2,14,1953,35.7459
44765,2,14,1954,35.99527
44765,2,14,1955,35.99296
44765,2,14,1956,36.09977
44765,2,14,1957,36.2871
44765,2,14,1958,36.35502
44765,2,14,1959,36.37861
44765,2,14,1960,36.35958
44765,2,14,1961,36.2682
44765,2,14,1962,36.37106
44765,2,14,1963,36.47907
44765,2,14,1964,36.83602
44765,2,14,1965,36.89775
44765,2,14,1966,37.01742
44765,2,14,1967,37.2136
44765,2,14,1968,36.98066
44765,2,14,1969,36.85363
44765,2,14,1970,37.04072
44765,2,14,1971,37.15249
44765,2,14,1972,36.80285
44765,2,14,1973,37.00362
44765,2,14,1974,36.96243
44765,2,14,1975,36.86684
44765,2,14,1976,36.8467
44765,2,14,1977,36.93165
44765,2,14,1978,36.69667
44765,2,14,1979,36.43154
44765,2,14,1980,36.41627
44765,2,14,1981,36.25817
44765,2,14,1982,36.30366
44765,2,14,1983,36.36312
44765,2,14,1984,36.41089
44765,2,14,1985,36.13436
44765,2,14,1986,36.40372
44765,2,14,1987,36.70134
44765,2,14,1988,36.78924
44765,2,14,1989,36.90976
44765,2,14,1990,37.09348
44765,2,14,1991,37.22217
44765,2,14,1992,37.22989
44765,2,14,1993,37.37597
44765,2,14,1994,37.67275
44765,2,14,1995,37.89906
44765,2,14,1996,38.08023
44765,2,14,1997,38.05526
44765,2,14,1998,38.19452
44765,2,14,1999,38.24254
44765,2,14,2000,38.55936
44765,2,14,2001,38.91586
44765,2,14,2002,39.00363
44765,2,14,2003,39.17302
44765,2,14,2004,39.46076
44765,2,14,2005,39.55038
44765,2,14,2006,39.63434
44765,2,14,2007,39.71165
44765,2,14,2008,39.97565
44765,2,14,2009,40.24195
44765,2,14,2010,40.22623
44765,2,14,2011,40.47365
44765,2,14,2012,40.47976
44765,2,14,2013,40.58912
44765,2,14,2014,40.9812
44765,2,14,2015,41.23409
44765,2,14,2016,41.40546
44765,2,14,2017,41.40389
44765,2,14,2018,41.52103
44765,2,14,2019,41.73803
44765,3,14,1950,32.65203
44765,3,14,1951,32.47149
44765,3,14,1952,32.87385
44765,3,14,1953,33.20643
44765,3,14,1954,33.28894
44765,3,14,1955,33.33544
44765,3,14,1956,33.50958
44765,3,14,1957,33.55188
44765,3,14,1958,33.48903
44765,3,14,1959,33.7855
44765,3,14,1960,33.59408
44765,3,14,1961,33.49701
44765,3,14,1962,33.58958
44765,3,14,1963,33.49284
44765,3,14,1964,34.04846
44765,3,14,1965,34.02505
44765,3,14,1966,33.85466
44765,3,14,1967,34.08909
44765,3,14,1968,33.82699
44765,3,14,1969,33.90968
44765,3,14,1970,34.04515
44765,3,14,1971,33.98409
44765,3,14,1972,33.81789
44765,3,14,1973,34.02971
44765,3,14,1974,33.85996
44765,3,14,1975,33.77383
44765,3,14,1976,33.81471
44765,3,14,1977,33.88504
44765,3,14,1978,33.79594
44765,3,14,1979,33.49903
44765,3,14,1980,33.60613
44765,3,14,1981,33.44177
44765,3,14,1982,33.58006
44765,3,14,1983,33.47156
44765,3,14,1984,33.4836
44765,3,14,1985,33.16209
44765,3,14,1986,33.42148
44765,3,14,1987,33.75156
44765,3,14,1988,34.21673
44765,3,14,1989,34.42646
44765,3,14,1990,34.64838
44765,3,14,1991,34.91524
44765,3,14,1992,35.03857
44765,3,14,1993,35.21035
44765,3,14,1994,35.61273
44765,3,14,1995,35.80938
44765,3,14,1996,36.07862
44765,3,14,1997,36.17559
44765,3,14,1998,36.32051
44765,3,14,1999,36.38501
44765,3,14,2000,36.71997
44765,3,14,2001,37.09719
44765,3,14,2002,37.30525
44765,3,14,2003,37.55685
44765,3,14,2004,38.0149
44765,3,14,2005,38.34321
44765,3,14,2006,38.52037
44765,3,14,2007,38.71374
44765,3,14,2008,38.94817
44765,3,14,2009,39.16375
44765,3,14,2010,39.22894
44765,3,14,2011,39.39135
44765,3,14,2012,39.42498
44765,3,14,2013,39.45312
44765,3,14,2014,39.69717
44765,3,14,2015,39.73694
44765,3,14,2016,39.96772
44765,3,14,2017,39.95749
44765,3,14,2018,39.95666
44765,3,14,2019,40.19788
44766,1,14,1950,31.27277
44766,1,14,1951,31.18425
44766,1,14,1952,31.65376
44766,1,14,1953,31.90859
44766,1,14,1954,31.89201
44766,1,14,1955,31.87503
44766,1,14,1956,31.95288
44766,1,14,1957,31.9515
44766,1,14,1958,32.07858
44766,1,14,1959,31.70832
44766,1,14,1960,32.18564
44766,1,14,1961,31.88864
44766,1,14,1962,31.74903
44766,1,14,1963,31.65312
44766,1,14,1964,31.74741
44766,1,14,1965,31.91933
44766,1,14,1966,31.82931
44766,1,14,1967,31.90174
44766,1,14,1968,31.77661
44766,1,14,1969,31.79553
44766,1,14,1970,31.81127
44766,1,14,1971,31.88481
44766,1,14,1972,31.55969
44766,1,14,1973,31.71156
44766,1,14,1974,31.77215
44766,1,14,1975,31.72069
44766,1,14,1976,31.51377
44766,1,14,1977,31.41069
44766,1,14,1978,31.09777
44766,1,14,1979,30.69526
44766,1,14,1980,30.59267
44766,1,14,1981,30.56893
44766,1,14,1982,30.99512
44766,1,14,1983,31.18696
44766,1,14,1984,31.24596
44766,1,14,1985,31.2905
44766,1,14,1986,31.68007
44766,1,14,1987,31.86783
44766,1,14,1988,32.19289
44766,1,14,1989,32.49942
44766,1,14,1990,32.58331
44766,1,14,1991,32.67983
44766,1,14,1992,32.83984
44766,1,14,1993,32.97887
44766,1,14,1994,33.35605
44766,1,14,1995,33.47703
44766,1,14,1996,33.75767
44766,1,14,1997,34.05111
44766,1,14,1998,34.31049
44766,1,14,1999,34.36556
44766,1,14,2000,34.5918
44766,1,14,2001,34.88729
44766,1,14,2002,35.24068
44766,1,14,2003,35.32247
44766,1,14,2004,35.595
44766,1,14,2005,35.93446
44766,1,14,2006,36.14971
44766,1,14,2007,36.40505
44766,1,14,2008,36.6027
44766,1,14,2009,36.7634
44766,1,14,2010,36.96794
44766,1,14,2011,37.00701
44766,1,14,2012,37.07328
44766,1,14,2013,36.86003
44766,1,14,2014,37.05228
44766,1,14,2015,36.99076
44766,1,14,2016,37.1349
44766,1,14,2017,37.40824
44766,1,14,2018,37.49899
44766,1,14,2019,38.02308
44766,2,14,1950,34.87311
44766,2,14,1951,34.58924
44766,2,14,1952,35.25175
44766,2,14,1953,35.66439
44766,2,14,1954,35.70974
44766,2,14,1955,35.99489
44766,2,14,1956,35.94317
44766,2,14,1957,36.05278
44766,2,14,1958,36.25946
44766,2,14,1959,36.40615
44766,2,14,1960,36.60542
44766,2,14,1961,36.27217
44766,2,14,1962,36.29769
44766,2,14,1963,36.42087
44766,2,14,1964,36.8402
44766,2,14,1965,37.02249
44766,2,14,1966,36.85617
44766,2,14,1967,36.67661
44766,2,14,1968,36.88258
44766,2,14,1969,36.94738
44766,2,14,1970,36.8344
44766,2,14,1971,37.06677
44766,2,14,1972,36.86953
44766,2,14,1973,36.64828
44766,2,14,1974,36.94607
44766,2,14,1975,36.88869
44766,2,14,1976,36.81673
44766,2,14,1977,36.8598
44766,2,14,1978,36.49712
44766,2,14,1979,36.38723
44766,2,14,1980,36.17605
44766,2,14,1981,36.08311
44766,2,14,1982,36.13185
44766,2,14,1983,36.17707
44766,2,14,1984,36.24757
44766,2,14,1985,35.98688
44766,2,14,1986,36.27172
44766,2,14,1987,36.48091
44766,2,14,1988,36.50954
44766,2,14,1989,36.70645
44766,2,14,1990,36.95846
44766,2,14,1991,37.22665
44766,2,14,1992,37.28926
44766,2,14,1993,37.14012
44766,2,14,1994,37.27691
44766,2,14,1995,37.48176
44766,2,14,1996,37.73483
44766,2,14,1997,37.82801
44766,2,14,1998,38.1818
44766,2,14,1999,38.14171
44766,2,14,2000,38.19396
44766,2,14,2001,38.23557
44766,2,14,2002,38.23429
44766,2,14,2003,38.53453
44766,2,14,2004,38.91507
44766,2,14,2005,39.13993
44766,2,14,2006,39.3832
44766,2,14,2007,39.43278
44766,2,14,2008,39.65497
44766,2,14,2009,39.99121
44766,2,14,2010,39.94595
44766,2,14,2011,40.13877
44766,2,14,2012,40.17428
44766,2,14,2013,40.26119
44766,2,14,2014,40.46149
44766,2,14,2015,40.52366
44766,2,14,2016,40.58115
44766,2,14,2017,40.64114
44766,2,14,2018,40.89655
44766,2,14,2019,41.15376
44766,3,14,1950,32.31486
44766,3,14,1951,32.17002
44766,3,14,1952,32.72373
44766,3,14,1953,33.04365
44766,3,14,1954,33.21623
44766,3,14,1955,33.09992
44766,3,14,1956,33.42591
44766,3,14,1957,33.25543
44766,3,14,1958,33.51542
44766,3,14,1959,33.5168
44766,3,14,1960,33.65313
44766,3,14,1961,33.43845
44766,3,14,1962,33.40586
44766,3,14,1963,33.49011
44766,3,14,1964,33.68371
44766,3,14,1965,33.67014
44766,3,14,1966,33.77317
44766,3,14,1967,33.99162
44766,3,14,1968,33.74337
44766,3,14,1969,33.70629
44766,3,14,1970,33.91888
44766,3,14,1971,33.78297
44766,3,14,1972,33.71251
44766,3,14,1973,33.71117
44766,3,14,1974,33.85606
44766,3,14,1975,33.83357
44766,3,14,1976,33.94603
44766,3,14,1977,33.81624
44766,3,14,1978,33.51721
44766,3,14,1979,33.36517
44766,3,14,1980,33.33438
44766,3,14,1981,33.37972
44766,3,14,1982,33.65759
44766,3,14,1983,33.7514
44766,3,14,1984,33.83444
44766,3,14,1985,33.74376
44766,3,14,1986,34.08391
44766,3,14,1987,34.26484
44766,3,14,1988,34.40895
44766,3,14,1989,34.67938
44766,3,14,1990,34.8479
44766,3,14,1991,35.01817
44766,3,14,1992,35.13799
44766,3,14,1993,35.13365
44766,3,14,1994,35.38977
44766,3,14,1995,35.54658
44766,3,14,1996,35.7839
44766,3,14,1997,35.96994
44766,3,14,1998,36.28313
44766,3,14,1999,36.27991
44766,3,14,2000,36.41781
44766,3,14,2001,36.59309
44766,3,14,2002,36.77864
44766,3,14,2003,36.9562
44766,3,14,2004,37.28498
44766,3,14,2005,37.52108
44766,3,14,2006,37.76773
44766,3,14,2007,37.92188
44766,3,14,2008,38.13595
44766,3,14,2009,38.33126
44766,3,14,2010,38.42497
44766,3,14,2011,38.5471
44766,3,14,2012,38.57139
44766,3,14,2013,38.51565
44766,3,14,2014,38.70688
44766,3,14,2015,38.69485
44766,3,14,2016,38.75987
44766,3,14,2017,38.94073
44766,3,14,2018,39.00149
44766,3,14,2019,39.22727
44767,1,14,1950,32.09107
44767,1,14,1951,31.99084
44767,1,14,1952,32.27566
44767,1,14,1953,32.61779
44767,1,14,1954,32.9131
44767,1,14,1955,32.52822
44767,1,14,1956,32.82863
44767,1,14,1957,32.78486
44767,1,14,1958,32.7306
44767,1,14,1959,32.8749
44767,1,14,1960,32.91796
44767,1,14,1961,32.89324
44767,1,14,1962,32.75784
44767,1,14,1963,32.65532
44767,1,14,1964,32.91382
44767,1,14,1965,32.89394
44767,1,14,1966,32.84124
44767,1,14,1967,33.09517
44767,1,14,1968,32.82154
44767,1,14,1969,32.57698
44767,1,14,1970,32.83738
44767,1,14,1971,32.91001
44767,1,14,1972,32.78644
44767,1,14,1973,32.57455
44767,1,14,1974,32.67585
44767,1,14,1975,32.61225
44767,1,14,1976,32.3327
44767,1,14,1977,32.08373
44767,1,14,1978,31.77111
44767,1,14,1979,31.23814
44767,1,14,1980,30.97164
44767,1,14,1981,30.85944
44767,1,14,1982,31.09679
44767,1,14,1983,31.17602
44767,1,14,1984,31.25948
44767,1,14,1985,31.35836
44767,1,14,1986,31.75654
44767,1,14,1987,31.98387
44767,1,14,1988,32.29351
44767,1,14,1989,32.50738
44767,1,14,1990,32.80495
44767,1,14,1991,32.96251
44767,1,14,1992,33.04903
44767,1,14,1993,33.26687
44767,1,14,1994,33.72083
44767,1,14,1995,33.86932
44767,1,14,1996,34.04944
44767,1,14,1997,34.1282
44767,1,14,1998,34.1674
44767,1,14,1999,34.32624
44767,1,14,2000,34.61155
44767,1,14,2001,34.66811
44767,1,14,2002,34.98462
44767,1,14,2003,35.24795
44767,1,14,2004,35.67105
44767,1,14,2005,36.15392
44767,1,14,2006,36.37161
44767,1,14,2007,36.56118
44767,1,14,2008,36.91068
44767,1,14,2009,37.00741
44767,1,14,2010,37.15546
44767,1,14,2011,37.28752
44767,1,14,2012,37.54741
44767,1,14,2013,37.58387
44767,1,14,2014,37.92782
44767,1,14,2015,38.10892
44767,1,14,2016,38.14754
44767,1,14,2017,38.49376
44767,1,14,2018,38.68841
44767,1,14,2019,39.19071
44767,2,14,1950,34.92658
44767,2,14,1951,34.68906
44767,2,14,1952,35.27184
44767,2,14,1953,35.74938
44767,2,14,1954,35.76103
44767,2,14,1955,35.93638
44767,2,14,1956,35.98729
44767,2,14,1957,36.13519
44767,2,14,1958,36.37914
44767,2,14,1959,36.32778
44767,2,14,1960,36.3095
44767,2,14,1961,36.21442
44767,2,14,1962,36.13892
44767,2,14,1963,36.28609
44767,2,14,1964,36.49797
44767,2,14,1965,36.71169
44767,2,14,1966,36.74183
44767,2,14,1967,36.79363
44767,2,14,1968,36.50344
44767,2,14,1969,36.67046
44767,2,14,1970,36.68867
44767,2,14,1971,36.73106
44767,2,14,1972,36.5164
44767,2,14,1973,36.46939
44767,2,14,1974,36.53397
44767,2,14,1975,36.45379
44767,2,14,1976,36.3597
44767,2,14,1977,36.44364
44767,2,14,1978,36.25069
44767,2,14,1979,35.86237
44767,2,14,1980,35.67951
44767,2,14,1981,35.60218
44767,2,14,1982,35.71477
44767,2,14,1983,35.80604
44767,2,14,1984,36.08949
44767,2,14,1985,35.9553
44767,2,14,1986,36.28713
44767,2,14,1987,36.49971
44767,2,14,1988,36.44012
44767,2,14,1989,36.66252
44767,2,14,1990,36.93232
44767,2,14,1991,37.03278
44767,2,14,1992,36.98283
44767,2,14,1993,37.18669
44767,2,14,1994,37.48885
44767,2,14,1995,37.57024
44767,2,14,1996,37.60647
44767,2,14,1997,37.43715
44767,2,14,1998,37.68205
44767,2,14,1999,37.80296
44767,2,14,2000,38.11302
44767,2,14,2001,38.48247
44767,2,14,2002,38.61284
44767,2,14,2003,38.90817
44767,2,14,2004,39.33509
44767,2,14,2005,39.20383
44767,2,14,2006,39.28282
44767,2,14,2007,39.70175
44767,2,14,2008,40.04063
44767,2,14,2009,40.29835
44767,2,14,2010,40.18829
44767,2,14,2011,40.21074
44767,2,14,2012,40.2719
44767,2,14,2013,40.38023
44767,2,14,2014,40.34734
44767,2,14,2015,40.35735
44767,2,14,2016,40.39163
44767,2,14,2017,40.67036
44767,2,14,2018,40.84526
44767,2,14,2019,41.14893
44767,3,14,1950,32.71525
44767,3,14,1951,32.71633
44767,3,14,1952,33.19815
44767,3,14,1953,33.30774
44767,3,14,1954,33.46038
44767,3,14,1955,33.48714
44767,3,14,1956,33.66249
44767,3,14,1957,33.82648
44767,3,14,1958,33.72858
44767,3,14,1959,33.76037
44767,3,14,1960,33.76096
44767,3,14,1961,33.73513
44767,3,14,1962,33.59655
44767,3,14,1963,33.77019
44767,3,14,1964,34.15288
44767,3,14,1965,33.8999
44767,3,14,1966,34.00014
44767,3,14,1967,34.26595
44767,3,14,1968,33.94856
44767,3,14,1969,33.95832
44767,3,14,1970,34.04274
44767,3,14,1971,34.12006
44767,3,14,1972,34.04891
44767,3,14,1973,33.84238
44767,3,14,1974,33.89657
44767,3,14,1975,33.89071
44767,3,14,1976,33.92832
44767,3,14,1977,33.79122
44767,3,14,1978,33.51372
44767,3,14,1979,33.25484
44767,3,14,1980,33.19734
44767,3,14,1981,33.17807
44767,3,14,1982,33.34365
44767,3,14,1983,33.47916
44767,3,14,1984,33.64086
44767,3,14,1985,33.63318
44767,3,14,1986,33.99403
44767,3,14,1987,34.21368
44767,3,14,1988,34.35576
44767,3,14,1989,34.56108
44767,3,14,1990,34.84799
44767,3,14,1991,34.98038
44767,3,14,1992,35.02023
44767,3,14,1993,35.21903
44767,3,14,1994,35.60596
44767,3,14,1995,35.72552
44767,3,14,1996,35.81769
44767,3,14,1997,35.77872
44767,3,14,1998,35.9002
44767,3,14,1999,36.06457
44767,3,14,2000,36.32345
44767,3,14,2001,36.53389
44767,3,14,2002,36.77073
44767,3,14,2003,37.04411
44767,3,14,2004,37.46231
44767,3,14,2005,37.65058
44767,3,14,2006,37.79499
44767,3,14,2007,38.08322
44767,3,14,2008,38.4473
44767,3,14,2009,38.60041
44767,3,14,2010,38.57961
44767,3,14,2011,38.67509
44767,3,14,2012,38.82887
44767,3,14,2013,38.94035
44767,3,14,2014,39.0835
44767,3,14,2015,39.15756
44767,3,14,2016,39.1695
44767,3,14,2017,39.44743
44767,3,14,2018,39.54814
44767,3,14,2019,39.87818
44768,1,14,1950,30.95735
44768,1,14,1951,30.433
44768,1,14,1952,30.92743
44768,1,14,1953,31.2722
44768,1,14,1954,31.28355
44768,1,14,1955,31.00527
44768,1,14,1956,31.33861
44768,1,14,1957,31.04555
44768,1,14,1958,31.16701
44768,1,14,1959,31.45433
44768,1,14,1960,31.26434
44768,1,14,1961,31.13437
44768,1,14,1962,31.00058
44768,1,14,1963,30.64706
44768,1,14,1964,31.31933
44768,1,14,1965,31.0883
44768,1,14,1966,31.04058
44768,1,14,1967,31.11
44768,1,14,1968,30.98541
44768,1,14,1969,30.92179
44768,1,14,1970,30.95506
44768,1,14,1971,30.87772
44768,1,14,1972,30.62079
44768,1,14,1973,30.72584
44768,1,14,1974,30.59322
44768,1,14,1975,30.74155
44768,1,14,1976,30.64092
44768,1,14,1977,30.4591
44768,1,14,1978,30.23098
44768,1,14,1979,29.72005
44768,1,14,1980,29.62361
44768,1,14,1981,29.4851
44768,1,14,1982,29.75312
44768,1,14,1983,29.87608
44768,1,14,1984,29.93198
44768,1,14,1985,29.8925
44768,1,14,1986,30.04924
44768,1,14,1987,30.20427
44768,1,14,1988,30.42123
44768,1,14,1989,30.62593
44768,1,14,1990,30.85575
44768,1,14,1991,31.00636
44768,1,14,1992,31.10243
44768,1,14,1993,31.11293
44768,1,14,1994,31.44986
44768,1,14,1995,31.58252
44768,1,14,1996,32.1039
44768,1,14,1997,32.57908
44768,1,14,1998,32.81165
44768,1,14,1999,32.89954
44768,1,14,2000,33.15616
44768,1,14,2001,33.28537
44768,1,14,2002,33.45359
44768,1,14,2003,33.50345
44768,1,14,2004,33.95131
44768,1,14,2005,34.41785
44768,1,14,2006,34.72147
44768,1,14,2007,35.00573
44768,1,14,2008,35.12735
44768,1,14,2009,35.30404
44768,1,14,2010,35.50549
44768,1,14,2011,35.53695
44768,1,14,2012,35.77482
44768,1,14,2013,35.61915
44768,1,14,2014,35.72125
44768,1,14,2015,35.664
44768,1,14,2016,35.85275
44768,1,14,2017,35.98548
44768,1,14,2018,36.11524
44768,1,14,2019,36.55117
44768,2,14,1950,34.94971
44768,2,14,1951,34.89404
44768,2,14,1952,35.50979
44768,2,14,1953,35.7726
44768,2,14,1954,36.08408
44768,2,14,1955,36.13595
44768,2,14,1956,36.25849
44768,2,14,1957,36.30969
44768,2,14,1958,36.63321
44768,2,14,1959,36.66252
44768,2,14,1960,36.75352
44768,2,14,1961,36.54388
44768,2,14,1962,36.44322
44768,2,14,1963,36.47078
44768,2,14,1964,37.21468
44768,2,14,1965,37.02524
44768,2,14,1966,37.10161
44768,2,14,1967,37.239
44768,2,14,1968,37.05045
44768,2,14,1969,37.01663
44768,2,14,1970,37.18329
44768,2,14,1971,37.23145
44768,2,14,1972,36.99351
44768,2,14,1973,37.08883
44768,2,14,1974,37.08086
44768,2,14,1975,36.94363
44768,2,14,1976,37.03078
44768,2,14,1977,37.06463
44768,2,14,1978,36.90641
44768,2,14,1979,36.57925
44768,2,14,1980,36.41929
44768,2,14,1981,36.24202
44768,2,14,1982,36.2178
44768,2,14,1983,36.08585
44768,2,14,1984,36.08842
44768,2,14,1985,35.64402
44768,2,14,1986,35.77542
44768,2,14,1987,36.01775
44768,2,14,1988,36.14787
44768,2,14,1989,36.30086
44768,2,14,1990,36.64332
44768,2,14,1991,36.73987
44768,2,14,1992,36.70488
44768,2,14,1993,36.72257
44768,2,14,1994,36.90709
44768,2,14,1995,37.01193
44768,2,14,1996,37.25866
44768,2,14,1997,37.20706
44768,2,14,1998,37.23054
44768,2,14,1999,37.11199
44768,2,14,2000,37.34248
44768,2,14,2001,37.63295
44768,2,14,2002,37.72947
44768,2,14,2003,37.94492
44768,2,14,2004,38.33153
44768,2,14,2005,38.58425
44768,2,14,2006,38.83382
44768,2,14,2007,39.03511
44768,2,14,2008,39.34022
44768,2,14,2009,39.53512
44768,2,14,2010,39.34993
44768,2,14,2011,39.46959
44768,2,14,2012,39.30584
44768,2,14,2013,39.30656
44768,2,14,2014,39.52477
44768,2,14,2015,39.59986
44768,2,14,2016,39.80694
44768,2,14,2017,39.85089
44768,2,14,2018,39.96753
44768,2,14,2019,40.28421
44768,3,14,1950,31.98422
44768,3,14,1951,32.00785
44768,3,14,1952,32.43948
44768,3,14,1953,32.77864
44768,3,14,1954,32.94623
44768,3,14,1955,32.69965
44768,3,14,1956,32.97136
44768,3,14,1957,32.82877
44768,3,14,1958,33.17544
44768,3,14,1959,33.14988
44768,3,14,1960,33.16064
44768,3,14,1961,32.96112
44768,3,14,1962,32.86397
44768,3,14,1963,33.17504
44768,3,14,1964,33.42579
44768,3,14,1965,33.33486
44768,3,14,1966,33.27008
44768,3,14,1967,33.45962
44768,3,14,1968,33.34097
44768,3,14,1969,33.25428
44768,3,14,1970,33.33473
44768,3,14,1971,33.2702
44768,3,14,1972,33.28348
44768,3,14,1973,33.19218
44768,3,14,1974,33.37643
44768,3,14,1975,33.24879
44768,3,14,1976,33.27369
44768,3,14,1977,33.19879
44768,3,14,1978,33.06574
44768,3,14,1979,32.83887
44768,3,14,1980,32.79507
44768,3,14,1981,32.69028
44768,3,14,1982,32.83568
44768,3,14,1983,32.85078
44768,3,14,1984,32.84327
44768,3,14,1985,32.67127
44768,3,14,1986,32.79218
44768,3,14,1987,33.00892
44768,3,14,1988,33.14953
44768,3,14,1989,33.35514
44768,3,14,1990,33.60836
44768,3,14,1991,33.73895
44768,3,14,1992,33.7967
44768,3,14,1993,33.77001
44768,3,14,1994,34.06968
44768,3,14,1995,34.20868
44768,3,14,1996,34.57742
44768,3,14,1997,34.78837
44768,3,14,1998,34.91403
44768,3,14,1999,34.92348
44768,3,14,2000,35.15508
44768,3,14,2001,35.3432
44768,3,14,2002,35.48685
44768,3,14,2003,35.60503
44768,3,14,2004,36.02031
44768,3,14,2005,36.38364
44768,3,14,2006,36.62731
44768,3,14,2007,36.83643
44768,3,14,2008,37.08832
44768,3,14,2009,37.25647
44768,3,14,2010,37.30999
44768,3,14,2011,37.34771
44768,3,14,2012,37.35342
44768,3,14,2013,37.31813
44768,3,14,2014,37.47083
44768,3,14,2015,37.45211
44768,3,14,2016,37.60091
44768,3,14,2017,37.67807
44768,3,14,2018,37.66943
44768,3,14,2019,37.95996
44769,1,14,1950,30.77841
44769,1,14,1951,30.54489
44769,1,14,1952,31.11894
44769,1,14,1953,31.39843
44769,1,14,1954,31.49885
44769,1,14,1955,31.04711
44769,1,14,1956,31.2668
44769,1,14,1957,31.10011
44769,1,14,1958,31.5164
44769,1,14,1959,31.34021
44769,1,14,1960,31.17013
44769,1,14,1961,31.43202
44769,1,14,1962,31.25726
44769,1,14,1963,31.23604
44769,1,14,1964,31.43704
44769,1,14,1965,31.48294
44769,1,14,1966,31.16619
44769,1,14,1967,31.79734
44769,1,14,1968,31.52729
44769,1,14,1969,31.50666
44769,1,14,1970,31.30403
44769,1,14,1971,31.54471
44769,1,14,1972,31.25544
44769,1,14,1973,31.28619
44769,1,14,1974,31.14727
44769,1,14,1975,31.48311
44769,1,14,1976,30.92251
44769,1,14,1977,30.68282
44769,1,14,1978,30.22262
44769,1,14,1979,29.87723
44769,1,14,1980,29.67015
44769,1,14,1981,29.55088
44769,1,14,1982,30.46684
44769,1,14,1983,30.68335
44769,1,14,1984,30.42329
44769,1,14,1985,30.44409
44769,1,14,1986,30.89737
44769,1,14,1987,30.81255
44769,1,14,1988,31.40737
44769,1,14,1989,31.64462
44769,1,14,1990,31.64297
44769,1,14,1991,32.01458
44769,1,14,1992,32.32187
44769,1,14,1993,32.24445
44769,1,14,1994,32.6242
44769,1,14,1995,32.57872
44769,1,14,1996,32.49512
44769,1,14,1997,32.81759
44769,1,14,1998,33.23668
44769,1,14,1999,33.42713
44769,1,14,2000,33.75509
44769,1,14,2001,34.00456
44769,1,14,2002,34.27359
44769,1,14,2003,34.27523
44769,1,14,2004,34.86759
44769,1,14,2005,35.22389
44769,1,14,2006,35.66064
44769,1,14,2007,35.72881
44769,1,14,2008,35.9603
44769,1,14,2009,35.86858
44769,1,14,2010,36.3255
44769,1,14,2011,36.49855
44769,1,14,2012,36.68504
44769,1,14,2013,36.39189
44769,1,14,2014,36.82847
44769,1,14,2015,36.60421
44769,1,14,2016,36.72352
44769,1,14,2017,37.00323
44769,1,14,2018,37.32687
44769,1,14,2019,37.8922
44769,2,14,1950,34.33909
44769,2,14,1951,34.07514
44769,2,14,1952,34.7461
44769,2,14,1953,35.11617
44769,2,14,1954,35.18263
44769,2,14,1955,35.24674
44769,2,14,1956,35.49617
44769,2,14,1957,35.66755
44769,2,14,1958,35.80782
44769,2,14,1959,35.78792
44769,2,14,1960,36.03989
44769,2,14,1961,35.70212
44769,2,14,1962,35.57277
44769,2,14,1963,35.75462
44769,2,14,1964,36.15582
44769,2,14,1965,36.22069
44769,2,14,1966,36.123
44769,2,14,1967,36.27424
44769,2,14,1968,36.29317
44769,2,14,1969,36.13047
44769,2,14,1970,36.2151
44769,2,14,1971,36.30508
44769,2,14,1972,36.09344
44769,2,14,1973,36.18776
44769,2,14,1974,36.18338
44769,2,14,1975,36.16845
44769,2,14,1976,35.97363
44769,2,14,1977,35.83019
44769,2,14,1978,35.62627
44769,2,14,1979,35.33149
44769,2,14,1980,35.05129
44769,2,14,1981,34.92396
44769,2,14,1982,35.14004
44769,2,14,1983,35.244
44769,2,14,1984,35.45327
44769,2,14,1985,35.27156
44769,2,14,1986,35.41572
44769,2,14,1987,35.63022
44769,2,14,1988,35.62477
44769,2,14,1989,35.89474
44769,2,14,1990,36.18728
44769,2,14,1991,36.32762
44769,2,14,1992,36.32678
44769,2,14,1993,36.39167
44769,2,14,1994,36.67849
44769,2,14,1995,36.81482
44769,2,14,1996,36.98015
44769,2,14,1997,36.96089
44769,2,14,1998,37.15825
44769,2,14,1999,37.12549
44769,2,14,2000,37.19978
44769,2,14,2001,37.547
44769,2,14,2002,37.7585
44769,2,14,2003,37.96093
44769,2,14,2004,38.31934
44769,2,14,2005,38.50586
44769,2,14,2006,38.73804
44769,2,14,2007,38.98558
44769,2,14,2008,39.31293
44769,2,14,2009,39.58046
44769,2,14,2010,39.53105
44769,2,14,2011,39.80464
44769,2,14,2012,39.76842
44769,2,14,2013,39.75524
44769,2,14,2014,39.631
44769,2,14,2015,39.64823
44769,2,14,2016,39.69341
44769,2,14,2017,39.93891
44769,2,14,2018,40.20221
44769,2,14,2019,40.55374
44769,3,14,1950,31.77658
44769,3,14,1951,31.60424
44769,3,14,1952,32.04149
44769,3,14,1953,32.45827
44769,3,14,1954,32.44383
44769,3,14,1955,32.63053
44769,3,14,1956,32.54966
44769,3,14,1957,32.84504
44769,3,14,1958,32.8339
44769,3,14,1959,32.95334
44769,3,14,1960,32.84675
44769,3,14,1961,32.88491
44769,3,14,1962,32.85705
44769,3,14,1963,32.87152
44769,3,14,1964,33.20492
44769,3,14,1965,33.14378
44769,3,14,1966,33.04632
44769,3,14,1967,33.33084
44769,3,14,1968,33.18452
44769,3,14,1969,33.09578
44769,3,14,1970,33.29044
44769,3,14,1971,33.25113
44769,3,14,1972,33.13714
44769,3,14,1973,32.9859
44769,3,14,1974,33.12787
44769,3,14,1975,33.24004
44769,3,14,1976,32.81754
44769,3,14,1977,32.85527
44769,3,14,1978,32.66192
44769,3,14,1979,32.34581
44769,3,14,1980,32.26515
44769,3,14,1981,32.22538
44769,3,14,1982,32.84547
44769,3,14,1983,33.02636
44769,3,14,1984,32.96567
44769,3,14,1985,32.87607
44769,3,14,1986,33.17401
44769,3,14,1987,33.24093
44769,3,14,1988,33.5507
44769,3,14,1989,33.81101
44769,3,14,1990,33.94198
44769,3,14,1991,34.19297
44769,3,14,1992,34.35332
44769,3,14,1993,34.34331
44769,3,14,1994,34.67344
44769,3,14,1995,34.71799
44769,3,14,1996,34.7042
44769,3,14,1997,34.88778
44769,3,14,1998,35.17241
44769,3,14,1999,35.28924
44769,3,14,2000,35.46346
44769,3,14,2001,35.77329
44769,3,14,2002,36.02679
44769,3,14,2003,36.09276
44769,3,14,2004,36.56909
44769,3,14,2005,36.86931
44769,3,14,2006,37.16897
44769,3,14,2007,37.30655
44769,3,14,2008,37.61527
44769,3,14,2009,37.69197
44769,3,14,2010,37.89253
44769,3,14,2011,38.12393
44769,3,14,2012,38.2079
44769,3,14,2013,38.01166
44769,3,14,2014,38.1664
44769,3,14,2015,38.062
44769,3,14,2016,38.13301
44769,3,14,2017,38.37428
44769,3,14,2018,38.52422
44769,3,14,2019,38.84728
44770,1,14,1950,30.5726
44770,1,14,1951,30.21029
44770,1,14,1952,30.58935
44770,1,14,1953,31.02764
44770,1,14,1954,31.04412
44770,1,14,1955,30.86855
44770,1,14,1956,31.03753
44770,1,14,1957,30.87692
44770,1,14,1958,31.12529
44770,1,14,1959,31.00195
44770,1,14,1960,31.29845
44770,1,14,1961,30.93485
44770,1,14,1962,30.96821
44770,1,14,1963,30.95911
44770,1,14,1964,31.20312
44770,1,14,1965,31.19951
44770,1,14,1966,31.15681
44770,1,14,1967,31.30946
44770,1,14,1968,31.17031
44770,1,14,1969,31.04027
44770,1,14,1970,31.2661
44770,1,14,1971,31.04819
44770,1,14,1972,31.14214
44770,1,14,1973,31.1386
44770,1,14,1974,31.15434
44770,1,14,1975,31.14744
44770,1,14,1976,30.89987
44770,1,14,1977,30.87027
44770,1,14,1978,30.61954
44770,1,14,1979,30.27463
44770,1,14,1980,30.11607
44770,1,14,1981,29.93738
44770,1,14,1982,30.17561
44770,1,14,1983,30.08613
44770,1,14,1984,30.02144
44770,1,14,1985,29.84848
44770,1,14,1986,30.0134
44770,1,14,1987,29.94378
44770,1,14,1988,29.92663
44770,1,14,1989,29.72139
44770,1,14,1990,29.72449
44770,1,14,1991,29.65427
44770,1,14,1992,29.66097
44770,1,14,1993,29.69687
44770,1,14,1994,30.40238
44770,1,14,1995,30.35796
44770,1,14,1996,30.6494
44770,1,14,1997,31.36163
44770,1,14,1998,31.82015
44770,1,14,1999,31.96866
44770,1,14,2000,32.4575
44770,1,14,2001,32.65076
44770,1,14,2002,33.02924
44770,1,14,2003,33.24872
44770,1,14,2004,33.66141
44770,1,14,2005,33.60447
44770,1,14,2006,33.65264
44770,1,14,2007,33.93384
44770,1,14,2008,34.18523
44770,1,14,2009,34.51255
44770,1,14,2010,34.98121
44770,1,14,2011,35.26859
44770,1,14,2012,35.62034
44770,1,14,2013,35.63021
44770,1,14,2014,35.97597
44770,1,14,2015,36.01379
44770,1,14,2016,36.30096
44770,1,14,2017,36.40628
44770,1,14,2018,36.5288
44770,1,14,2019,37.04996
44770,2,14,1950,33.94934
44770,2,14,1951,33.8549
44770,2,14,1952,34.45501
44770,2,14,1953,34.72439
44770,2,14,1954,34.73468
44770,2,14,1955,35.00367
44770,2,14,1956,34.87507
44770,2,14,1957,35.26541
44770,2,14,1958,35.10512
44770,2,14,1959,35.33364
44770,2,14,1960,35.39185
44770,2,14,1961,35.47703
44770,2,14,1962,35.29703
44770,2,14,1963,35.23129
44770,2,14,1964,35.87725
44770,2,14,1965,35.79445
44770,2,14,1966,35.7408
44770,2,14,1967,35.86047
44770,2,14,1968,35.67479
44770,2,14,1969,35.89532
44770,2,14,1970,35.8075
44770,2,14,1971,35.99289
44770,2,14,1972,35.69152
44770,2,14,1973,35.69912
44770,2,14,1974,35.85481
44770,2,14,1975,35.72899
44770,2,14,1976,35.6763
44770,2,14,1977,35.6994
44770,2,14,1978,35.43827
44770,2,14,1979,35.20198
44770,2,14,1980,35.01977
44770,2,14,1981,34.85398
44770,2,14,1982,34.87357
44770,2,14,1983,34.95505
44770,2,14,1984,35.09409
44770,2,14,1985,34.76066
44770,2,14,1986,35.04136
44770,2,14,1987,35.39257
44770,2,14,1988,35.55308
44770,2,14,1989,35.77326
44770,2,14,1990,36.0367
44770,2,14,1991,36.11935
44770,2,14,1992,36.00153
44770,2,14,1993,36.03905
44770,2,14,1994,36.17623
44770,2,14,1995,36.31782
44770,2,14,1996,36.58997
44770,2,14,1997,36.47474
44770,2,14,1998,36.55615
44770,2,14,1999,36.55803
44770,2,14,2000,36.77693
44770,2,14,2001,37.00464
44770,2,14,2002,37.00333
44770,2,14,2003,37.1574
44770,2,14,2004,37.51665
44770,2,14,2005,37.68267
44770,2,14,2006,37.93304
44770,2,14,2007,38.1959
44770,2,14,2008,38.59745
44770,2,14,2009,38.86746
44770,2,14,2010,38.92759
44770,2,14,2011,39.18911
44770,2,14,2012,39.15546
44770,2,14,2013,39.14498
44770,2,14,2014,39.44386
44770,2,14,2015,39.63308
44770,2,14,2016,39.73126
44770,2,14,2017,39.78755
44770,2,14,2018,39.89634
44770,2,14,2019,40.13699
44770,3,14,1950,31.54525
44770,3,14,1951,31.44775
44770,3,14,1952,31.94193
44770,3,14,1953,32.14069
44770,3,14,1954,32.37876
44770,3,14,1955,32.42555
44770,3,14,1956,32.31974
44770,3,14,1957,32.40969
44770,3,14,1958,32.53542
44770,3,14,1959,32.60028
44770,3,14,1960,32.68666
44770,3,14,1961,32.80439
44770,3,14,1962,32.49323
44770,3,14,1963,32.40671
44770,3,14,1964,33.02164
44770,3,14,1965,32.96802
44770,3,14,1966,32.94301
44770,3,14,1967,32.96765
44770,3,14,1968,32.97849
44770,3,14,1969,32.81428
44770,3,14,1970,32.85927
44770,3,14,1971,33.09182
44770,3,14,1972,33.02383
44770,3,14,1973,33.00214
44770,3,14,1974,33.09893
44770,3,14,1975,33.02344
44770,3,14,1976,32.98982
44770,3,14,1977,32.92381
44770,3,14,1978,32.81412
44770,3,14,1979,32.59259
44770,3,14,1980,32.62619
44770,3,14,1981,32.48746
44770,3,14,1982,32.62353
44770,3,14,1983,32.61775
44770,3,14,1984,32.62682
44770,3,14,1985,32.38423
44770,3,14,1986,32.59154
44770,3,14,1987,32.70158
44770,3,14,1988,32.75986
44770,3,14,1989,32.76278
44770,3,14,1990,32.86149
44770,3,14,1991,32.84262
44770,3,14,1992,32.77883
44770,3,14,1993,32.7821
44770,3,14,1994,33.27836
44770,3,14,1995,33.2975
44770,3,14,1996,33.57939
44770,3,14,1997,33.88285
44770,3,14,1998,34.16506
44770,3,14,1999,34.20812
44770,3,14,2000,34.57197
44770,3,14,2001,34.75028
44770,3,14,2002,34.95638
44770,3,14,2003,35.10457
44770,3,14,2004,35.48208
44770,3,14,2005,35.53543
44770,3,14,2006,35.6773
44770,3,14,2007,35.96051
44770,3,14,2008,36.27408
44770,3,14,2009,36.56777
44770,3,14,2010,36.85012
44770,3,14,2011,37.10988
44770,3,14,2012,37.25199
44770,3,14,2013,37.24613
44770,3,14,2014,37.5622
44770,3,14,2015,37.67504
44770,3,14,2016,37.86245
44770,3,14,2017,37.88259
44770,3,14,2018,37.93523
44770,3,14,2019,38.22052
44771,1,14,1950,31.08826
44771,1,14,1951,30.62951
44771,1,14,1952,31.05067
44771,1,14,1953,31.28633
44771,1,14,1954,31.42515
44771,1,14,1955,31.22644
44771,1,14,1956,31.50004
44771,1,14,1957,31.34462
44771,1,14,1958,31.6064
44771,1,14,1959,31.62064
44771,1,14,1960,31.7475
44771,1,14,1961,31.39047
44771,1,14,1962,31.40357
44771,1,14,1963,31.32854
44771,1,14,1964,31.74735
44771,1,14,1965,31.86125
44771,1,14,1966,31.70898
44771,1,14,1967,31.85803
44771,1,14,1968,31.71576
44771,1,14,1969,31.616
44771,1,14,1970,31.81975
44771,1,14,1971,31.8533
44771,1,14,1972,31.72053
44771,1,14,1973,31.74074
44771,1,14,1974,31.84772
44771,1,14,1975,31.8319
44771,1,14,1976,31.68291
44771,1,14,1977,31.42467
44771,1,14,1978,31.05174
44771,1,14,1979,30.57545
44771,1,14,1980,30.46292
44771,1,14,1981,30.30393
44771,1,14,1982,29.95411
44771,1,14,1983,29.87362
44771,1,14,1984,29.89662
44771,1,14,1985,30.19784
44771,1,14,1986,30.13088
44771,1,14,1987,30.23051
44771,1,14,1988,30.55072
44771,1,14,1989,30.93146
44771,1,14,1990,31.10343
44771,1,14,1991,31.31316
44771,1,14,1992,31.25131
44771,1,14,1993,31.1109
44771,1,14,1994,31.31326
44771,1,14,1995,31.41241
44771,1,14,1996,32.21762
44771,1,14,1997,32.57276
44771,1,14,1998,32.77417
44771,1,14,1999,32.88496
44771,1,14,2000,32.91682
44771,1,14,2001,32.95255
44771,1,14,2002,33.22076
44771,1,14,2003,33.46255
44771,1,14,2004,33.828
44771,1,14,2005,34.0328
44771,1,14,2006,34.12151
44771,1,14,2007,34.49682
44771,1,14,2008,34.75703
44771,1,14,2009,35.17454
44771,1,14,2010,35.65586
44771,1,14,2011,35.54943
44771,1,14,2012,35.55123
44771,1,14,2013,35.27963
44771,1,14,2014,35.31261
44771,1,14,2015,35.36182
44771,1,14,2016,35.44416
44771,1,14,2017,36.05056
44771,1,14,2018,36.26233
44771,1,14,2019,36.81478
44771,2,14,1950,34.00773
44771,2,14,1951,33.96841
44771,2,14,1952,34.67681
44771,2,14,1953,34.89111
44771,2,14,1954,35
44771,2,14,1955,35.07523
44771,2,14,1956,35.13494
44771,2,14,1957,35.52017
44771,2,14,1958,35.70353
44771,2,14,1959,35.56969
44771,2,14,1960,35.64042
44771,2,14,1961,35.56187
44771,2,14,1962,35.47885
44771,2,14,1963,35.68512
44771,2,14,1964,36.05848
44771,2,14,1965,36.09288
44771,2,14,1966,36.11244
44771,2,14,1967,36.14989
44771,2,14,1968,36.1885
44771,2,14,1969,36.02817
44771,2,14,1970,36.42467
44771,2,14,1971,36.39589
44771,2,14,1972,35.99977
44771,2,14,1973,36.12203
44771,2,14,1974,36.0145
44771,2,14,1975,36.13144
44771,2,14,1976,36.04536
44771,2,14,1977,36.24459
44771,2,14,1978,35.93461
44771,2,14,1979,35.6878
44771,2,14,1980,35.54901
44771,2,14,1981,35.32845
44771,2,14,1982,35.28007
44771,2,14,1983,35.20179
44771,2,14,1984,35.3107
44771,2,14,1985,35.04234
44771,2,14,1986,35.31044
44771,2,14,1987,35.52471
44771,2,14,1988,35.64947
44771,2,14,1989,35.8497
44771,2,14,1990,36.05841
44771,2,14,1991,36.0413
44771,2,14,1992,36.02648
44771,2,14,1993,36.02752
44771,2,14,1994,36.20315
44771,2,14,1995,36.41339
44771,2,14,1996,36.68276
44771,2,14,1997,36.71632
44771,2,14,1998,36.88925
44771,2,14,1999,36.96708
44771,2,14,2000,37.21424
44771,2,14,2001,37.43415
44771,2,14,2002,37.40811
44771,2,14,2003,37.4862
44771,2,14,2004,37.82693
44771,2,14,2005,38.03748
44771,2,14,2006,38.21816
44771,2,14,2007,38.31048
44771,2,14,2008,38.60419
44771,2,14,2009,38.80463
44771,2,14,2010,38.73777
44771,2,14,2011,38.85054
44771,2,14,2012,38.74884
44771,2,14,2013,38.73793
44771,2,14,2014,38.85025
44771,2,14,2015,38.91326
44771,2,14,2016,39.09712
44771,2,14,2017,39.08683
44771,2,14,2018,39.26912
44771,2,14,2019,39.57881
44771,3,14,1950,31.77299
44771,3,14,1951,31.63669
44771,3,14,1952,31.97245
44771,3,14,1953,32.32036
44771,3,14,1954,32.39134
44771,3,14,1955,32.51624
44771,3,14,1956,32.48512
44771,3,14,1957,32.58125
44771,3,14,1958,32.7777
44771,3,14,1959,32.77643
44771,3,14,1960,32.75961
44771,3,14,1961,32.76395
44771,3,14,1962,32.58218
44771,3,14,1963,32.84603
44771,3,14,1964,33.06717
44771,3,14,1965,33.15949
44771,3,14,1966,33.24598
44771,3,14,1967,33.40753
44771,3,14,1968,33.07801
44771,3,14,1969,33.13684
44771,3,14,1970,33.12096
44771,3,14,1971,33.24244
44771,3,14,1972,33.31962
44771,3,14,1973,33.2499
44771,3,14,1974,33.46289
44771,3,14,1975,33.38877
44771,3,14,1976,33.27897
44771,3,14,1977,33.39352
44771,3,14,1978,33.23914
44771,3,14,1979,32.79998
44771,3,14,1980,32.77526
44771,3,14,1981,32.72618
44771,3,14,1982,32.53116
44771,3,14,1983,32.4818
44771,3,14,1984,32.52408
44771,3,14,1985,32.55129
44771,3,14,1986,32.68077
44771,3,14,1987,32.79305
44771,3,14,1988,33.05516
44771,3,14,1989,33.33178
44771,3,14,1990,33.53747
44771,3,14,1991,33.64873
44771,3,14,1992,33.60018
44771,3,14,1993,33.50394
44771,3,14,1994,33.73071
44771,3,14,1995,33.82201
44771,3,14,1996,34.38927
44771,3,14,1997,34.61514
44771,3,14,1998,34.80695
44771,3,14,1999,34.86456
44771,3,14,2000,34.99501
44771,3,14,2001,35.12889
44771,3,14,2002,35.25348
44771,3,14,2003,35.4156
44771,3,14,2004,35.80225
44771,3,14,2005,35.95252
44771,3,14,2006,36.0722
44771,3,14,2007,36.33453
44771,3,14,2008,36.59747
44771,3,14,2009,36.89984
44771,3,14,2010,37.08525
44771,3,14,2011,37.07506
44771,3,14,2012,37.04288
44771,3,14,2013,36.85635
44771,3,14,2014,36.94379
44771,3,14,2015,36.98363
44771,3,14,2016,37.07676
44771,3,14,2017,37.40125
44771,3,14,2018,37.56366
44771,3,14,2019,37.81815
44772,1,14,1950,31.12586
44772,1,14,1951,30.9446
44772,1,14,1952,31.24791
44772,1,14,1953,31.81794
44772,1,14,1954,31.55307
44772,1,14,1955,31.35776
44772,1,14,1956,31.41705
44772,1,14,1957,31.6137
44772,1,14,1958,31.65359
44772,1,14,1959,31.52184
44772,1,14,1960,31.80034
44772,1,14,1961,31.56741
44772,1,14,1962,31.52442
44772,1,14,1963,31.42632
44772,1,14,1964,31.83612
44772,1,14,1965,31.79744
44772,1,14,1966,31.89636
44772,1,14,1967,32.00489
44772,1,14,1968,31.97426
44772,1,14,1969,31.51233
44772,1,14,1970,31.68479
44772,1,14,1971,31.87173
44772,1,14,1972,31.622
44772,1,14,1973,31.75782
44772,1,14,1974,31.66236
44772,1,14,1975,31.6184
44772,1,14,1976,31.44733
44772,1,14,1977,31.56067
44772,1,14,1978,31.37396
44772,1,14,1979,30.98642
44772,1,14,1980,30.80726
44772,1,14,1981,30.65338
44772,1,14,1982,31.06999
44772,1,14,1983,31.33295
44772,1,14,1984,31.42273
44772,1,14,1985,31.48219
44772,1,14,1986,31.89562
44772,1,14,1987,32.16809
44772,1,14,1988,32.42203
44772,1,14,1989,32.68541
44772,1,14,1990,32.91162
44772,1,14,1991,33.08199
44772,1,14,1992,33.22608
44772,1,14,1993,33.25154
44772,1,14,1994,33.7016
44772,1,14,1995,33.62966
44772,1,14,1996,33.84038
44772,1,14,1997,34.14005
44772,1,14,1998,34.40016
44772,1,14,1999,34.45879
44772,1,14,2000,34.65613
44772,1,14,2001,34.71022
44772,1,14,2002,34.9023
44772,1,14,2003,35.25875
44772,1,14,2004,35.92983
44772,1,14,2005,36.26384
44772,1,14,2006,36.23413
44772,1,14,2007,36.41118
44772,1,14,2008,36.57317
44772,1,14,2009,36.55893
44772,1,14,2010,36.61783
44772,1,14,2011,36.53301
44772,1,14,2012,36.8865
44772,1,14,2013,36.84414
44772,1,14,2014,37.08677
44772,1,14,2015,36.90229
44772,1,14,2016,36.75501
44772,1,14,2017,37.02253
44772,1,14,2018,37.28897
44772,1,14,2019,37.80658
44772,2,14,1950,34.48094
44772,2,14,1951,34.28761
44772,2,14,1952,35.02039
44772,2,14,1953,35.14835
44772,2,14,1954,35.31738
44772,2,14,1955,35.48389
44772,2,14,1956,35.3752
44772,2,14,1957,35.68204
44772,2,14,1958,35.82956
44772,2,14,1959,35.79622
44772,2,14,1960,35.98686
44772,2,14,1961,35.95542
44772,2,14,1962,35.85911
44772,2,14,1963,35.88181
44772,2,14,1964,36.27326
44772,2,14,1965,36.4682
44772,2,14,1966,36.27888
44772,2,14,1967,36.58128
44772,2,14,1968,36.31599
44772,2,14,1969,36.40529
44772,2,14,1970,36.49848
44772,2,14,1971,36.60498
44772,2,14,1972,36.33322
44772,2,14,1973,36.50142
44772,2,14,1974,36.60133
44772,2,14,1975,36.57052
44772,2,14,1976,36.5473
44772,2,14,1977,36.56512
44772,2,14,1978,36.26865
44772,2,14,1979,36.13522
44772,2,14,1980,35.92444
44772,2,14,1981,35.8079
44772,2,14,1982,35.89977
44772,2,14,1983,36.17436
44772,2,14,1984,36.41583
44772,2,14,1985,36.15145
44772,2,14,1986,36.41339
44772,2,14,1987,36.64319
44772,2,14,1988,36.72597
44772,2,14,1989,36.85559
44772,2,14,1990,36.81707
44772,2,14,1991,36.96665
44772,2,14,1992,37.59225
44772,2,14,1993,37.73446
44772,2,14,1994,37.86743
44772,2,14,1995,37.40616
44772,2,14,1996,37.58271
44772,2,14,1997,38.07421
44772,2,14,1998,38.32627
44772,2,14,1999,38.30698
44772,2,14,2000,38.16871
44772,2,14,2001,38.64489
44772,2,14,2002,38.71697
44772,2,14,2003,38.78728
44772,2,14,2004,39.1589
44772,2,14,2005,39.38283
44772,2,14,2006,39.69097
44772,2,14,2007,39.80952
44772,2,14,2008,39.98063
44772,2,14,2009,40.13609
44772,2,14,2010,40.20771
44772,2,14,2011,40.30854
44772,2,14,2012,40.21314
44772,2,14,2013,40.08691
44772,2,14,2014,40.22795
44772,2,14,2015,40.05935
44772,2,14,2016,39.9592
44772,2,14,2017,40.15269
44772,2,14,2018,40.37602
44772,2,14,2019,40.64516
44772,3,14,1950,32.00737
44772,3,14,1951,31.78297
44772,3,14,1952,32.35646
44772,3,14,1953,32.60713
44772,3,14,1954,32.67262
44772,3,14,1955,32.59139
44772,3,14,1956,32.77017
44772,3,14,1957,32.90884
44772,3,14,1958,33.09899
44772,3,14,1959,33.19308
44772,3,14,1960,33.18005
44772,3,14,1961,33.30467
44772,3,14,1962,33.20211
44772,3,14,1963,33.09214
44772,3,14,1964,33.39041
44772,3,14,1965,33.44697
44772,3,14,1966,33.45239
44772,3,14,1967,33.78605
44772,3,14,1968,33.5226
44772,3,14,1969,33.40129
44772,3,14,1970,33.54324
44772,3,14,1971,33.79184
44772,3,14,1972,33.55943
44772,3,14,1973,33.7879
44772,3,14,1974,33.76578
44772,3,14,1975,33.69772
44772,3,14,1976,33.72083
44772,3,14,1977,33.77486
44772,3,14,1978,33.68751
44772,3,14,1979,33.38019
44772,3,14,1980,33.37154
44772,3,14,1981,33.29543
44772,3,14,1982,33.58294
44772,3,14,1983,33.84094
44772,3,14,1984,34.01401
44772,3,14,1985,33.91807
44772,3,14,1986,34.23781
44772,3,14,1987,34.50134
44772,3,14,1988,34.67921
44772,3,14,1989,34.85426
44772,3,14,1990,34.9517
44772,3,14,1991,35.08624
44772,3,14,1992,35.45573
44772,3,14,1993,35.54065
44772,3,14,1994,35.84539
44772,3,14,1995,35.55594
44772,3,14,1996,35.73461
44772,3,14,1997,36.15534
44772,3,14,1998,36.4081
44772,3,14,1999,36.42786
44772,3,14,2000,36.4268
44772,3,14,2001,36.72315
44772,3,14,2002,36.81864
44772,3,14,2003,37.02635
44772,3,14,2004,37.54151
44772,3,14,2005,37.80743
44772,3,14,2006,37.92718
44772,3,14,2007,38.09976
44772,3,14,2008,38.23372
44772,3,14,2009,38.30773
44772,3,14,2010,38.37246
44772,3,14,2011,38.38848
44772,3,14,2012,38.4774
44772,3,14,2013,38.4069
44772,3,14,2014,38.58686
44772,3,14,2015,38.39403
44772,3,14,2016,38.26417
44772,3,14,2017,38.4637
44772,3,14,2018,38.61371
44772,3,14,2019,38.91305
44773,1,14,1950,30.28818
44773,1,14,1951,29.74974
44773,1,14,1952,30.07924
44773,1,14,1953,30.4337
44773,1,14,1954,30.61999
44773,1,14,1955,30.61585
44773,1,14,1956,30.43397
44773,1,14,1957,30.42548
44773,1,14,1958,30.56312
44773,1,14,1959,30.65224
44773,1,14,1960,30.76109
44773,1,14,1961,30.51287
44773,1,14,1962,30.49653
44773,1,14,1963,30.39758
44773,1,14,1964,30.71552
44773,1,14,1965,30.69705
44773,1,14,1966,30.44865
44773,1,14,1967,30.78128
44773,1,14,1968,30.5553
44773,1,14,1969,30.3944
44773,1,14,1970,30.59012
44773,1,14,1971,30.45628
44773,1,14,1972,30.38857
44773,1,14,1973,30.40518
44773,1,14,1974,30.53058
44773,1,14,1975,30.29221
44773,1,14,1976,30.37588
44773,1,14,1977,30.03906
44773,1,14,1978,29.90119
44773,1,14,1979,29.49109
44773,1,14,1980,29.36525
44773,1,14,1981,29.18354
44773,1,14,1982,29.2326
44773,1,14,1983,29.04974
44773,1,14,1984,28.96913
44773,1,14,1985,29.11715
44773,1,14,1986,29.58849
44773,1,14,1987,29.95067
44773,1,14,1988,30.11656
44773,1,14,1989,30.04713
44773,1,14,1990,30.02447
44773,1,14,1991,30.03353
44773,1,14,1992,30.09392
44773,1,14,1993,30.16508
44773,1,14,1994,30.47897
44773,1,14,1995,30.57908
44773,1,14,1996,30.98793
44773,1,14,1997,31.31702
44773,1,14,1998,31.54532
44773,1,14,1999,31.59145
44773,1,14,2000,31.9747
44773,1,14,2001,32.30436
44773,1,14,2002,32.62072
44773,1,14,2003,32.73648
44773,1,14,2004,33.17972
44773,1,14,2005,33.57141
44773,1,14,2006,33.79279
44773,1,14,2007,34.07051
44773,1,14,2008,34.34301
44773,1,14,2009,34.55773
44773,1,14,2010,34.85807
44773,1,14,2011,34.97133
44773,1,14,2012,35.16191
44773,1,14,2013,35.16513
44773,1,14,2014,35.48137
44773,1,14,2015,35.63555
44773,1,14,2016,36.06669
44773,1,14,2017,36.40367
44773,1,14,2018,36.61106
44773,1,14,2019,37.02551
44773,2,14,1950,33.93341
44773,2,14,1951,33.77194
44773,2,14,1952,34.37477
44773,2,14,1953,34.64094
44773,2,14,1954,34.87292
44773,2,14,1955,34.79575
44773,2,14,1956,35.01331
44773,2,14,1957,35.12603
44773,2,14,1958,35.33822
44773,2,14,1959,35.22565
44773,2,14,1960,35.46192
44773,2,14,1961,35.29698
44773,2,14,1962,35.58386
44773,2,14,1963,35.47878
44773,2,14,1964,35.84935
44773,2,14,1965,35.74738
44773,2,14,1966,35.86863
44773,2,14,1967,35.89061
44773,2,14,1968,35.8053
44773,2,14,1969,35.84738
44773,2,14,1970,35.89716
44773,2,14,1971,35.90749
44773,2,14,1972,36.06545
44773,2,14,1973,35.87132
44773,2,14,1974,36.01896
44773,2,14,1975,35.89141
44773,2,14,1976,35.86647
44773,2,14,1977,35.8433
44773,2,14,1978,35.58982
44773,2,14,1979,35.32989
44773,2,14,1980,35.17291
44773,2,14,1981,35.04172
44773,2,14,1982,35.04659
44773,2,14,1983,34.98177
44773,2,14,1984,35.06204
44773,2,14,1985,34.74361
44773,2,14,1986,34.90363
44773,2,14,1987,35.13492
44773,2,14,1988,35.26589
44773,2,14,1989,35.44193
44773,2,14,1990,35.69409
44773,2,14,1991,35.77826
44773,2,14,1992,35.74515
44773,2,14,1993,35.81254
44773,2,14,1994,35.88216
44773,2,14,1995,35.89571
44773,2,14,1996,35.94566
44773,2,14,1997,35.68907
44773,2,14,1998,35.72301
44773,2,14,1999,35.71711
44773,2,14,2000,36.09688
44773,2,14,2001,36.41729
44773,2,14,2002,36.52753
44773,2,14,2003,36.71578
44773,2,14,2004,37.12145
44773,2,14,2005,37.37176
44773,2,14,2006,37.59433
44773,2,14,2007,37.84923
44773,2,14,2008,38.32985
44773,2,14,2009,38.72883
44773,2,14,2010,38.65393
44773,2,14,2011,38.82562
44773,2,14,2012,38.74181
44773,2,14,2013,38.7242
44773,2,14,2014,38.93569
44773,2,14,2015,38.97246
44773,2,14,2016,39.173
44773,2,14,2017,39.17213
44773,2,14,2018,39.34709
44773,2,14,2019,39.68681
44773,3,14,1950,31.231
44773,3,14,1951,31.06197
44773,3,14,1952,31.49312
44773,3,14,1953,31.76178
44773,3,14,1954,31.82845
44773,3,14,1955,31.84942
44773,3,14,1956,31.94426
44773,3,14,1957,32.02266
44773,3,14,1958,32.09193
44773,3,14,1959,32.16049
44773,3,14,1960,32.32126
44773,3,14,1961,32.32606
44773,3,14,1962,32.14471
44773,3,14,1963,32.04022
44773,3,14,1964,32.70837
44773,3,14,1965,32.4529
44773,3,14,1966,32.59814
44773,3,14,1967,32.7232
44773,3,14,1968,32.57702
44773,3,14,1969,32.42251
44773,3,14,1970,32.65453
44773,3,14,1971,32.64692
44773,3,14,1972,32.51213
44773,3,14,1973,32.50789
44773,3,14,1974,32.61435
44773,3,14,1975,32.60709
44773,3,14,1976,32.63078
44773,3,14,1977,32.63712
44773,3,14,1978,32.4391
44773,3,14,1979,32.1507
44773,3,14,1980,32.07683
44773,3,14,1981,32.01917
44773,3,14,1982,32.04488
44773,3,14,1983,31.95981
44773,3,14,1984,31.93579
44773,3,14,1985,31.88142
44773,3,14,1986,32.22293
44773,3,14,1987,32.54569
44773,3,14,1988,32.65812
44773,3,14,1989,32.73231
44773,3,14,1990,32.79365
44773,3,14,1991,32.81844
44773,3,14,1992,32.86269
44773,3,14,1993,32.90857
44773,3,14,1994,33.10457
44773,3,14,1995,33.13834
44773,3,14,1996,33.38633
44773,3,14,1997,33.48012
44773,3,14,1998,33.58319
44773,3,14,1999,33.5893
44773,3,14,2000,33.96051
44773,3,14,2001,34.26954
44773,3,14,2002,34.50944
44773,3,14,2003,34.65283
44773,3,14,2004,35.06076
44773,3,14,2005,35.38479
44773,3,14,2006,35.58837
44773,3,14,2007,35.84094
44773,3,14,2008,36.20157
44773,3,14,2009,36.52005
44773,3,14,2010,36.65039
44773,3,14,2011,36.79333
44773,3,14,2012,36.85205
44773,3,14,2013,36.81266
44773,3,14,2014,37.07514
44773,3,14,2015,37.19877
44773,3,14,2016,37.5004
44773,3,14,2017,37.57034
44773,3,14,2018,37.71965
44773,3,14,2019,38.00076
44774,1,14,1950,30.58668
44774,1,14,1951,30.44207
44774,1,14,1952,30.83389
44774,1,14,1953,31.28192
44774,1,14,1954,30.78656
44774,1,14,1955,31.03378
44774,1,14,1956,30.79017
44774,1,14,1957,31.24007
44774,1,14,1958,31.35121
44774,1,14,1959,31.33347
44774,1,14,1960,31.27272
44774,1,14,1961,31.13806
44774,1,14,1962,30.94631
44774,1,14,1963,30.94915
44774,1,14,1964,31.41926
44774,1,14,1965,31.60166
44774,1,14,1966,31.37665
44774,1,14,1967,31.60406
44774,1,14,1968,31.42567
44774,1,14,1969,31.26591
44774,1,14,1970,31.47543
44774,1,14,1971,31.26845
44774,1,14,1972,31.50657
44774,1,14,1973,31.53273
44774,1,14,1974,31.35795
44774,1,14,1975,31.4171
44774,1,14,1976,31.59398
44774,1,14,1977,31.35145
44774,1,14,1978,31.08763
44774,1,14,1979,30.74134
44774,1,14,1980,30.62619
44774,1,14,1981,30.52861
44774,1,14,1982,30.63659
44774,1,14,1983,30.40337
44774,1,14,1984,30.3347
44774,1,14,1985,30.29498
44774,1,14,1986,30.53435
44774,1,14,1987,30.758
44774,1,14,1988,30.97789
44774,1,14,1989,31.10513
44774,1,14,1990,31.33534
44774,1,14,1991,31.5962
44774,1,14,1992,31.8705
44774,1,14,1993,32.00396
44774,1,14,1994,32.38221
44774,1,14,1995,32.51585
44774,1,14,1996,32.90686
44774,1,14,1997,33.19566
44774,1,14,1998,33.36085
44774,1,14,1999,33.47608
44774,1,14,2000,33.84265
44774,1,14,2001,34.18529
44774,1,14,2002,34.46182
44774,1,14,2003,34.48153
44774,1,14,2004,34.74794
44774,1,14,2005,35.07904
44774,1,14,2006,35.29587
44774,1,14,2007,35.53143
44774,1,14,2008,35.72081
44774,1,14,2009,35.8777
44774,1,14,2010,36.04357
44774,1,14,2011,36.11537
44774,1,14,2012,36.18396
44774,1,14,2013,36.05924
44774,1,14,2014,36.20144
44774,1,14,2015,36.24513
44774,1,14,2016,36.60421
44774,1,14,2017,36.70829
44774,1,14,2018,36.80404
44774,1,14,2019,37.28375
44774,2,14,1950,34.47799
44774,2,14,1951,34.13746
44774,2,14,1952,34.81007
44774,2,14,1953,35.22387
44774,2,14,1954,35.32613
44774,2,14,1955,35.33111
44774,2,14,1956,35.40509
44774,2,14,1957,35.64777
44774,2,14,1958,35.89635
44774,2,14,1959,35.80619
44774,2,14,1960,36.00412
44774,2,14,1961,36.01136
44774,2,14,1962,35.78791
44774,2,14,1963,36.30862
44774,2,14,1964,36.57409
44774,2,14,1965,36.4376
44774,2,14,1966,36.41765
44774,2,14,1967,37.00146
44774,2,14,1968,36.46433
44774,2,14,1969,36.61147
44774,2,14,1970,36.7784
44774,2,14,1971,36.95295
44774,2,14,1972,36.67876
44774,2,14,1973,36.77924
44774,2,14,1974,36.83171
44774,2,14,1975,36.76335
44774,2,14,1976,36.73013
44774,2,14,1977,36.83423
44774,2,14,1978,36.65275
44774,2,14,1979,36.30778
44774,2,14,1980,36.31028
44774,2,14,1981,36.23681
44774,2,14,1982,36.27884
44774,2,14,1983,36.29342
44774,2,14,1984,36.38365
44774,2,14,1985,36.05544
44774,2,14,1986,36.28816
44774,2,14,1987,36.4681
44774,2,14,1988,36.42262
44774,2,14,1989,36.58538
44774,2,14,1990,36.80662
44774,2,14,1991,36.79266
44774,2,14,1992,36.74065
44774,2,14,1993,36.804
44774,2,14,1994,36.98737
44774,2,14,1995,37.17263
44774,2,14,1996,37.48334
44774,2,14,1997,37.52833
44774,2,14,1998,37.70067
44774,2,14,1999,37.80559
44774,2,14,2000,38.14559
44774,2,14,2001,38.38663
44774,2,14,2002,38.44495
44774,2,14,2003,38.53829
44774,2,14,2004,38.76155
44774,2,14,2005,38.85485
44774,2,14,2006,39.00663
44774,2,14,2007,39.17723
44774,2,14,2008,39.46395
44774,2,14,2009,39.82004
44774,2,14,2010,39.75412
44774,2,14,2011,39.98282
44774,2,14,2012,39.91501
44774,2,14,2013,40.00062
44774,2,14,2014,40.23435
44774,2,14,2015,40.35932
44774,2,14,2016,40.47053
44774,2,14,2017,40.47252
44774,2,14,2018,40.60416
44774,2,14,2019,40.81093
44774,3,14,1950,31.59008
44774,3,14,1951,31.5714
44774,3,14,1952,32.04999
44774,3,14,1953,32.25528
44774,3,14,1954,32.35721
44774,3,14,1955,32.42531
44774,3,14,1956,32.39599
44774,3,14,1957,32.67065
44774,3,14,1958,32.56898
44774,3,14,1959,32.95303
44774,3,14,1960,32.75809
44774,3,14,1961,32.82211
44774,3,14,1962,32.56541
44774,3,14,1963,32.88744
44774,3,14,1964,33.32321
44774,3,14,1965,33.15337
44774,3,14,1966,33.22594
44774,3,14,1967,33.36841
44774,3,14,1968,33.17295
44774,3,14,1969,33.239
44774,3,14,1970,33.61011
44774,3,14,1971,33.60476
44774,3,14,1972,33.44616
44774,3,14,1973,33.42865
44774,3,14,1974,33.61252
44774,3,14,1975,33.54561
44774,3,14,1976,33.62502
44774,3,14,1977,33.63875
44774,3,14,1978,33.54591
44774,3,14,1979,33.32777
44774,3,14,1980,33.34515
44774,3,14,1981,33.2221
44774,3,14,1982,33.37838
44774,3,14,1983,33.27226
44774,3,14,1984,33.27625
44774,3,14,1985,33.10625
44774,3,14,1986,33.31517
44774,3,14,1987,33.50377
44774,3,14,1988,33.62092
44774,3,14,1989,33.74059
44774,3,14,1990,33.96746
44774,3,14,1991,34.11626
44774,3,14,1992,34.22689
44774,3,14,1993,34.33334
44774,3,14,1994,34.62258
44774,3,14,1995,34.76635
44774,3,14,1996,35.08518
44774,3,14,1997,35.32455
44774,3,14,1998,35.44029
44774,3,14,1999,35.53373
44774,3,14,2000,35.88751
44774,3,14,2001,36.23814
44774,3,14,2002,36.3408
44774,3,14,2003,36.42955
44774,3,14,2004,36.67573
44774,3,14,2005,36.87356
44774,3,14,2006,37.07013
44774,3,14,2007,37.28644
44774,3,14,2008,37.49016
44774,3,14,2009,37.68722
44774,3,14,2010,37.78546
44774,3,14,2011,37.90864
44774,3,14,2012,37.90671
44774,3,14,2013,37.83114
44774,3,14,2014,38.0223
44774,3,14,2015,38.09855
44774,3,14,2016,38.36463
44774,3,14,2017,38.33307
44774,3,14,2018,38.3691
44774,3,14,2019,38.72181
44775,1,14,1950,31.5681
44775,1,14,1951,30.77591
44775,1,14,1952,31.2567
44775,1,14,1953,31.51007
44775,1,14,1954,31.53411
44775,1,14,1955,31.48225
44775,1,14,1956,31.32191
44775,1,14,1957,31.63706
44775,1,14,1958,31.45059
44775,1,14,1959,31.86727
44775,1,14,1960,31.64237
44775,1,14,1961,31.44757
44775,1,14,1962,31.4922
44775,1,14,1963,31.29517
44775,1,14,1964,31.50578
44775,1,14,1965,31.57209
44775,1,14,1966,31.31958
44775,1,14,1967,31.49592
44775,1,14,1968,31.43899
44775,1,14,1969,31.02873
44775,1,14,1970,31.41774
44775,1,14,1971,31.32956
44775,1,14,1972,31.19843
44775,1,14,1973,31.0313
44775,1,14,1974,31.14886
44775,1,14,1975,31.02618
44775,1,14,1976,31.06253
44775,1,14,1977,30.99625
44775,1,14,1978,30.69994
44775,1,14,1979,30.37129
44775,1,14,1980,30.21418
44775,1,14,1981,30.04342
44775,1,14,1982,30.22894
44775,1,14,1983,30.35277
44775,1,14,1984,30.47973
44775,1,14,1985,30.65691
44775,1,14,1986,31.05442
44775,1,14,1987,31.3731
44775,1,14,1988,31.64707
44775,1,14,1989,31.78623
44775,1,14,1990,32.00978
44775,1,14,1991,32.26871
44775,1,14,1992,32.47813
44775,1,14,1993,32.60563
44775,1,14,1994,32.92397
44775,1,14,1995,32.96789
44775,1,14,1996,33.28559
44775,1,14,1997,33.66516
44775,1,14,1998,33.88072
44775,1,14,1999,33.98771
44775,1,14,2000,34.33187
44775,1,14,2001,34.24556
44775,1,14,2002,34.34313
44775,1,14,2003,34.41184
44775,1,14,2004,34.88168
44775,1,14,2005,35.35061
44775,1,14,2006,35.67749
44775,1,14,2007,36.14688
44775,1,14,2008,36.45863
44775,1,14,2009,36.62889
44775,1,14,2010,36.86558
44775,1,14,2011,36.88449
44775,1,14,2012,37.08718
44775,1,14,2013,36.94747
44775,1,14,2014,37.22705
44775,1,14,2015,37.2289
44775,1,14,2016,37.51436
44775,1,14,2017,37.65349
44775,1,14,2018,37.76665
44775,1,14,2019,38.16922
44775,2,14,1950,34.65408
44775,2,14,1951,34.64026
44775,2,14,1952,35.18921
44775,2,14,1953,35.61627
44775,2,14,1954,35.59847
44775,2,14,1955,35.88088
44775,2,14,1956,35.94517
44775,2,14,1957,36.18556
44775,2,14,1958,36.38828
44775,2,14,1959,36.20132
44775,2,14,1960,36.27869
44775,2,14,1961,36.29948
44775,2,14,1962,36.14003
44775,2,14,1963,36.34783
44775,2,14,1964,36.62877
44775,2,14,1965,36.83012
44775,2,14,1966,36.9992
44775,2,14,1967,37.03427
44775,2,14,1968,36.81966
44775,2,14,1969,36.76751
44775,2,14,1970,36.81742
44775,2,14,1971,36.91862
44775,2,14,1972,36.77433
44775,2,14,1973,36.81629
44775,2,14,1974,37.04614
44775,2,14,1975,36.80081
44775,2,14,1976,36.77513
44775,2,14,1977,36.91529
44775,2,14,1978,36.50771
44775,2,14,1979,36.2375
44775,2,14,1980,36.1258
44775,2,14,1981,35.98913
44775,2,14,1982,35.86942
44775,2,14,1983,35.74473
44775,2,14,1984,35.78145
44775,2,14,1985,35.42972
44775,2,14,1986,35.58191
44775,2,14,1987,35.69068
44775,2,14,1988,35.66884
44775,2,14,1989,35.90678
44775,2,14,1990,36.13668
44775,2,14,1991,36.19233
44775,2,14,1992,36.15218
44775,2,14,1993,36.19339
44775,2,14,1994,36.50279
44775,2,14,1995,36.79579
44775,2,14,1996,37.10103
44775,2,14,1997,37.173
44775,2,14,1998,37.40252
44775,2,14,1999,37.51924
44775,2,14,2000,37.79914
44775,2,14,2001,38.07868
44775,2,14,2002,38.13295
44775,2,14,2003,38.16712
44775,2,14,2004,38.46859
44775,2,14,2005,38.59908
44775,2,14,2006,38.83657
44775,2,14,2007,39.04845
44775,2,14,2008,39.35999
44775,2,14,2009,39.55259
44775,2,14,2010,39.38523
44775,2,14,2011,39.37378
44775,2,14,2012,39.15283
44775,2,14,2013,39.14716
44775,2,14,2014,39.34942
44775,2,14,2015,39.52448
44775,2,14,2016,39.69258
44775,2,14,2017,39.88346
44775,2,14,2018,40.17148
44775,2,14,2019,40.72655
44775,3,14,1950,32.08137
44775,3,14,1951,31.80372
44775,3,14,1952,32.23189
44775,3,14,1953,32.56045
44775,3,14,1954,32.68776
44775,3,14,1955,32.69701
44775,3,14,1956,32.79781
44775,3,14,1957,32.90216
44775,3,14,1958,32.87191
44775,3,14,1959,33.16383
44775,3,14,1960,33.03688
44775,3,14,1961,32.94188
44775,3,14,1962,32.80654
44775,3,14,1963,32.84048
44775,3,14,1964,33.25884
44775,3,14,1965,33.37001
44775,3,14,1966,33.16754
44775,3,14,1967,33.3525
44775,3,14,1968,33.28096
44775,3,14,1969,32.98281
44775,3,14,1970,33.51994
44775,3,14,1971,33.32396
44775,3,14,1972,33.33631
44775,3,14,1973,33.16395
44775,3,14,1974,33.2785
44775,3,14,1975,33.30899
44775,3,14,1976,33.26844
44775,3,14,1977,33.24057
44775,3,14,1978,33.05777
44775,3,14,1979,32.91334
44775,3,14,1980,32.83968
44775,3,14,1981,32.81615
44775,3,14,1982,32.84581
44775,3,14,1983,32.87926
44775,3,14,1984,32.9705
44775,3,14,1985,32.93646
44775,3,14,1986,33.25374
44775,3,14,1987,33.43729
44775,3,14,1988,33.58817
44775,3,14,1989,33.81439
44775,3,14,1990,33.99574
44775,3,14,1991,34.16498
44775,3,14,1992,34.28196
44775,3,14,1993,34.33649
44775,3,14,1994,34.69381
44775,3,14,1995,34.82234
44775,3,14,1996,35.13798
44775,3,14,1997,35.38597
44775,3,14,1998,35.58548
44775,3,14,1999,35.71225
44775,3,14,2000,36.00919
44775,3,14,2001,36.10092
44775,3,14,2002,36.19245
44775,3,14,2003,36.24043
44775,3,14,2004,36.62203
44775,3,14,2005,36.90681
44775,3,14,2006,37.21661
44775,3,14,2007,37.53763
44775,3,14,2008,37.85199
44775,3,14,2009,37.99557
44775,3,14,2010,38.01779
44775,3,14,2011,38.05194
44775,3,14,2012,38.01764
44775,3,14,2013,37.97589
44775,3,14,2014,38.20051
44775,3,14,2015,38.31611
44775,3,14,2016,38.47524
44775,3,14,2017,38.63932
44775,3,14,2018,38.75807
44775,3,14,2019,39.0696
44776,1,14,1950,30.32168
44776,1,14,1951,29.83581
44776,1,14,1952,30.08559
44776,1,14,1953,30.78067
44776,1,14,1954,30.58362
44776,1,14,1955,30.46069
44776,1,14,1956,30.40647
44776,1,14,1957,30.32208
44776,1,14,1958,30.70719
44776,1,14,1959,30.7383
44776,1,14,1960,30.64103
44776,1,14,1961,30.45301
44776,1,14,1962,30.59676
44776,1,14,1963,30.44093
44776,1,14,1964,30.51915
44776,1,14,1965,30.58569
44776,1,14,1966,30.50191
44776,1,14,1967,30.81445
44776,1,14,1968,30.5924
44776,1,14,1969,30.26405
44776,1,14,1970,30.38383
44776,1,14,1971,30.45425
44776,1,14,1972,30.12262
44776,1,14,1973,30.11857
44776,1,14,1974,30.51738
44776,1,14,1975,30.20837
44776,1,14,1976,30.22992
44776,1,14,1977,30.14315
44776,1,14,1978,29.86209
44776,1,14,1979,29.63417
44776,1,14,1980,29.47526
44776,1,14,1981,29.3701
44776,1,14,1982,29.89044
44776,1,14,1983,30.0319
44776,1,14,1984,30.11688
44776,1,14,1985,30.17208
44776,1,14,1986,30.05526
44776,1,14,1987,30.08295
44776,1,14,1988,30.0631
44776,1,14,1989,30.43732
44776,1,14,1990,30.48559
44776,1,14,1991,30.41984
44776,1,14,1992,30.12572
44776,1,14,1993,30.3689
44776,1,14,1994,30.76385
44776,1,14,1995,30.77401
44776,1,14,1996,30.99355
44776,1,14,1997,31.37443
44776,1,14,1998,32.04736
44776,1,14,1999,32.1729
44776,1,14,2000,32.43433
44776,1,14,2001,32.82983
44776,1,14,2002,33.2215
44776,1,14,2003,33.36099
44776,1,14,2004,33.54499
44776,1,14,2005,33.8253
44776,1,14,2006,34.16672
44776,1,14,2007,34.74657
44776,1,14,2008,35.11291
44776,1,14,2009,35.29114
44776,1,14,2010,35.42905
44776,1,14,2011,35.45302
44776,1,14,2012,35.69022
44776,1,14,2013,35.56484
44776,1,14,2014,35.82153
44776,1,14,2015,35.83858
44776,1,14,2016,35.95428
44776,1,14,2017,36.11348
44776,1,14,2018,36.21457
44776,1,14,2019,36.7161
44776,2,14,1950,34.07858
44776,2,14,1951,34.1599
44776,2,14,1952,34.53267
44776,2,14,1953,34.94278
44776,2,14,1954,35.26546
44776,2,14,1955,35.12911
44776,2,14,1956,35.32502
44776,2,14,1957,35.34977
44776,2,14,1958,35.86517
44776,2,14,1959,35.75347
44776,2,14,1960,35.58255
44776,2,14,1961,35.58231
44776,2,14,1962,35.65196
44776,2,14,1963,35.7211
44776,2,14,1964,36.09688
44776,2,14,1965,36.09725
44776,2,14,1966,36.22519
44776,2,14,1967,36.55007
44776,2,14,1968,35.99923
44776,2,14,1969,36.13998
44776,2,14,1970,36.29016
44776,2,14,1971,36.27979
44776,2,14,1972,36.16892
44776,2,14,1973,36.1477
44776,2,14,1974,36.17477
44776,2,14,1975,36.0583
44776,2,14,1976,36.24706
44776,2,14,1977,36.17012
44776,2,14,1978,35.93389
44776,2,14,1979,35.65855
44776,2,14,1980,35.50463
44776,2,14,1981,35.35113
44776,2,14,1982,35.36973
44776,2,14,1983,35.35345
44776,2,14,1984,35.48423
44776,2,14,1985,35.13298
44776,2,14,1986,35.36606
44776,2,14,1987,35.47673
44776,2,14,1988,35.44921
44776,2,14,1989,35.57024
44776,2,14,1990,35.76894
44776,2,14,1991,35.87154
44776,2,14,1992,35.79007
44776,2,14,1993,35.85719
44776,2,14,1994,36.12356
44776,2,14,1995,36.20135
44776,2,14,1996,36.391
44776,2,14,1997,36.35411
44776,2,14,1998,36.49586
44776,2,14,1999,36.43418
44776,2,14,2000,36.65061
44776,2,14,2001,36.77219
44776,2,14,2002,36.82031
44776,2,14,2003,37.00133
44776,2,14,2004,37.36979
44776,2,14,2005,37.54527
44776,2,14,2006,37.82246
44776,2,14,2007,38.04739
44776,2,14,2008,38.41617
44776,2,14,2009,38.74084
44776,2,14,2010,38.69181
44776,2,14,2011,38.86496
44776,2,14,2012,38.79862
44776,2,14,2013,38.81272
44776,2,14,2014,39.17003
44776,2,14,2015,39.29543
44776,2,14,2016,39.48168
44776,2,14,2017,39.53759
44776,2,14,2018,39.7105
44776,2,14,2019,40.00107
44776,3,14,1950,31.20669
44776,3,14,1951,31.17111
44776,3,14,1952,31.60625
44776,3,14,1953,31.87839
44776,3,14,1954,31.9462
44776,3,14,1955,32.00675
44776,3,14,1956,31.89396
44776,3,14,1957,32.09251
44776,3,14,1958,32.28878
44776,3,14,1959,32.3631
44776,3,14,1960,32.3788
44776,3,14,1961,32.24198
44776,3,14,1962,32.1049
44776,3,14,1963,32.2166
44776,3,14,1964,32.57304
44776,3,14,1965,32.46168
44776,3,14,1966,32.43554
44776,3,14,1967,32.74726
44776,3,14,1968,32.55551
44776,3,14,1969,32.35735
44776,3,14,1970,32.46788
44776,3,14,1971,32.68016
44776,3,14,1972,32.44584
44776,3,14,1973,32.42113
44776,3,14,1974,32.6429
44776,3,14,1975,32.61022
44776,3,14,1976,32.64108
44776,3,14,1977,32.53194
44776,3,14,1978,32.44834
44776,3,14,1979,32.16398
44776,3,14,1980,32.27506
44776,3,14,1981,32.24839
44776,3,14,1982,32.53269
44776,3,14,1983,32.62142
44776,3,14,1984,32.74453
44776,3,14,1985,32.57541
44776,3,14,1986,32.63379
44776,3,14,1987,32.69449
44776,3,14,1988,32.67579
44776,3,14,1989,32.91296
44776,3,14,1990,33.05835
44776,3,14,1991,33.00764
44776,3,14,1992,32.82389
44776,3,14,1993,33.00663
44776,3,14,1994,33.34068
44776,3,14,1995,33.36374
44776,3,14,1996,33.5657
44776,3,14,1997,33.78814
44776,3,14,1998,34.163
44776,3,14,1999,34.18124
44776,3,14,2000,34.42125
44776,3,14,2001,34.70168
44776,3,14,2002,34.90017
44776,3,14,2003,35.0413
44776,3,14,2004,35.35775
44776,3,14,2005,35.59527
44776,3,14,2006,35.8943
44776,3,14,2007,36.27248
44776,3,14,2008,36.66565
44776,3,14,2009,36.8794
44776,3,14,2010,36.94607
44776,3,14,2011,37.04707
44776,3,14,2012,37.12226
44776,3,14,2013,37.08044
44776,3,14,2014,37.37431
44776,3,14,2015,37.42423
44776,3,14,2016,37.62256
44776,3,14,2017,37.65109
44776,3,14,2018,37.6556
44776,3,14,2019,38.04954
44777,1,14,1950,30.98586
44777,1,14,1951,30.70483
44777,1,14,1952,31.01811
44777,1,14,1953,31.54392
44777,1,14,1954,31.2715
44777,1,14,1955,31.39966
44777,1,14,1956,31.15368
44777,1,14,1957,31.20495
44777,1,14,1958,31.50709
44777,1,14,1959,31.35191
44777,1,14,1960,31.65197
44777,1,14,1961,31.20439
44777,1,14,1962,31.35921
44777,1,14,1963,31.00934
44777,1,14,1964,31.2577
44777,1,14,1965,31.37436
44777,1,14,1966,31.1812
44777,1,14,1967,31.5074
44777,1,14,1968,31.13611
44777,1,14,1969,31.02565
44777,1,14,1970,31.25191
44777,1,14,1971,31.2899
44777,1,14,1972,31.15418
44777,1,14,1973,31.20133
44777,1,14,1974,31.06598
44777,1,14,1975,30.96719
44777,1,14,1976,31.05412
44777,1,14,1977,30.92364
44777,1,14,1978,30.70074
44777,1,14,1979,30.2745
44777,1,14,1980,30.09022
44777,1,14,1981,29.8724
44777,1,14,1982,29.89827
44777,1,14,1983,29.69076
44777,1,14,1984,29.57125
44777,1,14,1985,29.53638
44777,1,14,1986,29.87032
44777,1,14,1987,30.03088
44777,1,14,1988,30.26606
44777,1,14,1989,30.36216
44777,1,14,1990,30.49598
44777,1,14,1991,30.4617
44777,1,14,1992,30.45218
44777,1,14,1993,30.41553
44777,1,14,1994,30.74032
44777,1,14,1995,30.74745
44777,1,14,1996,31.07927
44777,1,14,1997,31.51325
44777,1,14,1998,31.81759
44777,1,14,1999,32.03537
44777,1,14,2000,32.56568
44777,1,14,2001,32.93231
44777,1,14,2002,33.38137
44777,1,14,2003,33.85693
44777,1,14,2004,34.16589
44777,1,14,2005,34.33366
44777,1,14,2006,34.35993
44777,1,14,2007,34.61711
44777,1,14,2008,34.78434
44777,1,14,2009,34.97935
44777,1,14,2010,35.17512
44777,1,14,2011,35.23989
44777,1,14,2012,35.38356
44777,1,14,2013,35.31063
44777,1,14,2014,35.53805
44777,1,14,2015,35.67128
44777,1,14,2016,35.65152
44777,1,14,2017,36.11646
44777,1,14,2018,36.34378
44777,1,14,2019,36.88638
44777,2,14,1950,33.89773
44777,2,14,1951,33.93128
44777,2,14,1952,34.35178
44777,2,14,1953,34.622
44777,2,14,1954,34.61292
44777,2,14,1955,34.99067
44777,2,14,1956,34.94078
44777,2,14,1957,35.25263
44777,2,14,1958,35.33693
44777,2,14,1959,35.14536
44777,2,14,1960,35.287
44777,2,14,1961,35.03781
44777,2,14,1962,35.08084
44777,2,14,1963,35.08659
44777,2,14,1964,35.61872
44777,2,14,1965,35.65049
44777,2,14,1966,35.78414
44777,2,14,1967,35.81889
44777,2,14,1968,35.4121
44777,2,14,1969,35.61904
44777,2,14,1970,35.57245
44777,2,14,1971,35.42411
44777,2,14,1972,35.49363
44777,2,14,1973,35.40321
44777,2,14,1974,35.34291
44777,2,14,1975,35.37361
44777,2,14,1976,35.27081
44777,2,14,1977,35.20738
44777,2,14,1978,35.07154
44777,2,14,1979,34.72631
44777,2,14,1980,34.51663
44777,2,14,1981,34.39601
44777,2,14,1982,34.33589
44777,2,14,1983,34.3545
44777,2,14,1984,34.40707
44777,2,14,1985,34.09754
44777,2,14,1986,34.39649
44777,2,14,1987,34.65936
44777,2,14,1988,34.69617
44777,2,14,1989,34.97844
44777,2,14,1990,35.25407
44777,2,14,1991,35.4072
44777,2,14,1992,35.28099
44777,2,14,1993,35.24611
44777,2,14,1994,35.49111
44777,2,14,1995,35.62116
44777,2,14,1996,35.94907
44777,2,14,1997,35.94458
44777,2,14,1998,36.10768
44777,2,14,1999,36.16817
44777,2,14,2000,36.4914
44777,2,14,2001,36.81228
44777,2,14,2002,36.99597
44777,2,14,2003,37.32648
44777,2,14,2004,37.90168
44777,2,14,2005,38.37139
44777,2,14,2006,38.81668
44777,2,14,2007,39.07694
44777,2,14,2008,39.43552
44777,2,14,2009,39.64112
44777,2,14,2010,39.53541
44777,2,14,2011,39.67342
44777,2,14,2012,39.50489
44777,2,14,2013,39.52882
44777,2,14,2014,39.78048
44777,2,14,2015,39.91169
44777,2,14,2016,40.05015
44777,2,14,2017,40.07805
44777,2,14,2018,40.18648
44777,2,14,2019,40.4909
44777,3,14,1950,31.62447
44777,3,14,1951,31.60569
44777,3,14,1952,31.82446
44777,3,14,1953,32.15906
44777,3,14,1954,32.25684
44777,3,14,1955,32.31619
44777,3,14,1956,32.38629
44777,3,14,1957,32.40629
44777,3,14,1958,32.5639
44777,3,14,1959,32.59317
44777,3,14,1960,32.6726
44777,3,14,1961,32.40461
44777,3,14,1962,32.5055
44777,3,14,1963,32.26695
44777,3,14,1964,32.78328
44777,3,14,1965,32.74808
44777,3,14,1966,32.64551
44777,3,14,1967,32.80126
44777,3,14,1968,32.58352
44777,3,14,1969,32.56558
44777,3,14,1970,32.72346
44777,3,14,1971,32.70291
44777,3,14,1972,32.47608
44777,3,14,1973,32.63922
44777,3,14,1974,32.54558
44777,3,14,1975,32.5472
44777,3,14,1976,32.44708
44777,3,14,1977,32.60748
44777,3,14,1978,32.28791
44777,3,14,1979,32.11744
44777,3,14,1980,32.00984
44777,3,14,1981,31.89888
44777,3,14,1982,31.95049
44777,3,14,1983,31.82498
44777,3,14,1984,31.83123
44777,3,14,1985,31.68828
44777,3,14,1986,31.96627
44777,3,14,1987,32.23273
44777,3,14,1988,32.35408
44777,3,14,1989,32.52071
44777,3,14,1990,32.7388
44777,3,14,1991,32.76924
44777,3,14,1992,32.71711
44777,3,14,1993,32.68862
44777,3,14,1994,32.93785
44777,3,14,1995,33.00685
44777,3,14,1996,33.31087
44777,3,14,1997,33.57079
44777,3,14,1998,33.817
44777,3,14,1999,33.9455
44777,3,14,2000,34.38691
44777,3,14,2001,34.71679
44777,3,14,2002,35.02878
44777,3,14,2003,35.42097
44777,3,14,2004,35.90218
44777,3,14,2005,36.15415
44777,3,14,2006,36.38999
44777,3,14,2007,36.66884
44777,3,14,2008,36.88551
44777,3,14,2009,37.13386
44777,3,14,2010,37.18238
44777,3,14,2011,37.23788
44777,3,14,2012,37.31527
44777,3,14,2013,37.27022
44777,3,14,2014,37.51265
44777,3,14,2015,37.57408
44777,3,14,2016,37.65057
44777,3,14,2017,37.90596
44777,3,14,2018,38.02064
44777,3,14,2019,38.36043
44778,1,14,1950,31.90022
44778,1,14,1951,31.95616
44778,1,14,1952,32.08709
44778,1,14,1953,32.16655
44778,1,14,1954,32.47765
44778,1,14,1955,32.55951
44778,1,14,1956,32.42241
44778,1,14,1957,32.59556
44778,1,14,1958,32.54195
44778,1,14,1959,32.65529
44778,1,14,1960,32.51801
44778,1,14,1961,32.28547
44778,1,14,1962,32.33746
44778,1,14,1963,32.38116
44778,1,14,1964,32.44677
44778,1,14,1965,32.60036
44778,1,14,1966,32.26434
44778,1,14,1967,32.64974
44778,1,14,1968,32.30133
44778,1,14,1969,32.42856
44778,1,14,1970,32.42746
44778,1,14,1971,32.36142
44778,1,14,1972,32.17202
44778,1,14,1973,32.32078
44778,1,14,1974,32.12633
44778,1,14,1975,32.30881
44778,1,14,1976,32.18368
44778,1,14,1977,32.05809
44778,1,14,1978,31.85304
44778,1,14,1979,31.52112
44778,1,14,1980,31.40995
44778,1,14,1981,31.35806
44778,1,14,1982,31.60152
44778,1,14,1983,31.67098
44778,1,14,1984,32.13993
44778,1,14,1985,32.15801
44778,1,14,1986,32.27372
44778,1,14,1987,32.78755
44778,1,14,1988,33.07492
44778,1,14,1989,33.14245
44778,1,14,1990,33.44807
44778,1,14,1991,33.94868
44778,1,14,1992,34.13996
44778,1,14,1993,34.39987
44778,1,14,1994,34.59831
44778,1,14,1995,34.28255
44778,1,14,1996,34.34227
44778,1,14,1997,34.75339
44778,1,14,1998,35.33596
44778,1,14,1999,35.17374
44778,1,14,2000,35.23525
44778,1,14,2001,35.47934
44778,1,14,2002,36.36672
44778,1,14,2003,36.68703
44778,1,14,2004,36.95346
44778,1,14,2005,37.53146
44778,1,14,2006,37.77838
44778,1,14,2007,37.73911
44778,1,14,2008,37.41975
44778,1,14,2009,37.36401
44778,1,14,2010,37.63102
44778,1,14,2011,38.15092
44778,1,14,2012,38.10262
44778,1,14,2013,38.1639
44778,1,14,2014,38.4463
44778,1,14,2015,38.54382
44778,1,14,2016,38.74476
44778,1,14,2017,38.83356
44778,1,14,2018,39.27629
44778,1,14,2019,39.87958
44778,2,14,1950,35.33628
44778,2,14,1951,35.13284
44778,2,14,1952,35.55736
44778,2,14,1953,35.99032
44778,2,14,1954,36.06594
44778,2,14,1955,36.11328
44778,2,14,1956,36.15832
44778,2,14,1957,36.31001
44778,2,14,1958,36.56071
44778,2,14,1959,36.65666
44778,2,14,1960,36.62867
44778,2,14,1961,36.65028
44778,2,14,1962,36.49695
44778,2,14,1963,36.53532
44778,2,14,1964,37.08982
44778,2,14,1965,37.14962
44778,2,14,1966,37.06727
44778,2,14,1967,37.29777
44778,2,14,1968,37.13907
44778,2,14,1969,37.19299
44778,2,14,1970,37.05146
44778,2,14,1971,37.19942
44778,2,14,1972,37.12278
44778,2,14,1973,36.92133
44778,2,14,1974,37.11602
44778,2,14,1975,37.08493
44778,2,14,1976,37.25845
44778,2,14,1977,37.37454
44778,2,14,1978,37.13979
44778,2,14,1979,36.92775
44778,2,14,1980,36.97258
44778,2,14,1981,36.93209
44778,2,14,1982,37.14761
44778,2,14,1983,36.93672
44778,2,14,1984,36.84004
44778,2,14,1985,36.82842
44778,2,14,1986,36.82327
44778,2,14,1987,36.8904
44778,2,14,1988,36.93708
44778,2,14,1989,36.87789
44778,2,14,1990,37.08783
44778,2,14,1991,37.29457
44778,2,14,1992,37.60066
44778,2,14,1993,37.72393
44778,2,14,1994,38.03184
44778,2,14,1995,38.13139
44778,2,14,1996,38.37851
44778,2,14,1997,38.46971
44778,2,14,1998,38.75314
44778,2,14,1999,38.93304
44778,2,14,2000,39.22808
44778,2,14,2001,39.59193
44778,2,14,2002,39.60982
44778,2,14,2003,39.78016
44778,2,14,2004,40.22849
44778,2,14,2005,40.46147
44778,2,14,2006,40.69249
44778,2,14,2007,40.78874
44778,2,14,2008,40.95735
44778,2,14,2009,41.45108
44778,2,14,2010,41.51278
44778,2,14,2011,41.60676
44778,2,14,2012,41.47751
44778,2,14,2013,41.42575
44778,2,14,2014,41.58707
44778,2,14,2015,41.52548
44778,2,14,2016,41.52783
44778,2,14,2017,41.66802
44778,2,14,2018,41.83128
44778,2,14,2019,42.15775
44778,3,14,1950,32.73174
44778,3,14,1951,32.6758
44778,3,14,1952,33.03561
44778,3,14,1953,33.33631
44778,3,14,1954,33.45395
44778,3,14,1955,33.44563
44778,3,14,1956,33.46747
44778,3,14,1957,33.59005
44778,3,14,1958,33.70361
44778,3,14,1959,33.78527
44778,3,14,1960,33.93704
44778,3,14,1961,33.68791
44778,3,14,1962,33.74705
44778,3,14,1963,33.71284
44778,3,14,1964,34.03373
44778,3,14,1965,33.98668
44778,3,14,1966,33.94666
44778,3,14,1967,34.2083
44778,3,14,1968,33.99569
44778,3,14,1969,33.97262
44778,3,14,1970,34.02985
44778,3,14,1971,34.08726
44778,3,14,1972,33.96934
44778,3,14,1973,33.94544
44778,3,14,1974,33.94551
44778,3,14,1975,34.18016
44778,3,14,1976,34.07561
44778,3,14,1977,34.09942
44778,3,14,1978,34.10775
44778,3,14,1979,33.85981
44778,3,14,1980,33.93189
44778,3,14,1981,33.95883
44778,3,14,1982,34.21467
44778,3,14,1983,34.21022
44778,3,14,1984,34.42919
44778,3,14,1985,34.41453
44778,3,14,1986,34.49197
44778,3,14,1987,34.76955
44778,3,14,1988,34.94053
44778,3,14,1989,34.97272
44778,3,14,1990,35.22413
44778,3,14,1991,35.5984
44778,3,14,1992,35.81668
44778,3,14,1993,36.02975
44778,3,14,1994,36.29788
44778,3,14,1995,36.14793
44778,3,14,1996,36.32531
44778,3,14,1997,36.57728
44778,3,14,1998,37.01949
44778,3,14,1999,37.0183
44778,3,14,2000,37.17705
44778,3,14,2001,37.51067
44778,3,14,2002,37.94311
44778,3,14,2003,38.18776
44778,3,14,2004,38.58487
44778,3,14,2005,38.94832
44778,3,14,2006,39.1665
44778,3,14,2007,39.18537
44778,3,14,2008,39.08197
44778,3,14,2009,39.27739
44778,3,14,2010,39.48309
44778,3,14,2011,39.79226
44778,3,14,2012,39.68906
44778,3,14,2013,39.70093
44778,3,14,2014,39.90414
44778,3,14,2015,39.91037
44778,3,14,2016,39.99608
44778,3,14,2017,40.08609
44778,3,14,2018,40.30604
44778,3,14,2019,40.69697
44779,1,14,1950,31.5191
44779,1,14,1951,31.26064
44779,1,14,1952,31.57259
44779,1,14,1953,31.89477
44779,1,14,1954,32.12318
44779,1,14,1955,32.14848
44779,1,14,1956,32.13026
44779,1,14,1957,32.08659
44779,1,14,1958,32.29155
44779,1,14,1959,32.17937
44779,1,14,1960,32.17876
44779,1,14,1961,31.89977
44779,1,14,1962,32.05991
44779,1,14,1963,31.9239
44779,1,14,1964,32.12723
44779,1,14,1965,32.26697
44779,1,14,1966,32.22097
44779,1,14,1967,32.4104
44779,1,14,1968,32.321
44779,1,14,1969,32.04646
44779,1,14,1970,32.07341
44779,1,14,1971,32.34788
44779,1,14,1972,32.11602
44779,1,14,1973,32.16687
44779,1,14,1974,32.09361
44779,1,14,1975,32.25392
44779,1,14,1976,32.10727
44779,1,14,1977,31.9965
44779,1,14,1978,31.79638
44779,1,14,1979,31.61789
44779,1,14,1980,31.523
44779,1,14,1981,31.47703
44779,1,14,1982,31.58261
44779,1,14,1983,31.5025
44779,1,14,1984,31.96795
44779,1,14,1985,31.89388
44779,1,14,1986,31.83945
44779,1,14,1987,32.66219
44779,1,14,1988,33.00235
44779,1,14,1989,33.13529
44779,1,14,1990,33.3483
44779,1,14,1991,33.6915
44779,1,14,1992,33.74496
44779,1,14,1993,33.87935
44779,1,14,1994,33.81204
44779,1,14,1995,33.75703
44779,1,14,1996,33.9785
44779,1,14,1997,34.41479
44779,1,14,1998,34.82149
44779,1,14,1999,35.15318
44779,1,14,2000,35.34722
44779,1,14,2001,35.62682
44779,1,14,2002,35.95305
44779,1,14,2003,36.42353
44779,1,14,2004,36.85025
44779,1,14,2005,37.05438
44779,1,14,2006,37.27775
44779,1,14,2007,37.39788
44779,1,14,2008,37.58221
44779,1,14,2009,37.75029
44779,1,14,2010,37.96779
44779,1,14,2011,38.1156
44779,1,14,2012,38.05858
44779,1,14,2013,37.991
44779,1,14,2014,38.12686
44779,1,14,2015,37.99382
44779,1,14,2016,38.14074
44779,1,14,2017,38.1415
44779,1,14,2018,38.41026
44779,1,14,2019,38.83377
44779,2,14,1950,34.50489
44779,2,14,1951,34.45279
44779,2,14,1952,35.27921
44779,2,14,1953,35.47125
44779,2,14,1954,35.68954
44779,2,14,1955,35.71572
44779,2,14,1956,35.64167
44779,2,14,1957,35.85845
44779,2,14,1958,36.09575
44779,2,14,1959,36.14426
44779,2,14,1960,36.17697
44779,2,14,1961,36.08162
44779,2,14,1962,36.17278
44779,2,14,1963,36.26359
44779,2,14,1964,36.50454
44779,2,14,1965,36.59084
44779,2,14,1966,36.71663
44779,2,14,1967,36.82116
44779,2,14,1968,36.88424
44779,2,14,1969,36.56741
44779,2,14,1970,36.87107
44779,2,14,1971,36.81812
44779,2,14,1972,36.78108
44779,2,14,1973,36.63724
44779,2,14,1974,36.719
44779,2,14,1975,36.8567
44779,2,14,1976,36.64292
44779,2,14,1977,36.69997
44779,2,14,1978,36.59963
44779,2,14,1979,36.29816
44779,2,14,1980,35.96043
44779,2,14,1981,35.90587
44779,2,14,1982,35.94434
44779,2,14,1983,35.9923
44779,2,14,1984,35.94839
44779,2,14,1985,36.12195
44779,2,14,1986,36.27423
44779,2,14,1987,36.57051
44779,2,14,1988,37.0891
44779,2,14,1989,37.21083
44779,2,14,1990,37.38024
44779,2,14,1991,37.49445
44779,2,14,1992,38.05977
44779,2,14,1993,38.24179
44779,2,14,1994,38.58753
44779,2,14,1995,38.62634
44779,2,14,1996,38.78097
44779,2,14,1997,38.84583
44779,2,14,1998,39.20495
44779,2,14,1999,39.30286
44779,2,14,2000,39.40175
44779,2,14,2001,39.60122
44779,2,14,2002,39.4934
44779,2,14,2003,39.48138
44779,2,14,2004,40.02481
44779,2,14,2005,40.51377
44779,2,14,2006,41.18053
44779,2,14,2007,41.27739
44779,2,14,2008,41.24319
44779,2,14,2009,41.46215
44779,2,14,2010,41.55846
44779,2,14,2011,41.47878
44779,2,14,2012,41.31921
44779,2,14,2013,41.24913
44779,2,14,2014,41.21906
44779,2,14,2015,40.93647
44779,2,14,2016,41.05568
44779,2,14,2017,41.20931
44779,2,14,2018,41.39045
44779,2,14,2019,41.76158
44779,3,14,1950,32.23998
44779,3,14,1951,31.92803
44779,3,14,1952,32.57184
44779,3,14,1953,32.91865
44779,3,14,1954,32.98563
44779,3,14,1955,32.86303
44779,3,14,1956,32.97734
44779,3,14,1957,33.15773
44779,3,14,1958,33.26198
44779,3,14,1959,33.58718
44779,3,14,1960,33.46508
44779,3,14,1961,33.19852
44779,3,14,1962,33.23769
44779,3,14,1963,33.47996
44779,3,14,1964,33.55647
44779,3,14,1965,33.72455
44779,3,14,1966,33.54528
44779,3,14,1967,33.84518
44779,3,14,1968,33.89775
44779,3,14,1969,33.69804
44779,3,14,1970,33.72445
44779,3,14,1971,33.80384
44779,3,14,1972,33.85794
44779,3,14,1973,33.79847
44779,3,14,1974,33.96483
44779,3,14,1975,33.99111
44779,3,14,1976,33.88538
44779,3,14,1977,33.94145
44779,3,14,1978,33.78527
44779,3,14,1979,33.55218
44779,3,14,1980,33.61538
44779,3,14,1981,33.62046
44779,3,14,1982,33.73566
44779,3,14,1983,33.76072
44779,3,14,1984,33.97558
44779,3,14,1985,33.98986
44779,3,14,1986,34.02826
44779,3,14,1987,34.60949
44779,3,14,1988,35.02548
44779,3,14,1989,35.16313
44779,3,14,1990,35.35925
44779,3,14,1991,35.57827
44779,3,14,1992,35.87852
44779,3,14,1993,36.04159
44779,3,14,1994,36.15742
44779,3,14,1995,36.11718
44779,3,14,1996,36.31033
44779,3,14,1997,36.59107
44779,3,14,1998,36.98097
44779,3,14,1999,37.18577
44779,3,14,2000,37.35946
44779,3,14,2001,37.54887
44779,3,14,2002,37.6931
44779,3,14,2003,37.89021
44779,3,14,2004,38.38798
44779,3,14,2005,38.73777
44779,3,14,2006,39.15503
44779,3,14,2007,39.27014
44779,3,14,2008,39.36485
44779,3,14,2009,39.52874
44779,3,14,2010,39.70814
44779,3,14,2011,39.72322
44779,3,14,2012,39.63655
44779,3,14,2013,39.56205
44779,3,14,2014,39.59691
44779,3,14,2015,39.38023
44779,3,14,2016,39.48832
44779,3,14,2017,39.52986
44779,3,14,2018,39.64599
44779,3,14,2019,39.9721
44780,1,14,1950,31.7681
44780,1,14,1951,31.53862
44780,1,14,1952,31.96712
44780,1,14,1953,32.23252
44780,1,14,1954,32.15815
44780,1,14,1955,32.21023
44780,1,14,1956,32.26587
44780,1,14,1957,32.33977
44780,1,14,1958,32.27435
44780,1,14,1959,32.70809
44780,1,14,1960,32.46917
44780,1,14,1961,32.2192
44780,1,14,1962,32.10424
44780,1,14,1963,32.33784
44780,1,14,1964,32.33849
44780,1,14,1965,32.34492
44780,1,14,1966,32.26255
44780,1,14,1967,32.6086
44780,1,14,1968,32.32444
44780,1,14,1969,32.37641
44780,1,14,1970,32.26097
44780,1,14,1971,32.56146
44780,1,14,1972,32.12532
44780,1,14,1973,32.423
44780,1,14,1974,32.39379
44780,1,14,1975,32.34387
44780,1,14,1976,32.13655
44780,1,14,1977,32.37909
44780,1,14,1978,31.75112
44780,1,14,1979,31.27028
44780,1,14,1980,31.18693
44780,1,14,1981,30.88874
44780,1,14,1982,31.06441
44780,1,14,1983,31.13856
44780,1,14,1984,31.52687
44780,1,14,1985,31.40608
44780,1,14,1986,31.32673
44780,1,14,1987,31.58096
44780,1,14,1988,31.75846
44780,1,14,1989,32.02624
44780,1,14,1990,32.10578
44780,1,14,1991,32.46584
44780,1,14,1992,32.7522
44780,1,14,1993,33.18032
44780,1,14,1994,33.54575
44780,1,14,1995,33.75107
44780,1,14,1996,33.94561
44780,1,14,1997,34.27056
44780,1,14,1998,34.39827
44780,1,14,1999,34.6069
44780,1,14,2000,34.80755
44780,1,14,2001,35.32522
44780,1,14,2002,35.12686
44780,1,14,2003,35.37571
44780,1,14,2004,35.55585
44780,1,14,2005,36.28664
44780,1,14,2006,36.73596
44780,1,14,2007,36.95409
44780,1,14,2008,37.20336
44780,1,14,2009,37.30023
44780,1,14,2010,37.4745
44780,1,14,2011,37.52937
44780,1,14,2012,37.49051
44780,1,14,2013,37.52638
44780,1,14,2014,37.86046
44780,1,14,2015,37.76277
44780,1,14,2016,37.87188
44780,1,14,2017,38.03722
44780,1,14,2018,38.33063
44780,1,14,2019,38.75735
44780,2,14,1950,34.65019
44780,2,14,1951,34.62695
44780,2,14,1952,35.25065
44780,2,14,1953,35.52073
44780,2,14,1954,35.59959
44780,2,14,1955,35.71699
44780,2,14,1956,35.78814
44780,2,14,1957,35.99951
44780,2,14,1958,35.9955
44780,2,14,1959,36.23539
44780,2,14,1960,36.34894
44780,2,14,1961,36.0299
44780,2,14,1962,36.04497
44780,2,14,1963,36.06917
44780,2,14,1964,36.71215
44780,2,14,1965,36.70566
44780,2,14,1966,36.58235
44780,2,14,1967,36.86609
44780,2,14,1968,36.69134
44780,2,14,1969,36.66766
44780,2,14,1970,36.64689
44780,2,14,1971,36.65669
44780,2,14,1972,36.52445
44780,2,14,1973,36.60528
44780,2,14,1974,36.69538
44780,2,14,1975,36.69904
44780,2,14,1976,36.68027
44780,2,14,1977,36.61449
44780,2,14,1978,36.3084
44780,2,14,1979,36.09903
44780,2,14,1980,35.97179
44780,2,14,1981,35.85227
44780,2,14,1982,35.89279
44780,2,14,1983,36.04887
44780,2,14,1984,36.06619
44780,2,14,1985,36.17102
44780,2,14,1986,36.31131
44780,2,14,1987,36.44559
44780,2,14,1988,36.59731
44780,2,14,1989,36.50817
44780,2,14,1990,36.63426
44780,2,14,1991,36.79994
44780,2,14,1992,37.15162
44780,2,14,1993,37.11395
44780,2,14,1994,37.35788
44780,2,14,1995,37.48019
44780,2,14,1996,37.76147
44780,2,14,1997,37.94514
44780,2,14,1998,38.10938
44780,2,14,1999,38.15797
44780,2,14,2000,38.37061
44780,2,14,2001,38.73871
44780,2,14,2002,38.74273
44780,2,14,2003,38.72591
44780,2,14,2004,39.14434
44780,2,14,2005,39.33867
44780,2,14,2006,39.53231
44780,2,14,2007,39.64903
44780,2,14,2008,39.65388
44780,2,14,2009,40.05447
44780,2,14,2010,40.15087
44780,2,14,2011,40.26653
44780,2,14,2012,40.19553
44780,2,14,2013,40.25326
44780,2,14,2014,40.48582
44780,2,14,2015,40.47269
44780,2,14,2016,40.54345
44780,2,14,2017,40.7803
44780,2,14,2018,41.032
44780,2,14,2019,41.32851
44780,3,14,1950,32.33209
44780,3,14,1951,32.32876
44780,3,14,1952,32.67275
44780,3,14,1953,32.94218
44780,3,14,1954,33.16165
44780,3,14,1955,33.20298
44780,3,14,1956,33.27857
44780,3,14,1957,33.41866
44780,3,14,1958,33.31241
44780,3,14,1959,33.51366
44780,3,14,1960,33.61195
44780,3,14,1961,33.40486
44780,3,14,1962,33.3522
44780,3,14,1963,33.44019
44780,3,14,1964,33.66013
44780,3,14,1965,33.72909
44780,3,14,1966,33.5717
44780,3,14,1967,33.86762
44780,3,14,1968,33.85742
44780,3,14,1969,33.76918
44780,3,14,1970,33.73809
44780,3,14,1971,33.92229
44780,3,14,1972,33.80269
44780,3,14,1973,33.9969
44780,3,14,1974,33.88663
44780,3,14,1975,34.09938
44780,3,14,1976,34.00499
44780,3,14,1977,33.93137
44780,3,14,1978,33.73756
44780,3,14,1979,33.37839
44780,3,14,1980,33.34712
44780,3,14,1981,33.25866
44780,3,14,1982,33.45164
44780,3,14,1983,33.54049
44780,3,14,1984,33.81174
44780,3,14,1985,33.74725
44780,3,14,1986,33.77236
44780,3,14,1987,33.98901
44780,3,14,1988,34.14177
44780,3,14,1989,34.25211
44780,3,14,1990,34.33622
44780,3,14,1991,34.61747
44780,3,14,1992,34.92545
44780,3,14,1993,35.17311
44780,3,14,1994,35.4307
44780,3,14,1995,35.58707
44780,3,14,1996,35.87347
44780,3,14,1997,36.1001
44780,3,14,1998,36.2381
44780,3,14,1999,36.35716
44780,3,14,2000,36.58274
44780,3,14,2001,36.99647
44780,3,14,2002,36.88636
44780,3,14,2003,37.02836
44780,3,14,2004,37.30645
44780,3,14,2005,37.77653
44780,3,14,2006,38.07402
44780,3,14,2007,38.2323
44780,3,14,2008,38.38406
44780,3,14,2009,38.61251
44780,3,14,2010,38.7732
44780,3,14,2011,38.83252
44780,3,14,2012,38.79368
44780,3,14,2013,38.80434
44780,3,14,2014,39.07992
44780,3,14,2015,39.02377
44780,3,14,2016,39.09823
44780,3,14,2017,39.29077
44780,3,14,2018,39.45576
44780,3,14,2019,39.69878
44781,1,14,1950,31.73485
44781,1,14,1951,31.53531
44781,1,14,1952,31.767
44781,1,14,1953,32.03801
44781,1,14,1954,32.39891
44781,1,14,1955,32.04998
44781,1,14,1956,32.35258
44781,1,14,1957,32.32579
44781,1,14,1958,32.43689
44781,1,14,1959,32.67514
44781,1,14,1960,32.52798
44781,1,14,1961,32.28648
44781,1,14,1962,32.34431
44781,1,14,1963,32.16862
44781,1,14,1964,32.51164
44781,1,14,1965,32.73793
44781,1,14,1966,32.35037
44781,1,14,1967,32.65022
44781,1,14,1968,32.64823
44781,1,14,1969,32.68017
44781,1,14,1970,32.50331
44781,1,14,1971,32.80135
44781,1,14,1972,32.51167
44781,1,14,1973,32.80992
44781,1,14,1974,32.58361
44781,1,14,1975,32.60011
44781,1,14,1976,32.66285
44781,1,14,1977,32.66179
44781,1,14,1978,32.36714
44781,1,14,1979,31.92037
44781,1,14,1980,31.99765
44781,1,14,1981,31.77774
44781,1,14,1982,31.78144
44781,1,14,1983,31.63814
44781,1,14,1984,31.89852
44781,1,14,1985,31.92799
44781,1,14,1986,32.00651
44781,1,14,1987,32.4636
44781,1,14,1988,32.50221
44781,1,14,1989,32.5557
44781,1,14,1990,32.83101
44781,1,14,1991,33.22139
44781,1,14,1992,33.34883
44781,1,14,1993,33.47993
44781,1,14,1994,33.68478
44781,1,14,1995,33.73273
44781,1,14,1996,33.99634
44781,1,14,1997,34.38291
44781,1,14,1998,34.43801
44781,1,14,1999,34.67831
44781,1,14,2000,34.89803
44781,1,14,2001,35.14313
44781,1,14,2002,35.22199
44781,1,14,2003,35.43654
44781,1,14,2004,35.54447
44781,1,14,2005,35.62785
44781,1,14,2006,35.77373
44781,1,14,2007,35.90591
44781,1,14,2008,36.12041
44781,1,14,2009,36.2117
44781,1,14,2010,36.53467
44781,1,14,2011,36.63764
44781,1,14,2012,36.58461
44781,1,14,2013,36.58173
44781,1,14,2014,36.58756
44781,1,14,2015,36.50162
44781,1,14,2016,36.62087
44781,1,14,2017,36.61996
44781,1,14,2018,36.9393
44781,1,14,2019,37.36348
44781,2,14,1950,34.92609
44781,2,14,1951,35.06453
44781,2,14,1952,35.3725
44781,2,14,1953,35.78466
44781,2,14,1954,35.94265
44781,2,14,1955,36.21204
44781,2,14,1956,36.07221
44781,2,14,1957,36.54855
44781,2,14,1958,36.51989
44781,2,14,1959,36.44413
44781,2,14,1960,36.59838
44781,2,14,1961,36.52186
44781,2,14,1962,36.45557
44781,2,14,1963,36.52635
44781,2,14,1964,36.96816
44781,2,14,1965,36.97834
44781,2,14,1966,37.21121
44781,2,14,1967,37.23756
44781,2,14,1968,37.23497
44781,2,14,1969,37.27122
44781,2,14,1970,37.13965
44781,2,14,1971,37.21012
44781,2,14,1972,37.27127
44781,2,14,1973,37.22243
44781,2,14,1974,37.32285
44781,2,14,1975,37.3487
44781,2,14,1976,37.1676
44781,2,14,1977,37.22654
44781,2,14,1978,37.07807
44781,2,14,1979,36.70649
44781,2,14,1980,36.50867
44781,2,14,1981,36.49201
44781,2,14,1982,36.39661
44781,2,14,1983,36.48905
44781,2,14,1984,36.3573
44781,2,14,1985,36.3813
44781,2,14,1986,36.46653
44781,2,14,1987,36.67185
44781,2,14,1988,36.8783
44781,2,14,1989,36.89221
44781,2,14,1990,37.13112
44781,2,14,1991,37.30492
44781,2,14,1992,37.56812
44781,2,14,1993,37.60547
44781,2,14,1994,37.84747
44781,2,14,1995,37.92218
44781,2,14,1996,38.17999
44781,2,14,1997,38.24821
44781,2,14,1998,38.42899
44781,2,14,1999,38.49012
44781,2,14,2000,38.68075
44781,2,14,2001,38.85694
44781,2,14,2002,38.78595
44781,2,14,2003,38.82996
44781,2,14,2004,39.21349
44781,2,14,2005,39.40662
44781,2,14,2006,39.55344
44781,2,14,2007,39.63692
44781,2,14,2008,39.6363
44781,2,14,2009,39.90153
44781,2,14,2010,39.92374
44781,2,14,2011,39.91079
44781,2,14,2012,39.74039
44781,2,14,2013,39.72462
44781,2,14,2014,39.92035
44781,2,14,2015,39.8623
44781,2,14,2016,39.96432
44781,2,14,2017,40.28294
44781,2,14,2018,40.48408
44781,2,14,2019,40.85952
44781,3,14,1950,32.6335
44781,3,14,1951,32.46415
44781,3,14,1952,32.98
44781,3,14,1953,33.20593
44781,3,14,1954,33.33476
44781,3,14,1955,33.31335
44781,3,14,1956,33.46993
44781,3,14,1957,33.71074
44781,3,14,1958,33.67428
44781,3,14,1959,33.63102
44781,3,14,1960,33.82633
44781,3,14,1961,33.62358
44781,3,14,1962,33.83732
44781,3,14,1963,33.81454
44781,3,14,1964,34.19927
44781,3,14,1965,34.20571
44781,3,14,1966,34.22884
44781,3,14,1967,34.5037
44781,3,14,1968,34.33
44781,3,14,1969,34.27653
44781,3,14,1970,34.32761
44781,3,14,1971,34.36848
44781,3,14,1972,34.29004
44781,3,14,1973,34.40017
44781,3,14,1974,34.57488
44781,3,14,1975,34.56537
44781,3,14,1976,34.51221
44781,3,14,1977,34.58951
44781,3,14,1978,34.49741
44781,3,14,1979,34.15085
44781,3,14,1980,34.12286
44781,3,14,1981,34.11265
44781,3,14,1982,34.09392
44781,3,14,1983,34.09163
44781,3,14,1984,34.17857
44781,3,14,1985,34.18057
44781,3,14,1986,34.26616
44781,3,14,1987,34.58454
44781,3,14,1988,34.69588
44781,3,14,1989,34.75455
44781,3,14,1990,34.95166
44781,3,14,1991,35.22539
44781,3,14,1992,35.42759
44781,3,14,1993,35.5193
44781,3,14,1994,35.73554
44781,3,14,1995,35.81453
44781,3,14,1996,36.08301
44781,3,14,1997,36.27824
44781,3,14,1998,36.35332
44781,3,14,1999,36.53249
44781,3,14,2000,36.68605
44781,3,14,2001,36.9641
44781,3,14,2002,36.95019
44781,3,14,2003,37.06034
44781,3,14,2004,37.30812
44781,3,14,2005,37.44447
44781,3,14,2006,37.5878
44781,3,14,2007,37.68067
44781,3,14,2008,37.78319
44781,3,14,2009,37.98116
44781,3,14,2010,38.14387
44781,3,14,2011,38.18531
44781,3,14,2012,38.04465
44781,3,14,2013,38.01969
44781,3,14,2014,38.18361
44781,3,14,2015,38.0476
44781,3,14,2016,38.16209
44781,3,14,2017,38.26809
44781,3,14,2018,38.4212
44781,3,14,2019,38.74993
44782,1,14,1950,31.09124
44782,1,14,1951,30.72389
44782,1,14,1952,31.38662
44782,1,14,1953,31.66458
44782,1,14,1954,31.50603
44782,1,14,1955,31.52157
44782,1,14,1956,31.61742
44782,1,14,1957,31.79073
44782,1,14,1958,31.85056
44782,1,14,1959,31.93678
44782,1,14,1960,31.86956
44782,1,14,1961,31.6519
44782,1,14,1962,31.58004
44782,1,14,1963,31.67035
44782,1,14,1964,31.68715
44782,1,14,1965,31.71113
44782,1,14,1966,31.65953
44782,1,14,1967,32.04168
44782,1,14,1968,31.73525
44782,1,14,1969,31.60264
44782,1,14,1970,31.66288
44782,1,14,1971,31.71412
44782,1,14,1972,31.70729
44782,1,14,1973,31.39858
44782,1,14,1974,31.55399
44782,1,14,1975,31.41401
44782,1,14,1976,31.46427
44782,1,14,1977,31.29012
44782,1,14,1978,31.27819
44782,1,14,1979,30.74296
44782,1,14,1980,30.81437
44782,1,14,1981,30.75424
44782,1,14,1982,31.04903
44782,1,14,1983,31.17793
44782,1,14,1984,31.59698
44782,1,14,1985,31.67801
44782,1,14,1986,31.73054
44782,1,14,1987,32.09839
44782,1,14,1988,32.30323
44782,1,14,1989,32.47616
44782,1,14,1990,32.61328
44782,1,14,1991,32.91888
44782,1,14,1992,33.07685
44782,1,14,1993,33.39228
44782,1,14,1994,33.61602
44782,1,14,1995,33.80503
44782,1,14,1996,34.08412
44782,1,14,1997,34.34262
44782,1,14,1998,34.35025
44782,1,14,1999,34.54819
44782,1,14,2000,34.78258
44782,1,14,2001,35.05949
44782,1,14,2002,35.17413
44782,1,14,2003,35.61758
44782,1,14,2004,35.93659
44782,1,14,2005,36.16248
44782,1,14,2006,36.31929
44782,1,14,2007,36.18947
44782,1,14,2008,36.39287
44782,1,14,2009,36.61952
44782,1,14,2010,37.18926
44782,1,14,2011,37.45324
44782,1,14,2012,37.39034
44782,1,14,2013,37.37349
44782,1,14,2014,37.68589
44782,1,14,2015,37.49004
44782,1,14,2016,37.40455
44782,1,14,2017,37.38741
44782,1,14,2018,37.67473
44782,1,14,2019,38.16625
44782,2,14,1950,34.64317
44782,2,14,1951,34.71356
44782,2,14,1952,35.1306
44782,2,14,1953,35.45118
44782,2,14,1954,35.83948
44782,2,14,1955,35.73567
44782,2,14,1956,35.7834
44782,2,14,1957,36.05949
44782,2,14,1958,36.23756
44782,2,14,1959,36.37255
44782,2,14,1960,36.30952
44782,2,14,1961,36.08928
44782,2,14,1962,36.25453
44782,2,14,1963,36.31377
44782,2,14,1964,36.57444
44782,2,14,1965,36.74519
44782,2,14,1966,36.88105
44782,2,14,1967,36.91292
44782,2,14,1968,36.60185
44782,2,14,1969,36.70751
44782,2,14,1970,36.72972
44782,2,14,1971,36.69475
44782,2,14,1972,36.7863
44782,2,14,1973,36.6793
44782,2,14,1974,36.80061
44782,2,14,1975,36.71635
44782,2,14,1976,36.7221
44782,2,14,1977,36.56345
44782,2,14,1978,36.40647
44782,2,14,1979,36.00713
44782,2,14,1980,35.72935
44782,2,14,1981,35.62008
44782,2,14,1982,35.87108
44782,2,14,1983,36.11128
44782,2,14,1984,36.22699
44782,2,14,1985,36.32836
44782,2,14,1986,36.47135
44782,2,14,1987,36.63351
44782,2,14,1988,36.78675
44782,2,14,1989,36.84574
44782,2,14,1990,37.063
44782,2,14,1991,37.33476
44782,2,14,1992,37.60327
44782,2,14,1993,37.77703
44782,2,14,1994,38.07848
44782,2,14,1995,38.00252
44782,2,14,1996,38.16435
44782,2,14,1997,38.22824
44782,2,14,1998,38.35788
44782,2,14,1999,38.27839
44782,2,14,2000,38.32248
44782,2,14,2001,38.74183
44782,2,14,2002,38.86044
44782,2,14,2003,38.96443
44782,2,14,2004,39.28732
44782,2,14,2005,39.59793
44782,2,14,2006,39.86205
44782,2,14,2007,39.96014
44782,2,14,2008,40.07808
44782,2,14,2009,40.41701
44782,2,14,2010,40.59384
44782,2,14,2011,40.65906
44782,2,14,2012,40.69779
44782,2,14,2013,40.73868
44782,2,14,2014,40.89631
44782,2,14,2015,40.97349
44782,2,14,2016,40.70816
44782,2,14,2017,40.93914
44782,2,14,2018,41.06158
44782,2,14,2019,41.40225
44782,3,14,1950,31.95982
44782,3,14,1951,31.78262
44782,3,14,1952,32.40539
44782,3,14,1953,32.80829
44782,3,14,1954,32.7913
44782,3,14,1955,32.96563
44782,3,14,1956,32.93737
44782,3,14,1957,32.99484
44782,3,14,1958,33.2687
44782,3,14,1959,33.19803
44782,3,14,1960,33.30115
44782,3,14,1961,33.17213
44782,3,14,1962,33.08239
44782,3,14,1963,33.11465
44782,3,14,1964,33.40632
44782,3,14,1965,33.39642
44782,3,14,1966,33.33999
44782,3,14,1967,33.74492
44782,3,14,1968,33.55042
44782,3,14,1969,33.51323
44782,3,14,1970,33.67759
44782,3,14,1971,33.62498
44782,3,14,1972,33.50078
44782,3,14,1973,33.46012
44782,3,14,1974,33.4896
44782,3,14,1975,33.56822
44782,3,14,1976,33.58224
44782,3,14,1977,33.54871
44782,3,14,1978,33.2852
44782,3,14,1979,33.13727
44782,3,14,1980,33.16002
44782,3,14,1981,33.17137
44782,3,14,1982,33.42499
44782,3,14,1983,33.64579
44782,3,14,1984,33.92019
44782,3,14,1985,33.98279
44782,3,14,1986,34.06543
44782,3,14,1987,34.33769
44782,3,14,1988,34.54644
44782,3,14,1989,34.66141
44782,3,14,1990,34.85081
44782,3,14,1991,35.14292
44782,3,14,1992,35.34494
44782,3,14,1993,35.58137
44782,3,14,1994,35.85263
44782,3,14,1995,35.91458
44782,3,14,1996,36.14819
44782,3,14,1997,36.29685
44782,3,14,1998,36.33656
44782,3,14,1999,36.40218
44782,3,14,2000,36.5628
44782,3,14,2001,36.8823
44782,3,14,2002,36.99124
44782,3,14,2003,37.26607
44782,3,14,2004,37.57565
44782,3,14,2005,37.85371
44782,3,14,2006,38.06983
44782,3,14,2007,37.99762
44782,3,14,2008,38.18761
44782,3,14,2009,38.46765
44782,3,14,2010,38.82259
44782,3,14,2011,39.002
44782,3,14,2012,38.98832
44782,3,14,2013,39.00006
44782,3,14,2014,39.25163
44782,3,14,2015,39.16399
44782,3,14,2016,38.99528
44782,3,14,2017,39.05394
44782,3,14,2018,39.13765
44782,3,14,2019,39.50907
44783,1,14,1950,31.42456
44783,1,14,1951,31.06916
44783,1,14,1952,31.25976
44783,1,14,1953,31.65182
44783,1,14,1954,31.74011
44783,1,14,1955,31.4628
44783,1,14,1956,31.66455
44783,1,14,1957,31.51184
44783,1,14,1958,31.49999
44783,1,14,1959,31.79979
44783,1,14,1960,31.92702
44783,1,14,1961,31.65365
44783,1,14,1962,31.48552
44783,1,14,1963,31.59095
44783,1,14,1964,31.60814
44783,1,14,1965,31.78381
44783,1,14,1966,31.71544
44783,1,14,1967,32.02778
44783,1,14,1968,31.85142
44783,1,14,1969,31.83553
44783,1,14,1970,31.73235
44783,1,14,1971,31.97509
44783,1,14,1972,31.50889
44783,1,14,1973,31.75289
44783,1,14,1974,31.68351
44783,1,14,1975,31.64283
44783,1,14,1976,31.39311
44783,1,14,1977,31.42007
44783,1,14,1978,31.25531
44783,1,14,1979,30.91316
44783,1,14,1980,30.74308
44783,1,14,1981,30.60085
44783,1,14,1982,30.6418
44783,1,14,1983,30.5721
44783,1,14,1984,30.99977
44783,1,14,1985,31.02596
44783,1,14,1986,31.23971
44783,1,14,1987,31.74604
44783,1,14,1988,32.0794
44783,1,14,1989,32.14958
44783,1,14,1990,32.47115
44783,1,14,1991,32.89467
44783,1,14,1992,33.0402
44783,1,14,1993,33.23664
44783,1,14,1994,33.46972
44783,1,14,1995,33.55576
44783,1,14,1996,33.94972
44783,1,14,1997,34.38277
44783,1,14,1998,34.4863
44783,1,14,1999,34.76816
44783,1,14,2000,35.12791
44783,1,14,2001,35.38669
44783,1,14,2002,35.5249
44783,1,14,2003,35.72142
44783,1,14,2004,35.97426
44783,1,14,2005,36.2958
44783,1,14,2006,36.66556
44783,1,14,2007,36.95016
44783,1,14,2008,37.25815
44783,1,14,2009,37.40122
44783,1,14,2010,37.69332
44783,1,14,2011,37.85424
44783,1,14,2012,37.96279
44783,1,14,2013,38.02782
44783,1,14,2014,38.21786
44783,1,14,2015,38.25378
44783,1,14,2016,38.67461
44783,1,14,2017,38.75993
44783,1,14,2018,38.99677
44783,1,14,2019,39.41475
44783,2,14,1950,34.55593
44783,2,14,1951,34.67088
44783,2,14,1952,35.28287
44783,2,14,1953,35.5863
44783,2,14,1954,35.52744
44783,2,14,1955,35.82031
44783,2,14,1956,35.84166
44783,2,14,1957,35.98888
44783,2,14,1958,36.11739
44783,2,14,1959,36.38249
44783,2,14,1960,36.29821
44783,2,14,1961,36.05397
44783,2,14,1962,36.1613
44783,2,14,1963,36.25055
44783,2,14,1964,36.79979
44783,2,14,1965,36.6405
44783,2,14,1966,36.85339
44783,2,14,1967,36.96025
44783,2,14,1968,36.86647
44783,2,14,1969,36.78337
44783,2,14,1970,36.77234
44783,2,14,1971,37.04165
44783,2,14,1972,36.86415
44783,2,14,1973,36.89893
44783,2,14,1974,37.03374
44783,2,14,1975,36.97663
44783,2,14,1976,36.90059
44783,2,14,1977,36.85004
44783,2,14,1978,36.63838
44783,2,14,1979,36.27795
44783,2,14,1980,36.0762
44783,2,14,1981,36.0452
44783,2,14,1982,36.03685
44783,2,14,1983,35.97935
44783,2,14,1984,35.87993
44783,2,14,1985,35.90787
44783,2,14,1986,36.04286
44783,2,14,1987,36.2167
44783,2,14,1988,36.35153
44783,2,14,1989,36.30317
44783,2,14,1990,36.52537
44783,2,14,1991,36.70871
44783,2,14,1992,37.02371
44783,2,14,1993,37.05995
44783,2,14,1994,37.3422
44783,2,14,1995,37.52615
44783,2,14,1996,37.8628
44783,2,14,1997,38.01853
44783,2,14,1998,38.37098
44783,2,14,1999,38.58447
44783,2,14,2000,38.85283
44783,2,14,2001,39.12086
44783,2,14,2002,39.04478
44783,2,14,2003,39.1131
44783,2,14,2004,39.47178
44783,2,14,2005,39.7119
44783,2,14,2006,39.87634
44783,2,14,2007,39.95717
44783,2,14,2008,40.01822
44783,2,14,2009,40.37097
44783,2,14,2010,40.48897
44783,2,14,2011,40.59447
44783,2,14,2012,40.45302
44783,2,14,2013,40.37481
44783,2,14,2014,40.59729
44783,2,14,2015,40.53488
44783,2,14,2016,40.57814
44783,2,14,2017,40.71541
44783,2,14,2018,40.90226
44783,2,14,2019,41.35137
44783,3,14,1950,32.15782
44783,3,14,1951,32.08989
44783,3,14,1952,32.33599
44783,3,14,1953,32.73546
44783,3,14,1954,32.98403
44783,3,14,1955,32.8502
44783,3,14,1956,33.11172
44783,3,14,1957,32.89429
44783,3,14,1958,33.17411
44783,3,14,1959,33.11885
44783,3,14,1960,33.31343
44783,3,14,1961,33.16449
44783,3,14,1962,33.11357
44783,3,14,1963,33.25131
44783,3,14,1964,33.35897
44783,3,14,1965,33.51908
44783,3,14,1966,33.56477
44783,3,14,1967,33.78534
44783,3,14,1968,33.61797
44783,3,14,1969,33.55111
44783,3,14,1970,33.69884
44783,3,14,1971,33.85737
44783,3,14,1972,33.60522
44783,3,14,1973,33.65904
44783,3,14,1974,33.66209
44783,3,14,1975,33.76352
44783,3,14,1976,33.79902
44783,3,14,1977,33.71828
44783,3,14,1978,33.64209
44783,3,14,1979,33.29354
44783,3,14,1980,33.22127
44783,3,14,1981,33.26877
44783,3,14,1982,33.30907
44783,3,14,1983,33.26344
44783,3,14,1984,33.43603
44783,3,14,1985,33.45429
44783,3,14,1986,33.5939
44783,3,14,1987,33.97554
44783,3,14,1988,34.17788
44783,3,14,1989,34.21049
44783,3,14,1990,34.45517
44783,3,14,1991,34.75366
44783,3,14,1992,34.95743
44783,3,14,1993,35.11699
44783,3,14,1994,35.39277
44783,3,14,1995,35.43148
44783,3,14,1996,35.81903
44783,3,14,1997,36.16679
44783,3,14,1998,36.34832
44783,3,14,1999,36.5892
44783,3,14,2000,36.9041
44783,3,14,2001,37.18449
44783,3,14,2002,37.20016
44783,3,14,2003,37.36393
44783,3,14,2004,37.67287
44783,3,14,2005,37.92758
44783,3,14,2006,38.20041
44783,3,14,2007,38.37666
44783,3,14,2008,38.50696
44783,3,14,2009,38.81014
44783,3,14,2010,39.00786
44783,3,14,2011,39.13317
44783,3,14,2012,39.08334
44783,3,14,2013,39.13261
44783,3,14,2014,39.28672
44783,3,14,2015,39.23954
44783,3,14,2016,39.43487
44783,3,14,2017,39.53565
44783,3,14,2018,39.67478
44783,3,14,2019,39.99384
44784,1,14,1950,32.17438
44784,1,14,1951,32.14604
44784,1,14,1952,32.30236
44784,1,14,1953,32.79285
44784,1,14,1954,32.77966
44784,1,14,1955,32.69096
44784,1,14,1956,32.82914
44784,1,14,1957,32.69306
44784,1,14,1958,32.73215
44784,1,14,1959,32.99568
44784,1,14,1960,32.93625
44784,1,14,1961,32.82708
44784,1,14,1962,32.76268
44784,1,14,1963,32.68755
44784,1,14,1964,32.77882
44784,1,14,1965,33.09744
44784,1,14,1966,32.9863
44784,1,14,1967,33.40869
44784,1,14,1968,33.02919
44784,1,14,1969,32.95877
44784,1,14,1970,33.27139
44784,1,14,1971,33.09051
44784,1,14,1972,33.01134
44784,1,14,1973,33.23304
44784,1,14,1974,33.06333
44784,1,14,1975,32.97775
44784,1,14,1976,33.25239
44784,1,14,1977,33.15717
44784,1,14,1978,32.85
44784,1,14,1979,32.53819
44784,1,14,1980,32.43722
44784,1,14,1981,32.24877
44784,1,14,1982,32.30639
44784,1,14,1983,32.22015
44784,1,14,1984,32.648
44784,1,14,1985,32.45586
44784,1,14,1986,32.38535
44784,1,14,1987,32.71706
44784,1,14,1988,32.65162
44784,1,14,1989,32.49524
44784,1,14,1990,32.66604
44784,1,14,1991,32.97322
44784,1,14,1992,32.97306
44784,1,14,1993,33.10725
44784,1,14,1994,33.36406
44784,1,14,1995,33.39454
44784,1,14,1996,33.83098
44784,1,14,1997,34.26263
44784,1,14,1998,34.334
44784,1,14,1999,34.68169
44784,1,14,2000,35.08189
44784,1,14,2001,35.55479
44784,1,14,2002,35.81481
44784,1,14,2003,36.22089
44784,1,14,2004,36.57922
44784,1,14,2005,36.86881
44784,1,14,2006,37.16606
44784,1,14,2007,37.21984
44784,1,14,2008,37.31889
44784,1,14,2009,37.38692
44784,1,14,2010,37.6091
44784,1,14,2011,37.6741
44784,1,14,2012,37.6742
44784,1,14,2013,37.6708
44784,1,14,2014,37.70926
44784,1,14,2015,37.62402
44784,1,14,2016,37.82951
44784,1,14,2017,37.81642
44784,1,14,2018,38.04082
44784,1,14,2019,38.57727
44784,2,14,1950,35.33297
44784,2,14,1951,35.12937
44784,2,14,1952,35.79746
44784,2,14,1953,36.41023
44784,2,14,1954,36.27363
44784,2,14,1955,36.25377
44784,2,14,1956,36.31174
44784,2,14,1957,36.52037
44784,2,14,1958,36.67934
44784,2,14,1959,36.74456
44784,2,14,1960,36.85966
44784,2,14,1961,36.69456
44784,2,14,1962,36.67046
44784,2,14,1963,36.79256
44784,2,14,1964,37.40159
44784,2,14,1965,37.52327
44784,2,14,1966,37.33516
44784,2,14,1967,37.67722
44784,2,14,1968,37.3497
44784,2,14,1969,37.28824
44784,2,14,1970,37.41468
44784,2,14,1971,37.38714
44784,2,14,1972,37.5467
44784,2,14,1973,37.37126
44784,2,14,1974,37.45971
44784,2,14,1975,37.50305
44784,2,14,1976,37.44557
44784,2,14,1977,37.42699
44784,2,14,1978,37.26616
44784,2,14,1979,37.01584
44784,2,14,1980,36.80655
44784,2,14,1981,36.82286
44784,2,14,1982,36.84275
44784,2,14,1983,36.90549
44784,2,14,1984,36.85336
44784,2,14,1985,36.82583
44784,2,14,1986,36.87735
44784,2,14,1987,37.09302
44784,2,14,1988,37.23104
44784,2,14,1989,37.22034
44784,2,14,1990,37.39316
44784,2,14,1991,37.57388
44784,2,14,1992,37.80645
44784,2,14,1993,37.79763
44784,2,14,1994,37.95637
44784,2,14,1995,37.9018
44784,2,14,1996,38.03197
44784,2,14,1997,38.03047
44784,2,14,1998,38.21535
44784,2,14,1999,38.33523
44784,2,14,2000,38.60219
44784,2,14,2001,39.00161
44784,2,14,2002,39.13008
44784,2,14,2003,39.27437
44784,2,14,2004,39.77581
44784,2,14,2005,40.13946
44784,2,14,2006,40.3457
44784,2,14,2007,40.52222
44784,2,14,2008,40.61782
44784,2,14,2009,40.99527
44784,2,14,2010,41.16706
44784,2,14,2011,41.26388
44784,2,14,2012,41.10357
44784,2,14,2013,41.02898
44784,2,14,2014,41.17245
44784,2,14,2015,41.07163
44784,2,14,2016,41.12367
44784,2,14,2017,41.3076
44784,2,14,2018,41.48307
44784,2,14,2019,41.77106
44784,3,14,1950,32.96258
44784,3,14,1951,32.9011
44784,3,14,1952,33.44382
44784,3,14,1953,33.67077
44784,3,14,1954,33.8095
44784,3,14,1955,33.7605
44784,3,14,1956,33.958
44784,3,14,1957,33.96412
44784,3,14,1958,34.0985
44784,3,14,1959,34.18934
44784,3,14,1960,34.1974
44784,3,14,1961,34.05537
44784,3,14,1962,34.12047
44784,3,14,1963,34.07394
44784,3,14,1964,34.3461
44784,3,14,1965,34.6417
44784,3,14,1966,34.33543
44784,3,14,1967,34.55789
44784,3,14,1968,34.68258
44784,3,14,1969,34.51131
44784,3,14,1970,34.65106
44784,3,14,1971,34.70648
44784,3,14,1972,34.66456
44784,3,14,1973,34.64501
44784,3,14,1974,34.86516
44784,3,14,1975,34.82168
44784,3,14,1976,35.00404
44784,3,14,1977,34.89581
44784,3,14,1978,34.81097
44784,3,14,1979,34.58075
44784,3,14,1980,34.52514
44784,3,14,1981,34.49747
44784,3,14,1982,34.58442
44784,3,14,1983,34.5773
44784,3,14,1984,34.72493
44784,3,14,1985,34.67622
44784,3,14,1986,34.63707
44784,3,14,1987,34.88785
44784,3,14,1988,34.95456
44784,3,14,1989,34.87429
44784,3,14,1990,35.03984
44784,3,14,1991,35.25987
44784,3,14,1992,35.37928
44784,3,14,1993,35.43823
44784,3,14,1994,35.6319
44784,3,14,1995,35.62155
44784,3,14,1996,35.90293
44784,3,14,1997,36.09214
44784,3,14,1998,36.21865
44784,3,14,1999,36.49005
44784,3,14,2000,36.82086
44784,3,14,2001,37.22209
44784,3,14,2002,37.39125
44784,3,14,2003,37.67101
44784,3,14,2004,38.14847
44784,3,14,2005,38.41722
44784,3,14,2006,38.67823
44784,3,14,2007,38.77824
44784,3,14,2008,38.86822
44784,3,14,2009,39.14228
44784,3,14,2010,39.29517
44784,3,14,2011,39.36263
44784,3,14,2012,39.2959
44784,3,14,2013,39.27316
44784,3,14,2014,39.29951
44784,3,14,2015,39.22992
44784,3,14,2016,39.32069
44784,3,14,2017,39.38359
44784,3,14,2018,39.47969
44784,3,14,2019,39.80593
44785,1,14,1950,31.56943
44785,1,14,1951,31.25436
44785,1,14,1952,31.47651
44785,1,14,1953,31.96318
44785,1,14,1954,32.3578
44785,1,14,1955,31.93339
44785,1,14,1956,32.20794
44785,1,14,1957,32.03593
44785,1,14,1958,31.95215
44785,1,14,1959,32.38361
44785,1,14,1960,32.00234
44785,1,14,1961,31.97801
44785,1,14,1962,32.13731
44785,1,14,1963,31.91824
44785,1,14,1964,31.9645
44785,1,14,1965,32.18104
44785,1,14,1966,31.96835
44785,1,14,1967,32.27494
44785,1,14,1968,31.94692
44785,1,14,1969,31.92871
44785,1,14,1970,32.03976
44785,1,14,1971,32.2904
44785,1,14,1972,32.07383
44785,1,14,1973,31.86839
44785,1,14,1974,32.06179
44785,1,14,1975,32.03849
44785,1,14,1976,31.5998
44785,1,14,1977,31.52696
44785,1,14,1978,31.21418
44785,1,14,1979,30.89036
44785,1,14,1980,30.54194
44785,1,14,1981,30.45174
44785,1,14,1982,30.63252
44785,1,14,1983,30.59261
44785,1,14,1984,30.89801
44785,1,14,1985,30.88991
44785,1,14,1986,30.9678
44785,1,14,1987,31.4027
44785,1,14,1988,31.6327
44785,1,14,1989,31.72643
44785,1,14,1990,32.00637
44785,1,14,1991,32.51697
44785,1,14,1992,32.62442
44785,1,14,1993,32.92775
44785,1,14,1994,33.20329
44785,1,14,1995,33.28881
44785,1,14,1996,33.5363
44785,1,14,1997,33.88571
44785,1,14,1998,34.05985
44785,1,14,1999,34.31863
44785,1,14,2000,34.55952
44785,1,14,2001,34.80258
44785,1,14,2002,34.96982
44785,1,14,2003,35.22746
44785,1,14,2004,35.5836
44785,1,14,2005,35.74592
44785,1,14,2006,35.97433
44785,1,14,2007,36.35846
44785,1,14,2008,36.66578
44785,1,14,2009,36.75434
44785,1,14,2010,37.08155
44785,1,14,2011,37.31905
44785,1,14,2012,37.34997
44785,1,14,2013,37.21513
44785,1,14,2014,37.26783
44785,1,14,2015,37.14599
44785,1,14,2016,37.20293
44785,1,14,2017,37.5833
44785,1,14,2018,37.87628
44785,1,14,2019,38.44264
44785,2,14,1950,34.73577
44785,2,14,1951,34.73239
44785,2,14,1952,35.15647
44785,2,14,1953,35.62275
44785,2,14,1954,35.47134
44785,2,14,1955,35.82617
44785,2,14,1956,35.84512
44785,2,14,1957,36.09988
44785,2,14,1958,36.26377
44785,2,14,1959,36.34638
44785,2,14,1960,36.50262
44785,2,14,1961,36.32039
44785,2,14,1962,36.47585
44785,2,14,1963,36.34024
44785,2,14,1964,36.71892
44785,2,14,1965,36.74362
44785,2,14,1966,36.8847
44785,2,14,1967,36.99385
44785,2,14,1968,36.94849
44785,2,14,1969,36.86349
44785,2,14,1970,36.94511
44785,2,14,1971,36.79743
44785,2,14,1972,36.79767
44785,2,14,1973,36.83824
44785,2,14,1974,36.99376
44785,2,14,1975,36.8361
44785,2,14,1976,36.79008
44785,2,14,1977,36.71245
44785,2,14,1978,36.38221
44785,2,14,1979,35.97409
44785,2,14,1980,35.7909
44785,2,14,1981,35.52596
44785,2,14,1982,35.58299
44785,2,14,1983,35.74559
44785,2,14,1984,35.70612
44785,2,14,1985,35.81066
44785,2,14,1986,36.18659
44785,2,14,1987,36.32678
44785,2,14,1988,36.44249
44785,2,14,1989,36.44409
44785,2,14,1990,36.66298
44785,2,14,1991,36.84875
44785,2,14,1992,36.86385
44785,2,14,1993,36.87857
44785,2,14,1994,37.15532
44785,2,14,1995,37.09012
44785,2,14,1996,37.61747
44785,2,14,1997,37.68881
44785,2,14,1998,37.91946
44785,2,14,1999,38.03408
44785,2,14,2000,38.1876
44785,2,14,2001,38.47421
44785,2,14,2002,38.38831
44785,2,14,2003,38.52585
44785,2,14,2004,38.97447
44785,2,14,2005,39.18765
44785,2,14,2006,39.30299
44785,2,14,2007,39.33
44785,2,14,2008,39.51028
44785,2,14,2009,39.75364
44785,2,14,2010,39.87417
44785,2,14,2011,40.00907
44785,2,14,2012,39.84531
44785,2,14,2013,39.95186
44785,2,14,2014,40.2392
44785,2,14,2015,40.23442
44785,2,14,2016,40.14275
44785,2,14,2017,40.37408
44785,2,14,2018,40.6045
44785,2,14,2019,41.0209
44785,3,14,1950,32.43737
44785,3,14,1951,32.29692
44785,3,14,1952,32.61952
44785,3,14,1953,33.12841
44785,3,14,1954,33.16576
44785,3,14,1955,33.15982
44785,3,14,1956,33.28391
44785,3,14,1957,33.47591
44785,3,14,1958,33.35699
44785,3,14,1959,33.69336
44785,3,14,1960,33.5882
44785,3,14,1961,33.45182
44785,3,14,1962,33.40089
44785,3,14,1963,33.48168
44785,3,14,1964,33.6964
44785,3,14,1965,33.88771
44785,3,14,1966,33.7541
44785,3,14,1967,33.95976
44785,3,14,1968,33.79295
44785,3,14,1969,33.77245
44785,3,14,1970,33.8169
44785,3,14,1971,34.02736
44785,3,14,1972,33.60061
44785,3,14,1973,33.76502
44785,3,14,1974,33.96578
44785,3,14,1975,33.87121
44785,3,14,1976,33.83026
44785,3,14,1977,33.699
44785,3,14,1978,33.45244
44785,3,14,1979,33.13038
44785,3,14,1980,32.98265
44785,3,14,1981,32.9085
44785,3,14,1982,33.08095
44785,3,14,1983,33.15364
44785,3,14,1984,33.32838
44785,3,14,1985,33.32198
44785,3,14,1986,33.53901
44785,3,14,1987,33.85219
44785,3,14,1988,34.008
44785,3,14,1989,34.08291
44785,3,14,1990,34.3269
44785,3,14,1991,34.70314
44785,3,14,1992,34.743
44785,3,14,1993,34.91514
44785,3,14,1994,35.16539
44785,3,14,1995,35.19987
44785,3,14,1996,35.56221
44785,3,14,1997,35.78616
44785,3,14,1998,35.97659
44785,3,14,1999,36.16806
44785,3,14,2000,36.35781
44785,3,14,2001,36.6173
44785,3,14,2002,36.66161
44785,3,14,2003,36.85747
44785,3,14,2004,37.24082
44785,3,14,2005,37.39841
44785,3,14,2006,37.59964
44785,3,14,2007,37.79256
44785,3,14,2008,38.03548
44785,3,14,2009,38.17307
44785,3,14,2010,38.42055
44785,3,14,2011,38.62582
44785,3,14,2012,38.54793
44785,3,14,2013,38.49679
44785,3,14,2014,38.67086
44785,3,14,2015,38.61774
44785,3,14,2016,38.57095
44785,3,14,2017,38.88384
44785,3,14,2018,39.04191
44785,3,14,2019,39.41158
44786,1,14,1950,31.28822
44786,1,14,1951,31.02065
44786,1,14,1952,31.15791
44786,1,14,1953,31.79761
44786,1,14,1954,31.8274
44786,1,14,1955,31.8007
44786,1,14,1956,31.87177
44786,1,14,1957,31.93707
44786,1,14,1958,32.14099
44786,1,14,1959,32.20717
44786,1,14,1960,32.0667
44786,1,14,1961,31.81878
44786,1,14,1962,31.93524
44786,1,14,1963,31.76732
44786,1,14,1964,32.09586
44786,1,14,1965,31.94091
44786,1,14,1966,31.92292
44786,1,14,1967,32.05261
44786,1,14,1968,32.12618
44786,1,14,1969,31.91502
44786,1,14,1970,31.8777
44786,1,14,1971,31.99612
44786,1,14,1972,31.98459
44786,1,14,1973,31.91912
44786,1,14,1974,31.91774
44786,1,14,1975,31.97967
44786,1,14,1976,31.64123
44786,1,14,1977,31.52562
44786,1,14,1978,31.20218
44786,1,14,1979,30.86132
44786,1,14,1980,30.84054
44786,1,14,1981,30.73059
44786,1,14,1982,30.90745
44786,1,14,1983,30.82824
44786,1,14,1984,31.26838
44786,1,14,1985,31.19029
44786,1,14,1986,31.36365
44786,1,14,1987,31.81002
44786,1,14,1988,32.08161
44786,1,14,1989,32.24495
44786,1,14,1990,32.55226
44786,1,14,1991,32.876
44786,1,14,1992,32.78708
44786,1,14,1993,32.86573
44786,1,14,1994,33.20765
44786,1,14,1995,33.53311
44786,1,14,1996,33.9163
44786,1,14,1997,34.1713
44786,1,14,1998,34.21641
44786,1,14,1999,34.53499
44786,1,14,2000,34.81713
44786,1,14,2001,35.07072
44786,1,14,2002,35.06853
44786,1,14,2003,35.32548
44786,1,14,2004,35.72956
44786,1,14,2005,36.1935
44786,1,14,2006,36.39278
44786,1,14,2007,36.56534
44786,1,14,2008,36.81042
44786,1,14,2009,36.95237
44786,1,14,2010,37.18256
44786,1,14,2011,37.22555
44786,1,14,2012,37.13154
44786,1,14,2013,37.05446
44786,1,14,2014,37.28939
44786,1,14,2015,37.10704
44786,1,14,2016,37.13032
44786,1,14,2017,37.41553
44786,1,14,2018,37.75108
44786,1,14,2019,38.15338
44786,2,14,1950,34.27405
44786,2,14,1951,34.33432
44786,2,14,1952,35.02958
44786,2,14,1953,35.32976
44786,2,14,1954,35.518
44786,2,14,1955,35.42956
44786,2,14,1956,35.57995
44786,2,14,1957,35.80132
44786,2,14,1958,35.82708
44786,2,14,1959,36.09886
44786,2,14,1960,36.00717
44786,2,14,1961,35.84841
44786,2,14,1962,35.89611
44786,2,14,1963,35.89526
44786,2,14,1964,36.37636
44786,2,14,1965,36.21361
44786,2,14,1966,36.40514
44786,2,14,1967,36.65888
44786,2,14,1968,36.4878
44786,2,14,1969,36.32292
44786,2,14,1970,36.47629
44786,2,14,1971,36.39796
44786,2,14,1972,36.44299
44786,2,14,1973,36.27394
44786,2,14,1974,36.46238
44786,2,14,1975,36.35725
44786,2,14,1976,36.21296
44786,2,14,1977,36.25442
44786,2,14,1978,36.12106
44786,2,14,1979,35.77602
44786,2,14,1980,35.55661
44786,2,14,1981,35.43944
44786,2,14,1982,35.46033
44786,2,14,1983,35.60943
44786,2,14,1984,35.68324
44786,2,14,1985,35.82014
44786,2,14,1986,36.01209
44786,2,14,1987,36.30462
44786,2,14,1988,36.44911
44786,2,14,1989,36.44196
44786,2,14,1990,36.63866
44786,2,14,1991,36.81394
44786,2,14,1992,37.11075
44786,2,14,1993,37.15399
44786,2,14,1994,37.49078
44786,2,14,1995,37.72938
44786,2,14,1996,37.94917
44786,2,14,1997,37.92763
44786,2,14,1998,38.04871
44786,2,14,1999,38.01998
44786,2,14,2000,38.05
44786,2,14,2001,38.42567
44786,2,14,2002,38.51677
44786,2,14,2003,38.60486
44786,2,14,2004,38.95973
44786,2,14,2005,39.3052
44786,2,14,2006,39.53289
44786,2,14,2007,39.85899
44786,2,14,2008,39.89524
44786,2,14,2009,40.11263
44786,2,14,2010,40.17197
44786,2,14,2011,40.24534
44786,2,14,2012,40.14068
44786,2,14,2013,40.03615
44786,2,14,2014,40.19319
44786,2,14,2015,40.06174
44786,2,14,2016,40.01098
44786,2,14,2017,40.17401
44786,2,14,2018,40.37146
44786,2,14,2019,40.64643
44786,3,14,1950,32.04566
44786,3,14,1951,31.97233
44786,3,14,1952,32.44722
44786,3,14,1953,32.60637
44786,3,14,1954,32.93118
44786,3,14,1955,32.71712
44786,3,14,1956,33.10323
44786,3,14,1957,33.0902
44786,3,14,1958,33.34893
44786,3,14,1959,33.1716
44786,3,14,1960,33.2915
44786,3,14,1961,33.22738
44786,3,14,1962,33.14336
44786,3,14,1963,33.0422
44786,3,14,1964,33.3124
44786,3,14,1965,33.41139
44786,3,14,1966,33.44051
44786,3,14,1967,33.52289
44786,3,14,1968,33.35625
44786,3,14,1969,33.66717
44786,3,14,1970,33.47626
44786,3,14,1971,33.62263
44786,3,14,1972,33.51744
44786,3,14,1973,33.47939
44786,3,14,1974,33.53416
44786,3,14,1975,33.56061
44786,3,14,1976,33.44829
44786,3,14,1977,33.47666
44786,3,14,1978,33.2717
44786,3,14,1979,32.99152
44786,3,14,1980,32.95005
44786,3,14,1981,33.01586
44786,3,14,1982,33.12571
44786,3,14,1983,33.19522
44786,3,14,1984,33.45334
44786,3,14,1985,33.49682
44786,3,14,1986,33.65902
44786,3,14,1987,34.01911
44786,3,14,1988,34.21873
44786,3,14,1989,34.32238
44786,3,14,1990,34.57903
44786,3,14,1991,34.86854
44786,3,14,1992,34.91754
44786,3,14,1993,35.00601
44786,3,14,1994,35.30619
44786,3,14,1995,35.62323
44786,3,14,1996,35.89912
44786,3,14,1997,36.02631
44786,3,14,1998,36.13707
44786,3,14,1999,36.24642
44786,3,14,2000,36.42968
44786,3,14,2001,36.73875
44786,3,14,2002,36.78612
44786,3,14,2003,36.94384
44786,3,14,2004,37.30106
44786,3,14,2005,37.74709
44786,3,14,2006,37.93843
44786,3,14,2007,38.17627
44786,3,14,2008,38.28018
44786,3,14,2009,38.44642
44786,3,14,2010,38.6057
44786,3,14,2011,38.67278
44786,3,14,2012,38.60235
44786,3,14,2013,38.48395
44786,3,14,2014,38.67871
44786,3,14,2015,38.49701
44786,3,14,2016,38.50046
44786,3,14,2017,38.68779
44786,3,14,2018,38.8307
44786,3,14,2019,39.08574
44787,1,14,1950,31.03646
44787,1,14,1951,30.80551
44787,1,14,1952,31.53496
44787,1,14,1953,31.44832
44787,1,14,1954,31.70861
44787,1,14,1955,31.61897
44787,1,14,1956,31.73955
44787,1,14,1957,31.63833
44787,1,14,1958,31.57359
44787,1,14,1959,31.78979
44787,1,14,1960,31.81278
44787,1,14,1961,31.64027
44787,1,14,1962,31.55618
44787,1,14,1963,31.37428
44787,1,14,1964,31.67169
44787,1,14,1965,31.97555
44787,1,14,1966,31.67529
44787,1,14,1967,32.21039
44787,1,14,1968,31.65479
44787,1,14,1969,31.42897
44787,1,14,1970,31.60606
44787,1,14,1971,31.83743
44787,1,14,1972,31.44191
44787,1,14,1973,31.58697
44787,1,14,1974,31.57784
44787,1,14,1975,31.50732
44787,1,14,1976,31.35443
44787,1,14,1977,31.36411
44787,1,14,1978,31.11019
44787,1,14,1979,30.75882
44787,1,14,1980,30.73814
44787,1,14,1981,30.56685
44787,1,14,1982,30.6661
44787,1,14,1983,30.61384
44787,1,14,1984,31.02064
44787,1,14,1985,30.93629
44787,1,14,1986,30.9958
44787,1,14,1987,31.426
44787,1,14,1988,31.55446
44787,1,14,1989,31.60162
44787,1,14,1990,31.75306
44787,1,14,1991,31.58561
44787,1,14,1992,31.6134
44787,1,14,1993,31.97315
44787,1,14,1994,32.6958
44787,1,14,1995,32.88662
44787,1,14,1996,33.22776
44787,1,14,1997,33.60072
44787,1,14,1998,33.61892
44787,1,14,1999,33.78402
44787,1,14,2000,34.10003
44787,1,14,2001,34.46258
44787,1,14,2002,34.68973
44787,1,14,2003,35.03146
44787,1,14,2004,35.45366
44787,1,14,2005,35.81787
44787,1,14,2006,36.11388
44787,1,14,2007,36.33385
44787,1,14,2008,36.54804
44787,1,14,2009,36.74625
44787,1,14,2010,37.02344
44787,1,14,2011,37.13205
44787,1,14,2012,37.13766
44787,1,14,2013,37.1676
44787,1,14,2014,37.41027
44787,1,14,2015,37.4093
44787,1,14,2016,37.71947
44787,1,14,2017,37.76824
44787,1,14,2018,38.11823
44787,1,14,2019,38.58285
44787,2,14,1950,34.5002
44787,2,14,1951,34.32798
44787,2,14,1952,34.69352
44787,2,14,1953,35.14237
44787,2,14,1954,35.37303
44787,2,14,1955,35.10413
44787,2,14,1956,35.27809
44787,2,14,1957,35.78977
44787,2,14,1958,35.66884
44787,2,14,1959,35.82286
44787,2,14,1960,35.86263
44787,2,14,1961,35.7653
44787,2,14,1962,35.73962
44787,2,14,1963,35.68085
44787,2,14,1964,36.06114
44787,2,14,1965,36.23847
44787,2,14,1966,36.15253
44787,2,14,1967,36.43731
44787,2,14,1968,36.17734
44787,2,14,1969,36.29098
44787,2,14,1970,36.31117
44787,2,14,1971,36.44035
44787,2,14,1972,36.25653
44787,2,14,1973,36.22667
44787,2,14,1974,36.2513
44787,2,14,1975,36.17364
44787,2,14,1976,36.17131
44787,2,14,1977,36.06796
44787,2,14,1978,35.83092
44787,2,14,1979,35.61877
44787,2,14,1980,35.40379
44787,2,14,1981,35.2086
44787,2,14,1982,35.11173
44787,2,14,1983,35.14055
44787,2,14,1984,35.24739
44787,2,14,1985,35.3944
44787,2,14,1986,35.62612
44787,2,14,1987,36.03122
44787,2,14,1988,36.32532
44787,2,14,1989,36.3765
44787,2,14,1990,36.6063
44787,2,14,1991,36.81304
44787,2,14,1992,37.01894
44787,2,14,1993,36.96446
44787,2,14,1994,37.11262
44787,2,14,1995,36.93802
44787,2,14,1996,37.07642
44787,2,14,1997,37.01729
44787,2,14,1998,37.17175
44787,2,14,1999,37.26027
44787,2,14,2000,37.50487
44787,2,14,2001,37.81715
44787,2,14,2002,37.79116
44787,2,14,2003,37.96919
44787,2,14,2004,38.53459
44787,2,14,2005,38.89468
44787,2,14,2006,39.2098
44787,2,14,2007,39.31273
44787,2,14,2008,39.37794
44787,2,14,2009,39.71209
44787,2,14,2010,39.74698
44787,2,14,2011,39.82747
44787,2,14,2012,39.71241
44787,2,14,2013,39.76366
44787,2,14,2014,39.95703
44787,2,14,2015,39.90098
44787,2,14,2016,39.97053
44787,2,14,2017,40.21388
44787,2,14,2018,40.4346
44787,2,14,2019,40.74657
44787,3,14,1950,31.83389
44787,3,14,1951,31.60783
44787,3,14,1952,32.02026
44787,3,14,1953,32.50801
44787,3,14,1954,32.64804
44787,3,14,1955,32.38489
44787,3,14,1956,32.51354
44787,3,14,1957,32.75852
44787,3,14,1958,32.78957
44787,3,14,1959,32.94877
44787,3,14,1960,33.06054
44787,3,14,1961,32.93117
44787,3,14,1962,32.82459
44787,3,14,1963,32.76039
44787,3,14,1964,33.00242
44787,3,14,1965,33.14999
44787,3,14,1966,33.10638
44787,3,14,1967,33.26857
44787,3,14,1968,33.0616
44787,3,14,1969,33.12887
44787,3,14,1970,33.03849
44787,3,14,1971,33.25209
44787,3,14,1972,33.02414
44787,3,14,1973,33.0301
44787,3,14,1974,33.08988
44787,3,14,1975,33.21086
44787,3,14,1976,33.1442
44787,3,14,1977,33.18771
44787,3,14,1978,32.97487
44787,3,14,1979,32.7947
44787,3,14,1980,32.70265
44787,3,14,1981,32.67644
44787,3,14,1982,32.73921
44787,3,14,1983,32.75883
44787,3,14,1984,33.00367
44787,3,14,1985,33.07529
44787,3,14,1986,33.25319
44787,3,14,1987,33.60935
44787,3,14,1988,33.85772
44787,3,14,1989,33.91203
44787,3,14,1990,34.06486
44787,3,14,1991,34.08919
44787,3,14,1992,34.22462
44787,3,14,1993,34.40277
44787,3,14,1994,34.83618
44787,3,14,1995,34.88592
44787,3,14,1996,35.08343
44787,3,14,1997,35.2505
44787,3,14,1998,35.31332
44787,3,14,1999,35.42705
44787,3,14,2000,35.70522
44787,3,14,2001,36.0521
44787,3,14,2002,36.15773
44787,3,14,2003,36.44274
44787,3,14,2004,36.91599
44787,3,14,2005,37.25606
44787,3,14,2006,37.53151
44787,3,14,2007,37.71834
44787,3,14,2008,37.87015
44787,3,14,2009,38.09782
44787,3,14,2010,38.26042
44787,3,14,2011,38.3669
44787,3,14,2012,38.31918
44787,3,14,2013,38.33295
44787,3,14,2014,38.54903
44787,3,14,2015,38.49202
44787,3,14,2016,38.70871
44787,3,14,2017,38.83547
44787,3,14,2018,39.01969
44787,3,14,2019,39.35245
44788,1,14,1950,30.53921
44788,1,14,1951,30.40287
44788,1,14,1952,30.81496
44788,1,14,1953,30.90747
44788,1,14,1954,31.17643
44788,1,14,1955,31.04001
44788,1,14,1956,31.00322
44788,1,14,1957,31.03344
44788,1,14,1958,31.32499
44788,1,14,1959,31.57332
44788,1,14,1960,31.60948
44788,1,14,1961,31.32577
44788,1,14,1962,31.27534
44788,1,14,1963,31.05077
44788,1,14,1964,31.41786
44788,1,14,1965,31.27312
44788,1,14,1966,31.2815
44788,1,14,1967,31.243
44788,1,14,1968,31.43676
44788,1,14,1969,31.20934
44788,1,14,1970,31.57524
44788,1,14,1971,31.52571
44788,1,14,1972,31.33157
44788,1,14,1973,31.4665
44788,1,14,1974,31.44246
44788,1,14,1975,31.55961
44788,1,14,1976,31.26115
44788,1,14,1977,31.17265
44788,1,14,1978,31.03289
44788,1,14,1979,30.79002
44788,1,14,1980,30.58348
44788,1,14,1981,30.53367
44788,1,14,1982,30.56157
44788,1,14,1983,30.43168
44788,1,14,1984,30.71117
44788,1,14,1985,30.68022
44788,1,14,1986,30.66227
44788,1,14,1987,30.96832
44788,1,14,1988,31.11589
44788,1,14,1989,31.17883
44788,1,14,1990,31.408
44788,1,14,1991,31.71849
44788,1,14,1992,31.7582
44788,1,14,1993,31.83078
44788,1,14,1994,32.07225
44788,1,14,1995,32.0086
44788,1,14,1996,32.17199
44788,1,14,1997,32.4179
44788,1,14,1998,32.39535
44788,1,14,1999,32.53454
44788,1,14,2000,32.65272
44788,1,14,2001,32.78163
44788,1,14,2002,32.76079
44788,1,14,2003,32.97481
44788,1,14,2004,33.17812
44788,1,14,2005,33.4446
44788,1,14,2006,33.83839
44788,1,14,2007,34.11644
44788,1,14,2008,34.41344
44788,1,14,2009,34.57667
44788,1,14,2010,34.94705
44788,1,14,2011,35.13918
44788,1,14,2012,35.1321
44788,1,14,2013,35.08296
44788,1,14,2014,35.25059
44788,1,14,2015,35.15574
44788,1,14,2016,35.29059
44788,1,14,2017,35.25298
44788,1,14,2018,35.535
44788,1,14,2019,36.09473
44788,2,14,1950,34.29901
44788,2,14,1951,34.27597
44788,2,14,1952,34.69346
44788,2,14,1953,35.07707
44788,2,14,1954,35.12361
44788,2,14,1955,35.0928
44788,2,14,1956,35.56664
44788,2,14,1957,35.85892
44788,2,14,1958,35.58069
44788,2,14,1959,35.81756
44788,2,14,1960,36.07472
44788,2,14,1961,35.68386
44788,2,14,1962,35.68785
44788,2,14,1963,35.78318
44788,2,14,1964,36.31857
44788,2,14,1965,36.37973
44788,2,14,1966,36.30625
44788,2,14,1967,36.51016
44788,2,14,1968,36.37824
44788,2,14,1969,36.28899
44788,2,14,1970,36.46828
44788,2,14,1971,36.4122
44788,2,14,1972,36.33532
44788,2,14,1973,36.19826
44788,2,14,1974,36.30564
44788,2,14,1975,36.34298
44788,2,14,1976,36.29969
44788,2,14,1977,36.29392
44788,2,14,1978,36.08872
44788,2,14,1979,35.89122
44788,2,14,1980,35.6511
44788,2,14,1981,35.61227
44788,2,14,1982,35.58784
44788,2,14,1983,35.70233
44788,2,14,1984,35.73752
44788,2,14,1985,35.84996
44788,2,14,1986,36.11091
44788,2,14,1987,36.30301
44788,2,14,1988,36.48727
44788,2,14,1989,36.53566
44788,2,14,1990,36.69417
44788,2,14,1991,36.80809
44788,2,14,1992,36.9945
44788,2,14,1993,36.84486
44788,2,14,1994,36.89409
44788,2,14,1995,36.71752
44788,2,14,1996,36.80419
44788,2,14,1997,36.82852
44788,2,14,1998,37.05067
44788,2,14,1999,37.21489
44788,2,14,2000,37.33245
44788,2,14,2001,37.58639
44788,2,14,2002,37.58818
44788,2,14,2003,37.70316
44788,2,14,2004,38.1771
44788,2,14,2005,38.34768
44788,2,14,2006,38.45472
44788,2,14,2007,38.42631
44788,2,14,2008,38.35852
44788,2,14,2009,38.71173
44788,2,14,2010,38.8734
44788,2,14,2011,38.99428
44788,2,14,2012,39.01284
44788,2,14,2013,39.08694
44788,2,14,2014,39.32333
44788,2,14,2015,39.24748
44788,2,14,2016,39.12314
44788,2,14,2017,39.37384
44788,2,14,2018,39.60944
44788,2,14,2019,39.89208
44788,3,14,1950,31.5395
44788,3,14,1951,31.40349
44788,3,14,1952,31.88709
44788,3,14,1953,32.0443
44788,3,14,1954,32.37974
44788,3,14,1955,32.388
44788,3,14,1956,32.63286
44788,3,14,1957,32.54699
44788,3,14,1958,32.68296
44788,3,14,1959,32.78603
44788,3,14,1960,32.89362
44788,3,14,1961,32.80841
44788,3,14,1962,32.68408
44788,3,14,1963,32.59875
44788,3,14,1964,33.02696
44788,3,14,1965,33.18166
44788,3,14,1966,33.02366
44788,3,14,1967,33.2763
44788,3,14,1968,33.21706
44788,3,14,1969,33.13539
44788,3,14,1970,33.20129
44788,3,14,1971,33.4312
44788,3,14,1972,33.27252
44788,3,14,1973,33.29285
44788,3,14,1974,33.32783
44788,3,14,1975,33.44502
44788,3,14,1976,33.43484
44788,3,14,1977,33.42106
44788,3,14,1978,33.29452
44788,3,14,1979,33.11254
44788,3,14,1980,32.96988
44788,3,14,1981,33.02914
44788,3,14,1982,33.04821
44788,3,14,1983,33.06842
44788,3,14,1984,33.2655
44788,3,14,1985,33.25597
44788,3,14,1986,33.39939
44788,3,14,1987,33.64909
44788,3,14,1988,33.81228
44788,3,14,1989,33.85154
44788,3,14,1990,34.04088
44788,3,14,1991,34.27013
44788,3,14,1992,34.32295
44788,3,14,1993,34.28055
44788,3,14,1994,34.42395
44788,3,14,1995,34.34254
44788,3,14,1996,34.46352
44788,3,14,1997,34.58128
44788,3,14,1998,34.64781
44788,3,14,1999,34.78745
44788,3,14,2000,34.90957
44788,3,14,2001,35.06584
44788,3,14,2002,35.03777
44788,3,14,2003,35.20666
44788,3,14,2004,35.51905
44788,3,14,2005,35.73924
44788,3,14,2006,36.03639
44788,3,14,2007,36.15226
44788,3,14,2008,36.2578
44788,3,14,2009,36.54905
44788,3,14,2010,36.77079
44788,3,14,2011,36.93564
44788,3,14,2012,36.91251
44788,3,14,2013,36.92438
44788,3,14,2014,37.08733
44788,3,14,2015,37.02165
44788,3,14,2016,37.03827
44788,3,14,2017,37.09997
44788,3,14,2018,37.21224
44788,3,14,2019,37.55102
44789,1,14,1950,30.13699
44789,1,14,1951,30.10261
44789,1,14,1952,30.53664
44789,1,14,1953,30.72581
44789,1,14,1954,30.7359
44789,1,14,1955,30.65773
44789,1,14,1956,30.67103
44789,1,14,1957,30.82901
44789,1,14,1958,30.99442
44789,1,14,1959,31.15753
44789,1,14,1960,30.9099
44789,1,14,1961,30.87597
44789,1,14,1962,30.74291
44789,1,14,1963,30.50729
44789,1,14,1964,30.69972
44789,1,14,1965,30.83436
44789,1,14,1966,30.70959
44789,1,14,1967,31.1828
44789,1,14,1968,30.86684
44789,1,14,1969,30.65128
44789,1,14,1970,30.70904
44789,1,14,1971,30.82431
44789,1,14,1972,30.51384
44789,1,14,1973,30.64849
44789,1,14,1974,30.60343
44789,1,14,1975,30.729
44789,1,14,1976,30.56014
44789,1,14,1977,30.35487
44789,1,14,1978,30.01097
44789,1,14,1979,29.68377
44789,1,14,1980,29.68468
44789,1,14,1981,29.46812
44789,1,14,1982,29.53482
44789,1,14,1983,29.44999
44789,1,14,1984,29.73669
44789,1,14,1985,29.72196
44789,1,14,1986,30.12831
44789,1,14,1987,30.63474
44789,1,14,1988,30.81388
44789,1,14,1989,30.7848
44789,1,14,1990,30.9534
44789,1,14,1991,31.24211
44789,1,14,1992,31.40682
44789,1,14,1993,31.74409
44789,1,14,1994,32.06904
44789,1,14,1995,32.12883
44789,1,14,1996,32.37131
44789,1,14,1997,32.59786
44789,1,14,1998,32.63424
44789,1,14,1999,32.83712
44789,1,14,2000,32.95205
44789,1,14,2001,33.29483
44789,1,14,2002,33.37504
44789,1,14,2003,33.65216
44789,1,14,2004,33.9259
44789,1,14,2005,34.1788
44789,1,14,2006,34.50668
44789,1,14,2007,34.76003
44789,1,14,2008,34.99674
44789,1,14,2009,35.18205
44789,1,14,2010,35.45901
44789,1,14,2011,35.66542
44789,1,14,2012,35.64555
44789,1,14,2013,35.59306
44789,1,14,2014,35.82505
44789,1,14,2015,35.68672
44789,1,14,2016,35.80446
44789,1,14,2017,35.77043
44789,1,14,2018,36.13732
44789,1,14,2019,36.72096
44789,2,14,1950,33.96873
44789,2,14,1951,33.91512
44789,2,14,1952,34.58352
44789,2,14,1953,34.84157
44789,2,14,1954,35.08183
44789,2,14,1955,34.99567
44789,2,14,1956,35.04488
44789,2,14,1957,35.49084
44789,2,14,1958,35.51844
44789,2,14,1959,35.52843
44789,2,14,1960,35.49141
44789,2,14,1961,35.39949
44789,2,14,1962,35.50202
44789,2,14,1963,35.46147
44789,2,14,1964,35.72246
44789,2,14,1965,35.90455
44789,2,14,1966,36.03859
44789,2,14,1967,36.09683
44789,2,14,1968,36.06451
44789,2,14,1969,35.84911
44789,2,14,1970,35.85059
44789,2,14,1971,35.8052
44789,2,14,1972,35.85615
44789,2,14,1973,35.86642
44789,2,14,1974,35.81489
44789,2,14,1975,35.89657
44789,2,14,1976,35.7192
44789,2,14,1977,35.90383
44789,2,14,1978,35.63188
44789,2,14,1979,35.36478
44789,2,14,1980,35.29928
44789,2,14,1981,35.23083
44789,2,14,1982,35.26615
44789,2,14,1983,35.056
44789,2,14,1984,35.10402
44789,2,14,1985,35.27308
44789,2,14,1986,35.40241
44789,2,14,1987,35.76515
44789,2,14,1988,36.02725
44789,2,14,1989,36.14332
44789,2,14,1990,36.16769
44789,2,14,1991,36.24415
44789,2,14,1992,36.43838
44789,2,14,1993,36.39166
44789,2,14,1994,36.7285
44789,2,14,1995,36.71531
44789,2,14,1996,36.8177
44789,2,14,1997,36.74295
44789,2,14,1998,36.88832
44789,2,14,1999,36.92186
44789,2,14,2000,37.12002
44789,2,14,2001,37.36674
44789,2,14,2002,37.40472
44789,2,14,2003,37.68986
44789,2,14,2004,38.08499
44789,2,14,2005,38.25683
44789,2,14,2006,38.24208
44789,2,14,2007,38.21668
44789,2,14,2008,38.33293
44789,2,14,2009,38.59495
44789,2,14,2010,38.76717
44789,2,14,2011,38.81817
44789,2,14,2012,38.72108
44789,2,14,2013,38.80221
44789,2,14,2014,39.0136
44789,2,14,2015,38.96013
44789,2,14,2016,38.89373
44789,2,14,2017,39.21128
44789,2,14,2018,39.54829
44789,2,14,2019,40.03943
44789,3,14,1950,31.32171
44789,3,14,1951,31.27849
44789,3,14,1952,31.74694
44789,3,14,1953,31.90298
44789,3,14,1954,32.24108
44789,3,14,1955,32.08772
44789,3,14,1956,32.26003
44789,3,14,1957,32.30772
44789,3,14,1958,32.51131
44789,3,14,1959,32.61026
44789,3,14,1960,32.66541
44789,3,14,1961,32.46119
44789,3,14,1962,32.3825
44789,3,14,1963,32.39412
44789,3,14,1964,32.66591
44789,3,14,1965,32.87998
44789,3,14,1966,32.70241
44789,3,14,1967,32.82138
44789,3,14,1968,32.63783
44789,3,14,1969,32.62356
44789,3,14,1970,32.62541
44789,3,14,1971,32.7076
44789,3,14,1972,32.54386
44789,3,14,1973,32.65414
44789,3,14,1974,32.63096
44789,3,14,1975,32.71305
44789,3,14,1976,32.70253
44789,3,14,1977,32.6503
44789,3,14,1978,32.43901
44789,3,14,1979,32.19514
44789,3,14,1980,32.32046
44789,3,14,1981,32.28397
44789,3,14,1982,32.37812
44789,3,14,1983,32.19542
44789,3,14,1984,32.37698
44789,3,14,1985,32.46875
44789,3,14,1986,32.75391
44789,3,14,1987,33.18471
44789,3,14,1988,33.41354
44789,3,14,1989,33.45363
44789,3,14,1990,33.54192
44789,3,14,1991,33.71822
44789,3,14,1992,33.90122
44789,3,14,1993,34.0486
44789,3,14,1994,34.35826
44789,3,14,1995,34.39095
44789,3,14,1996,34.57259
44789,3,14,1997,34.61517
44789,3,14,1998,34.69068
44789,3,14,1999,34.81158
44789,3,14,2000,34.96598
44789,3,14,2001,35.28045
44789,3,14,2002,35.31109
44789,3,14,2003,35.59903
44789,3,14,2004,35.96766
44789,3,14,2005,36.14879
44789,3,14,2006,36.30377
44789,3,14,2007,36.39937
44789,3,14,2008,36.60302
44789,3,14,2009,36.79352
44789,3,14,2010,37.02358
44789,3,14,2011,37.19379
44789,3,14,2012,37.07579
44789,3,14,2013,37.09437
44789,3,14,2014,37.30453
44789,3,14,2015,37.19763
44789,3,14,2016,37.20553
44789,3,14,2017,37.33097
44789,3,14,2018,37.55695
44789,3,14,2019,37.99387
44790,1,14,1950,31.04381
44790,1,14,1951,30.81804
44790,1,14,1952,31.06062
44790,1,14,1953,31.28786
44790,1,14,1954,31.77569
44790,1,14,1955,31.31618
44790,1,14,1956,31.36561
44790,1,14,1957,31.62264
44790,1,14,1958,31.56741
44790,1,14,1959,31.97107
44790,1,14,1960,31.78116
44790,1,14,1961,31.86487
44790,1,14,1962,31.50248
44790,1,14,1963,31.5862
44790,1,14,1964,31.75899
44790,1,14,1965,31.72773
44790,1,14,1966,31.77886
44790,1,14,1967,32.07336
44790,1,14,1968,31.69159
44790,1,14,1969,31.77245
44790,1,14,1970,31.93134
44790,1,14,1971,32.03231
44790,1,14,1972,31.86029
44790,1,14,1973,31.81991
44790,1,14,1974,31.93202
44790,1,14,1975,31.83605
44790,1,14,1976,31.97711
44790,1,14,1977,31.73425
44790,1,14,1978,31.70272
44790,1,14,1979,31.29176
44790,1,14,1980,31.16643
44790,1,14,1981,30.87861
44790,1,14,1982,30.87641
44790,1,14,1983,30.65455
44790,1,14,1984,30.85969
44790,1,14,1985,30.77461
44790,1,14,1986,30.81037
44790,1,14,1987,31.1151
44790,1,14,1988,31.23044
44790,1,14,1989,31.03399
44790,1,14,1990,30.93502
44790,1,14,1991,31.00021
44790,1,14,1992,30.8542
44790,1,14,1993,30.93127
44790,1,14,1994,31.06035
44790,1,14,1995,31.09749
44790,1,14,1996,31.51562
44790,1,14,1997,32.04971
44790,1,14,1998,32.19362
44790,1,14,1999,32.48976
44790,1,14,2000,32.85314
44790,1,14,2001,33.25785
44790,1,14,2002,33.41115
44790,1,14,2003,33.84061
44790,1,14,2004,34.16911
44790,1,14,2005,34.46239
44790,1,14,2006,34.66522
44790,1,14,2007,34.71126
44790,1,14,2008,34.86121
44790,1,14,2009,34.92729
44790,1,14,2010,35.08158
44790,1,14,2011,35.21434
44790,1,14,2012,35.14978
44790,1,14,2013,35.14827
44790,1,14,2014,35.33012
44790,1,14,2015,35.28253
44790,1,14,2016,35.4739
44790,1,14,2017,35.51144
44790,1,14,2018,35.8891
44790,1,14,2019,36.38348
44790,2,14,1950,34.09625
44790,2,14,1951,33.8562
44790,2,14,1952,34.65782
44790,2,14,1953,34.96552
44790,2,14,1954,35.0814
44790,2,14,1955,35.26643
44790,2,14,1956,35.35715
44790,2,14,1957,35.56865
44790,2,14,1958,35.52117
44790,2,14,1959,35.55793
44790,2,14,1960,35.62391
44790,2,14,1961,35.44257
44790,2,14,1962,35.56234
44790,2,14,1963,35.62329
44790,2,14,1964,35.80195
44790,2,14,1965,35.99083
44790,2,14,1966,36.01814
44790,2,14,1967,36.32956
44790,2,14,1968,36.1588
44790,2,14,1969,36.06191
44790,2,14,1970,36.08635
44790,2,14,1971,36.10768
44790,2,14,1972,36.11035
44790,2,14,1973,35.9771
44790,2,14,1974,36.22546
44790,2,14,1975,36.26638
44790,2,14,1976,35.94928
44790,2,14,1977,35.88667
44790,2,14,1978,35.85384
44790,2,14,1979,35.52594
44790,2,14,1980,35.31391
44790,2,14,1981,35.22649
44790,2,14,1982,35.32923
44790,2,14,1983,35.40322
44790,2,14,1984,35.46173
44790,2,14,1985,35.54053
44790,2,14,1986,35.68499
44790,2,14,1987,35.97135
44790,2,14,1988,36.13411
44790,2,14,1989,36.00315
44790,2,14,1990,36.09798
44790,2,14,1991,36.22244
44790,2,14,1992,36.49662
44790,2,14,1993,36.45783
44790,2,14,1994,36.64472
44790,2,14,1995,36.58441
44790,2,14,1996,36.78291
44790,2,14,1997,36.77787
44790,2,14,1998,36.92407
44790,2,14,1999,36.96399
44790,2,14,2000,37.23542
44790,2,14,2001,37.59025
44790,2,14,2002,37.76685
44790,2,14,2003,37.99427
44790,2,14,2004,38.49
44790,2,14,2005,38.71397
44790,2,14,2006,38.91222
44790,2,14,2007,39.02204
44790,2,14,2008,39.02059
44790,2,14,2009,39.29535
44790,2,14,2010,39.41159
44790,2,14,2011,39.45627
44790,2,14,2012,39.2471
44790,2,14,2013,39.10162
44790,2,14,2014,39.2456
44790,2,14,2015,38.98569
44790,2,14,2016,38.87698
44790,2,14,2017,38.96533
44790,2,14,2018,39.07372
44790,2,14,2019,39.44327
44790,3,14,1950,31.82772
44790,3,14,1951,31.77343
44790,3,14,1952,32.17858
44790,3,14,1953,32.47221
44790,3,14,1954,32.59821
44790,3,14,1955,32.61737
44790,3,14,1956,32.65833
44790,3,14,1957,32.88166
44790,3,14,1958,32.91778
44790,3,14,1959,32.96059
44790,3,14,1960,33.19765
44790,3,14,1961,32.92633
44790,3,14,1962,33.01793
44790,3,14,1963,32.99462
44790,3,14,1964,33.41528
44790,3,14,1965,33.31816
44790,3,14,1966,33.33587
44790,3,14,1967,33.58749
44790,3,14,1968,33.48988
44790,3,14,1969,33.41594
44790,3,14,1970,33.62445
44790,3,14,1971,33.58678
44790,3,14,1972,33.4662
44790,3,14,1973,33.46039
44790,3,14,1974,33.57308
44790,3,14,1975,33.59685
44790,3,14,1976,33.42362
44790,3,14,1977,33.51161
44790,3,14,1978,33.52311
44790,3,14,1979,33.17281
44790,3,14,1980,33.13098
44790,3,14,1981,33.09208
44790,3,14,1982,33.17711
44790,3,14,1983,33.12055
44790,3,14,1984,33.24052
44790,3,14,1985,33.22739
44790,3,14,1986,33.28331
44790,3,14,1987,33.59923
44790,3,14,1988,33.69061
44790,3,14,1989,33.53411
44790,3,14,1990,33.52951
44790,3,14,1991,33.62971
44790,3,14,1992,33.62537
44790,3,14,1993,33.66403
44790,3,14,1994,33.82089
44790,3,14,1995,33.78586
44790,3,14,1996,34.11122
44790,3,14,1997,34.35996
44790,3,14,1998,34.52224
44790,3,14,1999,34.64211
44790,3,14,2000,34.98723
44790,3,14,2001,35.35595
44790,3,14,2002,35.54688
44790,3,14,2003,35.83622
44790,3,14,2004,36.24043
44790,3,14,2005,36.51694
44790,3,14,2006,36.67575
44790,3,14,2007,36.7299
44790,3,14,2008,36.7895
44790,3,14,2009,36.98258
44790,3,14,2010,37.08292
44790,3,14,2011,37.17368
44790,3,14,2012,37.04285
44790,3,14,2013,36.97924
44790,3,14,2014,37.10034
44790,3,14,2015,36.94528
44790,3,14,2016,36.96339
44790,3,14,2017,36.9783
44790,3,14,2018,37.15906
44790,3,14,2019,37.50417
44791,1,14,1950,30.50773
44791,1,14,1951,30.2685
44791,1,14,1952,30.7823
44791,1,14,1953,31.25481
44791,1,14,1954,31.20395
44791,1,14,1955,31.12152
44791,1,14,1956,31.11072
44791,1,14,1957,31.05051
44791,1,14,1958,31.13937
44791,1,14,1959,31.24027
44791,1,14,1960,31.34284
44791,1,14,1961,31.16833
44791,1,14,1962,31.06502
44791,1,14,1963,31.03324
44791,1,14,1964,31.05369
44791,1,14,1965,31.21741
44791,1,14,1966,31.06721
44791,1,14,1967,31.43945
44791,1,14,1968,31.23713
44791,1,14,1969,31.11343
44791,1,14,1970,30.98094
44791,1,14,1971,31.12522
44791,1,14,1972,30.88721
44791,1,14,1973,31.07892
44791,1,14,1974,30.91298
44791,1,14,1975,30.92206
44791,1,14,1976,30.75625
44791,1,14,1977,30.88469
44791,1,14,1978,30.44415
44791,1,14,1979,30.22454
44791,1,14,1980,30.12025
44791,1,14,1981,29.94991
44791,1,14,1982,30.38036
44791,1,14,1983,30.59668
44791,1,14,1984,31.07986
44791,1,14,1985,31.11442
44791,1,14,1986,31.17132
44791,1,14,1987,31.71533
44791,1,14,1988,31.90537
44791,1,14,1989,31.96257
44791,1,14,1990,31.92934
44791,1,14,1991,32.25342
44791,1,14,1992,32.52289
44791,1,14,1993,32.88629
44791,1,14,1994,33.11743
44791,1,14,1995,33.0819
44791,1,14,1996,33.34511
44791,1,14,1997,33.74791
44791,1,14,1998,33.95373
44791,1,14,1999,34.2847
44791,1,14,2000,34.46867
44791,1,14,2001,34.81385
44791,1,14,2002,34.97065
44791,1,14,2003,35.20353
44791,1,14,2004,35.71088
44791,1,14,2005,35.73012
44791,1,14,2006,35.8894
44791,1,14,2007,36.05675
44791,1,14,2008,36.23285
44791,1,14,2009,36.36933
44791,1,14,2010,36.77218
44791,1,14,2011,36.85321
44791,1,14,2012,36.78477
44791,1,14,2013,36.91969
44791,1,14,2014,37.33008
44791,1,14,2015,37.34766
44791,1,14,2016,37.00468
44791,1,14,2017,37.11546
44791,1,14,2018,37.62221
44791,1,14,2019,37.9338
44791,2,14,1950,34.28022
44791,2,14,1951,34.10669
44791,2,14,1952,34.70842
44791,2,14,1953,35.10846
44791,2,14,1954,35.35346
44791,2,14,1955,35.19828
44791,2,14,1956,35.23708
44791,2,14,1957,35.50264
44791,2,14,1958,35.5773
44791,2,14,1959,35.75704
44791,2,14,1960,35.66172
44791,2,14,1961,35.72779
44791,2,14,1962,35.73803
44791,2,14,1963,35.86928
44791,2,14,1964,36.10946
44791,2,14,1965,36.23433
44791,2,14,1966,36.34369
44791,2,14,1967,36.42898
44791,2,14,1968,36.07703
44791,2,14,1969,36.17216
44791,2,14,1970,36.1583
44791,2,14,1971,36.32427
44791,2,14,1972,36.39318
44791,2,14,1973,36.20539
44791,2,14,1974,36.35678
44791,2,14,1975,36.39251
44791,2,14,1976,36.08914
44791,2,14,1977,36.14888
44791,2,14,1978,36.0352
44791,2,14,1979,35.62614
44791,2,14,1980,35.45903
44791,2,14,1981,35.31831
44791,2,14,1982,35.35947
44791,2,14,1983,35.49888
44791,2,14,1984,35.6084
44791,2,14,1985,35.80004
44791,2,14,1986,35.93577
44791,2,14,1987,36.17397
44791,2,14,1988,36.30877
44791,2,14,1989,36.33767
44791,2,14,1990,36.45474
44791,2,14,1991,36.62432
44791,2,14,1992,36.87109
44791,2,14,1993,37.05105
44791,2,14,1994,37.33067
44791,2,14,1995,37.28708
44791,2,14,1996,37.45602
44791,2,14,1997,37.43981
44791,2,14,1998,37.79223
44791,2,14,1999,37.85997
44791,2,14,2000,37.86589
44791,2,14,2001,37.99326
44791,2,14,2002,37.96971
44791,2,14,2003,38.13692
44791,2,14,2004,38.60698
44791,2,14,2005,38.85653
44791,2,14,2006,39.08468
44791,2,14,2007,39.2207
44791,2,14,2008,39.26652
44791,2,14,2009,39.69449
44791,2,14,2010,39.88505
44791,2,14,2011,40.02118
44791,2,14,2012,39.92974
44791,2,14,2013,39.88635
44791,2,14,2014,39.98754
44791,2,14,2015,39.92394
44791,2,14,2016,39.89132
44791,2,14,2017,40.0782
44791,2,14,2018,40.24557
44791,2,14,2019,40.55057
44791,3,14,1950,31.50345
44791,3,14,1951,31.46153
44791,3,14,1952,31.74279
44791,3,14,1953,32.25037
44791,3,14,1954,32.36032
44791,3,14,1955,32.22911
44791,3,14,1956,32.4017
44791,3,14,1957,32.34285
44791,3,14,1958,32.5984
44791,3,14,1959,32.65386
44791,3,14,1960,32.79392
44791,3,14,1961,32.66995
44791,3,14,1962,32.59739
44791,3,14,1963,32.46707
44791,3,14,1964,32.77453
44791,3,14,1965,32.92398
44791,3,14,1966,32.883
44791,3,14,1967,33.039
44791,3,14,1968,33.15032
44791,3,14,1969,32.93066
44791,3,14,1970,33.06509
44791,3,14,1971,32.9448
44791,3,14,1972,32.85907
44791,3,14,1973,32.95383
44791,3,14,1974,33.03307
44791,3,14,1975,33.11652
44791,3,14,1976,32.96718
44791,3,14,1977,33.0407
44791,3,14,1978,32.90744
44791,3,14,1979,32.66742
44791,3,14,1980,32.6015
44791,3,14,1981,32.55362
44791,3,14,1982,32.83997
44791,3,14,1983,33.02381
44791,3,14,1984,33.33968
44791,3,14,1985,33.42225
44791,3,14,1986,33.54476
44791,3,14,1987,33.90182
44791,3,14,1988,34.08
44791,3,14,1989,34.14553
44791,3,14,1990,34.17386
44791,3,14,1991,34.40863
44791,3,14,1992,34.69917
44791,3,14,1993,34.94986
44791,3,14,1994,35.22149
44791,3,14,1995,35.17408
44791,3,14,1996,35.37381
44791,3,14,1997,35.57573
44791,3,14,1998,35.82614
44791,3,14,1999,36.03058
44791,3,14,2000,36.16437
44791,3,14,2001,36.38616
44791,3,14,2002,36.46599
44791,3,14,2003,36.64799
44791,3,14,2004,37.11392
44791,3,14,2005,37.25395
44791,3,14,2006,37.42143
44791,3,14,2007,37.57158
44791,3,14,2008,37.67176
44791,3,14,2009,37.95919
44791,3,14,2010,38.27297
44791,3,14,2011,38.38193
44791,3,14,2012,38.30071
44791,3,14,2013,38.36375
44791,3,14,2014,38.60274
44791,3,14,2015,38.57373
44791,3,14,2016,38.34505
44791,3,14,2017,38.51776
44791,3,14,2018,38.66682
44791,3,14,2019,38.94036
44792,1,14,1950,29.9729
44792,1,14,1951,29.83209
44792,1,14,1952,30.20608
44792,1,14,1953,30.45303
44792,1,14,1954,30.45431
44792,1,14,1955,30.40531
44792,1,14,1956,30.30091
44792,1,14,1957,30.47832
44792,1,14,1958,30.37395
44792,1,14,1959,30.66488
44792,1,14,1960,30.47644
44792,1,14,1961,30.51599
44792,1,14,1962,30.30679
44792,1,14,1963,30.44974
44792,1,14,1964,30.46359
44792,1,14,1965,30.32605
44792,1,14,1966,30.4674
44792,1,14,1967,30.46993
44792,1,14,1968,30.37379
44792,1,14,1969,30.38582
44792,1,14,1970,29.99987
44792,1,14,1971,30.2517
44792,1,14,1972,30.0534
44792,1,14,1973,30.11522
44792,1,14,1974,30.14416
44792,1,14,1975,30.03043
44792,1,14,1976,30.01042
44792,1,14,1977,29.83486
44792,1,14,1978,29.51607
44792,1,14,1979,29.29022
44792,1,14,1980,29.17565
44792,1,14,1981,29.1411
44792,1,14,1982,29.34265
44792,1,14,1983,29.38889
44792,1,14,1984,29.82798
44792,1,14,1985,29.87798
44792,1,14,1986,29.74352
44792,1,14,1987,30.26803
44792,1,14,1988,30.57406
44792,1,14,1989,30.59812
44792,1,14,1990,30.81677
44792,1,14,1991,31.24589
44792,1,14,1992,31.26187
44792,1,14,1993,31.33543
44792,1,14,1994,31.59214
44792,1,14,1995,31.56698
44792,1,14,1996,31.609
44792,1,14,1997,31.83504
44792,1,14,1998,31.91946
44792,1,14,1999,32.12779
44792,1,14,2000,32.70297
44792,1,14,2001,32.8604
44792,1,14,2002,32.98266
44792,1,14,2003,33.24253
44792,1,14,2004,33.48234
44792,1,14,2005,33.49435
44792,1,14,2006,33.8448
44792,1,14,2007,34.17666
44792,1,14,2008,34.49934
44792,1,14,2009,34.95379
44792,1,14,2010,35.47398
44792,1,14,2011,35.50769
44792,1,14,2012,35.41749
44792,1,14,2013,35.29737
44792,1,14,2014,35.45054
44792,1,14,2015,35.36289
44792,1,14,2016,35.63432
44792,1,14,2017,35.74196
44792,1,14,2018,36.10233
44792,1,14,2019,36.69663
44792,2,14,1950,34.00925
44792,2,14,1951,33.93078
44792,2,14,1952,34.6062
44792,2,14,1953,34.75614
44792,2,14,1954,34.72093
44792,2,14,1955,34.87399
44792,2,14,1956,35.12113
44792,2,14,1957,35.32177
44792,2,14,1958,35.34529
44792,2,14,1959,35.53363
44792,2,14,1960,35.46088
44792,2,14,1961,35.49812
44792,2,14,1962,35.49755
44792,2,14,1963,35.38296
44792,2,14,1964,35.97407
44792,2,14,1965,35.97318
44792,2,14,1966,36.14138
44792,2,14,1967,36.18775
44792,2,14,1968,36.12011
44792,2,14,1969,36.0004
44792,2,14,1970,36.14812
44792,2,14,1971,36.07856
44792,2,14,1972,35.93625
44792,2,14,1973,35.90088
44792,2,14,1974,35.86527
44792,2,14,1975,35.94696
44792,2,14,1976,35.80469
44792,2,14,1977,35.80029
44792,2,14,1978,35.60605
44792,2,14,1979,35.39579
44792,2,14,1980,35.18229
44792,2,14,1981,35.0316
44792,2,14,1982,35.06121
44792,2,14,1983,35.16129
44792,2,14,1984,35.1388
44792,2,14,1985,35.25121
44792,2,14,1986,35.49365
44792,2,14,1987,35.70825
44792,2,14,1988,35.82406
44792,2,14,1989,35.81637
44792,2,14,1990,35.91516
44792,2,14,1991,35.96358
44792,2,14,1992,36.2255
44792,2,14,1993,36.2651
44792,2,14,1994,36.63754
44792,2,14,1995,36.76133
44792,2,14,1996,37.04626
44792,2,14,1997,37.11062
44792,2,14,1998,37.28939
44792,2,14,1999,37.22965
44792,2,14,2000,37.31869
44792,2,14,2001,37.43647
44792,2,14,2002,37.35613
44792,2,14,2003,37.39436
44792,2,14,2004,37.87215
44792,2,14,2005,38.10265
44792,2,14,2006,38.25944
44792,2,14,2007,38.36396
44792,2,14,2008,38.38048
44792,2,14,2009,38.78235
44792,2,14,2010,38.98197
44792,2,14,2011,39.18692
44792,2,14,2012,39.22214
44792,2,14,2013,39.28851
44792,2,14,2014,39.53972
44792,2,14,2015,39.50473
44792,2,14,2016,39.45303
44792,2,14,2017,39.60281
44792,2,14,2018,39.84863
44792,2,14,2019,40.09322
44792,3,14,1950,31.01674
44792,3,14,1951,30.94732
44792,3,14,1952,31.38379
44792,3,14,1953,31.71605
44792,3,14,1954,31.97832
44792,3,14,1955,31.76763
44792,3,14,1956,31.88184
44792,3,14,1957,31.99724
44792,3,14,1958,32.03108
44792,3,14,1959,32.1318
44792,3,14,1960,32.22242
44792,3,14,1961,32.2491
44792,3,14,1962,32.114
44792,3,14,1963,32.0666
44792,3,14,1964,32.37553
44792,3,14,1965,32.47208
44792,3,14,1966,32.36265
44792,3,14,1967,32.47924
44792,3,14,1968,32.46296
44792,3,14,1969,32.46956
44792,3,14,1970,32.38846
44792,3,14,1971,32.49128
44792,3,14,1972,32.38006
44792,3,14,1973,32.36042
44792,3,14,1974,32.44917
44792,3,14,1975,32.48154
44792,3,14,1976,32.42346
44792,3,14,1977,32.41115
44792,3,14,1978,32.15214
44792,3,14,1979,31.89108
44792,3,14,1980,31.95803
44792,3,14,1981,31.96635
44792,3,14,1982,32.13567
44792,3,14,1983,32.19631
44792,3,14,1984,32.43479
44792,3,14,1985,32.54501
44792,3,14,1986,32.55086
44792,3,14,1987,32.92847
44792,3,14,1988,33.15326
44792,3,14,1989,33.13932
44792,3,14,1990,33.33959
44792,3,14,1991,33.55272
44792,3,14,1992,33.70432
44792,3,14,1993,33.76455
44792,3,14,1994,34.07913
44792,3,14,1995,34.09487
44792,3,14,1996,34.24114
44792,3,14,1997,34.38148
44792,3,14,1998,34.51066
44792,3,14,1999,34.65245
44792,3,14,2000,34.95573
44792,3,14,2001,35.13271
44792,3,14,2002,35.09563
44792,3,14,2003,35.25683
44792,3,14,2004,35.62912
44792,3,14,2005,35.71685
44792,3,14,2006,35.97604
44792,3,14,2007,36.20268
44792,3,14,2008,36.35339
44792,3,14,2009,36.77431
44792,3,14,2010,37.13084
44792,3,14,2011,37.26917
44792,3,14,2012,37.18627
44792,3,14,2013,37.18873
44792,3,14,2014,37.34001
44792,3,14,2015,37.26385
44792,3,14,2016,37.37366
44792,3,14,2017,37.49598
44792,3,14,2018,37.68051
44792,3,14,2019,38.02144
